Sensor_1	Sensor_2	Sensor_3	Sensor_4	Sensor_5	Sensor_6	Sensor_7	Sensor_8
0.0032213766155488877	-4.412344548399005e-06	0.001338450705729688	0.0011572418936447448	0.0012480569314106127	0.0007031230182346082	0.001165545464255846	-0.00017118586251618773
0.0002881348363468206	-0.0002540499427787779	0.0004647191119249161	0.00015869150072478355	0.00037432533760628495	-0.0001081991760125689	4.217627222069531e-05	-0.0009825080567633648
0.0003505442359044153	-0.00037886874189352326	0.00033990031280972666	-2.8536697947112444e-05	6.227833981853337e-05	-0.00023301797512775835	-2.0233127336455325e-05	-0.0003584140611880837
-0.000648006157015546	-0.0005660969405660854	0.0007143567101548509	-0.0006526306935223936	-0.0005618156557569698	-0.0002954273746855751	4.217627222069531e-05	-0.0010449174563209596
-0.00033595915922757236	-0.0002540499427787779	0.0009639943083847857	-0.000777449492637583	-0.0006242250553136763	-0.0001081991760125689	0.00035422327000866893	-0.00017118586251618773
-0.0017713753490502526	-0.0006909157396808308	0.0005895379110401056	-0.0013391340886548253	-0.0014979566491186702	-0.0006074743724726606	-0.0002074613260087954	-0.001169736255436149
-0.0007104155565726966	-0.00037886874189352326	0.0005895379110401056	-0.0008398588921947336	-0.0008114532539862385	-0.0001081991760125689	0.0002918138704510742	-0.00023359526207378245
-0.0009600531548028535	-0.0005660969405660854	-9.696548409232619e-05	-0.0011519058899824852	-0.0009362720531014279	-0.00035783677424316984	-0.00039468952468135754	-0.0009825080567633648
-2.3912161440264867e-05	-0.0005036875410084907	-0.0005338312809950452	-0.0002781742961777134	-0.00012494985885380672	-0.00023301797512775835	-0.00026987072556639013	-0.0003584140611880837
-0.000648006157015546	-0.0006909157396808308	-0.0012827440756844055	-0.0003405836957353081	-0.00024976865796899617	-0.0005450649729155099	-0.0008939647211407831	-0.001169736255436149
0.001037047631036403	-4.412344548399005e-06	-0.0010955158770122875	0.0005955572976272805	0.0009360099336230832	0.00020384782177451655	-0.00026987072556639013	-4.6367063401442365e-05
-0.00033595915922757236	-0.0006285063401236801	-0.0014699722743571897	0.00022110090028237828	0.0002495065384910955	-0.0004202461738003205	-0.0008939647211407831	-0.0009825080567633648
-0.000211140360112827	-0.0005036875410084907	-0.0013451534752426664	9.628210116718883e-05	0.0002495065384910955	-0.0002954273746855751	-0.0007067365224688871	-0.0002960046616313772
-0.001084871953918043	-0.0010029627374683603	-0.0010955158770122875	-0.0009646776913099231	-0.0008738626535442773	-0.00073229317158785	-0.0010811929198137893	-0.001356964454108045
-0.0013969189517051284	-0.0008157345387964643	-0.0003466030823227051	-0.0008398588921947336	-0.0010610908522166174	-0.0006698837720302553	-0.0005195083237961029	-0.0005456422598608679
-0.0019586035477228148	-0.0005660969405660854	0.0005271285114825108	-0.0012767246890976747	-0.0014979566491186702	-0.0004202461738003205	-0.0002074613260087954	-0.0010449174563209596
-0.0013969189517051284	-0.0005036875410084907	0.0007767661097120016	-0.00140154348821242	-0.0014355472495612975	-0.0004202461738003205	4.217627222069531e-05	-0.00023359526207378245
-0.0022082411459523055	-0.0006909157396808308	0.000901584908827191	-0.0014639528877700148	-0.001934822446020945	-0.0006698837720302553	-0.00033228012512398486	-0.001169736255436149
-0.0022082411459523055	-0.0004412781414515621	0.000277490913252576	-0.0011519058899824852	-0.0012483190508889574	-0.0006074743724726606	-0.00039468952468135754	-0.00010877646295903709
-0.006701717914091576	-0.0011277815365835497	-0.002218885069047216	-0.0020880468833448518	-0.0022468694438084746	-0.0023549375600822042	-0.0027038373083085876	-0.0009200986572062142
-0.00857399990081631	-0.001502237933928452	-0.004215985854887139	-0.0020880468833448518	-0.00218446004425088	-0.0033534879530021655	-0.004014434699016078	-0.00017118586251618773
-0.009010865697718806	-0.0020639225299459163	-0.005464173846036369	-0.0025249126802471267	-0.0024340976424810368	-0.0037903537499046625	-0.004888166292820406	-0.0012321456549932996
-0.00838677170214397	-0.001939103730831171	-0.005963449042496238	-0.0020880468833448518	-0.00199723184557854	-0.003852763149462257	-0.004888166292820406	-0.0003584140611880837
-0.00857399990081631	-0.001939103730831171	-0.005963449042496238	-0.002025637483787257	-0.0023092788433660694	-0.003665534950789473	-0.005137803891050563	-0.001169736255436149
-0.006639308514533981	-0.001502237933928452	-0.005214536247806656	-0.0019008186846725117	-0.0017475942473490491	-0.0027293939574277726	-0.004076844098572785	-0.0002960046616313772
-0.005827986320286804	-0.0015646473334860467	-0.0040287576562143546	-0.002212865682459153	-0.0023092788433660694	-0.0022925281605246095	-0.00345275010299817	-0.0010449174563209596
-0.0045173889295795355	-0.001065372137025955	-0.0029677978637370206	-0.0019632280842296623	-0.0020596412451365786	-0.001356387167162687	-0.0023293809109636854	-0.00023359526207378245
-0.0030819727397575214	-0.001065372137025955	-0.001844428671702314	-0.0022752750820167478	-0.0022468694438084746	-0.0005450649729155099	-0.0015180587167160642	-0.0011073268558785543
-0.0016465565499350632	-0.0009405533379112097	-0.001407562874799817	-0.001838409285114917	-0.0018724130464637945	-0.0001081991760125689	-0.0010187835202564166	-0.0003584140611880837
-0.0016465565499350632	-0.0009405533379112097	-0.0010955158770122875	-0.0017759998855573222	-0.0018100036469061997	-0.00017060857557016362	-0.0010187835202564166	-0.0012321456549932996
-0.0003983685587851671	-0.0006909157396808308	-0.0013451534752426664	-0.0012143152895396359	-0.0008738626535442773	7.90290226593271e-05	-0.0007691459220264818	-0.0002960046616313772
0.0006001818341343501	-0.0007533251392388696	-0.0010331064774551368	-0.0007150400930795442	-0.0004994062561993751	0.00026625722133211127	-0.0005195083237961029	-0.0010449174563209596
0.005343296200503556	5.799705500830754e-05	0.0005895379110401056	0.0010948324940871501	0.0013104663309682074	0.0018264922102693149	0.001415183062486003	-0.0003584140611880837
0.006653893591210824	-0.00012923114366358845	0.0011512225070573479	0.00090760429541481	0.0014352851300829528	0.002263358007171812	0.0017272300602735324	-0.0014193738536656397
0.007714853383687936	0.00037004405279628116	0.0020873635004197144	0.0019061546883343272	0.002246607324330574	0.003261908400091329	0.002663371053635899	-0.00048323286030327317
0.007714853383687936	0.00012040645456634635	0.0026490480964369567	0.0014692888914322744	0.0016849227283131096	0.003636364797436231	0.0029130086518656118	-0.0012945550545513385
0.009462316571298146	0.0007445004501411834	0.004022054886701376	0.0018437452887767325	0.0023714261234453193	0.004884552788586127	0.004161196643015064	-0.0003584140611880837
0.006154618394751177	0.00024522525368086967	0.0037100078889145127	0.0007827854962996206	0.0009984193331806779	0.004322868192568441	0.0034122838483250373	-0.0011073268558785543
0.003595833012893568	-4.412344548399005e-06	0.0028362762951088527	-9.094609750515126e-05	0.0004367347371629915	0.003948411795223761	0.0027881898527506443	-0.00042082346074612254
0.0034710142137792666	0.00024522525368086967	0.0033355514915689444	-0.00021576489661967457	0.0003119159380486902	0.004385277592126036	0.0029754180514232065	-0.0009825080567633648
0.0012866852292667819	-0.0002540499427787779	0.0019001353017473743	-0.0005902212939647988	-0.00012494985885380672	0.003449136598764113	0.0018520488593878337	-0.0003584140611880837
-0.0007728249561302913	-0.0006285063401236801	0.0007767661097120016	-0.0010894964904248905	-0.0007490438544288658	0.0023257674067289624	0.0006038608682388258	-0.0012321456549932996
0.00010090663767492458	-0.00037886874189352326	9.026271458001389e-05	-0.0005902212939647988	-1.310597390613566e-07	0.002200948607614217	0.0004790420691234143	-0.00042082346074612254
-2.3912161440264867e-05	-0.0004412781414515621	-0.00022178428320751564	-0.00021576489661967457	-1.310597390613566e-07	0.0016392640115965307	-2.0233127336455325e-05	-0.0010449174563209596
0.000849819432364507	5.799705500830754e-05	-0.00040901248187985573	0.0005955572976272805	0.0009984193331806779	0.0019513110093840602	0.00016699507133588476	-0.00010877646295903709
0.00010090663767492458	-0.0005036875410084907	-0.0009706970778975421	9.628210116718883e-05	0.0004991441367205862	0.00157685461203938	-0.00039468952468135754	-0.0010449174563209596
0.0002881348363468206	-0.00037886874189352326	-0.0012203346761270328	0.0003459196993975677	0.0005615535362781809	0.0019513110093840602	-0.00026987072556639013	-0.00042082346074612254
-0.0002735497596708658	-0.0005036875410084907	-0.0009706970778975421	-0.0002781742961777134	0.00012468773937590605	0.0027002238040740867	-8.264252689360596e-05	-0.0009200986572062142
-0.000211140360112827	-0.00037886874189352326	-0.0007210594796676073	-0.0005278118944072041	-6.254045929687813e-05	0.003698774196993826	0.0002918138704510742	-0.0003584140611880837
-0.001896194148164776	-0.0008157345387964643	-0.000783468879225202	-0.0013391340886548253	-0.001123500251773768	0.00407323059433895	0.00010458567177917821	-0.0012945550545513385
-0.001272100152590383	-0.0005036875410084907	-0.00040901248187985573	-0.0014639528877700148	-0.0007490438544288658	0.005071780987258467	0.0007286796673535711	-0.0003584140611880837
-0.0022082411459523055	-0.0008781439383536149	-0.0005962406805524179	-0.0020880468833448518	-0.001560366048676487	0.005009371587700873	0.00035422327000866893	-0.0012945550545513385
-0.0019586035477228148	-0.0006285063401236801	-0.0005338312809950452	-0.0014639528877700148	-0.001123500251773768	0.005196599786373657	0.0006662702677959764	-0.00048323286030327317
-0.0013345095521475336	-0.0006909157396808308	-0.0005962406805524179	-0.0016511810864423548	-0.0009362720531014279	0.0048221433890280885	0.000541451468680787	-0.001169736255436149
-0.000648006157015546	-0.0005036875410084907	-0.0009082876783399474	-0.0009022682917523284	-0.00024976865796899617	0.004322868192568441	0.0004790420691234143	-0.0003584140611880837
-0.000648006157015546	-0.0005036875410084907	-0.0009706970778975421	-0.0003405836957353081	6.227833981853337e-05	0.00388600239566661	0.000541451468680787	-0.0009825080567633648
0.0006001818341343501	-0.00019164054322118318	-0.0011579252765698822	9.628210116718883e-05	0.0009984193331806779	0.003948411795223761	0.0008534984664683165	-4.6367063401442365e-05
0.00022572543678922585	-0.00037886874189352326	-0.0010955158770122875	0.00015869150072478355	0.0008111911345078937	0.00407323059433895	0.0008534984664683165	-0.0008576892576486195
-0.0013969189517051284	-0.0006909157396808308	-0.0019692474708175034	-0.00040299309529245875	0.0002495065384910955	0.004322868192568441	0.00041663266956581957	-0.0003584140611880837
-0.007138583710993851	-0.0013150097352561119	-0.003903938857099609	-0.002212865682459153	-0.0016227754482338597	0.00388600239566661	-0.0015180587167160642	-0.0009825080567633648
-0.008698818699931499	-0.0012526003356987392	-0.004403214053559035	-0.0025873220798047214	-0.0020596412451365786	0.005071780987258467	-0.0017052869153884043	-4.6367063401442365e-05
-0.010071825490196362	-0.0016270567330436414	-0.004590442252231597	-0.0034610536736097153	-0.003058191638056096	0.005945512581063239	-0.0021421527122913453	-0.0009825080567633648
-0.009759778492408389	-0.0013150097352561119	-0.004590442252231597	-0.0036482818722824994	-0.002808554039825717	0.006382378377965736	-0.0021421527122913453	1.604233615615236e-05
-0.009822187891965983	-0.0018142849317159815	-0.004590442252231597	-0.00389791947051199	-0.0034950574349581487	0.005446237384603814	-0.002641427908751215	-0.0009200986572062142
-0.007325811909666857	-0.0015646473334860467	-0.004278395254443845	-0.003086597276264813	-0.0025589164415962262	0.004322868192568441	-0.0025166091096360255	-0.00023359526207378245
-0.005453529922941902	-0.0012526003356987392	-0.0037791200579844197	-0.0025249126802471267	-0.0020596412451365786	0.002450586205844152	-0.002579018509193176	-0.0008576892576486195
-0.003144382139315116	-0.0010029627374683603	-0.003529482459754707	-0.0012143152895396359	-0.0009362720531014279	0.0010151700160216937	-0.002204562111848496	-0.00023359526207378245
-0.0011472813534756376	-0.0008781439383536149	-0.002905388464179426	-0.0005902212939647988	-0.0003121780575265909	0.0008279418173493536	-0.0017052869153884043	-0.0009200986572062142
0.0009746382314796964	-0.0002540499427787779	-0.0023437038681624056	0.00015869150072478355	0.0006863723353933704	0.0020761298084992497	-0.0005195083237961029	0.00014086113527156385
-2.3912161440264867e-05	-0.0006909157396808308	-0.0024061132677200003	-9.094609750515126e-05	0.00018709713893350077	0.00407323059433895	-0.00033228012512398486	-0.0009200986572062142
0.00016331603723207522	-0.00037886874189352326	-0.0020940662699318047	-0.0002781742961777134	0.0002495065384910955	0.007256109971770952	0.0007286796673535711	-4.6367063401442365e-05
0.0006001818341343501	-0.0005036875410084907	-0.0011579252765698822	-0.0010270870908672958	-0.00018735925841140144	0.010813445746547412	0.0017272300602735324	-0.0009200986572062142
0.0045319740062563785	0.00024522525368086967	0.0012760413061720932	-2.8536697947112444e-05	0.0008736005340661546	0.015057284916456526	0.004348424841687848	-0.00017118586251618773
0.004968839803158875	0.00012040645456634635	0.002149772899976865	-0.0007150400930795442	0.0004991441367205862	0.016180654108491233	0.00491010943770509	-0.0011073268558785543
0.006154618394751177	0.0005572722514683992	0.0028362762951088527	-0.00021576489661967457	0.0010608287327382726	0.015743788311588958	0.0052845658350502145	-0.00023359526207378245
0.007402806385900407	0.0005572722514683992	0.0037724172884721074	0.00040832909895516245	0.0014976945296405475	0.013621868726634512	0.0052845658350502145	-0.0010449174563209596
0.009774363569085232	0.0010565474479284909	0.004334101884488906	0.0014692888914322744	0.0028082919203478163	0.010501398748760105	0.005596612832837522	1.604233615615236e-05
0.006778712390326014	0.00037004405279628116	0.0028986856946668915	0.0011572418936447448	0.0021217885252153845	0.005945512581063239	0.0035371026474402267	-0.0009200986572062142
0.0057801619974060525	0.0005572722514683992	0.0020873635004197144	0.0017189264896619871	0.002496244922560731	0.003698774196993826	0.002850599252308017	7.845173571396913e-05
0.0051560680018312155	0.000182815854123497	0.0015880883039596227	0.001344470092317085	0.0021841979247729792	0.0035739553978788585	0.0025385522545207095	-0.0007952798580912468
0.002784510818646835	0.0004948628519112486	0.0009639943083847857	0.0014692888914322744	0.0021217885252153845	0.0058831031815056445	0.002476142854963115	0.0002656799343863092
0.0002881348363468206	0.00037004405279628116	0.0005271285114825108	0.0007203760967420259	0.0011232381322958673	0.009065982558937646	0.0022889146562907747	-0.00048323286030327317
0.00010090663767492458	5.799705500830754e-05	9.026271458001389e-05	-0.00021576489661967457	0.0006239629358353316	0.012186452536812054	0.00241373345540552	7.845173571396913e-05
-0.0011472813534756376	-0.00019164054322118318	0.00015267211413738657	-0.0010894964904248905	-0.0003745874570841856	0.014370781521324094	0.0021640958571758073	-0.0005456422598608679
-0.0004607779583432059	0.00024522525368086967	0.0008391755092695963	-0.000777449492637583	0.00018709713893350077	0.015556560112916618	0.0027881898527506443	0.0002656799343863092
-0.0015841471503774684	-0.0004412781414515621	0.0002150815136949813	-0.0017759998855573222	-0.0007490438544288658	0.012872955931944485	0.001415183062486003	-0.0008576892576486195
3.849723811644168e-05	5.799705500830754e-05	0.0005271285114825108	-0.0005902212939647988	0.0002495065384910955	0.010126942351415424	0.0015400018616007483	0.0002032705348287145
-0.0003983685587851671	-0.00019164054322118318	0.0004023097123673214	-0.00046540249485005347	6.227833981853337e-05	0.005758284382391343	0.0007286796673535711	-0.0007952798580912468
0.00047536303501960475	-0.0002540499427787779	-0.00015937488364992092	-0.00015335549706252394	0.0006863723353933704	0.002388176806286557	0.0002918138704510742	1.604233615615236e-05
0.0003505442359044153	0.00012040645456634635	9.026271458001389e-05	0.0005955572976272805	0.0008111911345078937	0.0017640828107117201	0.00035422327000866893	-0.0003584140611880837
0.00041295363546201	-0.00012923114366358845	-0.00028419368276511037	0.0005331478980696858	0.0009360099336230832	0.00282504260318861	0.0007910890669111659	0.0002032705348287145
-0.000648006157015546	-6.682174410599373e-05	-0.00028419368276511037	-0.00021576489661967457	0.0004367347371629915	0.005071780987258467	0.0009159078660259112	-0.00042082346074612254
-0.0005855967574579513	0.00012040645456634635	0.0002150815136949813	-9.094609750515126e-05	0.0003119159380486902	0.007880203967345789	0.0019144582589458725	0.0003904987335010546
-0.0011472813534756376	5.799705500830754e-05	0.0004647191119249161	-0.0007150400930795442	-0.00024976865796899617	0.008816344960708156	0.0021640958571758073	-0.00042082346074612254
-0.0005231873579003565	-0.00012923114366358845	9.026271458001389e-05	-0.0009022682917523284	-6.254045929687813e-05	0.007880203967345789	0.002039277058060396	7.845173571396913e-05
-0.0005231873579003565	-0.00031645934233592854	9.026271458001389e-05	-0.000777449492637583	6.227833981853337e-05	0.006632015976195671	0.0016648206607159377	-0.0006704610589760573
0.00010090663767492458	-0.00019164054322118318	-9.696548409232619e-05	-0.0003405836957353081	0.0008111911345078937	0.005009371587700873	0.0014775924620435976	1.604233615615236e-05
-0.00033595915922757236	-0.0006285063401236801	-0.00028419368276511037	-0.0005278118944072041	0.00037432533760628495	0.0033867271992065184	0.0008534984664683165	-0.0009200986572062142
-0.0017713753490502526	-0.0005036875410084907	-0.0008458782787823527	-0.00040299309529245875	-6.254045929687813e-05	0.002388176806286557	0.0002918138704510742	-4.6367063401442365e-05
-0.0074506307087811585	-0.0012526003356987392	-0.0032174354619671774	-0.0022752750820167478	-0.00199723184557854	0.0006407136186770135	-0.0023293809109636854	-0.0008576892576486195
-0.008511590501259159	-0.0014398285343708572	-0.004153576455329544	-0.0025873220798047214	-0.00218446004425088	0.0013272170138094452	-0.0029534749065385224	-0.00010877646295903709
-0.00957255029373627	-0.0015646473334860467	-0.004528032852674224	-0.0027745502784768394	-0.0027461446402690104	0.0033867271992065184	-0.0033279313038836467	-0.00073287045853343
-0.009385322095063486	-0.0018766943312731321	-0.005339355046921623	-0.0030241878767072183	-0.0024965070420386315	0.004884552788586127	-0.0033903407034407973	-0.0002960046616313772
-0.00838677170214397	-0.0013774191348137066	-0.004777670450903937	-0.0027121408789192447	-0.0023092788433660694	0.007006472373540573	-0.003015884306096117	-0.0008576892576486195
-0.006327261516746674	-0.0010029627374683603	-0.004153576455329544	-0.0017759998855573222	-0.0014355472495612975	0.00887875436026575	-0.0018925151140609664	0.0002032705348287145
-0.005952805119401994	-0.0015646473334860467	-0.004215985854887139	-0.0027121408789192447	-0.0021220506446937293	0.008379479163805437	-0.002204562111848496	-0.0010449174563209596
-0.0035188385366595742	-0.0009405533379112097	-0.0030302072632946153	-0.0017759998855573222	-0.0011859096513313627	0.008629116762035371	-0.0013308305180441682	-4.6367063401442365e-05
-0.0017089659494924359	-0.0008781439383536149	-0.0017196098725871245	-0.0015263622873271654	-0.0009986814526585786	0.00800502276646009	-0.0007067365224688871	-0.0008576892576486195
0.00010090663767492458	-0.0002540499427787779	-0.0010331064774551368	-0.0008398588921947336	-1.310597390613566e-07	0.007380928770885697	0.00022940447089347948	0.0002656799343863092
-0.00033595915922757236	-0.0005660969405660854	-0.0008458782787823527	-0.0009022682917523284	-0.0003745874570841856	0.006257559578851435	-0.00014505192645164477	-0.00073287045853343
0.00022572543678922585	-0.0002540499427787779	-0.0007210594796676073	-0.0003405836957353081	0.00012468773937590605	0.006132740779735801	0.00035422327000866893	7.845173571396913e-05
0.0017859604257268735	-0.0004412781414515621	-9.696548409232619e-05	-0.0005902212939647988	0.0003119159380486902	0.006632015976195671	0.0009159078660259112	-0.0008576892576486195
0.00646666539253804	0.0004948628519112486	0.0020249541008616756	0.0009700136949724047	0.0019345603265430444	0.009440438956282993	0.0033498744487678866	7.845173571396913e-05
0.00659148419165323	0.00043245345235365384	0.0026490480964369567	0.0010324230945295554	0.0018721509269858938	0.011063083344777347	0.004098787243457913	-0.0007952798580912468
0.0074652157854580015	0.0006820910505835887	0.0027114574959945514	0.0011572418936447448	0.002433835523003136	0.012061633737697308	0.004722881239032306	-4.6367063401442365e-05
0.008026900381475688	0.00037004405279628116	0.003210732692454421	0.0010948324940871501	0.0021841979247729792	0.012997774731059675	0.005034928236819836	-0.0011073268558785543
0.00921267897306799	0.0009941380483711182	0.004084464286259193	0.0017813358892195819	0.0031203389181351238	0.013871506324864225	0.005971069230182646	1.604233615615236e-05
0.005405705600060928	0.00030763465323868644	0.0027114574959945514	0.0005331478980696858	0.0017473321278707044	0.012061633737697308	0.004286015442130253	-0.0008576892576486195
0.00446956460669834	0.0006196816510259939	0.0026490480964369567	0.0010324230945295554	0.001996969726100639	0.011811996139467373	0.004098787243457913	7.845173571396913e-05
0.003970289410238914	0.00037004405279628116	0.0026490480964369567	0.0005955572976272805	0.0014976945296405475	0.010938264545663046	0.003474693247883076	-0.0006704610589760573
0.0007874100328071343	-0.00012923114366358845	0.0009639943083847857	-0.00040299309529245875	0.0006863723353933704	0.00887875436026575	0.0018520488593878337	-0.00023359526207378245
-0.0007728249561302913	-0.0005036875410084907	0.0005895379110401056	-0.0007150400930795442	-0.00012494985885380672	0.007817794567788194	0.0007286796673535711	-0.0009825080567633648
0.0006001818341343501	0.00024522525368086967	0.0011512225070573479	9.628210116718883e-05	0.000748781734950521	0.0075681569695580375	0.0012903642633710355	0.0002656799343863092
-0.00033595915922757236	-0.0004412781414515621	0.0004647191119249161	-0.0007150400930795442	-0.00012494985885380672	0.005758284382391343	0.0002918138704510742	-0.0008576892576486195
0.00010090663767492458	-6.682174410599373e-05	0.0005271285114825108	-2.8536697947112444e-05	0.0003119159380486902	0.005383827985046219	0.000541451468680787	1.604233615615236e-05
-0.000648006157015546	-0.00019164054322118318	0.00015267211413738657	-0.00015335549706252394	6.227833981853337e-05	0.00444768699168363	0.0002918138704510742	-0.0006704610589760573
3.849723811644168e-05	-0.0002540499427787779	-9.696548409232619e-05	-9.094609750515126e-05	0.00037432533760628495	0.004510096391241003	0.00041663266956581957	1.604233615615236e-05
-0.0003983685587851671	-0.00019164054322118318	2.7853315022419167e-05	3.38727016095941e-05	0.00018709713893350077	0.005758284382391343	0.0007910890669111659	-0.00073287045853343
-0.00014873096055545432	-0.00019164054322118318	-9.696548409232619e-05	-2.8536697947112444e-05	0.0004991441367205862	0.007256109971770952	0.0012279548638134408	7.845173571396913e-05
-0.0011472813534756376	-0.0004412781414515621	-0.00047142188143745045	-0.0008398588921947336	-0.00012494985885380672	0.009003573159380052	0.0009159078660259112	-0.0007952798580912468
-0.0004607779583432059	-0.00019164054322118318	9.026271458001389e-05	-0.0003405836957353081	0.00037432533760628495	0.011499949141679844	0.0016648206607159377	0.00014086113527156385
-0.0015841471503774684	-0.0005660969405660854	-0.00040901248187985573	-0.0013391340886548253	-0.0003745874570841856	0.011811996139467373	0.001165545464255846	-0.0008576892576486195
-0.0002735497596708658	5.799705500830754e-05	0.0004023097123673214	-0.0005902212939647988	0.0005615535362781809	0.011999224338140158	0.0018520488593878337	0.00014086113527156385
-0.0009600531548028535	-0.0005036875410084907	0.00015267211413738657	-0.0010270870908672958	-0.00018735925841140144	0.010563808148317255	0.001165545464255846	-0.0008576892576486195
-8.632156099785959e-05	-0.00012923114366358845	0.00015267211413738657	-0.0005902212939647988	0.0005615535362781809	0.00825466036469047	0.001415183062486003	0.00014086113527156385
-0.0005855967574579513	-0.0005660969405660854	-9.696548409232619e-05	-0.000777449492637583	6.227833981853337e-05	0.005508646784160964	0.0006662702677959764	-0.0008576892576486195
-2.3912161440264867e-05	-0.00031645934233592854	-9.696548409232619e-05	-9.094609750515126e-05	0.0004367347371629915	0.0041980493934536955	0.0009159078660259112	-0.00010877646295903709
-0.0002735497596708658	-0.00037886874189352326	-0.00022178428320751564	-0.0002781742961777134	0.0003119159380486902	0.003074680201418989	0.0007910890669111659	-0.0007952798580912468
-0.002520288143740057	-0.0008157345387964643	-0.0016572004730295298	-0.000777449492637583	-0.0003745874570841856	0.0027626332036312373	-8.264252689360596e-05	-0.00017118586251618773
-0.008636409300373904	-0.0013774191348137066	-0.0038415294575420145	-0.0020880468833448518	-0.001934822446020945	0.0027626332036312373	-0.0021421527122913453	-0.0008576892576486195
-0.00919809389639159	-0.001689466132600348	-0.004777670450903937	-0.0027745502784768394	-0.0023092788433660694	0.003698774196993826	-0.0027662467078657382	-0.00023359526207378245
-0.009759778492408389	-0.0020015131303883216	-0.004902489250019126	-0.003273825474936709	-0.0029333728389409064	0.005134190386816062	-0.0033279313038836467	-0.0012321456549932996
-0.009322912695506336	-0.0018142849317159815	-0.004777670450903937	-0.0029617784771496236	-0.002621325841153821	0.0058831031815056445	-0.003265521904325608	-0.00023359526207378245
-0.008698818699931499	-0.0018142849317159815	-0.004278395254443845	-0.0034610536736097153	-0.0029333728389409064	0.004510096391241003	-0.0035775689021129153	-0.0009200986572062142
-0.005952805119401994	-0.0013150097352561119	-0.0034046636606395175	-0.0024000938811319372	-0.001934822446020945	0.003698774196993826	-0.0028910655069809277	-0.00010877646295903709
-0.005703167521172059	-0.001689466132600348	-0.0029677978637370206	-0.0025249126802471267	-0.0023092788433660694	0.0018264922102693149	-0.003265521904325608	-0.0010449174563209596
-0.0030819727397575214	-0.0013150097352561119	-0.0025309320668347457	-0.0017759998855573222	-0.0014355472495612975	0.00039107602044685663	-0.0023293809109636854	-0.00048323286030327317
-0.0016465565499350632	-0.0013150097352561119	-0.0017820192721447192	-0.00140154348821242	-0.0012483190508889574	0.0003286666208892619	-0.0017052869153884043	-0.0012945550545513385
-2.3912161440264867e-05	-0.0005660969405660854	-0.0012203346761270328	-0.00040299309529245875	-0.00012494985885380672	0.0020761298084992497	-0.00026987072556639013	-0.00017118586251618773
-0.0007728249561302913	-0.0007533251392388696	-0.001407562874799817	-0.0009646776913099231	-0.0003745874570841856	0.00407323059433895	-2.0233127336455325e-05	-0.0009200986572062142
-8.632156099785959e-05	-0.00037886874189352326	-0.0010331064774551368	-0.0003405836957353081	0.00012468773937590605	0.007443338170443292	0.0010407266651406566	-4.6367063401442365e-05
0.0015987322270540893	-0.0005036875410084907	-0.00015937488364992092	-0.0005278118944072041	0.00037432533760628495	0.01006453295185783	0.0021016864576182126	-0.0010449174563209596
0.006092208995193138	0.000182815854123497	0.0018377259021897796	0.00040832909895516245	0.0017473321278707044	0.012498499534599805	0.004098787243457913	-0.0002960046616313772
0.006029799595635543	0.000182815854123497	0.0028362762951088527	0.0006579666971848752	0.0015601039291981422	0.012685727733272145	0.0042236060425726585	-0.0010449174563209596
0.007340396986343256	0.0006196816510259939	0.0035851890897993233	0.0010948324940871501	0.0023090167238877246	0.011000673945220196	0.004598062439918005	-0.00017118586251618773
0.00871340377660812	0.0004948628519112486	0.00452133008316169	0.0011572418936447448	0.002246607324330574	0.008629116762035371	0.004410834241245221	-0.0009825080567633648
0.00871340377660812	0.0005572722514683992	0.0045837394827192846	0.0017813358892195819	0.002433835523003136	0.006632015976195671	0.004348424841687848	-0.00023359526207378245
0.005343296200503556	0.00030763465323868644	0.0035227796902417285	0.00090760429541481	0.0015601039291981422	0.0037611835965514206	0.0027881898527506443	-0.0009825080567633648
0.004407155207140745	0.00012040645456634635	0.0025242292973217673	0.0007827854962996206	0.0013728757305262462	0.0025754050049593413	0.00222650525673318	-0.00023359526207378245
0.003970289410238914	0.00024522525368086967	0.002773866895552146	0.0008451948958576594	0.001185647531853462	0.0038235929961085713	0.00241373345540552	-0.0009825080567633648
0.00010090663767492458	-0.0002540499427787779	0.0005271285114825108	-9.094609750515126e-05	0.00037432533760628495	0.00407323059433895	0.001165545464255846	-0.00010877646295903709
-0.0005855967574579513	-0.00031645934233592854	0.000277490913252576	-0.0002781742961777134	6.227833981853337e-05	0.005758284382391343	0.0009783172655830619	-0.0007952798580912468
-0.000648006157015546	-0.0006285063401236801	-0.00040901248187985573	-0.00046540249485005347	-1.310597390613566e-07	0.0069440629739834225	0.0009783172655830619	-0.00048323286030327317
-0.00033595915922757236	-0.00012923114366358845	0.0004647191119249161	-0.0002781742961777134	0.0003119159380486902	0.007817794567788194	0.001165545464255846	-0.0007952798580912468
-0.00014873096055545432	-6.682174410599373e-05	0.0004023097123673214	-9.094609750515126e-05	0.00037432533760628495	0.0075681569695580375	0.0010407266651406566	7.845173571396913e-05
-0.0007728249561302913	-0.00037886874189352326	0.0007143567101548509	-0.0003405836957353081	6.227833981853337e-05	0.006444787777523331	0.0006038608682388258	-0.0007952798580912468
0.00022572543678922585	-4.412344548399005e-06	0.0009639943083847857	-0.00021576489661967457	0.0005615535362781809	0.004884552788586127	0.0006662702677959764	0.00014086113527156385
-0.0005855967574579513	-0.0004412781414515621	0.000901584908827191	-0.0005902212939647988	-6.254045929687813e-05	0.0038235929961085713	4.217627222069531e-05	-0.0007952798580912468
0.00041295363546201	0.000182815854123497	0.0014632695048448774	0.000283510299839973	0.0008111911345078937	0.00444768699168363	0.0009783172655830619	0.0002032705348287145
-0.0009600531548028535	-0.0005660969405660854	0.0002150815136949813	-0.0008398588921947336	-0.00024976865796899617	0.003698774196993826	0.00010458567177917821	-0.0007952798580912468
-0.000211140360112827	-0.00037886874189352326	0.0002150815136949813	-0.0003405836957353081	0.0003119159380486902	0.005571056183718559	0.0007910890669111659	-4.6367063401442365e-05
-0.0020210129472804095	-0.0009405533379112097	-0.0008458782787823527	-0.0012767246890976747	-0.0006866344548712711	0.005945512581063239	0.0002918138704510742	-0.0010449174563209596
-2.3912161440264867e-05	-4.412344548399005e-06	-0.00028419368276511037	-0.0003405836957353081	0.0006239629358353316	0.007131291172655763	0.0016648206607159377	7.845173571396913e-05
-0.0013345095521475336	-0.0006909157396808308	-0.0008458782787823527	-0.000777449492637583	-0.0003121780575265909	0.0069440629739834225	0.0009783172655830619	-0.001169736255436149
-0.0007104155565726966	-0.0002540499427787779	-0.0005962406805524179	-0.00021576489661967457	0.0003119159380486902	0.006444787777523331	0.0015400018616007483	1.604233615615236e-05
-0.0008976437552452587	-0.0006909157396808308	-0.0005338312809950452	-0.0009022682917523284	-6.254045929687813e-05	0.004385277592126036	0.0007910890669111659	-0.0011073268558785543
0.00016331603723207522	5.799705500830754e-05	0.00033990031280972666	0.0003459196993975677	0.0008111911345078937	0.004322868192568441	0.0014775924620435976	0.0002032705348287145
-0.0008976437552452587	-0.0004412781414515621	0.00015267211413738657	-0.00046540249485005347	-1.310597390613566e-07	0.002887452002746871	0.000541451468680787	-0.0007952798580912468
-0.0026451069428552465	-0.0005660969405660854	-0.0006586500801102346	-0.0009646776913099231	-0.0003121780575265909	0.0020761298084992497	-0.0005819177233536976	-0.00017118586251618773
-0.009510140894178676	-0.001689466132600348	-0.0035918918593118576	-0.002836959678034434	-0.002808554039825717	0.0005158948195620461	-0.003702387701228105	-0.0011073268558785543
-0.009322912695506336	-0.0020015131303883216	-0.004403214053559035	-0.0032114160753791143	-0.0028709634393833117	0.0005783042191194188	-0.004014434699016078	-0.0005456422598608679
-0.009385322095063486	-0.0017518755321588309	-0.00434080465400144	-0.0031490066758219637	-0.0029333728389409064	0.0012648076142516285	-0.004139253498130824	-0.0010449174563209596
-0.009385322095063486	-0.0020015131303883216	-0.0050897174486919106	-0.0031490066758219637	-0.003058191638056096	0.0015144452124817853	-0.004326481696803386	-0.00048323286030327317
-0.009073275097276401	-0.0021887413290608837	-0.0052769456473638066	-0.0033986442740521206	-0.0033078292362858086	0.0010775794155792884	-0.004326481696803386	-0.001356964454108045
-0.0055783487220568695	-0.0011277815365835497	-0.0038415294575420145	-0.0019632280842296623	-0.0016227754482338597	0.002013720408941655	-0.0027038373083085876	-0.00010877646295903709
-0.0055783487220568695	-0.0018142849317159815	-0.003966348256657204	-0.002212865682459153	-0.0021220506446937293	0.0016392640115965307	-0.002828656107423777	-0.001169736255436149
-0.0022706505455099	-0.0007533251392388696	-0.0024061132677200003	-0.0010894964904248905	-0.0006866344548712711	0.0023257674067289624	-0.0012060117189285346	-4.6367063401442365e-05
-0.0012096907530323442	-0.0009405533379112097	-0.0015323816739150065	-0.0011519058899824852	-0.0007490438544288658	0.00282504260318861	-0.0009563741206983778	-0.0008576892576486195
3.849723811644168e-05	-0.0004412781414515621	-0.0006586500801102346	-0.0003405836957353081	0.00012468773937590605	0.0041980493934536955	0.00010458567177917821	-4.6367063401442365e-05
-0.0002735497596708658	-0.00037886874189352326	-0.00022178428320751564	-0.0008398588921947336	-0.00012494985885380672	0.004322868192568441	-8.264252689360596e-05	-0.00073287045853343
0.00010090663767492458	-0.0005660969405660854	-0.00028419368276511037	-0.0008398588921947336	-0.00012494985885380672	0.0048221433890280885	-2.0233127336455325e-05	-0.00010877646295903709
0.0024100544213012665	-6.682174410599373e-05	0.001525678904401584	-2.8536697947112444e-05	0.0005615535362781809	0.006507197177080926	0.001415183062486003	-0.0008576892576486195
0.006716302990768419	0.0004948628519112486	0.0028986856946668915	0.00090760429541481	0.0019345603265430444	0.006881653574425828	0.003037827450980357	-4.6367063401442365e-05
0.00646666539253804	0.00037004405279628116	0.003210732692454421	0.0008451948958576594	0.0015601039291981422	0.006444787777523331	0.003100236850537952	-0.0009200986572062142
0.006965940588998354	0.0004948628519112486	0.003210732692454421	0.001344470092317085	0.002059379125658234	0.006444787777523331	0.003661921446555416	-0.00010877646295903709
0.00890063197528046	0.0009941380483711182	0.004271692484931977	0.0018437452887767325	0.002683473121233071	0.006319968978408141	0.004660471839475155	-0.0006704610589760573
0.00902545077439565	0.0009317286488130794	0.004334101884488906	0.002218201686122079	0.002870701319905411	0.006444787777523331	0.00491010943770509	1.604233615615236e-05
0.004282336408026	0.00012040645456634635	0.0026490480964369567	0.00090760429541481	0.0013728757305262462	0.005383827985046219	0.003037827450980357	-0.0010449174563209596
0.004095108209354104	0.000182815854123497	0.002337001098649205	0.0007203760967420259	0.001622513328755515	0.005446237384603814	0.002850599252308017	-0.00017118586251618773
0.0032213766155488877	5.799705500830754e-05	0.002586638696879584	0.0005955572976272805	0.0009984193331806779	0.005945512581063239	0.0023513240558479254	-0.0010449174563209596
0.00016331603723207522	5.799705500830754e-05	0.0012760413061720932	0.00022110090028237828	0.0005615535362781809	0.005134190386816062	0.0012279548638134408	-4.6367063401442365e-05
-0.0007104155565726966	-0.0005036875410084907	0.0010264037079421584	-0.000777449492637583	-6.254045929687813e-05	0.00388600239566661	0.00022940447089347948	-0.0011073268558785543
0.0003505442359044153	-4.412344548399005e-06	0.001338450705729688	0.00015869150072478355	0.0003119159380486902	0.00407323059433895	0.000541451468680787	1.604233615615236e-05
-0.0003983685587851671	-0.00037886874189352326	0.0010888131074999752	-0.00040299309529245875	-0.00012494985885380672	0.002887452002746871	-8.264252689360596e-05	-0.0009200986572062142
-2.3912161440264867e-05	-0.00019164054322118318	0.0007143567101548509	-0.00040299309529245875	0.00018709713893350077	0.002013720408941655	-2.0233127336455325e-05	-0.00010877646295903709
-0.0008976437552452587	-0.0005036875410084907	0.0005895379110401056	-0.0005278118944072041	-0.00024976865796899617	0.0019513110093840602	-0.00014505192645164477	-0.0009200986572062142
0.00016331603723207522	5.799705500830754e-05	0.0007143567101548509	0.00022110090028237828	0.0005615535362781809	0.0027002238040740867	0.0006662702677959764	7.845173571396913e-05
-0.0002735497596708658	-0.0002540499427787779	0.00033990031280972666	-0.0003405836957353081	0.0002495065384910955	0.0029498614023042435	0.0006038608682388258	-0.0007952798580912468
-0.0005231873579003565	-0.00012923114366358845	0.00015267211413738657	3.38727016095941e-05	0.00037432533760628495	0.00407323059433895	0.0009159078660259112	0.00014086113527156385
-0.0010224625543604482	-0.00031645934233592854	2.7853315022419167e-05	-0.00046540249485005347	6.227833981853337e-05	0.00444768699168363	0.0007910890669111659	-0.00073287045853343
-0.00014873096055545432	-4.412344548399005e-06	0.00033990031280972666	-9.094609750515126e-05	0.0005615535362781809	0.005134190386816062	0.001165545464255846	0.00032808933394390394
-0.001459328351262723	-0.0005660969405660854	2.7853315022419167e-05	-0.0005278118944072041	-0.00024976865796899617	0.004697324589913787	0.000541451468680787	-0.0008576892576486195
0.00022572543678922585	0.00024522525368086967	0.0007767661097120016	3.38727016095941e-05	0.0006863723353933704	0.00407323059433895	0.0011031360646986954	0.0002656799343863092
-0.0007728249561302913	-0.0005036875410084907	0.0004647191119249161	-0.0006526306935223936	-0.00018735925841140144	0.0025754050049593413	0.00016699507133588476	-0.0007952798580912468
-0.000211140360112827	-4.412344548399005e-06	0.0007767661097120016	9.628210116718883e-05	0.0004367347371629915	0.0025754050049593413	0.0006038608682388258	0.00014086113527156385
-0.0008976437552452587	-0.0004412781414515621	0.0002150815136949813	-0.0006526306935223936	-0.00012494985885380672	0.001139988815136439	-8.264252689360596e-05	-0.0007952798580912468
-8.632156099785959e-05	-0.0002540499427787779	0.0002150815136949813	-0.0002781742961777134	0.00018709713893350077	0.0014520358129241906	0.00035422327000866893	-0.00010877646295903709
-0.001272100152590383	-0.00031645934233592854	0.00015267211413738657	-0.00046540249485005347	-0.00018735925841140144	0.0025754050049593413	0.00010458567177917821	-0.00073287045853343
-0.003394019737544829	-0.0005660969405660854	-0.0013451534752426664	-0.0009646776913099231	-0.00043699685664133625	0.002200948607614217	-0.0005819177233536976	7.845173571396913e-05
-0.009759778492408389	-0.001502237933928452	-0.00434080465400144	-0.0027121408789192447	-0.0025589164415962262	0.0003286666208892619	-0.00345275010299817	-0.0007952798580912468
-0.008698818699931499	-0.0011901909361407004	-0.004215985854887139	-0.0020880468833448518	-0.0020596412451365786	0.0007655324177922029	-0.003015884306096117	7.845173571396913e-05
-0.00919809389639159	-0.001502237933928452	-0.004590442252231597	-0.0027745502784768394	-0.0025589164415962262	-0.0006074743724726606	-0.0038272065003432942	-0.0006704610589760573
-0.008324362302586374	-0.0013774191348137066	-0.00434080465400144	-0.0020880468833448518	-0.00218446004425088	-0.0010443401693753795	-0.00363997830167051	-4.6367063401442365e-05
-0.007325811909666857	-0.0014398285343708572	-0.0038415294575420145	-0.0022752750820167478	-0.0022468694438084746	-0.0016684341649502166	-0.0037647971007856995	-0.00073287045853343
-0.005328711123827157	-0.0012526003356987392	-0.0032174354619671774	-0.0019632280842296623	-0.0016851848477914544	-0.0016684341649502166	-0.0033279313038836467	-4.6367063401442365e-05
-0.0049542547264820325	-0.0014398285343708572	-0.0025933414663918963	-0.0019632280842296623	-0.0020596412451365786	-0.0005450649729155099	-0.0033279313038836467	-0.0010449174563209596
-0.00208342234683756	-0.0006909157396808308	-0.0014699722743571897	-0.0010894964904248905	-0.0009362720531014279	0.001139988815136439	-0.002017333913176156	1.604233615615236e-05
-0.0013969189517051284	-0.0008781439383536149	-0.0010331064774551368	-0.0015263622873271654	-0.0009362720531014279	0.0019513110093840602	-0.001580468116273659	-0.0009200986572062142
-0.00033595915922757236	-0.0007533251392388696	-0.0007210594796676073	-0.0010270870908672958	-0.0006242250553136763	0.003698774196993826	-0.0008939647211407831	-0.0002960046616313772
-0.001084871953918043	-0.0006909157396808308	-0.0008458782787823527	-0.0010894964904248905	-0.0006866344548712711	0.00426045879301129	-0.0005819177233536976	-0.0009200986572062142
0.00041295363546201	-0.00031645934233592854	-0.0007210594796676073	-0.0006526306935223936	0.00018709713893350077	0.00407323059433895	0.00035422327000866893	1.604233615615236e-05
0.002534873220416456	-0.00019164054322118318	0.0005271285114825108	3.38727016095941e-05	0.0004991441367205862	0.0046349151903561925	0.0012903642633710355	-0.0009200986572062142
0.006965940588998354	0.0006196816510259939	0.0025242292973217673	0.0014692888914322744	0.0021217885252153845	0.005134190386816062	0.003474693247883076	1.604233615615236e-05
0.006529074792095635	0.00024522525368086967	0.002773866895552146	0.0010948324940871501	0.0017473321278707044	0.003636364797436231	0.0032250556496531413	-0.0010449174563209596
0.007527625185015596	0.00043245345235365384	0.0033355514915689444	0.0017189264896619871	0.0021217885252153845	0.0033243177996489237	0.0035371026474402267	-0.0002960046616313772
0.00927508837262514	0.0011189568474860856	0.005083014679178932	0.002343020485236824	0.0029331107194630057	0.00388600239566661	0.004410834241245221	-0.0006704610589760573
0.008338947379263217	0.0006820910505835887	0.0045837394827192846	0.0017813358892195819	0.0025586543221183256	0.0041980493934536955	0.003973968444343168	-0.00010877646295903709
0.004032698809796509	0.00024522525368086967	0.003460370290684578	0.0009700136949724047	0.0013104663309682074	0.004759733989471382	0.00241373345540552	-0.0008576892576486195
0.004594383405813529	0.0009941380483711182	0.0037100078889145127	0.0012820606927594902	0.001996969726100639	0.006132740779735801	0.003037827450980357	0.0003904987335010546
0.0028469202182039854	0.00030763465323868644	0.003023504493781637	0.0003459196993975677	0.0011232381322958673	0.006070331380178429	0.0019144582589458725	-0.00073287045853343
-0.000211140360112827	-4.412344548399005e-06	0.001525678904401584	3.38727016095941e-05	0.0004367347371629915	0.005321418585488624	0.0009159078660259112	7.845173571396913e-05
-0.0007728249561302913	-0.00019164054322118318	0.0009639943083847857	-0.00040299309529245875	6.227833981853337e-05	0.003074680201418989	0.00035422327000866893	-0.00073287045853343
0.00041295363546201	-6.682174410599373e-05	0.0007767661097120016	0.00015869150072478355	0.0006239629358353316	0.0010775794155792884	0.0006038608682388258	-4.6367063401442365e-05
-0.000211140360112827	-0.00012923114366358845	0.0006519473105968121	0.0003459196993975677	0.0003119159380486902	-0.00035783677424316984	0.0004790420691234143	-0.0006704610589760573
0.0009122288319221017	0.00037004405279628116	0.000901584908827191	0.0008451948958576594	0.001185647531853462	-0.0007947025711450006	0.0011031360646986954	0.000515317532616244
-0.0005231873579003565	-0.0005036875410084907	9.026271458001389e-05	3.38727016095941e-05	-6.254045929687813e-05	-0.0010443401693753795	0.00010458567177917821	-0.0007952798580912468
0.0006001818341343501	5.799705500830754e-05	0.0006519473105968121	0.0005331478980696858	0.0006239629358353316	0.0007655324177922029	0.0006662702677959764	0.0002656799343863092
-0.000211140360112827	-4.412344548399005e-06	0.0009639943083847857	3.38727016095941e-05	0.0002495065384910955	0.002200948607614217	0.00041663266956581957	-0.0005456422598608679
-0.0005231873579003565	-6.682174410599373e-05	0.0007143567101548509	-0.0003405836957353081	-1.310597390613566e-07	0.00388600239566661	0.00022940447089347948	0.0002656799343863092
-0.0015217377508203178	-0.00037886874189352326	0.0005895379110401056	-0.000777449492637583	-0.00043699685664133625	0.004572505790799042	-0.00033228012512398486	-0.0006080516594184626
