Sensor_1	Sensor_2	Sensor_3	Sensor_4	Sensor_5	Sensor_6	Sensor_7	Sensor_8
0.00043138937209130646	0.00027356224155039577	-0.00040250318150625297	0.0009801552224002474	0.001074427740902495	0.0014307105210953353	-0.00020938041504581228	-4.631089494133711e-05
0.0010554833676661435	0.00027356224155039577	-0.0004649125810638477	0.0008553364232855021	0.0011992465400167962	0.0026164891126874146	-8.456161593062284e-05	0.0005153737010756831
-0.0006295704203858055	0.00014874344243542836	-0.0004649125810638477	0.00035606122682563246	0.00026310554665442965	0.0033029925078198463	-0.000459018013275303	-0.0001711296940567486
-0.0044365437933930885	-0.00035053175402444126	-0.002274785168230542	-0.0010793549629963817	-0.0009850824444950224	0.002304442114900551	-0.0020192530022125066	0.0005777831006332779
-0.008930020561532137	-0.0011618539482720625	-0.004147067154955941	-0.0028268181506063694	-0.0030445926298927617	0.0005569789272910075	-0.004078763187609802	-0.00029594849317193805
-0.00799387956816977	-0.0006625787518124149	-0.003585382558938255	-0.0023275429541465	-0.0026077268329898207	0.00043216012817581806	-0.0032674409933626247	0.0009522394979781801
-0.008867611161974542	-0.0009122163500416836	-0.004022248355840752	-0.002889227550163964	-0.0031070020294494682	-0.0010656654612042349	-0.0037667161898224943	-4.631089494133711e-05
-0.008056288967727365	-0.0007873975509269382	-0.004022248355840752	-0.0026395899519335853	-0.002794955031662383	-0.0022514440527967583	-0.0037667161898224943	0.00076501129930584
-0.007307376173036895	-0.0009746257495997224	-0.0037102013580534443	-0.002265133554588905	-0.002732545632104788	-0.002937947447928968	-0.003641897390707305	-0.00010872029449893184
-0.004748590791180174	-0.0005377599526967813	-0.0034605637598226213	-0.0013914019607841333	-0.001484357640955114	-0.002688309849698589	-0.0027057563973449383	0.00076501129930584
-0.0035004028000305	-0.0008498069504845329	-0.0032109261615933526	-0.0012665831616689438	-0.0012347200427251792	-0.0021890346532387195	-0.0028929845960177225	-0.00029594849317193805
-0.0005671610208282107	-3.848475623735581e-05	-0.001837919371328267	0.00023124242771066505	0.00020069614709683492	0.0002449319295030339	-0.0012703402075229242	0.0006401925001908726
-0.0004423422217134654	-0.00016330355535254526	-0.0019003287708858618	0.0001064236285959197	0.00020069614709683492	0.00149311992065293	-0.0012703402075229242	-0.0001711296940567486
0.0009930739681085488	0.00021115284199280104	-0.0012762347753110248	0.000668108224613162	0.0007623807431145213	0.0032405831082629177	-0.0005838368123904925	0.0006401925001908726
0.00011934237430377692	8.633404287783364e-05	-0.0009017783779663446	0.00029365182726803774	0.00020069614709683492	0.003927086503394905	-0.0006462462119478651	-4.631089494133711e-05
0.0012427115663389277	0.0005231998397803306	-9.045618371872344e-05	0.0004808800259403778	0.0006375619439993319	0.004488771099412592	0.0002898947814142794	0.0008898300984205854
0.0037390875486382757	0.0005856092393379253	0.0019690540016781277	0.0007929270237279074	0.0007623807431145213	0.004925636896314867	0.001662901571679365	-0.0001711296940567486
0.007296423323414958	0.0014593408331426971	0.004278201785305358	0.0017914774166478686	0.0020105687342639733	0.005300093293659769	0.0037848211566333667	0.0007026018997482453
0.006422691729610186	0.0010848844357975729	0.004465429983977698	0.0011673834210728096	0.001448884138246953	0.003927086503394905	0.0035975929579614707	-0.00029594849317193805
0.00804533611810454	0.0015217502326998478	0.005463980376897659	0.002165933813992771	0.0022602063324945743	0.0037398583047225653	0.004533733951323837	0.0006401925001908726
0.008544611314564632	0.0015841596322574425	0.005713617975127816	0.002353162012665111	0.0023850251316093196	0.004363952300297846	0.004658552750438583	-0.00010872029449893184
0.008919067711909312	0.001958616029602789	0.005214342778667724	0.0026652090104526405	0.0031963473258564967	0.005612140291446854	0.004533733951323837	0.0008898300984205854
0.0056737789349201595	0.0009600656366828275	0.003154832593270207	0.001729068017090718	0.0020105687342639733	0.0045511804989701865	0.002474223765926098	-0.00023353909361434333
0.006173054131379807	0.0012097032349127623	0.002530738597695814	0.0022283432135503656	0.002697072129396405	0.005050455695430056	0.0025366331654841368	0.0005777831006332779
0.00392631574731106	0.0008976562371252328	0.0014073694056608854	0.0017914774166478686	0.0021977969329369795	0.004988046295872461	0.0014132639734494301	-0.00010872029449893184
0.002241261959258667	0.0007104280384522266	0.00015918141451098933	0.0016666586175326792	0.0017609311360344826	0.004675999298084932	0.00047712298008706355	0.0006401925001908726
0.001367530365453451	0.0003359716411075464	9.677201495383869e-05	0.0009177458228430968	0.0011368371404592015	0.005050455695430056	0.0002274853818569067	-0.0001711296940567486
0.0014923491645686404	0.0005231998397803306	0.0005960472114132642	0.000668108224613162	0.0011368371404592015	0.005612140291446854	0.0006019417792018089	0.0007026018997482453
0.000306570572976117	0.0005231998397803306	0.0011577318074309506	0.00029365182726803774	0.00026310554665442965	0.00629864368657973	0.0006019417792018089	-4.631089494133711e-05
0.00024416117341896637	0.0007104280384522266	0.00128255060654614	-1.8395170519269755e-05	0.00020069614709683492	0.0068603282825969725	0.0007267605783165543	0.0008274206988634347
-0.0003799328221560927	0.00039838104066514113	0.00128255060654614	-0.0007673079652088521	-0.000423397848477558	0.006673100083924632	0.0002898947814142794	1.6098504615813525e-05
0.00024416117341896637	0.0005856092393379253	0.001469778805218258	-0.00020562336919205393	1.3467948424938925e-05	0.006797918883039378	0.0006019417792018089	0.0007026018997482453
-0.0001302952239257138	0.0003359716411075464	0.0009080942092012378	-0.00039285156786417197	-0.00011135085069025052	0.005674549691004449	0.00016507598229931197	-4.631089494133711e-05
0.000743436369879058	0.0003359716411075464	0.0002840002136261788	0.00023124242771066505	0.0006999713435569266	0.005050455695430056	0.00010266658274216134	0.0005777831006332779
0.00043138937209130646	0.00027356224155039577	-9.045618371872344e-05	0.0005432894254979725	0.0006999713435569266	0.0045511804989701865	-0.00039660861371815237	-0.0001711296940567486
0.000930664568550954	0.0005231998397803306	-0.0007145501792937825	0.0009801552224002474	0.001448884138246953	0.004675999298084932	-0.0002717898146029629	0.00076501129930584
0.0006186175707638686	0.00021115284199280104	-0.0007145501792937825	0.000668108224613162	0.0010120183413444561	0.004738408697642527	-0.0007086556115050158	-0.00010872029449893184
0.0010554833676661435	0.0005856092393379253	-0.0002776843823910635	0.001292202220187999	0.001448884138246953	0.005736959090562044	-2.215221637302811e-05	0.00076501129930584
-0.0001927046234841967	0.0003359716411075464	-0.0002152749828339129	0.0004808800259403778	0.0005751525444424033	0.00629864368657973	-0.0002717898146029629	1.6098504615813525e-05
0.000306570572976117	0.0005231998397803306	0.0004088190127413682	0.00035606122682563246	0.0005127431448841424	0.007234784679942097	0.00010266658274216134	0.0008898300984205854
-0.0011912550164034919	8.633404287783364e-05	0.0004088190127413682	-0.0005800797665369561	-0.0006730354467079369	0.007109965880826907	-0.0002717898146029629	-0.00023353909361434333
-0.00025511402304090325	0.0005231998397803306	0.0008456848096434211	-0.0004552609674213226	-0.00023616964980521793	0.007546831677729848	0.0003523041809723182	0.0007026018997482453
-0.0018153490119781068	8.633404287783364e-05	0.00022159081406858405	-0.0008921267643240416	-0.0009226730449374276	0.0064234624856944755	-0.0005214274128328977	-4.631089494133711e-05
-0.005123047188525076	-0.0002257129549092518	-0.0021499663691162407	-0.0015162207598993227	-0.0015467670405127087	0.0041143147020672455	-0.002393709399557853	0.00076501129930584
-0.008368335965514673	-0.001037035149157317	-0.0047087517509729615	-0.0026395899519335853	-0.002482908033874631	0.0014307105210953353	-0.0045780383840698935	-0.00010872029449893184
-0.006558463378347312	-0.0005377599526967813	-0.004459114152742583	-0.0012665831616689438	-0.0012347200427251792	0.0011186635233082498	-0.003953944388494612	0.0009522394979781801
-0.00774424196994028	-0.0009746257495997224	-0.0053328457465477985	-0.0013914019607841333	-0.0016091764400698594	0.00030734132906085065	-0.004765266582742234	7.850790417340825e-05
-0.0069329197756922145	-0.0010994445487144677	-0.005894530342565485	-0.0015162207598993227	-0.0012971294422823298	0.0005569789272910075	-0.004890085381856979	0.0006401925001908726
-0.005996778782330292	-0.0009746257495997224	-0.004833570550087929	-0.0012665831616689438	-0.0013595388418403687	0.002554079713130042	-0.004265991386282586	-4.631089494133711e-05
-0.004748590791180174	-0.0005377599526967813	-0.0038974295567257844	-0.0008921267643240416	-0.0009226730449374276	0.005050455695430056	-0.00320503159380503	0.0008274206988634347
-0.004249315594720304	-0.0004753505531396307	-0.0029612885633629737	-0.0015786301594564733	-0.0013595388418403687	0.007234784679942097	-0.0028929845960177225	-0.00010872029449893184
-0.0018777584115357016	-0.00010089415579450645	-0.0012138253757538742	-0.0009545361638811922	-0.0009226730449374276	0.010542482856488844	-0.0014575684061950422	0.0005777831006332779
-0.0019401678110930742	-0.00016330355535254526	-0.0006521407797361878	-0.0015162207598993227	-0.0011723106431680286	0.01266440244144329	-0.0013951590066378916	-0.00023353909361434333
-6.788582436856316e-05	0.00027356224155039577	-9.045618371872344e-05	-0.0010793549629963817	-0.00029857904936281265	0.012539583642328544	-0.0007710650110626105	0.0007026018997482453
-0.0005671610208282107	-3.848475623735581e-05	-0.0002152749828339129	-0.0009545361638811922	-0.0005482166475927475	0.01072971105516185	-0.0008958838101777999	-4.631089494133711e-05
0.0015547585641262351	0.00039838104066514113	0.00015918141451098933	0.0001064236285959197	0.0006999713435569266	0.008982247867551418	-0.00014697101548732938	0.0005777831006332779
0.0050496849393453225	0.0005231998397803306	0.0012201412069885453	0.0009801552224002474	0.0017609311360344826	0.007609241077286999	0.0009763981765469332	-0.0003583578927290887
0.009231114709697508	0.0013345220340275077	0.0030300137941556837	0.002727618410010235	0.0036956225223165884	0.007983697474631679	0.0029734989623866337	0.0004529643015185325
0.007733289120317455	0.0007728374380102654	0.002530738597695814	0.0024779808117798563	0.0030715285267417514	0.007796469275958895	0.0023494049668117967	-0.0006079954909590235
0.009543161707484593	0.0014593408331426971	0.0034668795910581807	0.003164484206912288	0.004007669520103674	0.010417664057373655	0.0034103647592889086	0.0004529643015185325
0.009605571107042188	0.0015841596322574425	0.004403020584420547	0.0030396654077975427	0.003570803723201177	0.0136005434348061	0.0036600023575190654	-0.00010872029449893184
0.00817015491721973	0.00170897843137241	0.004153382986190168	0.002353162012665111	0.003133937926299346	0.016159328816663043	0.0034727741588462813	0.0005777831006332779
0.004800047341115832	0.0010224750362399782	0.003154832593270207	0.0008553364232855021	0.001448884138246953	0.01709546981002541	0.0019749485694666724	-0.00010872029449893184
0.005424141336690669	0.0013969314335846583	0.0035292889906157754	0.0009177458228430968	0.0015112935378041037	0.018406067200732235	0.0024118143663693914	0.0007026018997482453
0.0013051209658958562	0.0008976562371252328	0.0022186915999080625	-8.080457007686448e-05	0.0003879243457696191	0.016284147615778233	0.0009763981765469332	7.850790417340825e-05
0.0014299397650114898	0.0008976562371252328	0.0015945976043334475	-8.080457007686448e-05	0.0006375619439993319	0.013226087037460532	0.0006019417792018089	0.0008274206988634347
0.00036897997253371173	0.00021115284199280104	0.0007208660105284537	-0.0003304421683067993	7.587734798253365e-05	0.00998079826047138	-0.00014697101548732938	-0.00023353909361434333
0.0018043961623557259	0.0005856092393379253	0.00047122841229807477	0.0005432894254979725	0.001261655939574391	0.007609241077286999	0.0003523041809723182	0.0006401925001908726
0.0010554833676661435	0.00021115284199280104	0.00015918141451098933	0.0006056988250560114	0.001074427740902495	0.005612140291446854	-0.00020938041504581228	-0.00029594849317193805
0.0014299397650114898	0.0003359716411075464	-0.0002776843823910635	0.0010425646219578422	0.001448884138246953	0.005487321492332553	-0.00014697101548732938	0.0005153737010756831
0.0008682551689933593	2.392464332001687e-05	-0.0007769595788511552	0.0005432894254979725	0.001074427740902495	0.0064234624856944755	-0.0005838368123904925	-0.00029594849317193805
0.0016795773632414246	0.00064801863889552	-0.00015286558327631816	0.0010425646219578422	0.0015112935378041037	0.009231885465781797	-2.215221637302811e-05	0.00076501129930584
-0.0006295704203858055	-0.00016330355535254526	-0.0006521407797361878	-0.00020562336919205393	7.587734798253365e-05	0.010979348653390897	-0.0009582932097353947	-0.0004207672922866834
5.69329747461822e-05	0.00046079044022273585	-0.00034009378194865825	-0.0002680327687487605	0.00045033374532676973	0.013662952834363029	-0.00033419921416011356	0.0007026018997482453
-0.0008167986190585896	0.00014874344243542836	9.677201495383869e-05	-0.0008297173647664469	-0.00029857904936281265	0.014349456229495239	-0.0005838368123904925	-0.00010872029449893184
-0.0006919798199438443	0.0003359716411075464	0.00015918141451098933	-0.0006424891660941068	-0.00011135085069025052	0.014349456229495239	-0.00033419921416011356	0.0006401925001908726
-0.0014408926146329826	-0.0002257129549092518	-0.0002152749828339129	-0.0013914019607841333	-0.0007354448462650875	0.011915489646753707	-0.0009582932097353947	-0.0004207672922866834
-0.0001927046234841967	0.00021115284199280104	3.436261539624397e-05	-0.0005800797665369561	-4.89414511326558e-05	0.00979357006179904	-0.00039660861371815237	0.0005153737010756831
-0.0003799328221560927	2.392464332001687e-05	3.436261539624397e-05	-0.0003304421683067993	0.0001382867475392402	0.006985147081711718	-0.00039660861371815237	-0.00029594849317193805
0.0009930739681085488	0.0005231998397803306	-2.8046784161350757e-05	0.0004184706263832272	0.001074427740902495	0.005050455695430056	4.0257183184566614e-05	0.0008274206988634347
0.00043138937209130646	-3.848475623735581e-05	-0.0004649125810638477	0.00029365182726803774	0.0006375619439993319	0.003365401907377663	-0.0005214274128328977	-0.0003583578927290887
0.0014299397650114898	0.0005856092393379253	-0.0002152749828339129	0.0011673834210728096	0.0015737029373621425	0.004051905302510095	0.00016507598229931197	0.0006401925001908726
-0.0010040268177309297	-0.0002257129549092518	-0.0017131005722137438	-1.8395170519269755e-05	0.0003879243457696191	0.00417672410162484	-0.0013327496070802969	-0.00023353909361434333
-0.005435094186312606	-0.0007249881513693435	-0.003772610757610595	-0.0010793549629963817	-0.0009850824444950224	0.004800818097199677	-0.0032674409933626247	0.0004529643015185325
-0.008742792362859797	-0.0013490821469444025	-0.0051456175478754584	-0.002452361753260801	-0.002295679835202291	0.0062362342870221354	-0.004702857183184639	-0.0001711296940567486
-0.007931470168612176	-0.0008498069504845329	-0.004771161150530334	-0.002452361753260801	-0.002108451636529951	0.008795019668878856	-0.004390810185397331	0.0007026018997482453
-0.009554114557106974	-0.0010994445487144677	-0.004833570550087929	-0.003138865148393677	-0.002982183230334723	0.009855979461356634	-0.004765266582742234	-0.00010872029449893184
-0.008742792362859797	-0.0009122163500416836	-0.004646342351415367	-0.0030140463492784875	-0.0026701362325474154	0.010105617059586125	-0.004390810185397331	0.0007026018997482453
-0.007681832570381797	-0.001224263347829213	-0.004271885954070687	-0.0034509121461807624	-0.0028573644312199775	0.009169476066224203	-0.0043284007858392926	-0.0003583578927290887
-0.005372684786755455	-0.0004753505531396307	-0.0032109261615933526	-0.002077905355916565	-0.0016715858396278982	0.009419113664454137	-0.0031426221942474353	0.0008274206988634347
-0.0033755840009157545	-0.000412941153582036	-0.002524422766461143	-0.0015162207598993227	-0.0009850824444950224	0.007609241077286999	-0.0022688906004426634	-0.00010872029449893184
-0.0001927046234841967	0.00014874344243542836	-0.0017131005722137438	-0.0002680327687487605	0.0005127431448841424	0.005861777889677233	-0.0011455214084072907	0.0008898300984205854
-0.0003799328221560927	-0.0002257129549092518	-0.0015882817730985543	-1.8395170519269755e-05	0.0001382867475392402	0.0041143147020672455	-0.0011455214084072907	-0.00029594849317193805
0.0008682551689933593	8.633404287783364e-05	-0.0015882817730985543	0.0004184706263832272	0.0010120183413444561	0.0039894959029525	-0.0005214274128328977	0.0005777831006332779
0.00018175177386137165	-0.00016330355535254526	-0.0015258723735414037	0.00016883302815351442	0.0006375619439993319	0.005112865094987429	-0.0008958838101777999	-0.0003583578927290887
0.0017419867627990193	8.633404287783364e-05	-0.0006521407797361878	0.0006056988250560114	0.0010120183413444561	0.008108516273746869	-2.215221637302811e-05	0.00032814550240334306
0.004550409742885897	0.0008352468375676381	0.001719416403448637	0.0011049740215154369	0.0018233405355916332	0.012102717845426048	0.0017877203707938882	-0.0001711296940567486
0.0073588327229721084	0.0015841596322574425	0.003778926588845266	0.0017914774166478686	0.0025722533302816597	0.015410416021973017	0.0034727741588462813	0.00076501129930584
0.006360282330052591	0.0013969314335846583	0.004403020584420547	0.0012297928206306263	0.0020105687342639733	0.016034510017547632	0.0034727741588462813	1.6098504615813525e-05
0.00817015491721973	0.00170897843137241	0.005089523979552979	0.0013546116197455937	0.002509843930724065	0.01566005362020295	0.004346505752651497	0.00076501129930584
0.008607020714122227	0.00170897843137241	0.005776027374685411	0.0016042492179750845	0.0024474345311664703	0.013288496437018127	0.004408915152208648	-4.631089494133711e-05
0.00798292671854739	0.001896206630045194	0.00502711457999494	0.002165933813992771	0.0028218909285113725	0.009918388860914229	0.004159277553978713	0.0009522394979781801
0.005798597734034905	0.0010224750362399782	0.003154832593270207	0.0015418398184179338	0.0021977969329369795	0.004800818097199677	0.0025366331654841368	-0.00010872029449893184
0.007046785725185023	0.0012097032349127623	0.0030924231937132785	0.0026027996108950457	0.0030715285267417514	0.002554079713130042	0.002911089562828595	0.0006401925001908726
0.0031149935530629946	0.00046079044022273585	0.0011577318074309506	0.001729068017090718	0.0020105687342639733	0.00043216012817581806	0.0011012169756614565	-0.00010872029449893184
0.002802946555275909	0.0007728374380102654	0.0003464096131837735	0.001729068017090718	0.0021977969329369795	0.0018675763179980542	0.000789169977874149	0.00076501129930584
0.0015547585641262351	0.00039838104066514113	0.0004088190127413682	0.0011049740215154369	0.0013240653391317636	0.005237683894102618	0.0002898947814142794	-0.0001711296940567486
0.000930664568550954	0.00064801863889552	0.00047122841229807477	0.0007929270237279074	0.001261655939574391	0.00966875126268385	0.0006019417792018089	0.0008274206988634347
-6.788582436856316e-05	0.0005231998397803306	0.0005960472114132642	-0.00039285156786417197	0.0003255149462115803	0.013101268238346231	0.0002274853818569067	-0.00010872029449893184
-0.0006295704203858055	-0.00010089415579450645	0.0002840002136261788	-0.0012041737621115711	-0.000423397848477558	0.014723912626840585	-0.0002717898146029629	0.00032814550240334306
-0.000941617418173335	0.00027356224155039577	0.0007208660105284537	-0.0012665831616689438	-0.00048580724803515274	0.01516077842374286	-8.456161593062284e-05	-0.0001711296940567486
0.00018175177386137165	0.00039838104066514113	0.0009080942092012378	-0.0009545361638811922	0.00020069614709683492	0.013226087037460532	0.0003523041809723182	0.0005153737010756831
-0.00025511402304090325	0.00027356224155039577	0.0007832754100860484	-0.0007048985656517015	-4.89414511326558e-05	0.009606341863126477	-2.215221637302811e-05	-4.631089494133711e-05
0.000743436369879058	0.00039838104066514113	0.0003464096131837735	0.0001064236285959197	0.0008871995422297108	0.005612140291446854	0.0003523041809723182	0.0008274206988634347
0.0011178927672232941	0.00046079044022273585	0.0003464096131837735	0.0004808800259403778	0.001261655939574391	0.0032405831082629177	0.0002274853818569067	1.6098504615813525e-05
0.0013051209658958562	0.00046079044022273585	-2.8046784161350757e-05	0.0011049740215154369	0.0015112935378041037	0.0012434823224229952	0.00016507598229931197	0.0006401925001908726
0.00011934237430377692	0.0003359716411075464	-0.00034009378194865825	0.0009177458228430968	0.001074427740902495	0.0020548045166706164	-8.456161593062284e-05	7.850790417340825e-05
0.000306570572976117	0.0005231998397803306	3.436261539624397e-05	0.000668108224613162	0.001074427740902495	0.007609241077286999	4.0257183184566614e-05	0.00076501129930584
-0.000941617418173335	0.00014874344243542836	0.0007208660105284537	-0.0003304421683067993	-0.00023616964980521793	0.008545382070649366	-0.00020938041504581228	-0.00010872029449893184
-0.0005047516212715042	0.0007728374380102654	0.0008456848096434211	-1.8395170519269755e-05	-0.00011135085069025052	0.008857429068436451	0.0003523041809723182	0.0009522394979781801
-0.0003799328221560927	0.00027356224155039577	0.0004088190127413682	-0.00039285156786417197	7.587734798253365e-05	0.006922737682154567	-0.00020938041504581228	-4.631089494133711e-05
0.0018668055619133206	0.00064801863889552	0.0007832754100860484	0.0007305176241707567	0.0016361123369192931	0.006111415487906946	0.0002274853818569067	0.0008898300984205854
-0.0017529396124209562	-0.0002257129549092518	-0.000839368978408972	-0.00020562336919205393	0.00026310554665442965	0.004988046295872461	-0.0014575684061950422	-0.00029594849317193805
-0.0069329197756922145	-0.0009746257495997224	-0.003772610757610595	-0.0017658583581288134	-0.0016091764400698594	0.0038646771038377548	-0.0038915349889370177	0.00032814550240334306
-0.008867611161974542	-0.0013490821469444025	-0.004209476554513092	-0.002514771152818396	-0.0026077268329898207	0.004488771099412592	-0.004640447783627488	-0.00029594849317193805
-0.007681832570381797	-0.0008498069504845329	-0.004022248355840752	-0.0028268181506063694	-0.002108451636529951	0.005986596688792201	-0.0043284007858392926	0.0007026018997482453
-0.0091172487602047	-0.001224263347829213	-0.004396704753185876	-0.0032012745479512716	-0.002794955031662383	0.007422012878614437	-0.0052021323796445085	-0.00010872029449893184
-0.00799387956816977	-0.0007249881513693435	-0.004334295353628281	-0.0020154959563589703	-0.0018588140383002383	0.01016802645914372	-0.004453219584954482	0.0008274206988634347
-0.007120147974364999	-0.001037035149157317	-0.004771161150530334	-0.002452361753260801	-0.0017339952391850488	0.011228986251621276	-0.004640447783627488	-0.0001711296940567486
-0.004686181391622579	-0.0004753505531396307	-0.003585382558938255	-0.0012041737621115711	-0.0006106260471503422	0.0136005434348061	-0.0035170785915921154	0.00076501129930584
-0.004311724994277455	-0.0007249881513693435	-0.003148516762035758	-0.0013914019607841333	-0.0011099012436099898	0.01497355022507052	-0.0033298503929197754	-0.0003583578927290887
-0.0013160738155186813	-0.00010089415579450645	-0.001837919371328267	-0.0008297173647664469	7.587734798253365e-05	0.016596194613565318	-0.0018320248035401665	0.0004529643015185325
-0.0011288456168458971	-3.848475623735581e-05	-0.0009641877775239394	-0.0008921267643240416	-0.00017376025024784525	0.018842932997634954	-0.001707206004424977	-0.00010872029449893184
0.00043138937209130646	0.00039838104066514113	-0.00015286558327631816	-0.0004552609674213226	0.0005751525444424033	0.01728269800869775	-0.0007086556115050158	0.0008274206988634347
-0.0008792080186161844	-0.00016330355535254526	-0.0004649125810638477	-0.0010793549629963817	-4.89414511326558e-05	0.013662952834363029	-0.0012079308079648854	-0.00029594849317193805
0.003052584153505844	0.0010848844357975729	0.0015945976043334475	0.0010425646219578422	0.001885749935149228	0.01266440244144329	0.0009139887769893384	0.0010146488975357748
0.0056737789349201595	0.0007728374380102654	0.0030300137941556837	0.0014170210193031885	0.0022602063324945743	0.011291395651178648	0.0021621767681390125	-0.00010872029449893184
0.008731839513237416	0.0015217502326998478	0.0043406111848629525	0.0022283432135503656	0.003508394323643582	0.01091693925383419	0.0035975929579614707	0.0007026018997482453
0.007608470321202709	0.0011472938353547235	0.004403020584420547	0.0019787056153204308	0.002759481528954	0.011041758052948492	0.003098317761501379	-0.00023353909361434333
0.009543161707484593	0.001958616029602789	0.00533916157778247	0.0031020748073551374	0.003945260120546523	0.0136005434348061	0.004346505752651497	0.0008898300984205854
0.009293524109255102	0.0016465690318150372	0.005089523979552979	0.0024155714122231497	0.003383575524528837	0.01466150322728299	0.0037848211566333667	7.850790417340825e-05
0.007546060921644671	0.0014593408331426971	0.004215792385747763	0.0022907526131079603	0.0030091191271841566	0.016159328816663043	0.0028486801632714442	0.00076501129930584
0.005236913138017885	0.001272112634470357	0.003217241992828246	0.0015418398184179338	0.0021977969329369795	0.01746992620737009	0.0017253109712365156	-0.00010872029449893184
0.0058610071335925	0.0012097032349127623	0.0030924231937132785	0.0015418398184179338	0.002509843930724065	0.01890534239719255	0.0017877203707938882	0.0005777831006332779
0.0011178927672232941	0.0005856092393379253	0.001469778805218258	0.00029365182726803774	0.0008871995422297108	0.018530885999847424	-0.0002717898146029629	-0.00010872029449893184
0.001180302166781333	0.0005231998397803306	0.0011577318074309506	-1.8395170519269755e-05	0.0010120183413444561	0.01878052359807736	-0.00039660861371815237	0.0007026018997482453
0.0006810269703214633	0.0003359716411075464	0.0013449600061028466	-0.0004552609674213226	0.0005751525444424033	0.01828124840161771	-0.0007086556115050158	-0.00023353909361434333
0.0012427115663389277	0.00064801863889552	0.0015321882047758528	0.00016883302815351442	0.0010120183413444561	0.018156429602502078	-0.00014697101548732938	0.0007026018997482453
0.000306570572976117	0.0003359716411075464	0.0008456848096434211	-0.0004552609674213226	0.0005127431448841424	0.01609691941710545	-0.0006462462119478651	-0.00023353909361434333
0.0011178927672232941	0.00039838104066514113	0.0008456848096434211	-8.080457007686448e-05	0.0011368371404592015	0.01478632202639818	-0.00033419921416011356	0.0005777831006332779
0.00018175177386137165	0.00027356224155039577	0.000658456610970859	4.401422903832497e-05	0.0005751525444424033	0.014099818631266192	-0.0006462462119478651	-0.0001711296940567486
0.0005562081712064959	0.00014874344243542836	-2.8046784161350757e-05	-1.8395170519269755e-05	0.0009496089417868614	0.013475724635690467	-0.0005214274128328977	0.0003905549019609378
-0.0001927046234841967	-0.00035053175402444126	-0.00015286558327631816	-0.00039285156786417197	0.0003879243457696191	0.013288496437018127	-0.0009582932097353947	-0.0006704048905161741
-6.788582436856316e-05	8.633404287783364e-05	-2.8046784161350757e-05	4.401422903832497e-05	0.0006375619439993319	0.01459909382772584	-0.0006462462119478651	0.0003905549019609378
-0.0010040268177309297	-0.0002257129549092518	-0.00034009378194865825	-0.0007673079652088521	0.0001382867475392402	0.01516077842374286	-0.0011455214084072907	-0.00048317669184427814
-0.0006295704203858055	-0.00028812235446684653	-0.0002776843823910635	-0.0005176703669793614	0.00026310554665442965	0.016284147615778233	-0.0010831120088505841	0.0002033267032881536
-0.000941617418173335	2.392464332001687e-05	0.00022159081406858405	-0.0006424891660941068	0.0001382867475392402	0.01703306041046737	-0.0010831120088505841	-0.0003583578927290887
-0.000317523422598498	2.392464332001687e-05	3.436261539624397e-05	-0.0007673079652088521	0.0003255149462115803	0.01609691941710545	-0.0009582932097353947	0.00032814550240334306
-0.0003799328221560927	0.00014874344243542836	0.0005336378118561136	-0.0005800797665369561	7.587734798253365e-05	0.01459909382772584	-0.0010207026092929894	-0.0001711296940567486
-6.788582436856316e-05	2.392464332001687e-05	0.0003464096131837735	-0.00039285156786417197	0.00026310554665442965	0.012414764843213355	-0.0008958838101777999	0.00026573610284574833
-0.0005671610208282107	-0.00010089415579450645	3.436261539624397e-05	-0.0005800797665369561	-4.89414511326558e-05	0.009606341863126477	-0.0010831120088505841	-0.0004207672922866834
0.0009930739681085488	0.00039838104066514113	0.0005960472114132642	0.00035606122682563246	0.0009496089417868614	0.008170925673304241	-0.0002717898146029629	0.0005777831006332779
-0.002626671206225506	-0.0005377599526967813	-0.0010890065766386847	-0.0007673079652088521	-0.00048580724803515274	0.0062362342870221354	-0.0020192530022125066	-0.00048317669184427814
-0.007432194972152306	-0.001473900946059592	-0.004209476554513092	-0.002265133554588905	-0.0017964046387424215	0.004800818097199677	-0.004453219584954482	0.00014091730373100297
-0.008867611161974542	-0.0017235385442893048	-0.004771161150530334	-0.0026395899519335853	-0.0026077268329898207	0.00629864368657973	-0.005326951178759476	-0.0006704048905161741
-0.008305926565957078	-0.0010994445487144677	-0.004646342351415367	-0.002265133554588905	-0.0020460422369728004	0.009543932463569327	-0.004890085381856979	0.0003905549019609378
-0.00917965815976185	-0.0015987197451745594	-0.004958389349202674	-0.0032636839475088664	-0.0026701362325474154	0.011166576852063237	-0.005763816975662195	-0.0004207672922866834
-0.007931470168612176	-0.0011618539482720625	-0.004334295353628281	-0.0025771805523764346	-0.002108451636529951	0.013974999832150559	-0.0052021323796445085	0.0004529643015185325
-0.006995329175249809	-0.001224263347829213	-0.0037102013580534443	-0.0027644087510487747	-0.002108451636529951	0.014723912626840585	-0.004765266582742234	-0.0003583578927290887
-0.0044365437933930885	-0.0004753505531396307	-0.002524422766461143	-0.0018906771572440029	-0.0008602636453807211	0.01497355022507052	-0.0035170785915921154	0.00076501129930584
-0.003437993400472905	-0.0009122163500416836	-0.0019627381704434566	-0.0017658583581288134	-0.0011723106431680286	0.013725362233920624	-0.00320503159380503	-0.00048317669184427814
-0.0011288456168458971	-0.0004753505531396307	-0.0011514159761962794	-0.001016945563439231	-0.00011135085069025052	0.012414764843213355	-0.0018944342030977612	0.00026573610284574833
-0.0005047516212715042	-0.00028812235446684653	-0.0007145501792937825	-0.0007673079652088521	7.587734798253365e-05	0.010792120454719	-0.0015823872053106758	-0.00048317669184427814
0.00011934237430377692	8.633404287783364e-05	-0.00034009378194865825	4.401422903832497e-05	0.0005751525444424033	0.011104167452506086	-0.0008958838101777999	0.0004529643015185325
-0.0001927046234841967	0.00027356224155039577	-0.00034009378194865825	-8.080457007686448e-05	0.00045033374532676973	0.011478623849850988	-0.0008334744106202052	-0.0001711296940567486
0.0024908995574881576	8.633404287783364e-05	0.00047122841229807477	0.00016883302815351442	0.001261655939574391	0.013226087037460532	4.0257183184566614e-05	0.00032814550240334306
0.005548960135805414	0.0008352468375676381	0.002967604394598089	0.001479430418860339	0.0021977969329369795	0.01703306041046737	0.0017877203707938882	-0.00023353909361434333
0.007546060921644671	0.001272112634470357	0.003966154787517828	0.001916296215763058	0.0030715285267417514	0.01909257059586489	0.0027862707637138495	0.0005153737010756831
0.0073588327229721084	0.0013345220340275077	0.004527839383535737	0.0019787056153204308	0.002946709727626562	0.019591845792324536	0.0025990425650415094	-4.631089494133711e-05
0.009106295910582096	0.0015217502326998478	0.005401570977340064	0.0024779808117798563	0.003383575524528837	0.020028711589227033	0.003347955359731314	0.0005153737010756831
0.008419792515449886	0.0012097032349127623	0.005526389776455032	0.001729068017090718	0.0028843003280691892	0.018343657801174862	0.002911089562828595	-0.0004207672922866834
0.006797148126955088	0.001272112634470357	0.0048398863813226	0.0017914774166478686	0.0025722533302816597	0.01609691941710545	0.0023494049668117967	0.0005777831006332779
0.004987275539787728	0.0008976562371252328	0.004028564187075423	0.001292202220187999	0.0019481593347068227	0.013538134035248062	0.001600492172121326	-0.0001711296940567486
0.005548960135805414	0.001272112634470357	0.0039037453879604556	0.0015418398184179338	0.002322615732051281	0.011915489646753707	0.001850129770351705	0.0007026018997482453
0.0013051209658958562	0.00027356224155039577	0.0016570070038910423	0.0001064236285959197	0.0006999713435569266	0.009419113664454137	-0.0002717898146029629	-0.0004207672922866834
0.0010554833676661435	0.00021115284199280104	0.0012201412069885453	0.0004184706263832272	0.0007623807431145213	0.009855979461356634	-0.00014697101548732938	0.00026573610284574833
0.0005562081712064959	0.00021115284199280104	0.0008456848096434211	0.0001064236285959197	0.0006999713435569266	0.01035525465781606	-0.00033419921416011356	-0.00029594849317193805
0.000930664568550954	0.00027356224155039577	0.0007832754100860484	0.0004184706263832272	0.0011368371404592015	0.011603442648966178	-0.00020938041504581228	0.0003905549019609378
-0.00025511402304090325	0.00014874344243542836	0.0005336378118561136	0.0001064236285959197	0.0003879243457696191	0.012976449439231041	-0.0007710650110626105	-0.0001711296940567486
0.0006810269703214633	0.00039838104066514113	0.000658456610970859	0.00023124242771066505	0.001074427740902495	0.014037409231708153	-0.00039660861371815237	0.0005777831006332779
-0.00025511402304090325	2.392464332001687e-05	0.0007208660105284537	-0.00020562336919205393	0.0003255149462115803	0.014224637430380493	-0.0009582932097353947	-0.0003583578927290887
0.0004937987716486791	0.00046079044022273585	0.0010953224078733559	0.0001064236285959197	0.0009496089417868614	0.014723912626840585	-0.000459018013275303	0.0005777831006332779
-6.788582436856316e-05	0.00027356224155039577	0.0010953224078733559	-0.00039285156786417197	0.0005127431448841424	0.013850181033035813	-0.0008334744106202052	-0.00010872029449893184
0.0004937987716486791	0.00046079044022273585	0.001469778805218258	0.00016883302815351442	0.0008871995422297108	0.0136005434348061	-0.00039660861371815237	0.0007026018997482453
-0.0010040268177309297	-0.00028812235446684653	0.0005336378118561136	-0.0007673079652088521	-4.89414511326558e-05	0.011728261448081367	-0.0012703402075229242	-0.00048317669184427814
5.69329747461822e-05	2.392464332001687e-05	0.0005336378118561136	-0.0005800797665369561	0.0006375619439993319	0.010417664057373655	-0.0009582932097353947	0.00032814550240334306
-0.0008167986190585896	-0.00035053175402444126	0.0004088190127413682	-0.0007048985656517015	-4.89414511326558e-05	0.009606341863126477	-0.0012079308079648854	-0.0005455860914009847
-0.000317523422598498	8.633404287783364e-05	0.0004088190127413682	-8.080457007686448e-05	0.0005127431448841424	0.009294294865338948	-0.0007086556115050158	0.0004529643015185325
-0.0004423422217134654	-3.848475623735581e-05	-2.8046784161350757e-05	-0.0003304421683067993	0.0003255149462115803	0.007734059876402188	-0.0010831120088505841	-0.0004207672922866834
0.00043138937209130646	0.0003359716411075464	0.0002840002136261788	0.0005432894254979725	0.0008871995422297108	0.008170925673304241	-0.0005838368123904925	0.0004529643015185325
-0.0006295704203858055	8.633404287783364e-05	9.677201495383869e-05	4.401422903832497e-05	0.0003255149462115803	0.008358153871977025	-0.0010831120088505841	-0.0001711296940567486
0.00018175177386137165	0.00046079044022273585	0.00047122841229807477	0.0004808800259403778	0.0008871995422297108	0.00966875126268385	-0.0007710650110626105	0.0007026018997482453
-0.0036252215991454673	-0.0004753505531396307	-0.0011514159761962794	-0.0009545361638811922	-0.0009850824444950224	0.009606341863126477	-0.0028929845960177225	-0.0004207672922866834
-0.00799387956816977	-0.0007873975509269382	-0.0034605637598226213	-0.0023275429541465	-0.001921223437857611	0.009044657267109013	-0.005014904180971724	0.0007026018997482453
-0.008867611161974542	-0.0012866727473868078	-0.00352297315938066	-0.0030140463492784875	-0.002732545632104788	0.010105617059586125	-0.0058262263752193455	-0.00048317669184427814
-0.008617973563744608	-0.001037035149157317	-0.00352297315938066	-0.002514771152818396	-0.00235808923476033	0.011041758052948492	-0.005638998176546561	0.0004529643015185325
-0.009366886358434634	-0.001473900946059592	-0.004147067154955941	-0.0032636839475088664	-0.002732545632104788	0.00966875126268385	-0.006200682772564692	-0.0003583578927290887
-0.007432194972152306	-0.001224263347829213	-0.003585382558938255	-0.002889227550163964	-0.002108451636529951	0.008982247867551418	-0.005514179377431816	0.00026573610284574833
-0.0069329197756922145	-0.0011618539482720625	-0.0028364697642482284	-0.0022027241550313104	-0.0020460422369728004	0.009294294865338948	-0.004827675982299384	-0.0004207672922866834
-0.0044365437933930885	-0.0006625787518124149	-0.002524422766461143	-0.0013914019607841333	-0.0008602636453807211	0.009044657267109013	-0.0035170785915921154	0.0005153737010756831
-0.0026890806057833228	-0.000412941153582036	-0.0015882817730985543	-0.001016945563439231	-0.000423397848477558	0.009231885465781797	-0.0028305751964596837	-0.00029594849317193805
-0.0014408926146329826	-0.000412941153582036	-0.0011514159761962794	-0.0005800797665369561	-0.00017376025024784525	0.010667301655603811	-0.0018944342030977612	0.0002033267032881536
-0.0011288456168458971	-0.0004753505531396307	-0.0007769595788511552	-0.0007048985656517015	-0.00017376025024784525	0.011853080247196113	-0.0018320248035401665	-0.00048317669184427814
-0.0001302952239257138	2.392464332001687e-05	-0.0002776843823910635	-8.080457007686448e-05	0.0005127431448841424	0.013413315236133316	-0.0012079308079648854	0.0005153737010756831
-0.0007543892195009949	-0.0002257129549092518	-0.00015286558327631816	-0.0007048985656517015	-4.89414511326558e-05	0.013413315236133316	-0.0015823872053106758	-0.00048317669184427814
0.0031774029526205894	0.00064801863889552	0.002093872800793317	0.00035606122682563246	0.0013864747386893583	0.014099818631266192	0.00041471358052946883	0.0005153737010756831
0.005985825932707911	0.0007728374380102654	0.004028564187075423	0.0010425646219578422	0.0019481593347068227	0.013787771633478219	0.001850129770351705	-0.0004207672922866834
0.007546060921644671	0.001272112634470357	0.0048398863813226	0.0018538868162052413	0.0026346627298392544	0.012227536644541015	0.0028486801632714442	0.0003905549019609378
0.007546060921644671	0.0010224750362399782	0.0048398863813226	0.0015418398184179338	0.0023850251316093196	0.008420563271534176	0.002661451964599104	-0.0006079954909590235
0.009231114709697508	0.0010224750362399782	0.005463980376897659	0.002165933813992771	0.002946709727626562	0.006610690684367038	0.003535183558404098	0.00026573610284574833
0.008544611314564632	0.0014593408331426971	0.005588799176012849	0.0026027996108950457	0.0028218909285113725	0.005986596688792201	0.00372241175707666	-0.0003583578927290887
0.0067347387273977155	0.0012097032349127623	0.003778926588845266	0.0020411150148780255	0.002509843930724065	0.004925636896314867	0.002661451964599104	0.0004529643015185325
0.004675228542000198	0.00064801863889552	0.0028427855954828996	0.0015418398184179338	0.0015737029373621425	0.0064234624856944755	0.0014756733730070248	-0.00048317669184427814
0.004113543945982956	0.0007104280384522266	0.0024683291981382194	0.0013546116197455937	0.0016361123369192931	0.009481523064011288	0.0011012169756614565	0.0002033267032881536
0.0005562081712064959	0.00014874344243542836	0.0009705036087586105	-1.8395170519269755e-05	0.0003879243457696191	0.011416214450293838	-0.0009582932097353947	-0.0005455860914009847
0.00036897997253371173	-0.00010089415579450645	0.0009080942092012378	-8.080457007686448e-05	0.00020069614709683492	0.01447427502861065	-0.0013327496070802969	7.850790417340825e-05
5.69329747461822e-05	0.00021115284199280104	0.0015945976043334475	-0.0002680327687487605	0.0003255149462115803	0.016221738216220638	-0.0014575684061950422	-0.00029594849317193805
0.0006810269703214633	0.00014874344243542836	0.0016570070038910423	-0.00039285156786417197	0.0005751525444424033	0.015909691218432886	-0.001519977805753081	0.00032814550240334306
-0.000317523422598498	-0.00028812235446684653	0.0017818258030057876	-0.0005800797665369561	-0.00011135085069025052	0.01491114082551337	-0.0020192530022125066	-0.0006079954909590235
0.0004937987716486791	0.00021115284199280104	0.0019690540016781277	-8.080457007686448e-05	0.0006375619439993319	0.013101268238346231	-0.0013951590066378916	0.0003905549019609378
0.00011934237430377692	8.633404287783364e-05	0.0016570070038910423	-0.0004552609674213226	0.0003255149462115803	0.010043207660028974	-0.0016447966048673823	-0.0003583578927290887
0.0008058457694357646	0.00027356224155039577	0.001906644602120977	0.00023124242771066505	0.0008871995422297108	0.009044657267109013	-0.0009582932097353947	0.00032814550240334306
-0.0005047516212715042	2.392464332001687e-05	0.0010953224078733559	-0.00020562336919205393	0.00026310554665442965	0.007858878675516934	-0.0011455214084072907	-0.0004207672922866834
-6.788582436856316e-05	-0.0002257129549092518	0.0002840002136261788	-0.00039285156786417197	0.0003879243457696191	0.007359603479056842	-0.0010831120088505841	7.850790417340825e-05
-0.0006919798199438443	-0.00016330355535254526	0.0003464096131837735	-0.0002680327687487605	0.00020069614709683492	0.008420563271534176	-0.0010831120088505841	-0.00048317669184427814
-0.0006919798199438443	-0.00010089415579450645	-9.045618371872344e-05	-0.0003304421683067993	0.0003879243457696191	0.009481523064011288	-0.0011455214084072907	0.00014091730373100297
-0.0012536644159610866	-0.00035053175402444126	-9.045618371872344e-05	-0.0004552609674213226	-4.89414511326558e-05	0.010667301655603811	-0.0015823872053106758	-0.0006704048905161741
-0.0004423422217134654	-0.00010089415579450645	0.0004088190127413682	4.401422903832497e-05	0.00045033374532676973	0.012040308445868453	-0.0012079308079648854	0.00014091730373100297
-0.0010664362172885244	-0.00035053175402444126	0.0005960472114132642	-0.0008921267643240416	-4.89414511326558e-05	0.011104167452506086	-0.0017696154039825718	-0.0006704048905161741
-0.000317523422598498	-0.00035053175402444126	0.0009705036087586105	-0.0007673079652088521	1.3467948424938925e-05	0.01035525465781606	-0.0015823872053106758	-4.631089494133711e-05
-0.0008792080186161844	-0.000412941153582036	0.0010953224078733559	-0.0008297173647664469	-0.0005482166475927475	0.009169476066224203	-0.0018320248035401665	-0.0007328142900737689
-0.0006295704203858055	-0.00028812235446684653	0.0007832754100860484	-0.0006424891660941068	-0.00017376025024784525	0.007109965880826907	-0.001707206004424977	7.850790417340825e-05
-0.004374134393835494	-0.0009122163500416836	-0.0009641877775239394	-0.0017034489585716628	-0.0013595388418403687	0.0039894959029525	-0.0034546691920345207	-0.0007328142900737689
-0.008368335965514673	-0.0011618539482720625	-0.0032109261615933526	-0.0021403147554741597	-0.002295679835202291	0.002741307911803048	-0.005139722980086914	0.00032814550240334306
-0.008867611161974542	-0.001473900946059592	-0.0040846577553983465	-0.0028268181506063694	-0.0026701362325474154	0.002741307911803048	-0.005638998176546561	-0.0006079954909590235
-0.00818110776684211	-0.0009122163500416836	-0.004022248355840752	-0.0019530865568013756	-0.001921223437857611	0.004613589898526893	-0.0052021323796445085	0.0006401925001908726
-0.00930447695887704	-0.001473900946059592	-0.004459114152742583	-0.002514771152818396	-0.0026077268329898207	0.005487321492332553	-0.0058262263752193455	-0.0004207672922866834
-0.007120147974364999	-0.0007249881513693435	-0.0037102013580534443	-0.0020154959563589703	-0.001484357640955114	0.007109965880826907	-0.004952494781414574	0.00076501129930584
-0.006620872777904907	-0.0008498069504845329	-0.0030236979629205685	-0.0018906771572440029	-0.0017964046387424215	0.00860779147020696	-0.004827675982299384	-0.0001711296940567486
-0.004186906195162932	-0.00035053175402444126	-0.0019003287708858618	-0.001016945563439231	-0.0007978542458231264	0.00979357006179904	-0.003829125589379423	0.0006401925001908726
-0.0025018524071105386	-0.00028812235446684653	-0.0007769595788511552	-0.0010793549629963817	-0.00048580724803515274	0.009606341863126477	-0.0031426221942474353	-0.00010872029449893184
-0.0006295704203858055	2.392464332001687e-05	0.0004088190127413682	-0.0003304421683067993	1.3467948424938925e-05	0.009855979461356634	-0.0020816624017701013	0.0005153737010756831
-0.0010040268177309297	-0.00016330355535254526	0.00047122841229807477	-0.0007048985656517015	-0.0003609884489206294	0.00873261026932215	-0.0020192530022125066	-0.00029594849317193805
0.00018175177386137165	8.633404287783364e-05	0.0005960472114132642	-0.0005800797665369561	0.0003255149462115803	0.0068603282825969725	-0.0012703402075229242	0.0005153737010756831
0.00018175177386137165	2.392464332001687e-05	0.0009705036087586105	-0.0003304421683067993	7.587734798253365e-05	0.0057993684901196385	-0.0010207026092929894	-0.00023353909361434333
0.0039887251468677665	0.0008976562371252328	0.002593147997253409	0.0013546116197455937	0.0017609311360344826	0.0064234624856944755	0.0011636263752194953	0.00076501129930584
0.006797148126955088	0.0011472938353547235	0.004028564187075423	0.0020411150148780255	0.002759481528954	0.006485871885251848	0.0025366331654841368	-4.631089494133711e-05
0.007608470321202709	0.0015217502326998478	0.004403020584420547	0.0028524372091252026	0.003133937926299346	0.007921288075074084	0.003098317761501379	0.00076501129930584
0.007296423323414958	0.0012097032349127623	0.004590248783092887	0.0022283432135503656	0.002697072129396405	0.008670200869764555	0.0025990425650415094	-0.00029594849317193805
0.009667980506599783	0.001896206630045194	0.005963255573357307	0.0030396654077975427	0.003758031921874183	0.011291395651178648	0.0035975929579614707	0.0008274206988634347
0.00817015491721973	0.0015841596322574425	0.005900846173800156	0.0026652090104526405	0.0028843003280691892	0.012976449439231041	0.0025990425650415094	-4.631089494133711e-05
0.005798597734034905	0.0012097032349127623	0.004590248783092887	0.001729068017090718	0.002322615732051281	0.013038858838788636	0.0011636263752194953	0.0004529643015185325
0.004612819142443048	0.0005231998397803306	0.004527839383535737	0.0011673834210728096	0.0016361123369192931	0.013288496437018127	0.00041471358052946883	-0.0003583578927290887
0.00392631574731106	0.0008976562371252328	0.004278201785305358	0.0009801552224002474	0.0016361123369192931	0.013163677637902937	0.0002274853818569067	0.0005153737010756831
0.0009930739681085488	0.00064801863889552	0.003217241992828246	0.0001064236285959197	0.0007623807431145213	0.011291395651178648	-0.0008334744106202052	1.6098504615813525e-05
0.001180302166781333	0.0003359716411075464	0.002717966796368154	0.00016883302815351442	0.0008871995422297108	0.009356704264896543	-0.0007710650110626105	0.00032814550240334306
0.00043138937209130646	0.00014874344243542836	0.002593147997253409	0.0001064236285959197	0.0005751525444424033	0.007609241077286999	-0.0007710650110626105	-0.0003583578927290887
0.0008682551689933593	0.00027356224155039577	0.0020314634012357224	0.00023124242771066505	0.001074427740902495	0.0060490060883502395	-0.000459018013275303	0.0004529643015185325
0.00043138937209130646	0.0003359716411075464	0.001906644602120977	0.00035606122682563246	0.0009496089417868614	0.006111415487906946	-0.00039660861371815237	-0.0001711296940567486
0.00036897997253371173	0.00046079044022273585	0.001469778805218258	0.000668108224613162	0.0010120183413444561	0.007047556481269757	-0.00020938041504581228	0.0007026018997482453
5.69329747461822e-05	0.00027356224155039577	0.0011577318074309506	0.0001064236285959197	0.000824790142672116	0.007671650476844594	-0.0005838368123904925	-0.00010872029449893184
0.000306570572976117	0.00021115284199280104	0.0010953224078733559	0.00029365182726803774	0.000824790142672116	0.009543932463569327	-0.0007710650110626105	0.0004529643015185325
-0.0003799328221560927	0.0005856092393379253	0.0015945976043334475	0.0004808800259403778	0.0006999713435569266	0.011041758052948492	-0.0007086556115050158	-4.631089494133711e-05
0.00011934237430377692	0.0003359716411075464	0.0012201412069885453	-1.8395170519269755e-05	0.0007623807431145213	0.01035525465781606	-0.0008334744106202052	0.0005777831006332779
-0.0008792080186161844	0.00014874344243542836	0.0013449600061028466	-0.0004552609674213226	7.587734798253365e-05	0.008982247867551418	-0.0012703402075229242	-0.00023353909361434333
-0.0006295704203858055	8.633404287783364e-05	0.00128255060654614	-0.0002680327687487605	7.587734798253365e-05	0.0074844222781718095	-0.0009582932097353947	0.0003905549019609378
-0.0010040268177309297	2.392464332001687e-05	0.0010953224078733559	-0.0005176703669793614	1.3467948424938925e-05	0.004863227496757272	-0.0010207026092929894	-0.00023353909361434333
0.00018175177386137165	0.00027356224155039577	0.0013449600061028466	0.00016883302815351442	0.0005127431448841424	0.002928536110474944	-0.000459018013275303	0.0004529643015185325
-0.0001927046234841967	0.00039838104066514113	0.00128255060654614	0.00035606122682563246	0.0005127431448841424	0.0018675763179980542	-0.000459018013275303	-4.631089494133711e-05
0.00036897997253371173	0.00039838104066514113	0.0009080942092012378	0.0005432894254979725	0.000824790142672116	0.00149311992065293	-0.0005838368123904925	0.0006401925001908726
-0.0001927046234841967	0.00039838104066514113	0.0007832754100860484	0.0005432894254979725	0.0003255149462115803	0.002990945510032539	-0.0008334744106202052	-0.00010872029449893184
-0.0008792080186161844	0.00014874344243542836	3.436261539624397e-05	0.00016883302815351442	0.0001382867475392402	0.004675999298084932	-0.001519977805753081	0.0004529643015185325
-0.005123047188525076	-0.00035053175402444126	-0.0017755099717711165	-0.0010793549629963817	-0.0012347200427251792	0.005112865094987429	-0.0038915349889370177	-0.00010872029449893184
-0.00799387956816977	-0.0007249881513693435	-0.003148516762035758	-0.0017034489585716628	-0.0019836328374152057	0.0057993684901196385	-0.005638998176546561	0.0007026018997482453
-0.008430745365072267	-0.0009746257495997224	-0.0027740603646906337	-0.002452361753260801	-0.0026077268329898207	0.0057993684901196385	-0.005888635774776496	-4.631089494133711e-05
-0.008118698367284516	-0.001037035149157317	-0.0030236979629205685	-0.0023275429541465	-0.0019836328374152057	0.005674549691004449	-0.006138273373006653	0.0006401925001908726
-0.00930447695887704	-0.001224263347829213	-0.002524422766461143	-0.0023275429541465	-0.0026701362325474154	0.005487321492332553	-0.006575139169908928	-0.00023353909361434333
-0.006683282177462502	-0.0011618539482720625	-0.002087556969558646	-0.0021403147554741597	-0.0020460422369728004	0.0037398583047225653	-0.005576588776989411	0.00032814550240334306
-0.005622322384984946	-0.001037035149157317	-0.0013386441748686195	-0.0021403147554741597	-0.0016091764400698594	0.0028037173113601987	-0.004765266582742234	-0.00029594849317193805
-0.0036252215991454673	-0.00016330355535254526	-0.0002152749828339129	-0.0005800797665369561	-0.0006106260471503422	0.004613589898526893	-0.0030802127946902846	0.0008274206988634347
-0.0018777584115357016	-0.00010089415579450645	0.00022159081406858405	-0.0005800797665369561	-0.00023616964980521793	0.004738408697642527	-0.0022064812008850687	0.00014091730373100297
0.00043138937209130646	0.00046079044022273585	0.000658456610970859	0.00016883302815351442	0.000824790142672116	0.005487321492332553	-0.0010831120088505841	0.0009522394979781801
-0.0008167986190585896	-0.00016330355535254526	0.00022159081406858405	-0.0002680327687487605	1.3467948424938925e-05	0.006735509483482227	-0.0015823872053106758	-0.00029594849317193805
-5.476424811412528e-06	0.00014874344243542836	0.0002840002136261788	0.0001064236285959197	0.0006999713435569266	0.007921288075074084	-0.0012079308079648854	0.0004529643015185325
0.00018175177386137165	-0.00010089415579450645	0.000658456610970859	-1.8395170519269755e-05	0.0003879243457696191	0.008358153871977025	-0.0012703402075229242	-0.00029594849317193805
0.0041759533455401066	0.0007104280384522266	0.0029051949950404943	0.0012297928206306263	0.0018233405355916332	0.010667301655603811	0.0006643511787594036	0.0004529643015185325
0.006797148126955088	0.0012097032349127623	0.005276752178225319	0.0017914774166478686	0.0025722533302816597	0.010854529854276151	0.0021621767681390125	-0.0001711296940567486
0.00767087972075986	0.0016465690318150372	0.005963255573357307	0.0022283432135503656	0.0030091191271841566	0.010230435858701759	0.002723861364156699	0.0007026018997482453
0.007546060921644671	0.0013969314335846583	0.006400121370260248	0.0022283432135503656	0.002697072129396405	0.009231885465781797	0.002723861364156699	-0.00010872029449893184
0.009543161707484593	0.0018337972304875994	0.007211443564507425	0.0028524372091252026	0.003570803723201177	0.008233335072862058	0.00372241175707666	0.0007026018997482453
