Sensor_1	Sensor_2	Sensor_3	Sensor_4	Sensor_5	Sensor_6	Sensor_7	Sensor_8
0.00039845593194476336	0.00045047416647592264	0.0009488693904018408	0.000538125047684801	0.00044666719310360037	0.0005081778973072826	0.0007831412298777707	0.0006719932097356551
-0.0009745508583203222	-4.8801029984391064e-05	0.0006368223926145333	-0.0006476535439077225	-0.0007391113984891451	-5.35066987108479e-05	0.00015904723430248957	-0.00045137598229971765
-0.0004752756618602305	7.601776913102043e-05	0.0008864599908442461	-0.0003980159456771215	-0.0005518831998163609	7.13121004041195e-05	0.00047109423209024115	0.0004223556115054983
-0.0012865978561076297	-0.00011121042954176374	0.0005744129930569386	-0.0007724723430224678	-0.0010511583962762305	-0.00024073489738318798	3.422843518774421e-05	-0.00045137598229971765
2.3999534599639105e-05	1.3608369573425705e-05	0.0003871847943845985	-0.00033560654612041496	-0.00030224560158664815	7.13121004041195e-05	0.0003462754329750517	0.00035994621194790355
-0.0004128662623026358	-0.0002360292286569532	-4.9681002517676376e-05	-0.00027319714656282024	-0.00036465500114402083	-0.00017832549782559326	-0.0002154091630417465	-0.000576194781414463
0.0007105029297316268	0.0001384271686883931	-0.00017449980163286583	0.000725353246357141	0.0006963047913333131	0.0002585402990769037	0.00022145663385986225	0.0004223556115054983
0.0005856841306173255	0.0001384271686883931	-0.0004865467994201733	0.0004757156481276503	0.0007587141908909079	0.0002585402990769037	-0.0002154091630417465	-0.0002017383840691167
0.0013970063248645026	0.00026324596780313847	-0.0002369092011902385	0.0012870378423748274	0.0013203987869081502	0.0005705872968639891	0.00022145663385986225	0.0006095838101780604
-0.0022227388494699962	-0.0002360292286569532	-0.0014226877927825399	3.884985122515339e-05	-5.260800335626925e-05	-0.0004903724956126787	-0.0010267313572898118	-0.00026414778362671143
-0.007777175410086379	-0.0008601232242313461	-0.00391906377508211	-0.001583794537269645	-0.0016752523918515116	-0.002362654482337634	-0.0032110603418018524	0.000484765011063093
-0.009462229198138772	-0.0012345796215764704	-0.0038566543755249594	-0.0021454791332873313	-0.002673802784771029	-0.0028619296787975035	-0.0037727449378190947	-0.0003889665827421229
-0.009711866796368707	-0.0009849420233460915	-0.00391906377508211	-0.0022702979324025208	-0.002861030983443591	-0.0027995202792399088	-0.0033982885404741925	0.000484765011063093
-0.010585598390173478	-0.0011721702220188757	-0.0038566543755249594	-0.0030816201266492538	-0.0034227155794608333	-0.003173976676584811	-0.003959973136491435	-0.00026414778362671143
-0.009025363401236275	-0.0007977138246737514	-0.0034197885786222404	-0.0022702979324025208	-0.0029234403830011857	-0.0028619296787975035	-0.003335879140917042	0.0007344026092928058
-0.008026813008316314	-0.0010473514229041303	-0.003107741580834489	-0.0022702979324025208	-0.0027362121843286236	-0.0026747014801247193	-0.0032110603418018524	-0.0003889665827421229
-0.005405618226901998	-0.0005480762264440386	-0.002608466384374619	-0.0013965663385973048	-0.0014880241931791716	-0.0019881980849927317	-0.002399738147554231	0.0005471744106204657
-0.0034709268406198923	-0.0004856668268864439	-0.0021091911879149716	-0.0008348817425800625	-0.0008015207980467398	-0.0016137416876480515	-0.0020876911497669237	-0.0002017383840691167
-0.0007249132600899433	-0.00011121042954176374	-0.0014850971923401346	0.00028848744945486615	0.00044666719310360037	-0.0005527818951702734	-0.0009019125581746223	0.0006719932097356551
-0.00016322866407314507	1.3608369573425705e-05	-0.0011106407949954544	0.0004133062485696115	0.0005714859922181237	-0.00036555369649793334	-0.0009019125581746223	-7.691958495437135e-05
0.0007729123292892215	1.3608369573425705e-05	-0.0007985937972077028	0.0009125814450294811	0.0010083517891203986	-5.35066987108479e-05	-0.0002778185626002294	0.0005471744106204657
0.00014881833371438447	0.0001384271686883931	-0.0004865467994201733	0.0004757156481276503	0.0005714859922181237	0.00013372149996193627	-0.0002778185626002294	-7.691958495437135e-05
0.0028948319142441115	0.00020083656824598783	0.0006368223926145333	0.000538125047684801	0.0007587141908909079	0.0008202248950939239	0.0009703694285501108	0.000484765011063093
0.006140120691233264	0.0007625211642632301	0.003195607774471476	0.0012246284428172327	0.001133170588235588	0.002318050484473977	0.0027178326161594324	-0.0002017383840691167
0.007575536881055722	0.0011993869611659491	0.003944520569161725	0.0012870378423748274	0.0015076269855804902	0.0030669632791640034	0.0037163830090789496	0.0006719932097356551
0.007825174479285657	0.0011369775616083544	0.00456861456473634	0.0012246284428172327	0.0012579893873505554	0.0031917820782787487	0.0037787924086369884	-1.451018539677662e-05
0.010446369260699973	0.0018234809567407861	0.0054423461585413335	0.0024728164339666847	0.0026934055771725696	0.0040655136720835205	0.00496457100022929	0.0007968120088504005
0.00951022826733805	0.0012617963607230998	0.00456861456473634	0.0018487224383920697	0.0022565397802705167	0.003566238475623651	0.004028430006866923	-0.00026414778362671143
0.007887583878842808	0.0010745681620503156	0.003445245372701855	0.0020983600366220045	0.002443767978942857	0.0027549162813760297	0.003217107812619302	0.0006095838101780604
0.005952892492561368	0.0006377023651478186	0.0023218761806667043	0.001786313038834697	0.002006902182040582	0.002068412886244042	0.0020937386205845954	-0.0003889665827421229
0.006576986488135983	0.0008249305638208249	0.002134647981994142	0.0021607694361795993	0.002630996177615197	0.002318050484473977	0.0022809668192573795	0.000484765011063093
0.001958690920881745	0.00020083656824598783	0.0005744129930569386	0.0010374002441444485	0.0011955799877929607	0.0008826342946515187	0.00047109423209024115	-0.0003889665827421229
0.0020211003204388955	0.0003880647669183279	0.0006368223926145333	0.0012246284428172327	0.0011955799877929607	0.0010074530937669302	0.0007207318303197319	0.000484765011063093
0.000648093530174032	7.601776913102043e-05	0.0006368223926145333	0.00022607804989727143	0.00019702959487277738	0.0007578154955363292	0.00028386603341790106	-0.0003889665827421229
0.0008353217288468162	0.0003256553673607332	0.0011985069886313315	0.00022607804989727143	7.221079575803202e-05	0.0009450436942093354	0.0007207318303197319	0.0005471744106204657
-0.0004752756618602305	0.0001384271686883931	0.0013857351873043378	-0.00027319714656282024	-0.0006767019989315504	0.0008826342946515187	0.00047109423209024115	-0.0003265571831845282
0.0002736371328295739	0.0006377023651478186	0.0018226009842066127	-8.596894789003606e-05	-0.00011501740291386398	0.0013195000915540156	0.0010327788281070394	0.0008592214084079952
-0.0004128662623026358	0.0003880647669183279	0.0016977821850914232	-0.0001483783474476308	-0.0005518831998163609	0.0010074530937669302	0.0005959130312049865	-1.451018539677662e-05
2.3999534599639105e-05	7.601776913102043e-05	0.0009488693904018408	-0.0001483783474476308	-0.00030224560158664815	0.0006954060959791786	0.0004086848325326464	0.0005471744106204657
8.640893415723383e-05	0.0003256553673607332	0.0008240505912870955	3.884985122515339e-05	0.00013462019531562675	0.0008202248950939239	9.663783474489485e-05	-0.00013932898451196607
0.0005856841306173255	7.601776913102043e-05	0.00019995659571225843	0.0004757156481276503	0.000509076592660529	0.0005081778973072826	9.663783474489485e-05	0.0005471744106204657
8.640893415723383e-05	7.601776913102043e-05	-0.0001120904020752711	0.0006005344472423957	0.00044666719310360037	0.00038335909819209313	-0.0002778185626002294	-0.0003889665827421229
0.00039845593194476336	-4.8801029984391064e-05	-0.0006113655985353628	0.000538125047684801	0.0006963047913333131	0.0003209496986344984	-0.00034022796215738005	0.00035994621194790355
0.0003360465323869466	7.601776913102043e-05	-0.0002369092011902385	0.0006005344472423957	0.0006338953917757184	0.0006329966964215838	-0.0002154091630417465	-0.0002017383840691167
0.0012097781261917184	0.00045047416647592264	1.272839703947426e-05	0.0009125814450294811	0.0010707611886779933	0.0011946812924392702	0.00047109423209024115	0.0007344026092928058
-0.00010081926451555034	-0.00017361982909891438	-0.00029931860074783323	-0.0001483783474476308	0.00013462019531562675	0.0007578154955363292	-0.0002154091630417465	-0.00026414778362671143
0.0003360465323869466	0.0001384271686883931	0.0001375471961546637	0.0001636686503396767	0.0002594389944308162	0.0011322718928816755	0.00028386603341790106	0.0005471744106204657
0.00014881833371438447	0.00020083656824598783	0.0005120035934993439	-0.0001483783474476308	-5.260800335626925e-05	0.001444318890669205	0.0004086848325326464	-0.0002017383840691167
0.0002736371328295739	0.0003256553673607332	0.0005120035934993439	-0.00027319714656282024	9.801396200437296e-06	0.001444318890669205	0.0004086848325326464	0.0007344026092928058
-0.0034085174410618535	0.0001384271686883931	-0.00036172800030542795	-0.0005852441443496836	-0.0008015207980467398	0.0005705872968639891	-0.0007770937590594329	0.00011030861371796874
-0.00877572580300634	-0.000672895025558784	-0.0033573791790648677	-0.001958250934614769	-0.002049708789196414	-0.0014265134889754894	-0.0031486509422447018	0.0007344026092928058
-0.00896295400167868	-0.0009849420233460915	-0.00373183557640977	-0.0022702979324025208	-0.0022993463874263487	-0.001925788685435137	-0.00389756373693384	-7.691958495437135e-05
-0.008401269405661438	-0.00036084802777125446	-0.003669426176852175	-0.0010845193408095533	-0.0013632053940639821	-0.0015513322880904568	-0.003460697940031787	0.0009840402075231847
-0.009774276195925857	-0.0014218078202488105	-0.005104842366674189	-0.0021454791332873313	-0.0023617557869834993	-0.002549882681010418	-0.004646476531624311	-0.0003265571831845282
-0.007277900213626731	-0.0008601232242313461	-0.004293520172427456	-0.001146928740367592	-0.0012383865949487927	-0.0016137416876480515	-0.0038351543373769115	0.0005471744106204657
-0.007028262615396352	-0.0010473514229041303	-0.003981473174639705	-0.0013341569390399322	-0.001612842992293917	-0.0015513322880904568	-0.0037727449378190947	-0.0003265571831845282
-0.0050935712291142465	-0.0007353044251168228	-0.0033573791790648677	-0.0010845193408095533	-0.0011135677958338253	-0.0006776006942856849	-0.00283660394445695	0.0005471744106204657
-0.0029716516441600227	-0.00029843862821365974	-0.0017347347905700694	-0.0007100629434653172	-0.0007391113984891451	0.0005081778973072826	-0.001838053551536989	-7.691958495437135e-05
-0.0015986448538947151	-0.00017361982909891438	-0.0010482313954378597	-0.000522834744792533	-0.0005518831998163609	0.0011322718928816755	-0.0010267313572898118	0.0005471744106204657
-0.0015362354543380086	-0.00029843862821365974	-0.0006737749980929575	-0.0010221099412524026	-0.0009263395971619293	0.0013819094911116103	-0.0009643219577322171	-0.0003265571831845282
-0.0008497320592055768	-0.00011121042954176374	-0.00029931860074783323	-0.0005852441443496836	-0.0005518831998163609	0.0015691376897839504	-0.0006522749599449096	0.000484765011063093
-0.0009745508583203222	-0.0002360292286569532	-0.00036172800030542795	-0.0007724723430224678	-0.0008015207980467398	0.0015067282902267998	-0.0006522749599449096	-0.0003265571831845282
0.0037061541084917327	0.0005752929655911121	0.0012609163881893704	0.0006629438467995463	0.000945942389563692	0.0030669632791640034	0.001157597627222673	0.0005471744106204657
0.0068890334859232905	0.0005128835660335174	0.0023218761806667043	0.001162219043259638	0.0013828081864653008	0.0036286478751812457	0.0020313292210270006	-0.0003889665827421229
0.0083868590753029	0.0011369775616083544	0.0026963325780113845	0.0022855882352947887	0.002568586778057602	0.004377560669871272	0.0029050608148322166	0.0006719932097356551
0.009635047066452795	0.0013242057602802504	0.003258017174029071	0.002597635233081874	0.003192680773632439	0.005001654665446109	0.0033419266117344915	4.7899214160374015e-05
0.011944194850080025	0.0017610715571831914	0.004194158167391437	0.0037210044251163588	0.0041912311665524005	0.005875386259251325	0.004402886404211381	0.0009216308079655899
0.010446369260699973	0.0015738433585106293	0.004006929968718653	0.003096910429541966	0.00362954657053538	0.006249842656595561	0.004028430006866923	0.00017271801327556346
0.0075131274814981275	0.0011369775616083544	0.0028835607766841687	0.00203595063706441	0.0027558149767303863	0.005812976859693286	0.0028426514152741778	0.0006719932097356551
0.005516026695658427	0.0008249305638208249	0.0028835607766841687	0.0012246284428172327	0.001570036385138085	0.006125023857480816	0.0022809668192573795	-7.691958495437135e-05
0.00489193270008359	0.0010745681620503156	0.0029459701762417634	0.0010374002441444485	0.0015076269855804902	0.007061164850843182	0.0024681950179297196	0.0007968120088504005
0.0002736371328295739	0.0001384271686883931	0.0014481445868619325	-0.0008348817425800625	-0.00030224560158664815	0.006249842656595561	0.0005335036316473918	-0.00026414778362671143
0.0009601405279615616	0.0006377023651478186	0.001760191584649462	-0.0002107877470052255	0.0002594389944308162	0.006749117853055653	0.001157597627222673	0.0007968120088504005
0.0002736371328295739	0.0003880647669183279	0.0013857351873043378	-0.0004604253452351603	9.801396200437296e-06	0.006499480254825718	0.0006583224307621371	-0.00013932898451196607
0.0010849593270771951	0.0005128835660335174	0.0009488693904018408	3.884985122515339e-05	0.0006338953917757184	0.0057505674601356915	0.0007207318303197319	0.0007344026092928058
0.0007105029297316268	0.00026324596780313847	0.0003247753948265597	0.00022607804989727143	0.0005714859922181237	0.004564788868543612	0.00028386603341790106	-0.00013932898451196607
0.0011473687266341237	0.00026324596780313847	-0.00036172800030542795	0.0006629438467995463	0.0012579893873505554	0.0036910572747388404	0.00028386603341790106	0.0005471744106204657
0.0008353217288468162	-0.00011121042954176374	-0.0007361843976501081	0.0004133062485696115	0.000945942389563692	0.002942144480048814	-0.0002778185626002294	-0.0003889665827421229
0.001958690920881745	0.0006377023651478186	-4.9681002517676376e-05	0.0016614942397195076	0.0020693115815981766	0.004252741870756083	0.0007207318303197319	0.0007968120088504005
0.0005232747310597308	0.0003256553673607332	-0.0004241373998625786	0.0007877626459147358	0.0011955799877929607	0.005064064065003704	0.00015904723430248957	-7.691958495437135e-05
0.0002112277332719792	-0.00011121042954176374	-0.0006113655985353628	-2.3559548332441338e-05	0.00044666719310360037	0.006249842656595561	-9.059036392744524e-05	0.0002975368123907529
-0.0007249132600899433	7.601776913102043e-05	1.272839703947426e-05	-0.0003980159456771215	-0.00011501740291386398	0.008184534042878111	9.663783474489485e-05	-0.00013932898451196607
-0.001036960257877917	7.601776913102043e-05	-0.00017449980163286583	-0.0010221099412524026	-0.0004894738002594323	0.009183084435797628	0.00015904723430248957	0.00035994621194790355
-0.0011617790569926623	-4.8801029984391064e-05	0.0003247753948265597	-0.0013341569390399322	-0.000988748996719524	0.009432722034027563	0.00015904723430248957	-0.0003889665827421229
-0.0004128662623026358	7.601776913102043e-05	0.00026236599526985316	-0.0009597005416948079	-0.0005518831998163609	0.008434171641108046	0.0003462754329750517	0.0004223556115054983
-0.0005376850614178252	1.3608369573425705e-05	-4.9681002517676376e-05	-0.0008972911421372132	-0.00042706440070161555	0.006249842656595561	3.422843518774421e-05	-0.0003265571831845282
0.0010849593270771951	0.0003256553673607332	-0.00017449980163286583	0.00028848744945486615	0.0007587141908909079	0.004439970069427979	0.0003462754329750517	0.0006095838101780604
0.0011473687266341237	0.0003256553673607332	-0.00036172800030542795	0.0008501720454718864	0.001133170588235588	0.003129372678720932	0.00028386603341790106	4.7899214160374015e-05
0.0017714627222091828	0.0006377023651478186	-0.000548956198977768	0.0014118566414895728	0.002006902182040582	0.003379010276951311	0.0005335036316473918	0.0008592214084079952
-0.0037829738384072	-0.000672895025558784	-0.0029829227817197435	-0.00027319714656282024	-5.260800335626925e-05	0.0030669632791640034	-0.001838053551536989	-0.0003889665827421229
-0.007465128412298627	-0.00036084802777125446	-0.004106291973754672	-0.0007100629434653172	-0.00030224560158664815	0.005563339261463129	-0.0023373287479970806	0.0009216308079655899
-0.009150182200350798	-0.0010473514229041303	-0.004605567170214098	-0.002395116731517266	-0.0016752523918515116	0.008309352841992856	-0.0029614227435721396	-7.691958495437135e-05
-0.009150182200350798	-0.0006104856260011893	-0.004168701373312267	-0.002457526131074861	-0.001800071190966701	0.011929098016327133	-0.002212509948881891	0.0007968120088504005
-0.010960054787517937	-0.0011721702220188757	-0.004730385969329287	-0.0037681235217821296	-0.0031106685816735258	0.013239695407034402	-0.00283660394445695	-0.00026414778362671143
-0.00877572580300634	-0.0010473514229041303	-0.004168701373312267	-0.0035808953231091234	-0.0022993463874263487	0.013801380003051644	-0.0017756441519793942	0.000484765011063093
-0.006903443816281829	-0.0008601232242313461	-0.0032325603799496783	-0.0027071637293047957	-0.0019248899900812244	0.012678010811016716	-0.0012763689555193025	-0.0003265571831845282
-0.0050935712291142465	-0.0005480762264440386	-0.0032325603799496783	-0.0018958415350571745	-0.0010511583962762305	0.009370312634470412	-0.0009643219577322171	0.0005471744106204657
-0.0019731012512398394	-0.00011121042954176374	-0.0019219629892426315	-0.0006476535439077225	0.00019702959487277738	0.006624299053940463	-0.00015299976348503996	-1.451018539677662e-05
2.3999534599639105e-05	7.601776913102043e-05	-0.0014850971923401346	0.0004757156481276503	0.0010707611886779933	0.004315151270313677	0.00028386603341790106	0.0007344026092928058
0.0005856841306173255	0.00026324596780313847	-0.0010482313954378597	0.0007877626459147358	0.0012579893873505554	0.003753466674295991	0.00047109423209024115	-1.451018539677662e-05
0.0007729123292892215	7.601776913102043e-05	-0.0012978689936677945	0.000725353246357141	0.0013203987869081502	0.005001654665446109	0.0005335036316473918	0.0007968120088504005
0.0008353217288468162	0.00045047416647592264	-0.00029931860074783323	0.0009125814450294811	0.001133170588235588	0.008621399839779942	0.001157597627222673	0.0002351274128331582
0.004642295101854099	0.0010745681620503156	0.001323325787746743	0.001349447241931978	0.002006902182040582	0.013302104806591553	0.0031546984130621514	0.0009840402075231847
0.006701805287250506	0.0009497493629355702	0.0026963325780113845	0.0009125814450294811	0.0018196739833680198	0.01654739358358115	0.004215658205539485	-1.451018539677662e-05
0.007825174479285657	0.001636252758068002	0.0036948829709311237	0.0015366754406043182	0.002381358579385262	0.018731722568093634	0.005339027397574192	0.00110885900663793
0.00819963087663056	0.0015114339589530346	0.004006929968718653	0.001162219043259638	0.002194130380712478	0.018294856771191137	0.005339027397574192	0.0002351274128331582
0.01088323505760247	0.002073118554970277	0.005192708560310955	0.00222317883573675	0.0033174995727476286	0.01704666878004124	0.006337577790494153	0.00110885900663793
0.008823724872205618	0.0013242057602802504	0.004194158167391437	0.0016614942397195076	0.0025061773785004515	0.013114876607919213	0.0050269803997866624	-7.691958495437135e-05
0.007263489883268415	0.0013866151598382892	0.003195607774471476	0.001786313038834697	0.0027558149767303863	0.010119225429159995	0.004215658205539485	0.0008592214084079952
0.006140120691233264	0.0008249305638208249	0.0025091043793386003	0.001599084840162357	0.0023189491798276674	0.008683809239337537	0.003404336011291864	-7.691958495437135e-05
0.005016751499198557	0.0008873399633784196	0.0018850103837642074	0.0018487224383920697	0.0025061773785004515	0.009370312634470412	0.003404336011291864	0.0006719932097356551
0.0016466439230939933	0.00045047416647592264	0.0005744129930569386	0.000725353246357141	0.001570036385138085	0.010805728824291982	0.002218557419699785	-7.691958495437135e-05
0.0018338721217665555	0.00045047416647592264	0.0003871847943845985	0.000725353246357141	0.0016324457846956797	0.014425473998626925	0.0026554232166022818	0.0007968120088504005
0.00039845593194476336	0.00020083656824598783	-4.9681002517676376e-05	-0.0001483783474476308	0.0006963047913333131	0.017483534576943516	0.002405785618371681	-0.0002017383840691167
0.0005856841306173255	0.00026324596780313847	-0.00017449980163286583	-0.000522834744792533	0.0008211235904480585	0.01985509176012812	0.0027178326161594324	0.0004223556115054983
2.3999534599639105e-05	0.0003880647669183279	0.0003247753948265597	-0.0004604253452351603	0.0006338953917757184	0.02110327975127757	0.0026554232166022818	-7.691958495437135e-05
0.00014881833371438447	0.00026324596780313847	7.513779659706898e-05	-0.0005852441443496836	0.0006963047913333131	0.019979910559243308	0.0025306044174870923	0.0006719932097356551
0.0002112277332719792	0.00020083656824598783	0.0003871847943845985	-0.0007724723430224678	0.0005714859922181237	0.01723389697871358	0.0020313292210270006	-0.0002017383840691167
0.0009601405279615616	0.0003880647669183279	0.00044959419394174915	-2.3559548332441338e-05	0.000945942389563692	0.014051017601281579	0.0018441010223548826	0.0006719932097356551
-0.00016322866407314507	-0.0002360292286569532	-4.9681002517676376e-05	-0.0003980159456771215	0.0002594389944308162	0.00986958783093006	0.0008455506294349213	-0.00045137598229971765
0.0008977311284044109	0.0001384271686883931	0.0001375471961546637	0.00010125925078230402	0.000945942389563692	0.007310802449072895	0.0009703694285501108	0.0004223556115054983
2.3999534599639105e-05	0.0001384271686883931	0.00026236599526985316	0.00022607804989727143	0.000509076592660529	0.005812976859693286	0.0006583224307621371	-0.00013932898451196607
0.0007105029297316268	0.0006377023651478186	0.0008240505912870955	0.0009125814450294811	0.0010707611886779933	0.005563339261463129	0.0014072352254526077	0.0008592214084079952
0.0002736371328295739	0.00045047416647592264	0.0008864599908442461	0.0003508968490120168	0.0006338953917757184	0.004377560669871272	0.001344825825895013	0.00017271801327556346
0.000648093530174032	0.0005752929655911121	0.0008240505912870955	0.0006629438467995463	0.0006963047913333131	0.004003104272525926	0.0017816916227972879	0.0008592214084079952
0.0002736371328295739	0.0003256553673607332	0.0007616411917297228	0.00028848744945486615	0.0006963047913333131	0.003753466674295991	0.0018441010223548826	-1.451018539677662e-05
0.0010225499275196004	0.00026324596780313847	0.0005744129930569386	0.0004757156481276503	0.0012579893873505554	0.005188882864118449	0.00215614802014219	0.0006719932097356551
0.00046086533150213604	0.00045047416647592264	0.0008240505912870955	0.0006629438467995463	0.0012579893873505554	0.008059715243763144	0.002405785618371681	4.7899214160374015e-05
-0.0002256380636302957	0.0003256553673607332	-0.0001120904020752711	0.00010125925078230402	0.000945942389563692	0.010493681826504897	0.0023433762188149743	0.0007344026092928058
-0.005405618226901998	-0.00029843862821365974	-0.0019219629892426315	-0.0016462039368276837	-0.0006767019989315504	0.011866688616769538	0.0003462754329750517	-7.691958495437135e-05
-0.009150182200350798	-0.0009849420233460915	-0.0038566543755249594	-0.002582344930189162	-0.0019248899900812244	0.012865239009689722	-0.0012139595559617078	0.000484765011063093
-0.009649457396810668	-0.0011721702220188757	-0.004168701373312267	-0.0030816201266492538	-0.002236936987868754	0.013364514206149147	-0.0017756441519793942	-0.0003889665827421229
-0.009150182200350798	-0.0008601232242313461	-0.004418338971542202	-0.002582344930189162	-0.0017376617914086623	0.012865239009689722	-0.0017756441519793942	0.0006719932097356551
-0.009150182200350798	-0.0007977138246737514	-0.004231110772869862	-0.0020830697337297366	-0.0017376617914086623	0.011804279217211944	-0.0019004629510945836	-1.451018539677662e-05
-0.007465128412298627	-0.0008601232242313461	-0.004543157770657391	-0.0018334321355000238	-0.0012383865949487927	0.00993199723048721	-0.0017132347524217995	0.0006719932097356551
-0.006029712222476835	-0.000672895025558784	-0.00373183557640977	-0.0013965663385973048	-0.0009263395971619293	0.009432722034027563	-0.0012763689555193025	-0.00013932898451196607
-0.004157430235752324	-0.00011121042954176374	-0.0027956945830474034	-0.000522834744792533	-5.260800335626925e-05	0.010056816029602844	-0.00015299976348503996	0.0007968120088504005
-0.0024099670481427804	-0.0004232574273288492	-0.0021091911879149716	-0.0007724723430224678	-0.0001774268024714587	0.010618500625620086	0.00028386603341790106	-0.0002017383840691167
-0.0006625038605332367	7.601776913102043e-05	-0.0010482313954378597	-0.0002107877470052255	0.000509076592660529	0.012116326214999695	0.0012824164263374183	0.0007968120088504005
-0.000787322659647538	7.601776913102043e-05	-0.0004865467994201733	-0.00033560654612041496	0.00032184839398796683	0.012740420210574754	0.001344825825895013	4.7899214160374015e-05
0.0007105029297316268	0.0007001117647058575	0.0003247753948265597	0.00010125925078230402	0.001133170588235588	0.012740420210574754	0.0017816916227972879	0.00110885900663793
0.0005856841306173255	0.0001384271686883931	0.0003247753948265597	-0.00027319714656282024	0.0003842577935453395	0.011305004020752074	0.0012200070267798235	-0.00013932898451196607
0.005141570298313747	0.0007001117647058575	0.001947419783321802	0.0009749908445870759	0.0016948551842528303	0.010992957022964323	0.0028426514152741778	0.0007344026092928058
0.0075131274814981275	0.0008873399633784196	0.0031331983749143255	0.0012870378423748274	0.0020693115815981766	0.00968235963225772	0.0035915642099646483	-0.00026414778362671143
0.008574087273975683	0.0013242057602802504	0.003632473571373751	0.00222317883573675	0.0027558149767303863	0.009619950232700125	0.004215658205539485	0.0007344026092928058
0.009198181269550076	0.0012617963607230998	0.004131748767833843	0.00241040703440909	0.0028806337758453537	0.010306453627832335	0.004714933401998911	-7.691958495437135e-05
0.011382510254062117	0.002073118554970277	0.004943070962081464	0.003221729228656267	0.0041912311665524005	0.012990057808804023	0.0062751683909365585	0.0011712684061950807
0.008262040276188154	0.0013242057602802504	0.003944520569161725	0.0021607694361795993	0.002818224376287759	0.015361614991988848	0.005526255596246532	0.00011030861371796874
0.006202530090790859	0.0013866151598382892	0.0031331983749143255	0.001786313038834697	0.0028806337758453537	0.018606903768978444	0.005588664995803683	0.0009840402075231847
0.005578436095216022	0.0011993869611659491	0.003070788975356731	0.0010998096437022653	0.002443767978942857	0.02097846095216327	0.005526255596246532	0.0002351274128331582
0.0035189259098189485	0.0009497493629355702	0.002134647981994142	0.0006005344472423957	0.0019444927824827651	0.02197701134508323	0.004902161600671473	0.0008592214084079952
0.0007729123292892215	0.0005752929655911121	0.0011985069886313315	-0.00027319714656282024	0.0010083517891203986	0.020291957557030837	0.0037163830090789496	0.00011030861371796874
0.0018962815213241502	0.001012158762493165	0.0013857351873043378	0.00028848744945486615	0.001757264583810425	0.017920400373846013	0.0037163830090789496	0.0010464496070803353
0.0010849593270771951	0.0005128835660335174	0.001323325787746743	0.0003508968490120168	0.0012579893873505554	0.013863789402609239	0.0029674702143898113	0.0002351274128331582
0.001709053322651588	0.0007625211642632301	0.001136097589074625	0.0006629438467995463	0.0014452175860233396	0.009495131433584936	0.0026554232166022818	0.0009216308079655899
0.0008977311284044109	0.0005128835660335174	0.0010112787899594355	0.0004757156481276503	0.001133170588235588	0.005937795658808032	0.00196891982146985	0.00017271801327556346
0.0012721875257497572	0.0007625211642632301	0.0010112787899594355	0.0010998096437022653	0.001570036385138085	0.005251292263676044	0.0022809668192573795	0.0009840402075231847
0.0008353217288468162	0.0006377023651478186	0.0009488693904018408	0.0009125814450294811	0.0013828081864653008	0.006000205058365626	0.002218557419699785	0.0002351274128331582
0.0009601405279615616	0.0008249305638208249	0.000699231792171906	0.0008501720454718864	0.0015076269855804902	0.008558990440223235	0.002405785618371681	0.0010464496070803353
-0.00035045686274592924	0.0003256553673607332	0.0005120035934993439	0.0004133062485696115	0.0008835329900056532	0.011866688616769538	0.0023433762188149743	4.7899214160374015e-05
0.0002736371328295739	0.0005752929655911121	0.00026236599526985316	0.0001636686503396767	0.0010083517891203986	0.01423824579995392	0.0025306044174870923	0.0008592214084079952
-0.0005376850614178252	0.00026324596780313847	0.0003247753948265597	-0.0003980159456771215	0.000509076592660529	0.015486433791104037	0.00196891982146985	4.7899214160374015e-05
0.00014881833371438447	0.0007001117647058575	0.0007616411917297228	0.00028848744945486615	0.000945942389563692	0.015673661989775933	0.00215614802014219	0.0009840402075231847
-0.00016322866407314507	7.601776913102043e-05	0.0005744129930569386	-0.0006476535439077225	0.0002594389944308162	0.012615601411459565	0.0012200070267798235	-0.00026414778362671143
0.0005856841306173255	0.0003256553673607332	0.0008864599908442461	-2.3559548332441338e-05	0.0007587141908909079	0.00993199723048721	0.0012200070267798235	0.0007344026092928058
0.0002112277332719792	0.00026324596780313847	0.0009488693904018408	0.0001636686503396767	0.0005714859922181237	0.007560440047303274	0.000907960028992516	-1.451018539677662e-05
0.0008977311284044109	0.00026324596780313847	0.0006368223926145333	0.0003508968490120168	0.000945942389563692	0.005875386259251325	0.0010951882276650782	0.0005471744106204657
0.0002112277332719792	0.0001384271686883931	0.00044959419394174915	0.00010125925078230402	0.0006338953917757184	0.006499480254825718	0.0010951882276650782	-0.0002017383840691167
-0.001036960257877917	-4.8801029984391064e-05	-0.0004241373998625786	3.884985122515339e-05	0.0005714859922181237	0.008558990440223235	0.0012824164263374183	0.0006095838101780604
-0.006404168619821959	-0.0004856668268864439	-0.0027956945830474034	-0.0016462039368276837	-0.0008639301976038904	0.009619950232700125	-0.0002778185626002294	-7.691958495437135e-05
-0.008526088204776405	-0.000672895025558784	-0.0040438825741972995	-0.0018958415350571745	-0.0012383865949487927	0.011741869817654793	-0.0006522749599449096	0.0007344026092928058
-0.009212591599909059	-0.0007353044251168228	-0.0040438825741972995	-0.002020660334172364	-0.0014256147936211327	0.012865239009689722	-0.0007146843595022823	-7.691958495437135e-05
-0.00883813520256349	-0.0007977138246737514	-0.004480748371099796	-0.002395116731517266	-0.0013632053940639821	0.011679460418097198	-0.0011515501564050012	0.0007968120088504005
-0.009025363401236275	-0.0009849420233460915	-0.0040438825741972995	-0.0022702979324025208	-0.0017376617914086623	0.010119225429159995	-0.0015884159533074982	-0.00013932898451196607
-0.006965853215838758	-0.000672895025558784	-0.0033573791790648677	-0.0016462039368276837	-0.0009263395971619293	0.008122124643320072	-0.0011515501564050012	0.0006095838101780604
-0.005842484023804273	-0.000672895025558784	-0.0027332851834902527	-0.0016462039368276837	-0.0009263395971619293	0.006249842656595561	-0.0012139595559617078	-7.691958495437135e-05
-0.0037829738384072	-0.0004232574273288492	-0.0019219629892426315	-0.0008972911421372132	-0.00036465500114402083	0.006312252056152934	-0.0006522749599449096	0.0006095838101780604
-0.0023475576485851857	-0.00036084802777125446	-0.0013602783932253892	-0.0008972911421372132	-0.0004894738002594323	0.006624299053940463	-0.0002154091630417465	-0.00026414778362671143
-0.00010081926451555034	7.601776913102043e-05	-0.0004241373998625786	-0.0001483783474476308	0.0006963047913333131	0.00849658104066564	0.000907960028992516	0.0005471744106204657
-0.0015986448538947151	-0.0004856668268864439	-0.0011106407949954544	-0.0009597005416948079	-0.0004894738002594323	0.009495131433584936	0.00028386603341790106	-0.0005137853818568683
-0.0006625038605332367	-0.0002360292286569532	-0.0011106407949954544	-0.0004604253452351603	7.221079575803202e-05	0.010680910025177237	0.000907960028992516	0.0002975368123907529
0.0010225499275196004	0.0003256553673607332	7.513779659706898e-05	3.884985122515339e-05	0.0007587141908909079	0.011554641618982453	0.0019065104219122553	-7.691958495437135e-05
0.005266389097428936	0.0007001117647058575	0.001572963385977122	0.0012246284428172327	0.0018196739833680198	0.012865239009689722	0.0035291548104070536	0.000484765011063093
0.0068890334859232905	0.0006377023651478186	0.0026963325780113845	0.0012246284428172327	0.0020693115815981766	0.012303554413672035	0.004215658205539485	-0.0003265571831845282
0.008137221477073187	0.001012158762493165	0.003445245372701855	0.0018487224383920697	0.002630996177615197	0.011866688616769538	0.00465252400244176	0.0004223556115054983
0.008886134271762769	0.0011369775616083544	0.004443795765621372	0.001973541237506815	0.002630996177615197	0.012303554413672035	0.005089389799343813	-0.00026414778362671143
0.010259141062027632	0.0014490245593954398	0.005067889761196209	0.0023479976348514953	0.0033174995727476286	0.012927648409247317	0.005838302594034284	0.0006095838101780604
0.007575536881055722	0.0012617963607230998	0.00456861456473634	0.0016614942397195076	0.0025061773785004515	0.013052467208361618	0.004902161600671473	-7.691958495437135e-05
0.005516026695658427	0.0008873399633784196	0.0033828359731442603	0.0012246284428172327	0.002006902182040582	0.01355174240482171	0.00427806760509708	0.0005471744106204657
0.004829523300525995	0.0003880647669183279	0.002821151377126574	0.0004133062485696115	0.0015076269855804902	0.013114876607919213	0.003841201808194139	-0.0005137853818568683
0.0030820601129168956	0.0007625211642632301	0.0020722385824365475	0.0006629438467995463	0.0016948551842528303	0.012990057808804023	0.0035915642099646483	0.0005471744106204657
0.0003360465323869466	0.0001384271686883931	0.0008240505912870955	-8.596894789003606e-05	0.0006963047913333131	0.011866688616769538	0.0025306044174870923	-0.0003265571831845282
0.001521825123979692	0.0003880647669183279	0.000699231792171906	0.0003508968490120168	0.0014452175860233396	0.010743319424735276	0.0029674702143898113	0.0005471744106204657
0.0003360465323869466	-4.8801029984391064e-05	0.00019995659571225843	-0.0001483783474476308	0.0006338953917757184	0.009120675036240034	0.002218557419699785	-0.00045137598229971765
0.000648093530174032	7.601776913102043e-05	0.0003247753948265597	0.00028848744945486615	0.0010707611886779933	0.008558990440223235	0.0023433762188149743	0.0002351274128331582
-0.00010081926451555034	-0.00017361982909891438	0.00019995659571225843	-0.00027319714656282024	0.0005714859922181237	0.0072483930495155224	0.0017816916227972879	-0.0005137853818568683
0.00039845593194476336	1.3608369573425705e-05	0.00044959419394174915	0.00010125925078230402	0.0008211235904480585	0.007685258846418019	0.001719282223239471	0.0002975368123907529
-0.0004752756618602305	-0.0002360292286569532	0.0003871847943845985	-0.00033560654612041496	0.0002594389944308162	0.00774766824597517	0.0012200070267798235	-0.0005137853818568683
0.00046086533150213604	7.601776913102043e-05	0.000699231792171906	-0.0001483783474476308	0.0007587141908909079	0.008122124643320072	0.0014072352254526077	0.0004223556115054983
-0.0006625038605332367	7.601776913102043e-05	0.0007616411917297228	-0.0002107877470052255	0.00013462019531562675	0.008371762241550451	0.0007831412298777707	-0.0003889665827421229
-0.00028804746318744634	-0.00017361982909891438	0.0003247753948265597	-0.00027319714656282024	0.00013462019531562675	0.007997305844205327	0.0005959130312049865	0.0002351274128331582
-0.0004128662623026358	1.3608369573425705e-05	0.0005744129930569386	-0.00033560654612041496	0.00013462019531562675	0.007373211848630934	0.00047109423209024115	-0.0003265571831845282
-0.0002256380636302957	7.601776913102043e-05	0.0003247753948265597	-2.3559548332441338e-05	0.00032184839398796683	0.007185983649957928	0.0007207318303197319	0.0004223556115054983
-0.0006625038605332367	-0.0004232574273288492	-4.9681002517676376e-05	-0.000522834744792533	-0.00023983620202905342	0.006686708453498058	0.00047109423209024115	-0.0007010135805287643
0.0002736371328295739	0.00026324596780313847	0.00026236599526985316	0.0001636686503396767	0.0007587141908909079	0.007373211848630934	0.0012200070267798235	0.0004223556115054983
-0.0006625038605332367	-0.0002360292286569532	-0.0001120904020752711	-0.0001483783474476308	7.221079575803202e-05	0.008309352841992856	0.0008455506294349213	-0.0003889665827421229
0.00039845593194476336	0.0005752929655911121	0.0005120035934993439	0.000538125047684801	0.0010707611886779933	0.010306453627832335	0.00215614802014219	0.0006719932097356551
-0.00035045686274592924	7.601776913102043e-05	0.00019995659571225843	-0.0002107877470052255	0.000509076592660529	0.010992957022964323	0.001719282223239471	-0.0002017383840691167
-0.0017858730525674993	-0.00011121042954176374	-0.00036172800030542795	-0.0003980159456771215	0.00013462019531562675	0.011679460418097198	0.0012824164263374183	0.0004223556115054983
-0.007714766010529228	-0.0007977138246737514	-0.002608466384374619	-0.001958250934614769	-0.0013007959945068315	0.009495131433584936	-0.0009019125581746223	-0.0003265571831845282
-0.008276450606546248	-0.0007977138246737514	-0.0032325603799496783	-0.0020830697337297366	-0.0013007959945068315	0.008371762241550451	-0.0014635971541923087	0.0006095838101780604
-0.009649457396810668	-0.001296989021133621	-0.003669426176852175	-0.0025199355306324556	-0.002236936987868754	0.007185983649957928	-0.002212509948881891	-0.00045137598229971765
-0.00877572580300634	-0.0009225326237889409	-0.0037942449759669206	-0.0021454791332873313	-0.0014880241931791716	0.00543852046234794	-0.0019628723506521784	0.0006095838101780604
-0.00908777280079387	-0.0012345796215764704	-0.0040438825741972995	-0.002457526131074861	-0.0019248899900812244	0.004003104272525926	-0.00246214754711227	-0.0003889665827421229
-0.007153081414511542	-0.0010473514229041303	-0.003482197978179835	-0.001771022735942429	-0.0012383865949487927	0.004439970069427979	-0.001650825352865093	0.0004223556115054983
-0.005592846425574338	-0.000672895025558784	-0.0025460569848174686	-0.0013965663385973048	-0.0007391113984891451	0.004876835866331142	-0.0007770937590594329	-0.0002017383840691167
-0.0034709268406198923	-0.00036084802777125446	-0.0021091911879149716	-0.0008972911421372132	-0.00023983620202905342	0.005812976859693286	-0.00015299976348503996	0.000484765011063093
-0.002285148249027147	-0.0004856668268864439	-0.0013602783932253892	-0.0007724723430224678	-0.0001774268024714587	0.006998755451285588	0.0003462754329750517	-0.0003889665827421229
-0.0007249132600899433	-0.00029843862821365974	-0.0010482313954378597	-0.0005852441443496836	0.00032184839398796683	0.006936346051727993	0.0007831412298777707	0.0004223556115054983
-0.0009745508583203222	-0.00036084802777125446	-0.0004865467994201733	-0.000522834744792533	-0.0001774268024714587	0.006749117853055653	0.00047109423209024115	-0.0003265571831845282
-0.00016322866407314507	-0.00017361982909891438	-0.0004241373998625786	-8.596894789003606e-05	0.00019702959487277738	0.006249842656595561	0.0006583224307621371	0.0002351274128331582
0.001521825123979692	7.601776913102043e-05	0.0006368223926145333	-8.596894789003606e-05	0.0003842577935453395	0.005251292263676044	0.0008455506294349213	-0.00045137598229971765
0.005952892492561368	0.0003880647669183279	0.002384285580224299	0.0010998096437022653	0.0014452175860233396	0.0061874332570384105	0.0023433762188149743	0.0002975368123907529
0.007388308682382938	0.0011369775616083544	0.0037572923704889405	0.001786313038834697	0.002006902182040582	0.006998755451285588	0.003404336011291864	-0.0002017383840691167
0.008074812077515592	0.0008249305638208249	0.003445245372701855	0.0015366754406043182	0.0021317209811557714	0.006686708453498058	0.003466745410849681	0.00035994621194790355
0.009323000068665266	0.0012617963607230998	0.004693433363851085	0.0021607694361795993	0.002568586778057602	0.008621399839779942	0.00446529580376942	-0.00013932898451196607
0.009572637666895645	0.0013242057602802504	0.004631023964293934	0.0022855882352947887	0.0029430431754029485	0.010056816029602844	0.005151799198901852	0.000484765011063093
0.006764214686808545	0.0009497493629355702	0.0035700641718161563	0.0014118566414895728	0.002194130380712478	0.009994406630044805	0.004340477004654231	-0.0002017383840691167
0.005266389097428936	0.0007625211642632301	0.002758741977568979	0.0012870378423748274	0.0019444927824827651	0.010431272426947302	0.004090839406424296	0.00035994621194790355
0.00489193270008359	0.0006377023651478186	0.0028835607766841687	0.0010998096437022653	0.0016948551842528303	0.010556091226062936	0.004215658205539485	-0.0003265571831845282
0.0017714627222091828	0.00026324596780313847	0.001136097589074625	0.00022607804989727143	0.0010083517891203986	0.008309352841992856	0.002780242015717027	0.0002975368123907529
0.0005856841306173255	7.601776913102043e-05	0.0011985069886313315	0.0003508968490120168	0.0006338953917757184	0.007685258846418019	0.0022809668192573795	-0.0003889665827421229
0.0009601405279615616	-0.00011121042954176374	0.0007616411917297228	0.00010125925078230402	0.0008211235904480585	0.006249842656595561	0.0020313292210270006	0.00017271801327556346
0.0005856841306173255	0.0001384271686883931	0.001136097589074625	3.884985122515339e-05	0.0006338953917757184	0.005688158060578319	0.0015944634241249478	-0.0002017383840691167
0.0008977311284044109	0.0003256553673607332	0.0012609163881893704	0.0006629438467995463	0.0010083517891203986	0.006561889654383313	0.0019065104219122553	0.0004223556115054983
-0.00035045686274592924	-0.00011121042954176374	0.0006368223926145333	-0.00027319714656282024	0.0002594389944308162	0.006000205058365626	0.0010327788281070394	-0.0005137853818568683
-0.00010081926451555034	-0.0002360292286569532	0.0003871847943845985	-0.000522834744792533	0.00044666719310360037	0.006249842656595561	0.000907960028992516	0.00011030861371796874
-0.00028804746318744634	-4.8801029984391064e-05	0.0009488693904018408	-0.00027319714656282024	0.00032184839398796683	0.007685258846418019	0.0012824164263374183	-0.00045137598229971765
0.0002736371328295739	0.0003256553673607332	0.0008864599908442461	0.0001636686503396767	0.000945942389563692	0.007685258846418019	0.001532054024566909	0.0006095838101780604
-0.0008497320592055768	-0.000672895025558784	-0.0001120904020752711	-0.0008348817425800625	-5.260800335626925e-05	0.005812976859693286	0.0006583224307621371	-0.0007010135805287643
0.0003360465323869466	0.0005128835660335174	0.0007616411917297228	0.0006629438467995463	0.0010083517891203986	0.006686708453498058	0.0016568728236820984	0.0004223556115054983
-0.0004128662623026358	7.601776913102043e-05	0.0003247753948265597	3.884985122515339e-05	0.0003842577935453395	0.0051264734645608545	0.0010327788281070394	-0.00026414778362671143
0.00039845593194476336	0.00026324596780313847	0.0005744129930569386	0.000538125047684801	0.0008211235904480585	0.005001654665446109	0.0012200070267798235	0.0005471744106204657
-0.00016322866407314507	1.3608369573425705e-05	0.0007616411917297228	0.00010125925078230402	7.221079575803202e-05	0.0040655136720835205	0.000907960028992516	-0.0003265571831845282
0.000648093530174032	0.00020083656824598783	0.0005744129930569386	0.0001636686503396767	0.0007587141908909079	0.004627198268100763	0.0010951882276650782	0.0005471744106204657
-0.0007249132600899433	1.3608369573425705e-05	0.0010112787899594355	0.00010125925078230402	0.0002594389944308162	0.006561889654383313	0.0005959130312049865	-0.00026414778362671143
0.000648093530174032	0.0005752929655911121	0.0010736881895170303	0.0006005344472423957	0.0008211235904480585	0.00774766824597517	0.001344825825895013	0.0007968120088504005
-0.0002256380636302957	1.3608369573425705e-05	0.0006368223926145333	-0.0007100629434653172	0.0002594389944308162	0.006936346051727993	0.0007207318303197319	-0.0003889665827421229
-0.0028468328450450553	-0.00029843862821365974	-0.0006113655985353628	-0.0007100629434653172	-0.00023983620202905342	0.0072483930495155224	-2.8180964369850514e-05	0.00035994621194790355
-0.008713316403448745	-0.0008601232242313461	-0.0029205133821621487	-0.0020830697337297366	-0.0018624805905238517	0.004814426466773547	-0.0019628723506521784	-0.00026414778362671143
-0.008401269405661438	-0.0010473514229041303	-0.003981473174639705	-0.002207888532844926	-0.0017376617914086623	0.002130822285801637	-0.002274919348439486	0.00035994621194790355
-0.00877572580300634	-0.0009849420233460915	-0.0038566543755249594	-0.001771022735942429	-0.001612842992293917	0.0010698624933240808	-0.002212509948881891	-0.00026414778362671143
-0.009212591599909059	-0.0011721702220188757	-0.004730385969329287	-0.0018958415350571745	-0.001800071190966701	0.00013372149996193627	-0.00246214754711227	0.0004223556115054983
-0.008089222407873908	-0.0010473514229041303	-0.004231110772869862	-0.0018334321355000238	-0.001800071190966701	-0.00042796309605597216	-0.00246214754711227	-0.0003889665827421229
-0.00665380621805145	-0.0010473514229041303	-0.0040438825741972995	-0.0015213851377124943	-0.001612842992293917	0.0006954060959791786	-0.0020876911497669237	0.0002351274128331582
-0.0055304370260171876	-0.0007977138246737514	-0.002858103982604998	-0.0012717475394823374	-0.00117597719539142	0.002692506881818879	-0.0015884159533074982	-0.0003889665827421229
-0.0032212892423899575	-0.0005480762264440386	-0.001797144190127442	-0.0010221099412524026	-0.0004894738002594323	0.004564788868543612	-0.0009643219577322171	0.0002975368123907529
-0.0022227388494699962	-0.0004856668268864439	-0.000985821995880487	-0.0010221099412524026	-0.0006767019989315504	0.006000205058365626	-0.0008395031586170276	-0.0005137853818568683
-0.0009121414587627275	-0.00036084802777125446	-0.000548956198977768	-0.0007724723430224678	-0.0001774268024714587	0.006249842656595561	-0.0004026373617145307	0.0002351274128331582
-0.0010993696574350675	-0.0004856668268864439	-0.0002369092011902385	-0.0010221099412524026	-0.00042706440070161555	0.004876835866331142	-0.0007146843595022823	-0.0003889665827421229
-3.840986495795562e-05	0.0003256553673607332	0.00044959419394174915	0.00028848744945486615	0.000509076592660529	0.004939245265888514	0.00015904723430248957	0.0006095838101780604
0.0022083285191116797	0.0003256553673607332	0.0011985069886313315	0.000538125047684801	0.0007587141908909079	0.0038782854734111805	0.0009703694285501108	-0.0002017383840691167
0.00682662408636614	0.0007625211642632301	0.002633923178454234	0.001599084840162357	0.0021317209811557714	0.004003104272525926	0.0029674702143898113	0.00035994621194790355
0.006764214686808545	0.0005128835660335174	0.0029459701762417634	0.0016614942397195076	0.001757264583810425	0.004752017067215952	0.0033419266117344915	-0.00045137598229971765
0.008511677874418089	0.0012617963607230998	0.0037572923704889405	0.00222317883573675	0.0026934055771725696	0.006125023857480816	0.004527705203327015	0.0005471744106204657
0.009447818867780455	0.0013242057602802504	0.00456861456473634	0.0022855882352947887	0.002630996177615197	0.008059715243763144	0.005089389799343813	-7.691958495437135e-05
0.009572637666895645	0.0014490245593954398	0.00481825216296583	0.002660044632639247	0.003067861974517694	0.009619950232700125	0.005526255596246532	0.0006095838101780604
0.006264939490348453	0.0008873399633784196	0.0037572923704889405	0.001349447241931978	0.002006902182040582	0.008933446837567693	0.004028430006866923	-0.0002017383840691167
0.005328798496986087	0.0007625211642632301	0.0035076547722585616	0.0012246284428172327	0.0018820833829251704	0.009183084435797628	0.0033419266117344915	0.00035994621194790355
0.0045798857022965045	0.0007001117647058575	0.003632473571373751	0.0012246284428172327	0.0016324457846956797	0.009619950232700125	0.0030922890135041126	-0.0003265571831845282
0.0013970063248645026	0.0003256553673607332	0.0018226009842066127	0.00028848744945486615	0.0010707611886779933	0.007123574250400111	0.0016568728236820984	0.0004223556115054983
0.0005232747310597308	7.601776913102043e-05	0.001572963385977122	3.884985122515339e-05	0.0006963047913333131	0.0061874332570384105	0.001157597627222673	-0.0003889665827421229
0.0012097781261917184	0.0006377023651478186	0.0018226009842066127	0.0007877626459147358	0.0012579893873505554	0.006374661455710751	0.0019065104219122553	0.0007968120088504005
0.0003360465323869466	0.0001384271686883931	0.0010736881895170303	-2.3559548332441338e-05	0.0006963047913333131	0.004315151270313677	0.001344825825895013	-0.00026414778362671143
0.0012097781261917184	0.0005128835660335174	0.0010112787899594355	0.0006629438467995463	0.0011955799877929607	0.004252741870756083	0.00196891982146985	0.0007344026092928058
-0.0002256380636302957	0.00020083656824598783	0.0005120035934993439	0.0004133062485696115	0.0005714859922181237	0.0038158760738535857	0.001532054024566909	-0.00013932898451196607
0.000648093530174032	0.0003880647669183279	0.0003247753948265597	0.0006005344472423957	0.0010707611886779933	0.003129372678720932	0.001719282223239471	0.0006095838101780604
2.3999534599639105e-05	1.3608369573425705e-05	0.0003247753948265597	0.00028848744945486615	0.0003842577935453395	0.002879735080491219	0.0010951882276650782	-0.0003265571831845282
0.00046086533150213604	0.0003880647669183279	0.000699231792171906	0.0006629438467995463	0.0008835329900056532	0.0032541914778361214	0.001344825825895013	0.0006095838101780604
-0.0004752756618602305	-0.00017361982909891438	0.0003871847943845985	-0.00027319714656282024	0.00013462019531562675	0.002318050484473977	0.0004086848325326464	-0.0003889665827421229
0.0007729123292892215	0.0007001117647058575	0.0012609163881893704	0.0007877626459147358	0.000945942389563692	0.0036286478751812457	0.0010327788281070394	0.0007968120088504005
-0.0005376850614178252	7.601776913102043e-05	0.000699231792171906	-8.596894789003606e-05	7.221079575803202e-05	0.0030045538796064086	9.663783474489485e-05	-0.0002017383840691167
0.00039845593194476336	0.0003256553673607332	0.0008864599908442461	0.00022607804989727143	0.0006338953917757184	0.003316600877393716	0.0004086848325326464	0.0006719932097356551
0.00014881833371438447	0.00026324596780313847	0.0011985069886313315	3.884985122515339e-05	0.00032184839398796683	0.0036286478751812457	0.00022145663385986225	-0.00013932898451196607
2.3999534599639105e-05	0.0001384271686883931	0.0005744129930569386	3.884985122515339e-05	0.0003842577935453395	0.0038782854734111805	0.0004086848325326464	0.0005471744106204657
-0.0006625038605332367	-0.00029843862821365974	7.513779659706898e-05	-0.0004604253452351603	9.801396200437296e-06	0.003566238475623651	0.0003462754329750517	-0.0005137853818568683
0.0003360465323869466	0.00020083656824598783	0.00026236599526985316	0.0004133062485696115	0.0006338953917757184	0.004689607667658358	0.0012200070267798235	0.000484765011063093
-0.0004752756618602305	7.601776913102043e-05	-0.0001120904020752711	-8.596894789003606e-05	0.0002594389944308162	0.004190332471198932	0.0012200070267798235	-0.00026414778362671143
-0.0022227388494699962	1.3608369573425705e-05	-0.0009234125963226703	-0.0002107877470052255	0.00013462019531562675	0.0036286478751812457	0.0007207318303197319	0.0005471744106204657
-0.009150182200350798	-0.0010473514229041303	-0.0036070167772941364	-0.001771022735942429	-0.001987299389639041	0.0013819094911116103	-0.0021501005493245184	-0.0003265571831845282
-0.007714766010529228	-0.000672895025558784	-0.0033573791790648677	-0.0013341569390399322	-0.0011135677958338253	0.0007578154955363292	-0.001838053551536989	0.0006719932097356551
-0.008526088204776405	-0.0007977138246737514	-0.0031701509803920835	-0.0016462039368276837	-0.0015504335927363222	0.00038335909819209313	-0.0025869663462265713	4.7899214160374015e-05
-0.00846367880521881	-0.0008601232242313461	-0.003294969779507273	-0.0014589757381548996	-0.0014256147936211327	0.001444318890669205	-0.0027741945448993555	0.0006095838101780604
-0.008151631807431503	-0.0008601232242313461	-0.0029205133821621487	-0.0018958415350571745	-0.0015504335927363222	0.0018187752880141073	-0.002899013344014101	-7.691958495437135e-05
-0.006341759220264365	-0.0009849420233460915	-0.0027332851834902527	-0.0018958415350571745	-0.0013007959945068315	0.002692506881818879	-0.00264937574578461	0.0004223556115054983
-0.006029712222476835	-0.0007353044251168228	-0.0019219629892426315	-0.0016462039368276837	-0.0013632053940639821	0.004003104272525926	-0.002212509948881891	-0.0003265571831845282
-0.002472376447699931	1.3608369573425705e-05	-0.0009234125963226703	-0.0006476535439077225	-5.260800335626925e-05	0.004252741870756083	-0.0007770937590594329	0.0007344026092928058
-0.002035510650797434	-0.0006104856260011893	-0.0011106407949954544	-0.0008348817425800625	-0.00042706440070161555	0.0025676880827041337	-0.0007770937590594329	-0.0003889665827421229
8.640893415723383e-05	0.00045047416647592264	-0.0001120904020752711	0.0006629438467995463	0.0008211235904480585	0.002692506881818879	0.0007831412298777707	0.0007968120088504005
-0.001224188456550257	-0.0007353044251168228	-0.0012978689936677945	-0.0007100629434653172	-0.0004894738002594323	-0.00011591609826799854	-0.0002154091630417465	-0.000576194781414463
