Sensor_1	Sensor_2	Sensor_3	Sensor_4	Sensor_5	Sensor_6	Sensor_7	Sensor_8
0.0005941655680168356	1.5536820019868003e-05	-1.9499816891865862e-05	0.0003381778133817459	0.0003297057373927714	0.0005727373006789716	0.00015750260166380592	0.0002289301594569082
-0.0007164318226899891	-4.687257953750468e-05	0.0001677283817809183	-0.0002235067826354964	-0.0004192070572974771	0.0005727373006789716	-9.213499656635094e-05	-0.0005199826352331183
-0.0002171566262303415	0.00032758381780739754	0.0005421847791255985	-0.0002859161821930911	-0.0001695694590670982	0.0010096030975814685	0.000344730800336146	0.00047856775768706505
-0.0015277540169376103	-0.0003589195773254783	0.00029254718089566367	-0.0009724195773250788	-0.0011681198519870595	0.00038550910200707555	-0.00040418199435432456	-0.000582392034790713
-0.0002171566262303415	0.00014035561913461336	0.000854231776912906	-0.0002235067826354964	-0.0004192070572974771	0.0010720124971390632	0.00046954959945089136	0.00035374895857209765
-0.000966069420920368	-4.687257953750468e-05	0.00029254718089566367	-0.0007227819790955881	-0.0007312540550847846	0.0006351467002361222	-0.0002793631952391351	-0.0003951638361177068
-0.00034197542534508685	-0.00023410077821028885	-8.190921644946059e-05	-0.0002859161821930911	-0.00035679765773988237	0.0005103279011213768	-0.00040418199435432456	0.00010411136034216284
-9.233782711515204e-05	1.5536820019868003e-05	0.00010531898222332359	0.00021335901426700055	0.00014247753871998725	0.0008847842984667231	-0.0002793631952391351	-0.0005199826352331183
0.0008438031662467704	7.794621957746273e-05	-0.00026913741512180067	0.0005254060120545301	0.0007041621347372296	0.0008847842984667231	-0.00021695379568154038	0.00035374895857209765
-0.001153297619592708	-0.00017169137865291617	-0.000830822011139043	0.0003381778133817459	0.00014247753871998725	0.0005103279011213768	-0.0010282759899287175	-0.0003951638361177068
-0.005709183787289129	-0.0007957853742273091	-0.0032647885938810184	-0.0008476007782103334	-0.0010433010528727582	-0.0008626788891434867	-0.002838148577095856	0.00041615835812947033
-0.008580016166933602	-0.001045422972457466	-0.004263338986801202	-0.002033379369802635	-0.0022914890440224323	-0.0014867728847181017	-0.00408633656824553	-0.00033275443656011205
-0.008704834966048791	-0.0011078323720146166	-0.0043257483863587964	-0.002220607568475197	-0.002541126642251923	-0.0013619540856033563	-0.003961517769131007	0.00035374895857209765
-0.009765794758525459	-0.0012326511711302501	-0.004263338986801202	-0.0027198827649346224	-0.0031028112382696094	-0.0011747258869305721	-0.003961517769131007	-0.0003951638361177068
-0.008704834966048791	-0.001045422972457466	-0.00407611078812864	-0.0029695203631650013	-0.00297799243915442	-0.0009250882887006373	-0.003649470771343033	0.00041615835812947033
-0.00839278796826104	-0.0014198793698021461	-0.00407611078812864	-0.003094339162280191	-0.0032900394369423935	-0.0010499070878158268	-0.0037118801709006277	-0.0006448014343478636
-0.006208458983749221	-0.001045422972457466	-0.00357683559166877	-0.0022830169680327916	-0.002353898443579583	-0.0007378600900280752	-0.0029629673762110453	0.00010411136034216284
-0.005022680392156698	-0.0011702417715726554	-0.0034520167925538026	-0.0020957887693602295	-0.0017922138475623406	-0.000800269489585892	-0.0027757391775387052	-0.0007696202334630531
-0.001590163416495205	-0.0005461477759973743	-0.0024534663996338413	-0.0004731443808649871	-0.00035679765773988237	-5.135669489608752e-05	-0.0015899605859464039	0.00010411136034216284
-0.0005916130235750217	-0.00017169137865291617	-0.0020166006027315664	2.6130815594438417e-05	0.00026729633783451057	0.0005103279011213768	-0.001153094789043907	-0.0003951638361177068
0.0005317561684592409	-0.00023410077821028885	-0.0019541912031741937	0.0003381778133817459	0.0008289809338528631	0.0008847842984667231	-0.000903457190813528	0.00035374895857209765
-9.233782711515204e-05	1.5536820019868003e-05	-0.0013925066071567294	0.0005254060120545301	0.0005169339360648895	0.0015712876935989328	-0.0007786383916990047	-0.0002079356374453667
0.0022792193560696727	0.0007020402151522998	4.290958266572886e-05	0.0010246812085143997	0.0013906655298696613	0.0036932072785533787	0.0009064153963529442	0.0007906147554745946
0.005025232936598956	0.0010140872129398293	0.0024144667658496655	0.0013367282063017072	0.001640303128099596	0.005752717463951118	0.0025290597848481866	4.1701960784568115e-05
0.006647877325093754	0.0012013154116117253	0.0036626547570000056	0.001586365804531642	0.0018275313267719362	0.007375361852445472	0.0038396571755552333	0.0007282053559169999
0.006148602128633662	0.0011389060120545746	0.004161929953460097	0.0008374530098416155	0.0013282561303125107	0.00818668404669265	0.0040268853742277955	-8.311683833062133e-05
0.008644978110932788	0.0018254094071865623	0.005472527344167366	0.0017111846036468314	0.002326806523232028	0.009310053238727356	0.005399892164492437	0.0007906147554745946
0.008332931113145703	0.0014509530098421042	0.005347708545052399	0.0017735940032042041	0.0020147595254449424	0.008685959243152297	0.0052750733653772475	-0.0002079356374453667
0.007584018318455676	0.0014509530098421042	0.004349158152132437	0.0018360034027617989	0.0024516253223467732	0.007437771252003067	0.0046509793698024104	0.0007282053559169999
0.005711736331731387	0.0008892684138246398	0.0030385607614253907	0.0013367282063017072	0.001889940726329753	0.005440670466162922	0.0032155631799803963	-0.0002079356374453667
0.006710286724651349	0.0011389060120545746	0.0028513325627528285	0.002397687998778819	0.0028260817196921195	0.0050038046692606475	0.003527610177768148	0.0005409771572446598
0.0029033133516440657	0.0002651744182498028	0.0007918223773553112	0.0012119094071869618	0.001640303128099596	0.003256341481651104	0.0015305093919280033	-0.0003951638361177068
0.0025288569542993855	0.000639630815594705	0.00047977537956800376	0.0016487752040890147	0.0019523501258873477	0.003630797878995784	0.0015305093919280033	0.0007282053559169999
0.0015303065613792022	0.0005148120164792935	0.0006045941786829712	0.0010870906080717724	0.0013282561303125107	0.004254891874571065	0.0015305093919280033	-0.0002079356374453667
0.0020919911573968886	0.0008892684138246398	0.0010414599755856901	0.001149500007629367	0.0015778937285420014	0.005939945662623014	0.0023418315861756245	0.0009778429541469347
0.00021970917067215545	0.0002027650186922081	0.0007294129777981606	-9.868798352030694e-05	0.00014247753871998725	0.006439220859083106	0.0016553281910431927	-0.0002703450370029614
0.00015729977111478277	0.0005772214160373323	0.000854231776912906	-0.00016109738307790167	0.0002048869382771379	0.0073129524528878775	0.002217012787060879	0.0007906147554745946
-0.00034197542534508685	0.00032758381780739754	0.0007294129777981606	-0.0009100101777679281	-0.0004192070572974771	0.007188133653772688	0.0018425563897157549	-0.0002079356374453667
0.0004069373693449396	0.0005148120164792935	0.0009166411764705007	-0.0002235067826354964	0.00026729633783451057	0.007000905455099904	0.002217012787060879	0.0006033865568018104
0.00015729977111478277	0.00038999321736499226	0.0006045941786829712	-0.0002235067826354964	0.00014247753871998725	0.005752717463951118	0.0017801469901581601	-0.0002079356374453667
0.0006565749675744303	0.00014035561913461336	-8.190921644946059e-05	-0.00016109738307790167	0.0007041621347372296	0.004442120073243405	0.0014680999923708526	0.0005409771572446598
0.00046934676890253435	0.00032758381780739754	4.290958266572886e-05	0.00046299661249693536	0.0008289809338528631	0.0039428448767833135	0.0013432811932561073	-0.0002703450370029614
0.0008438031662467704	0.00038999321736499226	-0.00026913741512180067	0.0008374530098416155	0.0013906655298696613	0.004130073075455876	0.0015305093919280033	0.0005409771572446598
9.489037155718805e-05	-0.00017169137865291617	-0.0008932314106966377	0.00015094961470940582	0.0007665715342948243	0.004067663675898725	0.000968824795910983	-0.00045757323567552355
0.0007189843671320251	0.0002651744182498028	-0.0003939562142367681	0.0006502248111692754	0.0010786185320821318	0.005752717463951118	0.0017177375906007875	0.00035374895857209765
-2.9928427557557313e-05	0.0002027650186922081	-8.190921644946059e-05	8.85402151518111e-05	0.0005793433356224842	0.007250543053330727	0.0019673751888305002	-0.00033275443656011205
-9.233782711515204e-05	0.0002027650186922081	-0.00014431861600661122	-0.00034832558175068584	0.0003921151369497	0.008498731044479735	0.0020921939879456897	0.0005409771572446598
-0.0004043848249022375	0.00032758381780739754	0.0005421847791255985	-0.0004731443808649871	8.006813916194844e-05	0.009684509636072258	0.0022794221866175857	-0.00014552623788777197
-0.0004043848249022375	7.794621957746273e-05	0.0001677283817809183	-0.0007851913786531828	-4.475065995279692e-05	0.009684509636072258	0.0020921939879456897	0.00047856775768706505
-0.002651123208972317	-0.0003589195773254783	-0.0006435938124667029	-0.0014716947737851704	-0.0009808916533147194	0.00818668404669265	0.0006567777981236755	-0.0003951638361177068
-0.0069573717784390254	-0.000608557175554969	-0.002952741596093933	-0.00197096997024504	-0.0017298044480047459	0.005503079865720517	-0.0015275511863888092	0.00041615835812947033
-0.008580016166933602	-0.0009830135728998712	-0.00407611078812864	-0.002407835767147537	-0.0022914890440224323	0.003256341481651104	-0.0029005579766534506	-0.0002703450370029614
-0.007581465774013418	-0.0006709665751125637	-0.004200929587243607	-0.0016589229724575105	-0.001480166849774811	0.0020705628900590245	-0.0029005579766534506	0.0007282053559169999
-0.00839278796826104	-0.0009206041733422765	-0.004637795384146326	-0.0017213323720155493	-0.0018546232471194912	0.0012592406958114033	-0.003462242572671137	-0.00014552623788777197
-0.007394237575341522	-0.0008581947737853479	-0.005012251781490784	-0.001346875974670203	-0.001292938651102249	0.0016336970931563055	-0.003025376775768196	0.0006033865568018104
-0.006645324780651052	-0.0007957853742273091	-0.0045129765850311365	-0.0012220571755554577	-0.001105710452430353	0.0033187508812082545	-0.0025261015793083264	-0.00014552623788777197
-0.004897861593041508	-0.00042132897688218485	-0.00376406379034111	-0.0006603725795375492	-0.0005440258564124445	0.006376811459525511	-0.0010906853894863122	0.0006657959563594051
-0.004648223994812017	-0.0007957853742273091	-0.003389607392996208	-0.0015965135729003599	-0.001105710452430353	0.009060415640497421	-0.0005914101930266646	-0.00033275443656011205
-0.002401485610741938	-0.00023410077821028885	-0.001891781803616377	-0.0009724195773250788	-0.00048161645685484977	0.012867389013503816	0.0010936435950257284	0.00035374895857209765
-0.0025263044098575715	-0.0005461477759973743	-0.0015173254062714747	-0.0016589229724575105	-0.001105710452430353	0.014926899198901333	0.0014056905928128138	-0.0005199826352331183
-0.0006540224231326164	0.00032758381780739754	-0.0004563656137943628	-0.0010972383764402682	8.006813916194844e-05	0.0166743623865111	0.0025914691844053372	0.0006657959563594051
-0.0012781164187074534	0.0002027650186922081	-0.0003939562142367681	-0.0012220571755554577	-0.0004192070572974771	0.01573822139314851	0.0019673751888305002	-0.00014552623788777197
0.001405487762264901	0.00014035561913461336	0.00023013778133762486	-0.00034832558175068584	0.00045452453650729474	0.014302805203326718	0.002841106782635716	0.00041615835812947033
0.005212461135271296	0.0005772214160373323	0.0019151915693900179	0.0006502248111692754	0.0017027125276571908	0.012118476218814234	0.003714838376440044	-0.0002703450370029614
0.007896065316243206	0.0011389060120545746	0.002976151361867796	0.0021480504005488843	0.0028884911192497142	0.010183784832532128	0.0046509793698024104	0.00047856775768706505
0.0077712465171280165	0.001076496612497424	0.003163379560540136	0.002397687998778819	0.002950900518806865	0.00856114044403733	0.004588569970244816	-0.0002079356374453667
0.010142803700312841	0.0014509530098421042	0.003912292355229718	0.003084191393911695	0.003949450911726826	0.009434872037842545	0.005649529762722594	0.00047856775768706505
0.009331481506065664	0.0013885436102845095	0.004161929953460097	0.0029593725947960614	0.0034501757152669565	0.01149438222323984	0.005649529762722594	-0.0002079356374453667
0.007459199519340931	0.0014509530098421042	0.0034130171587696267	0.002397687998778819	0.003138128717479205	0.014365214602883869	0.0057119391622801885	0.0006033865568018104
0.0048380047379263935	0.0009516778133817905	0.002726513763637639	0.001149500007629367	0.0020147595254449424	0.01698640938429863	0.004775798168917378	-0.0002703450370029614
0.005399689333943636	0.001263724811169764	0.0032881983596553255	0.0012119094071869618	0.0022019877241168384	0.019982060563057846	0.005524710963607626	0.0006033865568018104
0.0005317561684592409	0.00038999321736499226	0.0013535069733729976	-0.0006603725795375492	0.0002048869382771379	0.01898351017013833	0.0031531537804228016	-0.0002079356374453667
0.0012806689631497115	0.0007644496147098945	0.0016655539711605272	-0.0002859161821930911	0.0008913903334095696	0.01742327518120068	0.003090744380865207	0.0006657959563594051
0.0003445279697873449	1.5536820019868003e-05	0.0010414599755856901	-0.0006603725795375492	1.7658739604797802e-05	0.01292979841306141	0.0017801469901581601	-0.0003951638361177068
0.0023416287556268234	0.0010140872129398293	0.0017279633707176778	0.0007750436102840208	0.0015154843289848507	0.00856114044403733	0.0021546033875032844	0.00091543355458934
0.0009062125658048092	-0.0001092819790950994	0.00047977537956800376	8.85402151518111e-05	0.0005793433356224842	0.0029442944838637963	0.00046954959945089136	-0.0003951638361177068
0.0017175347600517643	0.00032758381780739754	0.0005421847791255985	0.0012119094071869618	0.0013282561303125107	0.001508878294041338	0.0009064153963529442	0.0005409771572446598
0.0007813937666896198	1.5536820019868003e-05	-8.190921644946059e-05	0.0007126342107268702	0.0009537997329671644	0.0024450192874039267	0.0007815965972384209	-0.0003951638361177068
0.001343078362706862	0.0002651744182498028	0.00010531898222332359	0.0009622718089565829	0.0013906655298696613	0.0073129524528878775	0.0018425563897157549	0.00041615835812947033
-0.0006540224231326164	-4.687257953750468e-05	-0.00020672801556420595	8.85402151518111e-05	0.0005169339360648895	0.013117026611734195	0.002029784588388095	-0.00045757323567552355
3.248097199959332e-05	0.0007644496147098945	0.0005421847791255985	2.6130815594438417e-05	0.0008913903334095696	0.01892110077058029	0.003527610177768148	0.0008530241550321893
-0.001590163416495205	-4.687257953750468e-05	0.00023013778133762486	-0.001346875974670203	-0.0006064352559702613	0.020481335759517716	0.0027786973830781214	-0.00045757323567552355
-0.0010284788204775186	0.00038999321736499226	0.00047977537956800376	-0.0010348289768826735	-0.00023197885862469292	0.019794832364385506	0.003090744380865207	0.0006033865568018104
-0.000966069420920368	-0.0001092819790950994	0.00010531898222332359	-0.001346875974670203	-0.00023197885862469292	0.014926899198901333	0.0021546033875032844	-0.00033275443656011205
0.0010934407644769273	0.0002651744182498028	0.0005421847791255985	-9.868798352030694e-05	0.0009537997329671644	0.009871737834744598	0.0021546033875032844	0.00035374895857209765
0.0002821185702299722	7.794621957746273e-05	0.00041736598001040903	0.0002757684138241512	0.0008289809338528631	0.004504529472800556	0.0013432811932561073	-0.00033275443656011205
0.0010310313649193326	0.00014035561913461336	0.00010531898222332359	0.0005254060120545301	0.001016209132524759	0.0005727373006789716	0.0011560529945833231	0.00041615835812947033
0.0003445279697873449	-0.00023410077821028885	0.0001677283817809183	0.00015094961470940582	0.00026729633783451057	-0.0007378600900280752	0.0007191871976808262	-0.000582392034790713
0.000968621965362404	0.000452402616922587	0.0006045941786829712	0.0007126342107268702	0.0008913903334095696	0.0016961064927139002	0.001592918791485376	0.0006033865568018104
-0.002401485610741938	-0.0001092819790950994	-0.000830822011139043	-0.0005355537804230259	-0.0001695694590670982	0.0043797106736858105	0.00046954959945089136	-0.0002079356374453667
-0.00795592217135832	-0.0007333759746697144	-0.0036392449912263647	-0.0015341041733427652	-0.0016673950484471511	0.007437771252003067	-0.0014027323872733977	0.00047856775768706505
-0.008892063164721131	-0.0007957853742273091	-0.00407611078812864	-0.0020957887693602295	-0.0018546232471194912	0.011431972823682246	-0.0015275511863888092	-8.311683833062133e-05
-0.008704834966048791	-0.0007333759746697144	-0.004450567185473542	-0.0023454263675903864	-0.0017298044480047459	0.013865939406423777	-0.0014651417868314365	0.0006033865568018104
-0.0102026605554284	-0.0014198793698021461	-0.005074661181048379	-0.0031567485618371194	-0.002728354840924263	0.01424039580376868	-0.0025261015793083264	-0.0003951638361177068
-0.008455197367818634	-0.0009830135728998712	-0.0045129765850311365	-0.0026574733653770277	-0.002166670244907243	0.013429073609521502	-0.0020268263828486788	0.00047856775768706505
-0.006707734180209091	-0.00048373837643977957	-0.0032023791943234237	-0.002158198168917602	-0.0016049856488900005	0.010932697627222154	-0.0015275511863888092	-2.070743877302661e-05
-0.005209908590829038	-0.0005461477759973743	-0.0030775603952086783	-0.0015341041733427652	-0.0013553480506596216	0.007437771252003067	-0.0014027323872733977	0.0006657959563594051
-0.003462445403219494	-0.00048373837643977957	-0.0022038288014039065	-0.0010972383764402682	-0.000856072854199974	0.005191032867933432	-0.0008410477912563774	-0.0002703450370029614
-0.0006540224231326164	7.794621957746273e-05	-0.0012052784084843893	-3.627858396271222e-05	0.00045452453650729474	0.005378261066605328	0.00040714019989329664	0.0006033865568018104
-0.0004043848249022375	0.0002027650186922081	-0.0006435938124667029	0.0002757684138241512	0.0005793433356224842	0.0077498182497901524	0.0010936435950257284	4.1701960784568115e-05
3.248097199959332e-05	0.0002027650186922081	-0.0007684126115818923	0.00015094961470940582	0.0009537997329671644	0.011182335225451867	0.002029784588388095	0.0006657959563594051
-0.0005916130235750217	1.5536820019868003e-05	-0.0008932314106966377	-0.0004731443808649871	0.0003921151369497	0.014677261600671399	0.002029784588388095	-0.0002079356374453667
0.0025288569542993855	0.0010140872129398293	0.000854231776912906	0.0008374530098416155	0.0017027125276571908	0.0194827853665982	0.004276522972457286	0.0009778429541469347
0.005711736331731387	0.0011389060120545746	0.0024768761654077043	0.0010870906080717724	0.002326806523232028	0.0214798861524379	0.005649529762722594	4.1701960784568115e-05
0.007584018318455676	0.0016381812085146663	0.003537835957884816	0.0018360034027617989	0.0032005381170367997	0.021105429755092553	0.006398442557412398	0.0009778429541469347
0.007147152521553624	0.0012013154116117253	0.0037250641565573783	0.0015239564049744914	0.0026388535210195574	0.01817218797589093	0.0057119391622801885	-8.311683833062133e-05
0.010205213099870436	0.0018878188067446011	0.00509807094682202	0.0025225067978940086	0.003949450911726826	0.015613402594033765	0.006523261356527366	0.0008530241550321893
0.009456300305180854	0.0013885436102845095	0.005285299145494582	0.0022728691996636297	0.0032629475165939503	0.012243295017929423	0.0057119391622801885	-0.0002079356374453667
0.006959924322880839	0.0011389060120545746	0.003974701754787313	0.002023231601434139	0.0026388535210195574	0.009622100236515108	0.004526160570687665	0.0006033865568018104
0.005774145731288538	0.001263724811169764	0.0036626547570000056	0.0017111846036468314	0.002514034721904368	0.009310053238727356	0.00408929477378539	4.1701960784568115e-05
0.006273420927748852	0.0015757718089572936	0.0037250641565573783	0.0021480504005488843	0.0028884911192497142	0.011119925825894716	0.00440134177157292	0.0008530241550321893
0.001155850164034966	0.0005772214160373323	0.0015407351720453377	0.0007126342107268702	0.0010786185320821318	0.012118476218814234	0.002466650385290592	4.1701960784568115e-05
0.0015303065613792022	0.0008892684138246398	0.0011662787747004355	0.0008374530098416155	0.001453074929427256	0.014552442801556209	0.002841106782635716	0.0007906147554745946
0.00015729977111478277	7.794621957746273e-05	0.00041736598001040903	-0.00016109738307790167	0.0005169339360648895	0.01536376499580383	0.0021546033875032844	-0.00033275443656011205
0.0010310313649193326	0.0005772214160373323	0.0007918223773553112	0.0005254060120545301	0.0012034373311973212	0.016424724788280942	0.0029659255817500174	0.0007282053559169999
0.0002821185702299722	0.0002651744182498028	0.0006045941786829712	-0.00016109738307790167	0.0007041621347372296	0.01523894619668864	0.0025290597848481866	-0.0002079356374453667
0.0007189843671320251	0.0005772214160373323	0.0007294129777981606	0.0004005872129397847	0.0010786185320821318	0.014614852201114248	0.0027162879835200826	0.0006657959563594051
0.00015729977111478277	0.0002027650186922081	0.0007294129777981606	2.6130815594438417e-05	0.0006417527351800789	0.013117026611734195	0.0023418315861756245	-0.0002703450370029614
0.0010934407644769273	0.00038999321736499226	0.0007918223773553112	8.85402151518111e-05	0.001016209132524759	0.011993657419699488	0.0025290597848481866	0.0005409771572446598
-0.0004667942244607204	-4.687257953750468e-05	0.0005421847791255985	-0.0002859161821930911	0.00026729633783451057	0.011556791622796991	0.0016553281910431927	-0.0005199826352331183
-0.0002795660257879362	1.5536820019868003e-05	0.00029254718089566367	-0.0002859161821930911	0.00045452453650729474	0.011619201022354586	0.0017801469901581601	0.0002289301594569082
-0.0005292036240174269	7.794621957746273e-05	0.0001677283817809183	-0.0005979631799803986	0.0002048869382771379	0.01149438222323984	0.001592918791485376	-0.00033275443656011205
-0.00015474722667274676	0.00014035561913461336	0.00010531898222332359	-9.868798352030694e-05	0.0006417527351800789	0.012243295017929423	0.0018425563897157549	0.0002913395590145029
-0.0010908882200351133	-4.687257953750468e-05	-0.00020672801556420595	-0.0004731443808649871	0.00014247753871998725	0.012056066819256639	0.0016553281910431927	-0.00033275443656011205
0.0005941655680168356	0.00038999321736499226	0.00010531898222332359	0.00021335901426700055	0.0011410279316397265	0.012180885618371828	0.0023418315861756245	0.0006033865568018104
-0.0008412506218047344	-0.00017169137865291617	-0.0003939562142367681	-0.0002859161821930911	0.00014247753871998725	0.011681610421911737	0.001592918791485376	-0.0005199826352331183
-2.9928427557557313e-05	1.5536820019868003e-05	-0.00026913741512180067	-3.627858396271222e-05	0.0007041621347372296	0.011744019821469331	0.0019673751888305002	0.0002913395590145029
-0.0004043848249022375	1.5536820019868003e-05	-1.9499816891865862e-05	-0.0002859161821930911	0.0003297057373927714	0.011307154024567057	0.001592918791485376	-0.0003951638361177068
-0.00015474722667274676	-4.687257953750468e-05	-1.9499816891865862e-05	-9.868798352030694e-05	0.00045452453650729474	0.01149438222323984	0.0016553281910431927	0.00035374895857209765
-0.0031503984054324086	-4.687257953750468e-05	-0.0007684126115818923	-0.0009100101777679281	-0.00035679765773988237	0.010121375432974533	0.000344730800336146	-0.0002079356374453667
-0.00795592217135832	-0.0007333759746697144	-0.0032647885938810184	-0.0020957887693602295	-0.0015425762493319617	0.0073129524528878775	-0.0020892357824062735	0.0005409771572446598
-0.00901688196383632	-0.0013574699702449955	-0.004013701388571045	-0.0026574733653770277	-0.0024787172426943282	0.005565489265278112	-0.003275014373998797	-0.0005199826352331183
-0.0082055597695887	-0.0008581947737853479	-0.0038888825894558554	-0.0020957887693602295	-0.0018546232471194912	0.0045669388723581505	-0.0029629673762110453	0.00047856775768706505
-0.009141700762951066	-0.0012950605706874008	-0.0045129765850311365	-0.002595063965820321	-0.002541126642251923	0.0030691132829785417	-0.0037118801709006277	-0.00033275443656011205
-0.007331828175783928	-0.0009830135728998712	-0.003951291989013894	-0.0016589229724575105	-0.0016049856488900005	0.0036932072785533787	-0.0027133297779806664	0.0002913395590145029
-0.007519056374456268	-0.0013574699702449955	-0.004388157785916391	-0.0023454263675903864	-0.00210426084534987	0.0035683884794386334	-0.002838148577095856	-0.0006448014343478636
-0.005022680392156698	-0.0008581947737853479	-0.003327197993438613	-0.001346875974670203	-0.0009808916533147194	0.006501630258640256	-0.0012155041886015017	0.0002289301594569082
-0.003712083001449429	-0.0005461477759973743	-0.0022038288014039065	-0.0010348289768826735	-0.0007936634546423793	0.009871737834744598	-9.213499656635094e-05	-0.0003951638361177068
-0.0016525728160527997	-0.00023410077821028885	-0.0015173254062714747	-0.0007851913786531828	8.006813916194844e-05	0.012867389013503816	0.0012184623941409178	0.00041615835812947033
-0.0013405258182650481	-0.00017169137865291617	-0.0006435938124667029	-0.0007227819790955881	-4.475065995279692e-05	0.015301355596246236	0.0017177375906007875	-0.0003951638361177068
-0.0004667942244607204	0.00032758381780739754	-0.00020672801556420595	-0.0002859161821930911	0.0005793433356224842	0.01654954358739591	0.0023418315861756245	0.0006657959563594051
-0.000966069420920368	-0.00023410077821028885	-0.0005187750133515134	-0.0010972383764402682	-0.00010716005951039165	0.01473967100022855	0.0015305093919280033	-0.0002703450370029614
0.0034025885481041573	0.0008268590142670451	0.0016655539711605272	0.0007750436102840208	0.0015778937285420014	0.014427624002441464	0.0033403819790955858	0.0006657959563594051
0.006148602128633662	0.0008268590142670451	0.003163379560540136	0.0012743188067441125	0.0020147595254449424	0.012180885618371828	0.0042141135729001356	-0.0002703450370029614
0.007584018318455676	0.0010140872129398293	0.0034130171587696267	0.0017111846036468314	0.0026388535210195574	0.008998006240939826	0.00440134177157292	0.0005409771572446598
0.007708837117570866	0.0011389060120545746	0.004099520553902503	0.002023231601434139	0.0026388535210195574	0.007562590051117812	0.004588569970244816	-0.0002703450370029614
0.009830756702525756	0.0016381812085146663	0.004973252147707274	0.0028969631952389108	0.003574994514381702	0.008311502845807839	0.00583675796139449	0.0005409771572446598
0.008644978110932788	0.0011389060120545746	0.00459879575036215	0.002210459800106923	0.0030133099183649037	0.008873187441825081	0.005399892164492437	-0.00033275443656011205
0.0060861927290760676	0.0011389060120545746	0.003600245357442189	0.002023231601434139	0.0025764441214617406	0.010807878828106965	0.004900616968032567	0.0005409771572446598
0.004713185938811204	0.0010140872129398293	0.00335060775921292	0.0013991376058588578	0.002077168925001649	0.0130546172121766	0.00440134177157292	-0.0002703450370029614
0.004463548340581713	0.0007020402151522998	0.002913741962309757	0.0009622718089565829	0.001889940726329753	0.014177986404211529	0.00408929477378539	0.00041615835812947033
0.0004069373693449396	1.5536820019868003e-05	0.001478325772488187	-9.868798352030694e-05	0.0003921151369497	0.013366664209963908	0.002029784588388095	-0.000582392034790713
0.0010934407644769273	0.000452402616922587	0.0016031445716024884	0.00021335901426700055	0.0008913903334095696	0.012180885618371828	0.002029784588388095	0.00047856775768706505
0.00021970917067215545	-0.0001092819790950994	0.0011662787747004355	-0.00041073498130828057	0.00014247753871998725	0.009060415640497421	0.0007815965972384209	-0.0006448014343478636
0.0010934407644769273	7.794621957746273e-05	0.0015407351720453377	0.00021335901426700055	0.0005169339360648895	0.006688858457312596	0.000968824795910983	0.0002289301594569082
0.0003445279697873449	1.5536820019868003e-05	0.0010414599755856901	2.6130815594438417e-05	0.00014247753871998725	0.004005254276340686	0.00040714019989329664	-0.00045757323567552355
0.0007813937666896198	0.00032758381780739754	0.0007918223773553112	0.0004005872129397847	0.0006417527351800789	0.003256341481651104	0.0006567777981236755	0.00041615835812947033
-9.233782711515204e-05	1.5536820019868003e-05	0.0005421847791255985	0.00021335901426700055	0.00014247753871998725	0.004317301274127772	0.0005943683985656367	-0.0005199826352331183
0.0003445279697873449	7.794621957746273e-05	0.00010531898222332359	0.0002757684138241512	0.0005793433356224842	0.006813677256427786	0.0014680999923708526	0.00035374895857209765
-0.0010908882200351133	-0.0003589195773254783	-0.0005811844129091082	-0.0005355537804230259	-0.00010716005951039165	0.009247643839170205	0.0011560529945833231	-0.0006448014343478636
3.248097199959332e-05	0.0005148120164792935	0.00029254718089566367	0.0003381778133817459	0.0008913903334095696	0.0130546172121766	0.0025914691844053372	0.0006033865568018104
-0.0007164318226899891	0.00014035561913461336	4.290958266572886e-05	-0.00034832558175068584	0.00045452453650729474	0.013491483009079097	0.0022794221866175857	-0.0002703450370029614
0.00021970917067215545	0.000452402616922587	0.0006670035782407879	8.85402151518111e-05	0.0009537997329671644	0.013304254810406979	0.0025914691844053372	0.0006657959563594051
-0.0008412506218047344	-0.0002965101777674395	0.00041736598001040903	-0.00041073498130828057	0.0002048869382771379	0.011057516426337122	0.0017177375906007875	-0.00045757323567552355
0.0009062125658048092	0.00038999321736499226	0.0010414599755856901	0.00015094961470940582	0.0010786185320821318	0.008810778042267486	0.0020921939879456897	0.00041615835812947033
-0.0005292036240174269	-0.0002965101777674395	0.0005421847791255985	-0.00041073498130828057	0.00014247753871998725	0.006251992660410544	0.0009064153963529442	-0.0005199826352331183
0.00046934676890253435	0.00032758381780739754	0.0009790505760280954	0.0003381778133817459	0.0007665715342948243	0.005939945662623014	0.0014056905928128138	0.00041615835812947033
-0.0006540224231326164	-0.0005461477759973743	-1.9499816891865862e-05	-0.0008476007782103334	-0.0001695694590670982	0.004754167071030935	0.000531958999008042	-0.0007696202334630531
9.489037155718805e-05	0.0002651744182498028	0.00047977537956800376	0.00021335901426700055	0.0006417527351800789	0.006938496055542975	0.0012184623941409178	0.00047856775768706505
-0.00433617699702471	-0.0003589195773254783	-0.0013925066071567294	-0.0009724195773250788	-0.0007312540550847846	0.007063314854657721	-0.00034177259479584166	-0.0003951638361177068
-0.008767244365605942	-0.0011078323720146166	-0.004388157785916391	-0.0023454263675903864	-0.0019794420462346807	0.005378261066605328	-0.0024636921797511757	0.0002913395590145029
-0.008455197367818634	-0.000608557175554969	-0.0037016543907830712	-0.0017837417715727	-0.0017298044480047459	0.006127173861295354	-0.002151645181963424	-2.070743877302661e-05
-0.008267969169146294	-0.0006709665751125637	-0.004013701388571045	-0.0015965135729003599	-0.0014177574502176604	0.0056278986648354845	-0.0020892357824062735	0.0008530241550321893
-0.008517606767376229	-0.001045422972457466	-0.00407611078812864	-0.002033379369802635	-0.0017922138475623406	0.0039428448767833135	-0.002650920378423516	-8.311683833062133e-05
-0.006832552979323836	-0.00042132897688218485	-0.003139969794766273	-0.0011596477759974189	-0.001105710452430353	0.004067663675898725	-0.0019020075837334893	0.0009778429541469347
-0.0065205059815367505	-0.0009830135728998712	-0.002703103997863554	-0.0015965135729003599	-0.001480166849774811	0.0037556166781109734	-0.001964416983291084	-0.0002079356374453667
-0.0042113581979095205	-0.00017169137865291617	-0.0017669630045018536	-0.0010348289768826735	-0.0006064352559702613	0.004816576470588307	-0.000903457190813528	0.0007906147554745946
-0.0025263044098575715	7.794621957746273e-05	-0.00033154681467917335	-0.0004731443808649871	-0.00029438825818228764	0.007188133653772688	9.50932021057671e-05	0.00016652075989975756
-0.0007164318226899891	0.000452402616922587	0.00010531898222332359	-3.627858396271222e-05	0.0005169339360648895	0.008748368642709892	0.0010936435950257284	0.0009778429541469347
-0.0010284788204775186	-0.00017169137865291617	-0.00020672801556420595	-0.0009100101777679281	-0.0001695694590670982	0.008873187441825081	0.0008440059967960156	-0.0002703450370029614
-0.0009036600213623291	-0.00023410077821028885	-0.0005811844129091082	-0.0005979631799803986	-0.0001695694590670982	0.009559690836957513	0.000968824795910983	0.00035374895857209765
-0.0002795660257879362	7.794621957746273e-05	-0.00014431861600661122	-0.0002235067826354964	0.00026729633783451057	0.009434872037842545	0.0015305093919280033	-0.0002079356374453667
0.0035898167467769415	0.000452402616922587	0.0009166411764705007	0.0006502248111692754	0.0015154843289848507	0.008748368642709892	0.0029659255817500174	0.00041615835812947033
0.006585467925535715	0.0011389060120545746	0.003163379560540136	0.002023231601434139	0.0023892159227896226	0.009060415640497421	0.004588569970244816	-8.311683833062133e-05
0.007209561921110774	0.001076496612497424	0.0032881983596553255	0.002023231601434139	0.002763672320134525	0.007375361852445472	0.004775798168917378	0.00047856775768706505
0.008083293514915768	0.001263724811169764	0.004286748752575287	0.002397687998778819	0.0028884911192497142	0.006688858457312596	0.004963026367589718	-0.00014552623788777197
0.009705937903410566	0.0014509530098421042	0.00509807094682202	0.0030217819943541002	0.0034501757152669565	0.007375361852445472	0.005774348561836895	0.0005409771572446598
0.008208112314030958	0.0011389060120545746	0.00491084274814968	0.002023231601434139	0.0028260817196921195	0.0073129524528878775	0.004838207568475195	-0.00045757323567552355
0.005586917532615976	0.0007644496147098945	0.0037250641565573783	0.0014615470054164525	0.002077168925001649	0.007812227649347747	0.0035900195773248544	0.0002289301594569082
0.004276320141909373	0.00038999321736499226	0.0034754265583272215	0.0008374530098416155	0.0012658467307544718	0.008810778042267486	0.0029035161821928668	-0.0006448014343478636
0.004151501342794184	0.0005772214160373323	0.003163379560540136	0.0007750436102840208	0.0015778937285420014	0.008685959243152297	0.0029035161821928668	0.0002289301594569082
0.0005941655680168356	0.00014035561913461336	0.0017903727702752725	-0.00016109738307790167	0.0003921151369497	0.007188133653772688	0.0011560529945833231	-0.0006448014343478636
0.0006565749675744303	7.794621957746273e-05	0.0013535069733729976	8.85402151518111e-05	0.0005169339360648895	0.006751267856870635	0.0012184623941409178	0.00016652075989975756
0.0005317561684592409	-4.687257953750468e-05	0.0010414599755856901	-3.627858396271222e-05	0.0003921151369497	0.005503079865720517	0.0011560529945833231	-0.0006448014343478636
0.0005941655680168356	-0.0002965101777674395	0.00047977537956800376	0.00015094961470940582	0.0005169339360648895	0.005315851667047733	0.0012184623941409178	0.00010411136034216284
3.248097199959332e-05	0.00014035561913461336	0.0009166411764705007	0.0004005872129397847	0.0007041621347372296	0.006376811459525511	0.0015305093919280033	-0.0002703450370029614
0.00046934676890253435	0.0002651744182498028	0.000854231776912906	0.0004005872129397847	0.0009537997329671644	0.007375361852445472	0.0019049657892729055	0.00047856775768706505
0.0002821185702299722	0.000452402616922587	0.0013535069733729976	0.0004005872129397847	0.0007041621347372296	0.008935596841382676	0.0019049657892729055	-0.00014552623788777197
0.0007189843671320251	0.0005148120164792935	0.0016031445716024884	0.0005878154116116807	0.0011410279316397265	0.009809328435187004	0.002404240985732997	0.0005409771572446598
-0.0005292036240174269	-0.0001092819790950994	0.0010414599755856901	-0.0005355537804230259	0.0003297057373927714	0.008373912245365434	0.0013432811932561073	-0.0002079356374453667
0.0005317561684592409	0.0005148120164792935	0.0015407351720453377	0.0004005872129397847	0.0009537997329671644	0.008935596841382676	0.0019049657892729055	0.0007906147554745946
-0.0004667942244607204	0.00032758381780739754	0.0013535069733729976	0.00015094961470940582	0.0005793433356224842	0.007812227649347747	0.001592918791485376	-8.311683833062133e-05
0.00015729977111478277	1.5536820019868003e-05	0.0006670035782407879	-0.0002235067826354964	0.0006417527351800789	0.0056278986648354845	0.0012184623941409178	0.00035374895857209765
-0.00034197542534508685	-4.687257953750468e-05	0.0007294129777981606	-0.00016109738307790167	0.0003297057373927714	0.005191032867933432	0.0010312341954685778	-0.0003951638361177068
-2.9928427557557313e-05	0.00014035561913461336	0.0005421847791255985	0.00015094961470940582	0.0006417527351800789	0.005066214068818242	0.0014680999923708526	0.00047856775768706505
-0.0002795660257879362	7.794621957746273e-05	0.00029254718089566367	-0.0002235067826354964	0.0003921151369497	0.004754167071030935	0.0011560529945833231	-0.00033275443656011205
0.00021970917067215545	0.0002651744182498028	0.0003549565804528143	0.0003381778133817459	0.0007041621347372296	0.0060647644617382035	0.0015305093919280033	0.0006033865568018104
-0.000966069420920368	-0.00023410077821028885	-8.190921644946059e-05	-0.0002859161821930911	0.00014247753871998725	0.0060647644617382035	0.0010936435950257284	-0.000582392034790713
-9.233782711515204e-05	0.00038999321736499226	0.0003549565804528143	0.0003381778133817459	0.0008289809338528631	0.006938496055542975	0.0014056905928128138	0.0006033865568018104
-0.005147499191271887	-0.00048373837643977957	-0.0015173254062714747	-0.0009724195773250788	-0.0010433010528727582	0.005503079865720517	-0.000903457190813528	-0.0002079356374453667
-0.00789351277180117	-0.000608557175554969	-0.0032023791943234237	-0.0015965135729003599	-0.001480166849774811	0.003443569680323444	-0.002401282780193581	0.0006657959563594051
-0.008267969169146294	-0.0009206041733422765	-0.0032647885938810184	-0.00197096997024504	-0.00210426084534987	0.0020081534905014298	-0.003275014373998797	4.1701960784568115e-05
-0.008642425566491196	-0.0011078323720146166	-0.0038264731898987048	-0.00197096997024504	-0.0022914890440224323	0.0006975560997937169	-0.0037742895704586665	0.0006033865568018104
-0.008517606767376229	-0.0009830135728998712	-0.0037016543907830712	-0.0020957887693602295	-0.002353898443579583	-0.000363403692683395	-0.003836698970015817	-0.0002079356374453667
-0.006707734180209091	-0.000608557175554969	-0.003327197993438613	-0.0014716947737851704	-0.0016049856488900005	-0.0001137660944534602	-0.0031501955748836075	0.0007282053559169999
-0.0065205059815367505	-0.001045422972457466	-0.0030775603952086783	-0.0017213323720155493	-0.0017922138475623406	0.0010096030975814685	-0.002838148577095856	-0.00033275443656011205
-0.004897861593041508	-0.0009206041733422765	-0.0030775603952086783	-0.0015341041733427652	-0.0014177574502176604	0.002382609887846554	-0.0020268263828486788	0.0002913395590145029
-0.0027135326085294675	-0.0005461477759973743	-0.00164214420538622	-0.0009724195773250788	-0.0006688446555271899	0.004629348271915745	-0.0005914101930266646	-0.0003951638361177068
-0.001590163416495205	-0.0002965101777674395	-0.00126768780804154	-0.0005355537804230259	-0.00023197885862469292	0.006251992660410544	0.00040714019989329664	0.00035374895857209765
-0.0007788412222480279	-0.00017169137865291617	-0.0003939562142367681	-0.00034832558175068584	0.00014247753871998725	0.006439220859083106	0.000968824795910983	-0.0002703450370029614
0.00021970917067215545	0.00014035561913461336	4.290958266572886e-05	8.85402151518111e-05	0.00045452453650729474	0.006127173861295354	0.0013432811932561073	0.0006033865568018104
-0.0002171566262303415	-0.0003589195773254783	0.00023013778133762486	-9.868798352030694e-05	-4.475065995279692e-05	0.00469175767147334	0.000968824795910983	-0.00033275443656011205
0.005025232936598956	0.0005148120164792935	0.0024144667658496655	0.0008998624093992103	0.0020147595254449424	0.0039428448767833135	0.0027786973830781214	0.00041615835812947033
0.0063358303273064465	0.00038999321736499226	0.003787473556114973	0.0016487752040890147	0.0021395783245596878	0.005315851667047733	0.003465200778210553	-0.0006448014343478636
0.007084743121995585	0.000639630815594705	0.004099520553902503	0.0018984128023189495	0.0024516253223467732	0.005939945662623014	0.0037772477759976386	0.00010411136034216284
0.008332931113145703	0.0011389060120545746	0.00491084274814968	0.0018360034027617989	0.002763672320134525	0.006251992660410544	0.004276522972457286	-0.0002703450370029614
0.009331481506065664	0.001263724811169764	0.005659755542839706	0.002397687998778819	0.0032005381170367997	0.008748368642709892	0.004963026367589718	0.00035374895857209765
0.006710286724651349	0.0009516778133817905	0.00491084274814968	0.0016487752040890147	0.0022019877241168384	0.009809328435187004	0.004338932372015325	-0.00033275443656011205
0.005586917532615976	0.0010140872129398293	0.003912292355229718	0.0014615470054164525	0.0023892159227896226	0.008998006240939826	0.003902066575112828	0.00041615835812947033
0.0044011389410236745	0.00038999321736499226	0.0032257889600977308	0.0008998624093992103	0.001453074929427256	0.0077498182497901524	0.0031531537804228016	-0.0006448014343478636
0.003964273144121178	0.0008892684138246398	0.0030385607614253907	0.0015239564049744914	0.0020147595254449424	0.007188133653772688	0.0034027913786529584	0.0005409771572446598
0.00021970917067215545	-0.00017169137865291617	0.001291097573815403	2.6130815594438417e-05	0.00026729633783451057	0.003880435477225719	0.0011560529945833231	-0.000582392034790713
0.0017175347600517643	0.000452402616922587	0.0016031445716024884	0.0010870906080717724	0.0010786185320821318	0.003443569680323444	0.0018425563897157549	0.0005409771572446598
0.0010310313649193326	0.00032758381780739754	0.0017279633707176778	0.0007126342107268702	0.0008289809338528631	0.002320200488288293	0.0013432811932561073	-0.00014552623788777197
0.0017175347600517643	0.000639630815594705	0.0019151915693900179	0.0010246812085143997	0.0011410279316397265	0.002819475684748607	0.0014680999923708526	0.0006657959563594051
0.0003445279697873449	0.0005148120164792935	0.0017903727702752725	0.0005878154116116807	0.0005793433356224842	0.004005254276340686	0.0007191871976808262	-8.311683833062133e-05
9.489037155718805e-05	-4.687257953750468e-05	0.0010414599755856901	2.6130815594438417e-05	0.0003921151369497	0.004878985870145902	0.00046954959945089136	0.00035374895857209765
-0.00015474722667274676	7.794621957746273e-05	0.001478325772488187	-0.0002235067826354964	0.00026729633783451057	0.005939945662623014	0.000531958999008042	-0.00033275443656011205
9.489037155718805e-05	0.00038999321736499226	0.0013535069733729976	0.0002757684138241512	0.0005169339360648895	0.007125724254215315	0.0010312341954685778	0.0006657959563594051
-0.0010284788204775186	-0.0003589195773254783	0.00041736598001040903	-0.0005979631799803986	-4.475065995279692e-05	0.005440670466162922	0.00046954959945089136	-0.00045757323567552355
0.00046934676890253435	0.0002027650186922081	0.0007294129777981606	0.0002757684138241512	0.0008289809338528631	0.004317301274127772	0.0013432811932561073	0.00041615835812947033
-0.0005292036240174269	-4.687257953750468e-05	0.00029254718089566367	0.00015094961470940582	0.00026729633783451057	0.0029442944838637963	0.0010936435950257284	-0.00014552623788777197
0.00046934676890253435	0.00038999321736499226	0.00041736598001040903	0.0007750436102840208	0.0009537997329671644	0.0016336970931563055	0.0016553281910431927	0.0005409771572446598
-0.00034197542534508685	-0.0005461477759973743	-0.00014431861600661122	-9.868798352030694e-05	-4.475065995279692e-05	7.346210421910193e-05	0.0007191871976808262	-0.0007072108339054584
0.0003445279697873449	1.5536820019868003e-05	0.00047977537956800376	0.0006502248111692754	0.0006417527351800789	0.0006975560997937169	0.0011560529945833231	0.00035374895857209765
-0.0005292036240174269	-0.00048373837643977957	0.00029254718089566367	-0.0002859161821930911	1.7658739604797802e-05	0.0007599654993513116	0.00040714019989329664	-0.0007072108339054584
0.0007189843671320251	0.00032758381780739754	0.0012286881742578082	0.0005254060120545301	0.0008913903334095696	0.0031315226825359144	0.000968824795910983	0.0005409771572446598
-0.0006540224231326164	-0.0003589195773254783	0.0007918223773553112	-0.0004731443808649871	-0.0001695694590670982	0.0045669388723581505	0.0002823214007785513	-0.000582392034790713
-0.0010908882200351133	-0.0001092819790950994	0.0006045941786829712	-0.0005355537804230259	0.00014247753871998725	0.005191032867933432	9.50932021057671e-05	0.00035374895857209765
-0.006208458983749221	-0.001045422972457466	-0.0015173254062714747	-0.002033379369802635	-0.0016673950484471511	0.003256341481651104	-0.0025261015793083264	-0.0005199826352331183
-0.008580016166933602	-0.0011078323720146166	-0.0030151509956510836	-0.0020957887693602295	-0.0020418514457920534	0.0016961064927139002	-0.003462242572671137	0.00041615835812947033
-0.008455197367818634	-0.0012950605706874008	-0.003389607392996208	-0.0024702451667051317	-0.0022290796444648375	-0.0008626788891434867	-0.0037118801709006277	-0.0005199826352331183
-0.008580016166933602	-0.0014822887693597409	-0.004138520187686234	-0.0020957887693602295	-0.0022290796444648375	-0.0022980950789650567	-0.0037742895704586665	0.0002289301594569082
-0.008580016166933602	-0.0012326511711302501	-0.004138520187686234	-0.0019085605706878894	-0.0022914890440224323	-0.0030470078736553052	-0.003649470771343033	-0.00045757323567552355
-0.006645324780651052	-0.0009830135728998712	-0.00376406379034111	-0.0014716947737851704	-0.0016049856488900005	-0.0029845984740977105	-0.0029629673762110453	0.00041615835812947033
-0.006021230785076659	-0.0009206041733422765	-0.003139969794766273	-0.0011596477759974189	-0.0017922138475623406	-0.001424363485160507	-0.0025261015793083264	-0.0002079356374453667
-0.003961720599679142	-0.00042132897688218485	-0.0021414194018463117	-0.0006603725795375492	-0.0006688446555271899	0.0006351467002361222	-0.0016523699855035545	0.0006033865568018104
-0.00202702921339748	-0.0003589195773254783	-0.0005811844129091082	-0.0007227819790955881	-0.00048161645685484977	0.0029442944838637963	-0.0010282759899287175	-0.0002703450370029614
-0.0012781164187074534	-0.00017169137865291617	4.290958266572886e-05	-0.00034832558175068584	-0.0001695694590670982	0.005315851667047733	-0.0004665913939114752	0.00047856775768706505
-0.0012781164187074534	-0.00023410077821028885	0.0005421847791255985	-0.0006603725795375492	-0.00029438825818228764	0.005939945662623014	-0.0002793631952391351	-0.00033275443656011205
-9.233782711515204e-05	7.794621957746273e-05	0.0007918223773553112	-0.0002859161821930911	0.00045452453650729474	0.005690308064393079	0.000344730800336146	0.0006657959563594051
9.489037155718805e-05	1.5536820019868003e-05	0.0011038693751423967	-0.00016109738307790167	0.0002048869382771379	0.005315851667047733	0.00046954959945089136	-0.0002079356374453667
0.005337279934386485	0.0012013154116117253	0.00335060775921292	0.0017735940032042041	0.002326806523232028	0.006189583260852727	0.0033403819790955858	0.0009778429541469347
0.007084743121995585	0.0010140872129398293	0.00384988295567279	0.0016487752040890147	0.0023892159227896226	0.004941395269703497	0.00408929477378539	-2.070743877302661e-05
0.007084743121995585	0.001076496612497424	0.0037250641565573783	0.002210459800106923	0.0025764441214617406	0.0045669388723581505	0.004526160570687665	0.0006033865568018104
0.008395340512703298	0.0013261342107269147	0.00459879575036215	0.0025849161974513812	0.0030133099183649037	0.004442120073243405	0.005150254566262502	-2.070743877302661e-05
0.009830756702525756	0.0015133624093994769	0.00509807094682202	0.0030217819943541002	0.0035125851148245513	0.004254891874571065	0.005524710963607626	0.0006033865568018104
0.007271971320668147	0.0011389060120545746	0.0045363863508049995	0.002460097398336414	0.0025764441214617406	0.004067663675898725	0.00440134177157292	-0.0002079356374453667
0.005649326932174015	0.001076496612497424	0.00384988295567279	0.0018984128023189495	0.0023892159227896226	0.0039428448767833135	0.003465200778210553	0.0005409771572446598
0.004650776539254053	0.0005772214160373323	0.0036626547570000056	0.0010870906080717724	0.0015154843289848507	0.00419248247501347	0.0025914691844053372	-0.0003951638361177068
0.0029033133516440657	0.000639630815594705	0.0030385607614253907	0.001149500007629367	0.0013282561303125107	0.004754167071030935	0.002029784588388095	0.00041615835812947033
0.0005941655680168356	0.0002027650186922081	0.0019776009689476126	0.00021335901426700055	0.0003297057373927714	0.0033187508812082545	0.0006567777981236755	-0.0002703450370029614
0.001343078362706862	0.00038999321736499226	0.0019151915693900179	0.0005254060120545301	0.0008913903334095696	0.0026946568856334174	0.000968824795910983	0.0006657959563594051
0.0008438031662467704	0.0005148120164792935	0.0019776009689476126	0.0006502248111692754	0.0005793433356224842	0.0022577910887309205	0.0008440059967960156	-8.311683833062133e-05
0.0012806689631497115	0.000452402616922587	0.0014159163729305924	0.0006502248111692754	0.0009537997329671644	0.0013840594949265927	0.0011560529945833231	0.0006033865568018104
3.248097199959332e-05	-4.687257953750468e-05	0.0006670035782407879	0.00015094961470940582	0.0002048869382771379	0.0008223748989091284	0.0007191871976808262	-0.0002703450370029614
0.0007813937666896198	0.00038999321736499226	0.0009166411764705007	0.0008374530098416155	0.0008289809338528631	0.0020705628900590245	0.0014680999923708526	0.0006033865568018104
3.248097199959332e-05	-4.687257953750468e-05	0.0005421847791255985	2.6130815594438417e-05	0.00026729633783451057	0.001758515892271495	0.0010936435950257284	-0.0003951638361177068
0.0008438031662467704	0.00038999321736499226	0.0011038693751423967	0.0007126342107268702	0.0008289809338528631	0.0031315226825359144	0.0017177375906007875	0.0005409771572446598
-0.0007164318226899891	-0.00023410077821028885	0.0006670035782407879	2.6130815594438417e-05	0.00014247753871998725	0.0028818850843062016	0.0008440059967960156	-0.0005199826352331183
0.0005317561684592409	7.794621957746273e-05	0.0012286881742578082	0.0002757684138241512	0.0008289809338528631	0.0031315226825359144	0.0013432811932561073	0.00041615835812947033
-0.0007788412222480279	-0.00023410077821028885	0.0011662787747004355	-0.00016109738307790167	8.006813916194844e-05	0.003443569680323444	0.000531958999008042	-0.0003951638361177068
-0.00015474722667274676	-4.687257953750468e-05	0.001478325772488187	0.00015094961470940582	0.00045452453650729474	0.00419248247501347	0.0008440059967960156	0.0002289301594569082
-0.00034197542534508685	-0.00023410077821028885	0.001291097573815403	-0.00041073498130828057	0.0002048869382771379	0.003443569680323444	0.00040714019989329664	-0.0005199826352331183
0.00021970917067215545	0.00014035561913461336	0.0015407351720453377	0.00015094961470940582	0.0005793433356224842	0.004067663675898725	0.0007191871976808262	0.00041615835812947033
-0.000966069420920368	-0.00017169137865291617	0.0011038693751423967	-0.0002859161821930911	1.7658739604797802e-05	0.0033187508812082545	0.00021991200122095655	-0.0003951638361177068
0.0006565749675744303	0.0002027650186922081	0.0011038693751423967	0.00015094961470940582	0.0008289809338528631	0.002320200488288293	0.0008440059967960156	0.00035374895857209765
-0.0005916130235750217	-0.00042132897688218485	0.00047977537956800376	-0.00016109738307790167	-4.475065995279692e-05	0.0013840594949265927	0.000344730800336146	-0.0006448014343478636
-0.0010908882200351133	-0.00017169137865291617	-8.190921644946059e-05	2.6130815594438417e-05	0.00014247753871998725	0.0004479185015637821	0.00021991200122095655	0.0002913395590145029
-0.0065205059815367505	-0.0011702417715726554	-0.0026406945983064034	-0.0017213323720155493	-0.0017922138475623406	-0.0025477326771958797	-0.0024636921797511757	-0.0006448014343478636
-0.00808074097047351	-0.0011702417715726554	-0.0036392449912263647	-0.0015965135729003599	-0.00210426084534987	-0.0030470078736553052	-0.003212604974440758	0.00010411136034216284
-0.008642425566491196	-0.0013574699702449955	-0.0038888825894558554	-0.002033379369802635	-0.0024163078431371776	-0.003483873670557802	-0.0037118801709006277	-0.00045757323567552355
-0.008143150370031105	-0.0011702417715726554	-0.00376406379034111	-0.0017837417715727	-0.0020418514457920534	-0.00273496087586822	-0.0037118801709006277	0.0002913395590145029
-0.009079291363393471	-0.0017319263675898977	-0.003951291989013894	-0.0025326545662627264	-0.0028531736400394525	-0.0015491822842756964	-0.0043983835660335036	-0.0006448014343478636
-0.006894962378881431	-0.0009206041733422765	-0.002890332196536338	-0.0018461511711302947	-0.0019794420462346807	0.0007599654993513116	-0.0035246519722282876	0.0002289301594569082
-0.006582915381093457	-0.0013574699702449955	-0.0026406945983064034	-0.0023454263675903864	-0.0022290796444648375	0.0014464688944837434	-0.0035246519722282876	-0.0007072108339054584
-0.004523405195696828	-0.0007333759746697144	-0.00164214420538622	-0.0014092853742277978	-0.0011681198519870595	0.0029442944838637963	-0.0022764639810786136	0.0002913395590145029
-0.0025263044098575715	-0.00048373837643977957	-0.0007684126115818923	-0.0009724195773250788	-0.000856072854199974	0.0030691132829785417	-0.001340322987715803	-0.0003951638361177068
-0.000966069420920368	-0.000608557175554969	-0.0006435938124667029	-0.0007227819790955881	-0.00029438825818228764	0.0020081534905014298	-0.0005290007934686258	0.00016652075989975756
-0.0010284788204775186	-0.00023410077821028885	-0.00026913741512180067	-0.0002235067826354964	-0.00029438825818228764	0.001321650095368998	-2.97255970092003e-05	-0.0005199826352331183
