Sensor_1	Sensor_2	Sensor_3	Sensor_4	Sensor_5	Sensor_6	Sensor_7	Sensor_8
0.008052104417486827	0.0013569925383387638	0.004443209117265701	0.0021073813153276166	0.002402412390325903	0.003208585809109543	0.003903779713130051	0.0006241782482643288
0.008925836011291599	0.0009825361409936395	0.004755256115053008	0.0022946095139999567	0.002402412390325903	0.0031461764095517264	0.003966189112687646	-0.0005616003433281946
0.010111614602883678	0.0015442207370111039	0.004942484313725792	0.003105931708247134	0.0034009627832454203	0.003707861005569635	0.004403054909589699	0.00043695004959176664
0.006491869428550068	0.0007953079423212994	0.0032574305256733993	0.0021697907148852114	0.0023400029907683084	0.0023348542153047713	0.0027180011215377498	-0.00037437214465585456
0.006117413031204499	0.0008577173418788941	0.0027581553292133076	0.0022946095139999567	0.002402412390325903	0.0021476260166324312	0.0025307729228654097	0.00024972185091942656
0.005368500236514917	0.0007328985427637047	0.002945383527886092	0.001795334317540087	0.0020903653925388177	0.0022724448157471766	0.002405954123749998	-0.00037437214465585456
0.0017487550621804182	0.00048326094453399193	0.0015723767376214504	0.0010464215228502827	0.0009669962005043331	0.0012114850232700647	0.0011577661326009903	0.000561768848706734
0.0006877952697028622	0.0005456703440915867	0.002071651934080876	0.0006095557259480078	0.0004053116044859806	0.0012114850232700647	0.001220175532158141	-6.232514686810298e-05
0.0003133388723584041	0.00010880454718886767	0.001634786137178601	-0.0003889946669719535	-0.00021878239108841235	0.0007746192263671237	0.0009705379339284281	0.00024972185091942656
-0.0006852115205611131	-0.00020324245059843982	0.001634786137178601	-0.0008882698634316011	-0.0009052857862212882	0.0004001628290228876	0.0005960815365833039	-0.0006864191424424959
6.370127412846927e-05	-1.6014251926099732e-05	0.0015099673380638556	-0.0003265852674139147	-0.00034360119020337976	0.0005873910276947836	0.0009705379339284281	0.00024972185091942656
-0.00037316452277380563	-1.6014251926099732e-05	0.0008234639429314239	-0.0005138134660864768	-0.0002811917906460071	0.0004001628290228876	0.0004712627374685585	-0.00037437214465585456
0.0008750234683756464	0.00010880454718886767	0.00032418874647088813	0.00029750872816047824	0.00053013040360117	0.0005873910276947836	0.0004712627374685585	0.0003745406500341719
0.0007502046692604569	-1.6014251926099732e-05	-0.0003623146486610995	0.0005471463263908571	0.0007173586022739542	0.0004625722285800382	0.00015921573968080693	-0.00037437214465585456
0.001811164461738013	0.00048326094453399193	-0.0005495428473334396	0.0012336497215228448	0.0017159089951934714	0.0008994380254823131	0.00034644393835336906	0.000561768848706734
0.0008750234683756464	-7.84236514839165e-05	-0.0010488180437935313	0.000984012123292688	0.0010918149996186344	0.000524981628138077	-0.00027765005722191205	-0.00037437214465585456
0.001623936263066117	0.00048326094453399193	-0.00042472404821825016	0.0014832873197527796	0.001591090196078726	0.00114907562371247	0.0005960815365833039	0.0007489970473790741
-0.0001235269245443149	-1.6014251926099732e-05	-0.0005495428473334396	0.00017268992904551084	0.0003429022049286079	0.0005873910276947836	-0.0001528312581067226	-0.00031196274509825983
1.2918745708745405e-06	4.639514763149499e-05	0.0002617793469141816	0.0001102805294883602	9.326460669867309e-05	0.0007746192263671237	0.0004712627374685585	0.0003745406500341719
-0.0012468961165787995	-0.00020324245059843982	0.0008234639429314239	-0.0008258604638740064	-0.0010301045853355895	0.0005873910276947836	0.0004712627374685585	-0.0005616003433281946
-0.0008724397192338973	0.00010880454718886767	0.0012603297398336988	-0.0008258604638740064	-0.0007804669871060987	0.0009618474250401299	0.0009081285343708334	0.0003745406500341719
-0.001558943114365885	-0.00014083305104128918	0.0013851485389486662	-0.0010130886625463464	-0.0012797421835661904	0.0004625722285800382	0.0005960815365833039	-0.0004367815442134493
-0.0006228021210044066	-1.6014251926099732e-05	0.0013227391393910715	-0.0005138134660864768	-0.0005308293888757198	0.0006498004272523783	0.0009705379339284281	0.00018731245136183183
-0.000934849118791492	-0.0003280612497131852	0.000573826344701267	-0.0008258604638740064	-0.0006556481879909093	0.0004001628290228876	0.00028403453879621843	-0.0005616003433281946
-0.0022454465094983167	-0.0004528800488283746	-0.001111227443351126	-0.0006386322652021104	-0.0004060105897609745	-0.0004111593652251777	-0.0007769252536811155	0.0001249030518042371
-0.008299158266575013	-0.0012642022430759958	-0.0041692880216679384	-0.0018244108567939676	-0.0018414267795832107	-0.0024082601510648782	-0.0037101670328834047	-0.0006240097428857894
-0.0075502454718852086	-0.001201792843518401	-0.005043019615472932	-0.0014499544594492875	-0.001342151583123341	-0.0023458507515068394	-0.0037725764324407773	0.00018731245136183183
-0.008299158266575013	-0.0013890210421907412	-0.00523024781414505	-0.001574773258564477	-0.00177901738002606	-0.002470669550622029	-0.004209442229343496	-0.0005616003433281946
-0.007924701869229889	-0.0011393834439612505	-0.005167838414587456	-0.001512363859006438	-0.0015917891813532759	-0.0018465755550467478	-0.0037725764324407773	0.0003745406500341719
-0.008361567666132608	-0.0013890210421907412	-0.004730972617684959	-0.002386095452811654	-0.0024655207751584918	-0.0017841661554895971	-0.003647757633326254	-0.0005616003433281946
-0.006551695078965469	-0.0010769740444036557	-0.0035451940260931014	-0.0020116390554665298	-0.0022782925764857076	-0.0005983875638970737	-0.002399569642175914	0.00018731245136183183
-0.00592760108339041	-0.0008273364461732768	-0.0026090530327302908	-0.0023236860532540593	-0.0024655207751584918	0.0004001628290228876	-0.0017754756466010768	-0.0004367815442134493
-0.0037432720988783696	-0.0008273364461732768	-0.0022345966353858326	-0.0022612766536964646	-0.0020910643778133675	0.0008994380254823131	-0.0010889722514690892	0.0001249030518042371
-0.0019333995117110092	-7.84236514839165e-05	-0.0007367710460057797	-0.0011379074616615359	-0.0010301045853355895	0.0018979884184024964	0.00015921573968080693	-0.00031196274509825983
-0.00018593632410146554	-0.00026565185015647863	-0.0010488180437935313	-0.000701041664759261	-0.00021878239108841235	0.0017107602197299343	0.00028403453879621843	0.00043695004959176664
-6.111752498672018e-05	-0.0003904706492707799	-0.001298455642023466	-0.0005138134660864768	-3.155419241562818e-05	0.00133630382238481	-9.042185854912788e-05	-0.0004367815442134493
0.001374298664835738	4.639514763149499e-05	-0.0010488180437935313	0.0006719651255056025	0.0010918149996186344	0.001773169619287307	0.0005336721370257091	0.00024972185091942656
0.0031841712520028764	-0.00020324245059843982	-0.0005495428473334396	0.0006095557259480078	0.0010918149996186344	0.0022724448157471766	0.0009705379339284281	-0.0006864191424424959
0.007864876218814487	0.0008577173418788941	0.0017596049362937904	0.0022946095139999567	0.0028392781872284	0.004644001998931557	0.0035917327153429657	0.0003121312504770213
0.006679097627222186	0.0005456703440915867	0.0021964707331958433	0.0016705155184255638	0.002027955992981223	0.005018458396276904	0.0036541421149005604	-0.0005616003433281946
0.008301742015716984	0.0013569925383387638	0.003694296322575452	0.002232200114442806	0.0028392781872284	0.006765921583886447	0.005339195902952509	0.000561768848706734
0.00880101721217641	0.0014194019378959144	0.005004893713282943	0.0018577437170979039	0.0023400029907683084	0.0077644719768059645	0.006088108697642092	-0.00018714394598284834
0.008176923216602017	0.001107354940108829	0.004942484313725792	0.0014832873197527796	0.001965546593423406	0.007889290775921154	0.0061505180971996865	0.00018731245136183183
0.0044323592431529946	0.000670489143206332	0.0038191151216906416	0.0001102805294883602	0.0007797680018315489	0.006828330983443598	0.004590283108262483	-0.0004991909437705999
0.004681996841382929	0.0007953079423212994	0.0034446587243461835	0.0006719651255056025	0.0012790431982911965	0.006453874586098918	0.0044654643091477375	0.0003745406500341719
0.004245131044479988	0.0008577173418788941	0.003132611726558654	0.000984012123292688	0.0014038619974059419	0.005704961791409113	0.003903779713130051	-0.00024955334554044306
0.0017487550621804182	0.00029603274586120776	0.0006986451438162344	0.00035991812771807297	0.0010294056000610396	0.003458223407339256	0.0019066789272905726	0.0003745406500341719
0.0009998422674903917	-1.6014251926099732e-05	7.455114824139741e-05	0.00029750872816047824	0.0007797680018315489	0.002584491813534928	0.0009705379339284281	-0.0006240097428857894
0.0020608020599677257	0.0004208515449763972	0.00013696054779899214	0.0013584685206380342	0.0017159089951934714	0.0031461764095517264	0.0014698131303885198	0.00043695004959176664
0.001374298664835738	0.0004208515449763972	-5.0267650873347947e-05	0.000984012123292688	0.0014038619974059419	0.0035830422064544454	0.0013449943312733303	-6.232514686810298e-05
0.0018735738612953856	0.0008577173418788941	0.00019936994735658686	0.0014832873197527796	0.0017783183947510661	0.004956048996719309	0.0020939071259629127	0.0008114064469366689
-0.0001235269245443149	-0.00014083305104128918	-0.0004871334477758449	-7.694766918442397e-05	0.00028049280537145727	0.005330505394064433	0.0014698131303885198	-0.0004367815442134493
0.0010622516670484305	0.000670489143206332	0.00038659814602892695	0.00035991812771807297	0.0009669962005043331	0.007452424979018879	0.0027180011215377498	0.0006865876478219235
-0.00043557392233140035	0.00023362334630361303	0.00038659814602892695	-0.0005138134660864768	-3.155419241562818e-05	0.008076518974593938	0.002468363523308037	-0.00018714394598284834
0.00025092947280080935	0.0006080797436482932	0.0007610545433740512	-0.0003265852674139147	0.00053013040360117	0.009075069367513677	0.0032172763179976194	0.0007489970473790741
-0.0007476209201187078	0.00010880454718886767	0.0002617793469141816	-0.0011379074616615359	-0.00021878239108841235	0.008388565972381246	0.0025307729228654097	-0.00018714394598284834
0.00025092947280080935	0.00048326094453399193	0.000573826344701267	-0.00020176646829961342	0.00053013040360117	0.008076518974593938	0.002842819920652495	0.0008114064469366689
-0.0004979833218889951	-1.6014251926099732e-05	1.2141748683802689e-05	-0.0005138134660864768	0.00028049280537145727	0.006641102784771258	0.002218725925078102	-0.00024955334554044306
0.0009998422674903917	0.00048326094453399193	0.00013696054779899214	0.00029750872816047824	0.0012166337987336018	0.006017008789196421	0.0023435447241932916	0.0006241782482643288
-0.0001235269245443149	-0.0003904706492707799	-0.0007991804455633744	-0.00026417586785720815	0.0004053116044859806	0.004581592599374407	0.0013449943312733303	-0.0005616003433281946
0.0013118892652785874	0.0005456703440915867	-0.0003623146486610995	0.0009216027237350932	0.0016534995956363208	0.005330505394064433	0.0023435447241932916	0.0006241782482643288
0.000126110673686064	-0.00026565185015647863	-0.0010488180437935313	0.0001102805294883602	0.0006549492027163595	0.005330505394064433	0.0015946319295032652	-0.0005616003433281946
0.0011246610666060253	0.0003584421454188025	-0.0004871334477758449	0.0007967839246203479	0.0014038619974059419	0.007077968581673977	0.0027804105210953445	0.000561768848706734
-0.0007476209201187078	-0.00020324245059843982	-0.0008615898451209691	-0.0004514040665293262	0.00021808340581341845	0.00782688137636356	0.002281135324635697	-0.0004367815442134493
-0.0033688157015330233	-0.00026565185015647863	-0.001735321438925741	-0.0011379074616615359	-0.0005308293888757198	0.008388565972381246	0.0015322225299452263	0.0003121312504770213
-0.010171440253299524	-0.0015138398413054865	-0.004481335019455468	-0.0033222364461740206	-0.003027205371175734	0.006890740383001637	-0.001338609849699024	-0.0004991909437705999
-0.00842397706568998	-0.0005776988479435641	-0.0034827846265355067	-0.002635733051041589	-0.0020910643778133675	0.007514834378576474	-0.0007145158541239649	0.0006241782482643288
-0.009984212054627184	-0.0017634774395356434	-0.004606153818569769	-0.003821511642633668	-0.003464071168078009	0.005018458396276904	-0.0025243884412911033	-0.0008112379415576854
-0.00879843346303466	-0.0011393834439612505	-0.0043565162203402785	-0.0026981424505987395	-0.0025279301747156424	0.0033334046082245106	-0.002586797840848254	0.0003745406500341719
-0.008361567666132608	-0.001638658640420898	-0.004730972617684959	-0.0029477800488291184	-0.0026527489738303878	0.0005873910276947836	-0.0035229388342106205	-0.0006240097428857894
-0.004741822491797887	-0.0007649270466163482	-0.0035451940260931014	-0.0012003168612191306	-0.0010301045853355895	-9.911236743720409e-05	-0.0026492072404062927	0.00024972185091942656
-0.004929050690470227	-0.001638658640420898	-0.004294106820783128	-0.0016371826581216276	-0.0016541985809108706	-0.0015345285572596623	-0.0031484824368663844	-0.0009984661402304695
-0.001558943114365885	-0.0006401082475007147	-0.002983509430075415	-0.00026417586785720815	0.00015567400625626782	0.0008994380254823131	-0.0012762004501409852	6.249365224664238e-05
-0.0016213525139239238	-0.001201792843518401	-0.0029211000305178203	-0.0007634510643168557	-0.0006556481879909093	0.003083767009994798	-0.0008393346532387103	-0.0010608755397878422
-0.0004979833218889951	-0.0005152894483859694	-0.0019849590371554537	-0.0003889946669719535	3.085520714107837e-05	0.007265196780346317	0.0009081285343708334	6.249365224664238e-05
-0.0013093055161363942	-0.0006401082475007147	-0.001735321438925741	-0.0013875450598916927	-0.000718057587548504	0.010635304356450881	0.001407403730830925	-0.0006864191424424959
-0.00037316452277380563	-0.00020324245059843982	-0.0007991804455633744	-0.0010130886625463464	-0.00021878239108841235	0.014192640131227119	0.002842819920652495	0.0003121312504770213
0.001811164461738013	-7.84236514839165e-05	0.0008234639429314239	-0.0010754980621043853	3.085520714107837e-05	0.016376969115739604	0.004153417311360208	-0.0006864191424424959
0.006179822430762094	0.0007328985427637047	0.0027581553292133076	4.787112993076548e-05	0.0017159089951934714	0.01718829130998678	0.005776061699855006	0.00018731245136183183
0.005992594232090198	0.0004208515449763972	0.0028205647287709024	0.00023509932860288352	0.0013414525978487912	0.01431745893034253	0.0050895583047221304	-0.0006864191424424959
0.008052104417486827	0.0007328985427637047	0.0031950211261158046	0.0012336497215228448	0.0023400029907683084	0.010884941954680372	0.0050895583047221304	0.0001249030518042371
0.009674748805981626	0.0009201267414360448	0.0038815245212482363	0.0019201531166552765	0.0028392781872284	0.0075772437781340685	0.00490233010604979	-0.0007488285420005347
0.008988245410849194	0.000670489143206332	0.0030077929274430204	0.0021073813153276166	0.0027768687876710274	0.004706411398489152	0.004028598512245241	0.00018731245136183183
0.0056805472343020025	0.00048326094453399193	0.0019468331349661305	0.001608106118867525	0.0020903653925388177	0.003707861005569635	0.0029676387197681287	-0.0004991909437705999
0.005618137834744852	0.00048326094453399193	0.0017596049362937904	0.001608106118867525	0.002277593591211158	0.0058921899900821195	0.0034669139162279983	0.00024972185091942656
0.003308990051118066	0.0001712139467464624	0.001634786137178601	0.0009216027237350932	0.0012166337987336018	0.008638203570610736	0.0034669139162279983	-0.0006240097428857894
-0.0003107551232170991	-0.0003280612497131852	0.0006986451438162344	-0.0008258604638740064	-0.00015637299153081763	0.009262297566186017	0.002405954123749998	8.425268949174836e-08
-0.0008100303196767467	-0.00020324245059843982	0.0013851485389486662	-0.0012003168612191306	-0.0008428763866632494	0.009387116365301207	0.0025307729228654097	-0.0007488285420005347
6.370127412846927e-05	0.00029603274586120776	0.0018844237354085358	-0.0005138134660864768	-9.39635919732229e-05	0.007951700175478749	0.0027804105210953445	0.0003745406500341719
0.0004381576714735935	-0.0003904706492707799	0.0008234639429314239	-0.0010754980621043853	-0.00015637299153081763	0.00383267980468438	0.0012825849317157356	-0.0006240097428857894
0.001374298664835738	-1.6014251926099732e-05	0.0008858733424885745	0.00023509932860288352	0.0010918149996186344	0.0017107602197299343	0.0010329473334853567	0.00018731245136183183
1.2918745708745405e-06	-0.0004528800488283746	0.00032418874647088813	0.00035991812771807297	0.0007173586022739542	0.0002129346303501034	0.0004088533379109638	-0.0008112379415576854
0.0015615268635085222	0.0003584421454188025	0.0008234639429314239	0.000984012123292688	0.0012790431982911965	0.0005873910276947836	0.001220175532158141	0.00043695004959176664
-6.111752498672018e-05	-0.0004528800488283746	1.2141748683802689e-05	-0.0003265852674139147	-0.00021878239108841235	0.0009618474250401299	0.0004712627374685585	-0.0006240097428857894
0.0003133388723584041	0.0001712139467464624	0.0004490075455860776	0.0001102805294883602	0.0004053116044859806	0.004581592599374407	0.0015946319295032652	0.00024972185091942656
-0.0005603927214463678	0.00010880454718886767	0.00019936994735658686	-0.0003265852674139147	0.00021808340581341845	0.00782688137636356	0.0019066789272905726	-0.0004991909437705999
-0.0006228021210044066	-0.00026565185015647863	-0.0006743616464486291	-0.0005138134660864768	0.00015567400625626782	0.010635304356450881	0.002218725925078102	0.0001249030518042371
-0.0016213525139239238	-0.0004528800488283746	-0.0009864086442361586	-0.0008258604638740064	-9.39635919732229e-05	0.012819633340962922	0.0023435447241932916	-0.0006240097428857894
0.00018852007324321463	0.0003584421454188025	-0.00023749584954591008	-0.00020176646829961342	0.0010294056000610396	0.01444227772945772	0.0034045045166701815	0.000561768848706734
-0.0007476209201187078	-0.00020324245059843982	-0.0003623146486610995	-0.000701041664759261	0.00021808340581341845	0.013630955535210099	0.002655591721980599	-0.0006240097428857894
-0.0001235269245443149	-0.00020324245059843982	-5.0267650873347947e-05	-0.000701041664759261	0.00028049280537145727	0.011821082948042738	0.002405954123749998	6.249365224664238e-05
-0.0004979833218889951	-0.0003280612497131852	0.00019936994735658686	-0.0011379074616615359	-3.155419241562818e-05	0.008638203570610736	0.0015946319295032652	-0.0006240097428857894
0.0005629764705885609	0.00010880454718886767	0.0006362357442588618	-0.00020176646829961342	0.00053013040360117	0.0065162839856565125	0.0016570413290604158	0.0003745406500341719
-0.001122077317463832	-0.0007025176470583094	-0.00042472404821825016	-0.0008882698634316011	-0.0004060105897609745	0.003270995208666916	9.680634012321221e-05	-0.0006240097428857894
-0.003243996902418278	-0.00020324245059843982	-0.0016729120393685903	-0.0005762228656445156	-9.39635919732229e-05	0.001773169619287307	-0.0007145158541239649	0.00043695004959176664
-0.009297708659494752	-0.0017634774395356434	-0.004730972617684959	-0.0024485048523692488	-0.0025279301747156424	8.811583123491395e-05	-0.003647757633326254	-0.0007488285420005347
-0.007737473670557549	-0.0007649270466163482	-0.004106878622110344	-0.001512363859006438	-0.0014045609826804917	0.0029589482108796084	-0.0022747508430611685	0.00043695004959176664
-0.009484936858167536	-0.0017634774395356434	-0.005167838414587456	-0.0028853706492715236	-0.0026527489738303878	0.0042071362020297265	-0.0029612542381938223	-0.0006864191424424959
-0.008486386465247575	-0.0008897458457308716	-0.004668563218127364	-0.0020116390554665298	-0.0018414267795832107	0.006953149782558787	-0.001962703845273861	0.00043695004959176664
-0.008673614663919915	-0.0017634774395356434	-0.004918200816357521	-0.0030725988479436417	-0.0026527489738303878	0.007390015579461728	-0.0022747508430611685	-0.0008112379415576854
-0.005615554085603103	-0.0009521552452884663	-0.0036700128252078468	-0.0020740484550241245	-0.0012797421835661904	0.008638203570610736	-0.0009641534523538997	0.00018731245136183183
-0.005116278889143011	-0.001014564644845617	-0.0029211000305178203	-0.001762001457236817	-0.001342151583123341	0.00845097537193884	-0.0007769252536811155	-0.0005616003433281946
-0.0018709901121538586	-0.0005776988479435641	-0.0017977308384831137	-0.0012003168612191306	-0.00034360119020337976	0.008138928374150867	0.0004088533379109638	0.00024972185091942656
-0.0013093055161363942	-0.0005776988479435641	-0.0011736368429082766	-0.0012627262607767253	-0.0005308293888757198	0.007015559182116382	0.00022162513923817961	-0.0006864191424424959
-0.0002483457236586162	-0.0003904706492707799	-0.0005495428473334396	-0.0004514040665293262	-9.39635919732229e-05	0.006953149782558787	0.000783309735256088	0.00018731245136183183
-0.0010596679179062374	-0.0007025176470583094	-0.0008615898451209691	-0.0013875450598916927	-0.0006556481879909093	0.00614182758831161	9.680634012321221e-05	-0.0006864191424424959
0.0014367080643933328	0.00023362334630361303	0.00019936994735658686	-1.4538269626829248e-05	0.0007173586022739542	0.007639653177690775	0.0016570413290604158	0.0001249030518042371
0.003121761852445726	-0.00020324245059843982	0.0008858733424885745	4.787112993076548e-05	0.0005925398031587648	0.008887841168840893	0.002405954123749998	-0.0008736473411152801
0.007053554024566866	0.000670489143206332	0.0023836989318686275	0.0012336497215228448	0.0023400029907683084	0.010884941954680372	0.004652692507820078	0.0001249030518042371
0.006304641229877284	0.0003584421454188025	0.0023212895323110327	0.000984012123292688	0.002027955992981223	0.011321807751582869	0.004652692507820078	-0.0008112379415576854
0.008364151415274579	0.0010449455405507901	0.0034446587243461835	0.0019201531166552765	0.002901687586785995	0.01250758634317517	0.005963289898526902	0.00018731245136183183
0.009487520607309285	0.0014194019378959144	0.004505618516822851	0.002232200114442806	0.003276143984130675	0.01269481454184751	0.006587383894102183	-0.00031196274509825983
0.008676198413062108	0.001294583138780725	0.00438079971770855	0.0019825625162128713	0.0032137345845730803	0.011571445349813247	0.0061505180971996865	0.0003745406500341719
0.005181272037842577	0.0009201267414360448	0.00350706812390289	0.0011712403219654721	0.002215184191653119	0.009948800961318005	0.004590283108262483	-0.00024955334554044306
0.005306090836957766	0.0008577173418788941	0.0031950211261158046	0.0011088309224076554	0.002277593591211158	0.008700612970168331	0.004278236110475397	0.0003745406500341719
0.002872124254215347	0.00029603274586120776	0.0025085177309829287	0.0004223275272752236	0.001154224399176229	0.007265196780346317	0.0027804105210953445	-0.0005616003433281946
0.0013118892652785874	0.00048326094453399193	0.001634786137178601	0.0004847369268328183	0.0010918149996186344	0.006453874586098918	0.0019690883268481674	0.0003745406500341719
0.0005629764705885609	0.0001712139467464624	0.0012603297398336988	-7.694766918442397e-05	0.00046772100404424144	0.005392914793622028	0.0011577661326009903	-0.00037437214465585456
0.0010622516670484305	0.0003584421454188025	0.0010731015411613587	0.00029750872816047824	0.0007173586022739542	0.005455324193178734	0.001407403730830925	0.0003745406500341719
0.00018852007324321463	0.00023362334630361303	0.0009482827420461692	0.00023509932860288352	0.0004053116044859806	0.004893639597161936	0.0011577661326009903	-0.00037437214465585456
0.0009374328679332411	0.00023362334630361303	0.00032418874647088813	0.00017268992904551084	0.0008421774013886996	0.005080867795834498	0.001407403730830925	0.0003121312504770213
-0.0005603927214463678	-0.00020324245059843982	1.2141748683802689e-05	0.0001102805294883602	0.0003429022049286079	0.006204236987869205	0.0011577661326009903	-0.0005616003433281946
0.0003133388723584041	-7.84236514839165e-05	-5.0267650873347947e-05	0.00017268992904551084	0.0005925398031587648	0.007514834378576474	0.0017818601281756052	8.425268949174836e-08
6.370127412846927e-05	4.639514763149499e-05	0.00013696054779899214	-0.00026417586785720815	0.00053013040360117	0.008763022369725926	0.0019690883268481674	-0.0005616003433281946
-6.111752498672018e-05	4.639514763149499e-05	0.00019936994735658686	-0.0001393570687420187	0.0005925398031587648	0.01057289495689373	0.002218725925078102	0.0003121312504770213
-0.0010596679179062374	-0.00020324245059843982	0.00013696054779899214	-0.0008258604638740064	-3.155419241562818e-05	0.01076012315556607	0.0019066789272905726	-0.0006864191424424959
-0.00037316452277380563	-0.00026565185015647863	0.00013696054779899214	-0.0009506792629891958	9.326460669867309e-05	0.010073619760433639	0.0017818601281756052	8.425268949174836e-08
-0.0008724397192338973	-0.00014083305104128918	0.00038659814602892695	-0.0007634510643168557	-3.155419241562818e-05	0.009324706965743168	0.0015946319295032652	-0.0006240097428857894
0.000126110673686064	-0.00014083305104128918	0.00032418874647088813	-0.0004514040665293262	0.0004053116044859806	0.0073276061799036896	0.0017194507286177885	0.0001249030518042371
-0.0006228021210044066	-0.0003280612497131852	-5.0267650873347947e-05	-0.0006386322652021104	3.085520714107837e-05	0.005018458396276904	0.0009705379339284281	-0.0006864191424424959
0.0004381576714735935	0.00023362334630361303	0.00038659814602892695	0.00035991812771807297	0.0009045868009462943	0.004331955001144472	0.0016570413290604158	0.0003745406500341719
0.000126110673686064	4.639514763149499e-05	0.0002617793469141816	-1.4538269626829248e-05	0.0006549492027163595	0.0033334046082245106	0.0015322225299452263	-0.0004367815442134493
0.0009374328679332411	0.0003584421454188025	0.00038659814602892695	0.00035991812771807297	0.0012166337987336018	0.00401990800335672	0.0019690883268481674	0.0004993594491493614
-0.0014341243152515837	-0.00020324245059843982	-0.0002999052491035048	-0.0001393570687420187	0.00021808340581341845	0.005018458396276904	0.0013449943312733303	-0.00037437214465585456
-0.0052410976882579785	-0.0003904706492707799	-0.0020473684367130485	-0.0010754980621043853	-0.0004060105897609745	0.005143277195391649	3.4396940566061573e-05	0.00043695004959176664
-0.009360118059052347	-0.0012642022430759958	-0.0037324222247654415	-0.0025109142519259553	-0.0019038361791405833	0.005018458396276904	-0.002149932043946201	-0.0004991909437705999
-0.008174339467460268	-0.0007649270466163482	-0.00323314702830535	-0.001949229655909157	-0.0014045609826804917	0.006453874586098918	-0.001713066247043482	0.00043695004959176664
-0.009484936858167536	-0.0015762492408635254	-0.003982059822995376	-0.003197417647058831	-0.0025279301747156424	0.004956048996719309	-0.003210891836423535	-0.0006240097428857894
-0.00861120526436232	-0.0013266116426331465	-0.003794831624322592	-0.002760551850156334	-0.0022782925764857076	0.0037702704051267855	-0.0033357106355387245	0.00018731245136183183
-0.007612654871442803	-0.0013890210421907412	-0.0032955564278629446	-0.00257332365148355	-0.0024655207751584918	0.0021476260166324312	-0.003398120035095875	-0.0007488285420005347
-0.005053869489585416	-0.0008273364461732768	-0.0026090530327302908	-0.001762001457236817	-0.0014669703822385305	0.0005873910276947836	-0.0025243884412911033	0.0003121312504770213
-0.004180137895781089	-0.0007649270466163482	-0.002359415434500578	-0.001325135660334098	-0.001342151583123341	-0.0004111593652251777	-0.002337160242618763	-0.00037437214465585456
-0.0010596679179062374	-0.00026565185015647863	-0.0014856838406958062	-0.00026417586785720815	-0.00015637299153081763	0.0010242568245977246	-0.0005896970550089975	0.0003745406500341719
-0.0011844867170214268	-0.0008273364461732768	-0.0018601402380409304	-0.0008258604638740064	-0.0005308293888757198	0.0020852166170748365	-0.0003400594567790627	-0.0008112379415576854
-0.00043557392233140035	-0.0006401082475007147	-0.0017977308384831137	-0.0004514040665293262	-0.00015637299153081763	0.005080867795834498	0.0005960815365833039	-6.232514686810298e-05
-0.000934849118791492	-0.0003904706492707799	-0.0011736368429082766	-0.0005138134660864768	-9.39635919732229e-05	0.007951700175478749	0.0012825849317157356	-0.0006240097428857894
0.0008750234683756464	-0.00014083305104128918	-0.0005495428473334396	-0.0004514040665293262	0.00046772100404424144	0.009948800961318005	0.002281135324635697	0.00018731245136183183
0.003683446448462968	-0.0003280612497131852	0.0011355109407189534	-0.00026417586785720815	0.0006549492027163595	0.011259398352025718	0.0030300481193252793	-0.0008112379415576854
0.0073656010223543955	0.0009825361409936395	0.00350706812390289	0.0013584685206380342	0.002402412390325903	0.011571445349813247	0.004839920706492418	0.0003745406500341719
0.006554278828106996	0.0005456703440915867	0.0034446587243461835	0.0007967839246203479	0.001965546593423406	0.008638203570610736	0.003966189112687646	-0.0005616003433281946
0.00954993000686688	0.0016066301365684765	0.005192121911955283	0.0026066565117874863	0.003463372182803015	0.008138928374150867	0.005151967704280169	0.000561768848706734
0.009612339406424475	0.001107354940108829	0.005192121911955283	0.0021697907148852114	0.0028392781872284	0.005767371190966486	0.004715101907377228	-0.0005616003433281946
0.008176923216602017	0.0011697643396664237	0.004505618516822851	0.002044971915770022	0.002901687586785995	0.004394364400702067	0.004340645510032548	0.0003121312504770213
0.004182721644922838	0.0003584421454188025	0.0027581553292133076	0.0010464215228502827	0.0014038619974059419	0.004082317402914315	0.0027180011215377498	-0.0006864191424424959
0.00474440624094008	0.00048326094453399193	0.002446108331426222	0.0011712403219654721	0.0017159089951934714	0.005704961791409113	0.003342095117112809	6.249365224664238e-05
0.0018735738612953856	-1.6014251926099732e-05	0.0013227391393910715	0.0001102805294883602	0.0007797680018315489	0.006266646387426356	0.002218725925078102	-0.0008736473411152801
0.00037574827191577675	0.00010880454718886767	0.0005114169451436723	0.00035991812771807297	0.0008421774013886996	0.008014109575036121	0.0021563165255205075	0.00018731245136183183
-0.0002483457236586162	-0.0003280612497131852	0.00038659814602892695	-0.0003265852674139147	0.0003429022049286079	0.007889290775921154	0.0017818601281756052	-0.0008112379415576854
0.0009374328679332411	0.00010880454718886767	0.0009482827420461692	0.00017268992904551084	0.0009669962005043331	0.007639653177690775	0.002031497726405318	0.0003121312504770213
-6.111752498672018e-05	0.00010880454718886767	0.00119792034027566	-1.4538269626829248e-05	0.00053013040360117	0.006266646387426356	0.001220175532158141	-0.00037437214465585456
0.0003133388723584041	-1.6014251926099732e-05	0.001010692141603764	-0.00020176646829961342	0.00046772100404424144	0.004144726802471688	0.0007209003356980492	0.0003745406500341719
-0.0003107551232170991	-0.0005776988479435641	0.0008858733424885745	-0.0007634510643168557	-0.00015637299153081763	0.002834129411764419	3.4396940566061573e-05	-0.0007488285420005347
0.0004381576714735935	-0.00014083305104128918	0.00119792034027566	-1.4538269626829248e-05	0.00053013040360117	0.003458223407339256	0.0005960815365833039	0.00024972185091942656
1.2918745708745405e-06	-1.6014251926099732e-05	0.0010731015411613587	-0.00026417586785720815	0.00028049280537145727	0.0039574986037991255	0.0007209003356980492	-0.0004367815442134493
6.370127412846927e-05	0.00010880454718886767	0.0006362357442588618	-0.0001393570687420187	0.00053013040360117	0.005517733592736329	0.0009705379339284281	0.00043695004959176664
-0.001122077317463832	-0.00026565185015647863	0.00013696054779899214	-0.0004514040665293262	-0.00015637299153081763	0.007077968581673977	0.0009081285343708334	-0.0006240097428857894
-0.0007476209201187078	-0.0003280612497131852	-0.0006119522468910343	-0.0007634510643168557	3.085520714107837e-05	0.007265196780346317	0.0013449943312733303	8.425268949174836e-08
-0.0007476209201187078	4.639514763149499e-05	-0.00023749584954591008	-0.00026417586785720815	0.0003429022049286079	0.0077644719768059645	0.0015322225299452263	-0.00024955334554044306
-0.00018593632410146554	-0.0003280612497131852	-0.00042472404821825016	-1.4538269626829248e-05	0.00046772100404424144	0.006953149782558787	0.0017818601281756052	6.249365224664238e-05
-0.0006852115205611131	-0.00020324245059843982	-0.0003623146486610995	-0.0003889946669719535	0.00028049280537145727	0.004768820798046747	0.0010953567330433955	-0.0006864191424424959
0.0003133388723584041	-7.84236514839165e-05	7.455114824139741e-05	0.00023509932860288352	0.0007797680018315489	0.0035206328068972947	0.0010953567330433955	0.00018731245136183183
-0.0010596679179062374	-0.0008273364461732768	-0.00023749584954591008	-0.0006386322652021104	-0.0002811917906460071	0.0016483508201723396	-2.801245899153315e-05	-0.0009984661402304695
0.0008750234683756464	0.0001712139467464624	0.001010692141603764	0.00017268992904551084	0.0008421774013886996	0.002022807217517242	0.0006584909361404545	0.00024972185091942656
-0.001995808911268604	-0.0005152894483859694	0.00019936994735658686	-0.000701041664759261	-0.00046841998931879125	0.0021476260166324312	-0.0012137910505833904	-0.0006240097428857894
-0.006114829282063194	-0.0004528800488283746	-0.0017977308384831137	-0.0012003168612191306	-0.001154923384450779	0.0018979884184024964	-0.0017754756466010768	0.0004993594491493614
-0.009734574456397027	-0.0015138398413054865	-0.003794831624322592	-0.003010189448386047	-0.0027151583733879825	0.0008994380254823131	-0.0037725764324407773	-0.0004991909437705999
-0.007987111268787483	-0.0007649270466163482	-0.0032955564278629446	-0.0018868202563515624	-0.0017166079804680212	0.0028965388113220136	-0.0027116166399634434	0.0004993594491493614
-0.009859393255512217	-0.001638658640420898	-0.004668563218127364	-0.002760551850156334	-0.00283997717250295	0.0024596730144192946	-0.003647757633326254	-0.0006240097428857894
-0.008049520668345078	-0.001014564644845617	-0.0043565162203402785	-0.0021364578545817192	-0.00177901738002606	0.0021476260166324312	-0.0028988448386357835	0.0004993594491493614
-0.007050970275425117	-0.001014564644845617	-0.003919650423437782	-0.0018868202563515624	-0.0019038361791405833	0.0020852166170748365	-0.002586797840848254	-0.00037437214465585456
-0.0046170036926831415	-0.0005776988479435641	-0.0028586906309606697	-0.0010754980621043853	-0.0009676951857788829	0.0023348542153047713	-0.001338609849699024	0.0003745406500341719
-0.003868090897993115	-0.0007649270466163482	-0.0024842342336155454	-0.0013875450598916927	-0.0009676951857788829	0.002022807217517242	-0.0010889722514690892	-0.0005616003433281946
-0.000934849118791492	-0.0003280612497131852	-0.0008615898451209691	-0.0001393570687420187	9.326460669867309e-05	0.0033958140077821053	3.4396940566061573e-05	0.0003121312504770213
-0.0011844867170214268	-0.0008273364461732768	-0.0008615898451209691	-0.0011379074616615359	-0.0005932387884333146	0.0027093106126496735	-0.00046487825589425213	-0.0006240097428857894
0.0008750234683756464	0.00029603274586120776	0.0007610545433740512	4.787112993076548e-05	0.0008421774013886996	0.004394364400702067	0.0008457191348132387	0.0006865876478219235
-0.0005603927214463678	-0.00020324245059843982	0.00038659814602892695	-0.0003889946669719535	-3.155419241562818e-05	0.004644001998931557	0.00028403453879621843	-0.00037437214465585456
0.0019359832608529803	0.00029603274586120776	0.0011355109407189534	0.00017268992904551084	0.0009669962005043331	0.005143277195391649	0.0014698131303885198	0.000561768848706734
0.005430909636072512	0.000670489143206332	0.002882974128328497	0.0009216027237350932	0.0017159089951934714	0.006017008789196421	0.0030300481193252793	-0.00024955334554044306
0.007615238620584552	0.0011697643396664237	0.003756705722133269	0.002044971915770022	0.0027768687876710274	0.007140377981230905	0.0044654643091477375	0.000561768848706734
0.006616688227664813	0.0007328985427637047	0.003132611726558654	0.0013584685206380342	0.002027955992981223	0.0060794181887540155	0.004028598512245241	-0.0004991909437705999
