Sensor_1	Sensor_2	Sensor_3	Sensor_4	Sensor_5	Sensor_6	Sensor_7	Sensor_8
0.008944655565728432	0.0014430956664377437	0.0033884153734646816	0.0033943973144121564	0.003766787960632234	0.005175218326085584	0.003648831074998249	0.0006384637598231269
0.005512138590066495	0.0005693640726334159	0.002015408583199818	0.0018965717250325476	0.0021441435721374358	0.004675943129625493	0.0022134148851757907	-0.0004849054322118018
0.006573098382544051	0.0014430956664377437	0.003326005973907087	0.0022710281223774498	0.0028306469672694234	0.006735453315022344	0.0033367840772104973	0.000825691958495467
0.0012682994201569375	0.0002573170748454423	0.001640952185855138	0.0001491085374230039	0.00033427098496963126	0.005861721721217572	0.0014020926909286135	-0.00029767723353946174
0.0008938430228120353	0.0008814110704207234	0.001828180384527034	0.00021151793698015453	0.0004590897840848207	0.0072347285114819915	0.0018389584878306664	0.000825691958495467
-0.00029193556877982196	0.0002573170748454423	0.0015161333867399485	-0.0007870324559393627	-0.00035223241016257845	0.007109909712367468	0.0012772738918138682	-0.00017285843442405024
0.0004569772259097604	0.00038213587396063176	0.0015161333867399485	-0.0003501666590373098	2.22239871829899e-05	0.007172319111925063	0.001526911490043803	0.0005760543602657542
-0.0004791637674523841	7.008887617332427e-05	0.000767220592050144	-0.0006622136568246173	-0.00022741361104716695	0.005986540520333206	0.0007779986953533324	-0.00023526783398186701
0.0012682994201569375	0.0005693640726334159	0.0006424017929349546	0.00033633673609512194	0.001083183779660546	0.005237627725642735	0.0012148644922562735	0.0007008731593807216
0.0005817960250249499	7.008887617332427e-05	1.8307797360339606e-05	0.00033633673609512194	0.0009583649805449124	0.0036773927367055315	0.00040354229800909636	-0.00036008663309705646
0.0015179370183873164	7.679476615729541e-06	-0.0005433767986573468	0.0008356119325549916	0.0015824589761201935	0.003178117540245884	0.000465951697566247	0.00026400736247822465
0.0004569772259097604	-0.0003043675211713559	-0.0009802425955598437	0.000523564934767462	0.001083183779660546	0.0033029363393606292	-9.573289845055122e-05	-0.0005473148317693965
0.00095625242236963	0.0002573170748454423	-0.0006057861982144974	0.0010228401312273316	0.0013952307774474093	0.005175218326085584	0.0005283610971238417	0.0006384637598231269
-0.0004167543678950114	-0.00036677692072895063	-0.000917833196002249	-0.00022534785992256445	0.0002718615854124806	0.006673043915465193	9.149530022134478e-05	-0.00036008663309705646
-0.0012280765621424106	-0.00036677692072895063	-0.0012298801937897785	-0.001161488853284487	-0.0006642794079498859	0.008046050705729835	-0.0002829610971233354	0.0003264167620358194
-0.0016025329594870907	7.008887617332427e-05	-4.410160219725512e-05	-0.0010990794537268922	-0.0007890982070650754	0.010167970290684725	0.0008404080949109272	-0.00029767723353946174
-0.0006663919661247242	0.00013249827573069695	0.0002055359960326797	-0.0012238982528420816	-0.00041464180971950704	0.010854473685817156	0.0015893208896013977	0.00045123556115056473
-0.0012904859617000053	-0.00011713932249945991	8.071719691793433e-05	-0.0014735358510717944	-0.0008515076066226701	0.009294238696879509	0.0010276362935837113	-0.00036008663309705646
-0.00010470737010748188	0.00019490767528829167	8.071719691793433e-05	-0.0005373948577098719	0.00014704278629729117	0.00760918490882756	0.0013396832913710188	0.0005136449607081595
0.00014493022812245293	7.679476615729541e-06	-0.00023132980086981725	-0.0003501666590373098	0.00033427098496963126	0.005050399526970395	0.0008404080949109272	-0.0004224960326542071
0.0010186618219272248	-5.472992294208723e-05	-0.00048096739909975206	0.00033633673609512194	0.0009583649805449124	0.003365345738918002	0.0008404080949109272	0.0003264167620358194
-0.00154012355992994	-0.0003043675211713559	-0.001541927191577308	0.00021151793698015453	0.0005214991836421934	0.002491614145113008	-0.00015814229800903412	-0.00029767723353946174
-0.006345647325855852	-0.000741233318074519	-0.004225531372548996	-0.0009118512550545521	-0.00047705120927710176	0.0019299295490959878	-0.0019680148851757284	0.0005760543602657542
-0.008155519913023435	-0.0008660521171890423	-0.004724806569008866	-0.0014735358510717944	-0.0012883734035242789	0.003989439734493061	-0.002529699481193415	-4.8039635309304884e-05
-0.008654795109483526	-0.0009908709163037877	-0.005161672365911363	-0.0019104016479745134	-0.0017252392004269979	0.006673043915465193	-0.0022176524834058853	0.0003888261615934141
-0.010152620698863135	-0.0016773743114366635	-0.005723356961929049	-0.0034082272373541223	-0.0030358365911347107	0.008482916502632332	-0.0028417464789809443	-0.0005473148317693965
-0.008842023308155866	-0.001365327313648912	-0.005036853566796173	-0.003220999038681782	-0.002786198992904332	0.010604836087586778	-0.002030424284733323	7.677916380588456e-05
-0.008342748111695997	-0.0012405085145341666	-0.004287940772106591	-0.0033458178377969716	-0.002973427191576672	0.010916883085373863	-0.0017807866865033883	-0.0005473148317693965
-0.005908781528954021	-0.0008036427176314476	-0.0035390279774165645	-0.0026593144426640958	-0.00191246739909956	0.009918332692454346	-0.0010942832913705125	0.0003888261615934141
-0.0045981841382467525	-0.0011156897154194212	-0.002977343381398878	-0.002222448645761821	-0.0018500579995421873	0.007359547310597403	-0.0011566926909281072	-0.0005473148317693965
-0.0009784389639122537	-0.00011713932249945991	-0.0016667459906918314	-0.0005373948577098719	8.463338674058463e-05	0.005736902922102605	0.00021631409933609014	0.0005760543602657542
-0.00016711676966463251	-0.0004915957198441401	-0.0014171083924616745	-0.000287757259479271	0.00033427098496963126	0.0034901645380331914	-9.573289845055122e-05	-0.0005473148317693965
0.0019548028152893693	0.0005069546730758212	0.00014312659647508497	0.0014597059281298286	0.002081734172579619	0.004551124330509859	0.001526911490043803	0.0006384637598231269
0.0007690242236968459	-5.472992294208723e-05	-0.0006681955977720921	0.0005859743343255008	0.001083183779660546	0.004551124330509859	0.000465951697566247	-0.00029767723353946174
0.0025164874113072777	-0.0003043675211713559	-0.0005433767986573468	0.00039874613565271666	0.001020774380102507	0.006985090913252723	0.001090045693141306	0.0001391885633630352
0.005949004386968992	0.0004445452735182265	0.0019529991836422234	0.0013348871290150832	0.001894505973907279	0.011603386480506295	0.003149555878538157	-0.0007345430304412925
0.006885145380331359	0.0004445452735182265	0.0023274555809871256	0.0009604307316697369	0.0018320965743496842	0.014848675257496335	0.004023287472342929	7.677916380588456e-05
0.006573098382544051	0.0005693640726334159	0.003076368375677374	0.0006483837338826515	0.0016448683756773441	0.017220232440680716	0.004460153269245426	-0.0007345430304412925
0.009007064965285583	0.0013182768673225542	0.004386965766384643	0.0016469341268021687	0.002705828168154456	0.019404561425192757	0.0060203882581821855	0.00026400736247822465
0.00794610517280847	0.0006941828717481613	0.003950099969481924	0.0006483837338826515	0.001894505973907279	0.018031554634927893	0.005458703662165387	-0.0007345430304412925
0.0063234607843136725	0.0010062298695354688	0.0032011871747923415	0.0008980213321125863	0.0020193247730220243	0.015784816250857814	0.004460153269245426	0.0003888261615934141
0.0042015411993587826	0.0002573170748454423	0.002265046181429753	0.000523564934767462	0.001270411978332442	0.012851574471656635	0.003586421675440876	-0.0006721336308841419
0.005449729190508901	0.0006317734721901225	0.0021402273823145634	0.0008980213321125863	0.0019569153734648737	0.010667245487144816	0.0037112404745558436	0.0003264167620358194
0.0012682994201569375	-5.472992294208723e-05	0.0006424017929349546	0.0001491085374230039	0.001020774380102507	0.008108460105287207	0.0020261866865034506	-0.0006097242313261031
0.0017051652170601006	0.0005069546730758212	0.0007048111924925493	0.0010852495307849264	0.0016448683756773441	0.008732554100861822	0.002525461882962876	0.0005760543602657542
2.011142900726348e-05	-0.00042918632028654535	-0.0006681955977720921	-0.0003501666590373098	0.0004590897840848207	0.008482916502632332	0.0015893208896013977	-0.0006721336308841419
0.001580346417944467	0.0005069546730758212	0.00033035479514786914	0.0008356119325549916	0.0016448683756773441	0.011353748882276804	0.002775099481193477	0.0005760543602657542
-0.0004791637674523841	0.00013249827573069695	-0.0003561485999845626	-0.00016293846036496973	0.00039668038452767007	0.013038802670329197	0.0020885960860610453	-0.00023526783398186701
0.00014493022812245293	0.00019490767528829167	-0.0001065110017546278	-0.00016293846036496973	0.0008959555809877617	0.014911084657053486	0.002525461882962876	0.00045123556115056473
-0.0008536201647975084	-5.472992294208723e-05	-0.0001065110017546278	-0.0007870324559393627	2.22239871829899e-05	0.015472769253070728	0.0020261866865034506	-0.0004224960326542071
-4.229797055033124e-05	0.00019490767528829167	0.0002055359960326797	-0.0005373948577098719	0.0004590897840848207	0.015410359853513134	0.0022758242847333854	0.00045123556115056473
-0.0006039825665671295	-0.00011713932249945991	0.0002055359960326797	-0.0008494418554969574	2.22239871829899e-05	0.013538077866789067	0.001526911490043803	-0.0004224960326542071
-0.00029193556877982196	7.008887617332427e-05	8.071719691793433e-05	-0.000287757259479271	0.0002718615854124806	0.010792064286259118	0.0012772738918138682	0.0003888261615934141
-0.00016711676966463251	7.008887617332427e-05	0.00014312659647508497	-0.000287757259479271	0.00014704278629729117	0.0077964131074999	0.0007779986953533324	-0.00036008663309705646
-4.229797055033124e-05	-0.0003043675211713559	-0.00023132980086981725	-0.00022534785992256445	0.00033427098496963126	0.004863171328297833	0.00034113289845105754	0.00020159796292062993
-0.0005415731670104229	-0.0003043675211713559	-0.0001065110017546278	-3.811966124978028e-05	2.22239871829899e-05	0.0033029363393606292	9.149530022134478e-05	-0.0005473148317693965
0.0005193866254675772	7.679476615729541e-06	0.0002679453955902744	0.00033633673609512194	0.0006463179827573828	0.0033029363393606292	0.0009652268940261166	0.00020159796292062993
-0.0006039825665671295	-0.0004915957198441401	-4.410160219725512e-05	-0.00047498545815183313	0.00014704278629729117	0.003178117540245884	0.0007155892957961818	-0.0006097242313261031
0.00014493022812245293	7.679476615729541e-06	0.0005799923933773599	0.00033633673609512194	0.0005839085832004542	0.0053624465247579245	0.0016517302891581043	0.0003264167620358194
-0.0007912107652399136	-0.0004915957198441401	-0.00016892040131222252	-0.0005998042572674667	-4.018541237460482e-05	0.006360996917677442	0.0014645020904862083	-0.0007345430304412925
-4.229797055033124e-05	-0.00036677692072895063	-0.00023132980086981725	-0.0006622136568246173	0.0004590897840848207	0.008170869504845024	0.0018389584878306664	-0.00011044903486645552
-0.0037868619439991313	-0.0010532803158618265	-0.0016043365911344587	-0.0014735358510717944	-0.0008515076066226701	0.009231829297321914	0.00040354229800909636	-0.0009217712291140767
-0.008592385709925932	-0.0013029179140913172	-0.004163121972991846	-0.0024720862439913116	-0.0018500579995421873	0.009107010498207169	-0.001406330289158264	0.00020159796292062993
-0.009029251506827984	-0.0011780991149765718	-0.004225531372548996	-0.0027841332417792852	-0.0020996955977719	0.009481466895552293	-0.002030424284733323	-0.0005473148317693965
-0.009216479705500769	-0.0014901461127636573	-0.00491203476768165	-0.00284654264133688	-0.0024117425955594296	0.009107010498207169	-0.002529699481193415	0.00020159796292062993
-0.009715754901960416	-0.0014277367132065066	-0.005036853566796173	-0.0030961802395665927	-0.0026613801937893644	0.00798364130617224	-0.0029665652780954677	-0.0004224960326542071
-0.007968291714351095	-0.001365327313648912	-0.005036853566796173	-0.002596905043106945	-0.0020996955977719	0.007109909712367468	-0.0027793370794229055	7.677916380588456e-05
-0.006532875524528636	-0.000928461516746637	-0.0039758937743190614	-0.0018479922484169187	-0.0015380110017546578	0.007297137911039808	-0.0019680148851757284	-0.00036008663309705646
-0.005284687533379184	-0.0011156897154194212	-0.004038303173876656	-0.0016607640497445786	-0.0012259640039671282	0.007421956710154776	-0.001406330289158264	0.0001391885633630352
-0.003849271343556726	-0.0009908709163037877	-0.0031645715800716623	-0.001348717051957049	-0.0008515076066226701	0.009044601098649574	-0.0006574174944682376	-0.0006721336308841419
-0.0016649423590446855	-0.0003043675211713559	-0.0019163835889217662	-0.0003501666590373098	0.00014704278629729117	0.011915433478293824	0.000902817494468966	0.0003264167620358194
-0.0010408483634698484	-0.0003043675211713559	-0.001105061394674589	-0.0006622136568246173	0.0002094521858548859	0.01378771546501878	0.0014645020904862083	-0.0004224960326542071
-0.00010470737010748188	7.679476615729541e-06	-0.0006681955977720921	-0.0004125760585946825	0.0005839085832004542	0.015285541054398388	0.002151005485618196	0.00045123556115056473
-0.0005415731670104229	7.679476615729541e-06	-4.410160219725512e-05	-0.000287757259479271	0.0005839085832004542	0.015535178652628323	0.0022134148851757907	-0.0004224960326542071
0.0031405814068816706	0.0004445452735182265	0.0009544487907227062	8.669913786540917e-05	0.0013328213778898146	0.014411809460593616	0.0028999182803082224	0.0005136449607081595
0.005824185587853581	0.0005069546730758212	0.002639502578774211	0.0007732025329973968	0.0015200495765621547	0.012851574471656635	0.0035240122758830594	-0.0005473148317693965
0.00807092397192366	0.0013182768673225542	0.003887690569924551	0.002021390524147515	0.0027682375677120508	0.011228930083161615	0.004522562668802577	0.0007008731593807216
0.007634058175020941	0.0006941828717481613	0.003513234172579871	0.0013348871290150832	0.0021441435721374358	0.008108460105287207	0.0037112404745558436	-0.0004224960326542071
0.010255252956436145	0.0015679144655529331	0.005011059761959036	0.002832712718394692	0.0034547409628444825	0.008857372899977012	0.005333884863050198	0.00045123556115056473
0.008507789768825713	0.0008190016708631287	0.004324556366827048	0.0020837999237046656	0.002705828168154456	0.009169419897764763	0.004897019066147701	-0.0005473148317693965
0.00588659498741162	0.0005693640726334159	0.0025146837796599097	0.001147658930342299	0.0020193247730220243	0.010043151491569091	0.003960878072785334	0.0001391885633630352
0.004388769398031789	0.0004445452735182265	0.0023898649805449423	0.0010228401312273316	0.0017072777752349388	0.013288440268558688	0.004210515671015491	-0.0004849054322118018
0.0046384069962612795	0.000756592271305534	0.002452274380102315	0.001147658930342299	0.002081734172579619	0.0163465008468755	0.004959428465705296	0.0003264167620358194
0.0004569772259097604	0.00019490767528829167	0.0008920393911653335	-0.000287757259479271	0.000833546181430167	0.01647131964599069	0.0034616028763256868	-0.0004224960326542071
0.0007690242236968459	0.00038213587396063176	0.0008920393911653335	2.4289738307814446e-05	0.001083183779660546	0.016783366643777997	0.0035240122758830594	0.0005136449607081595
0.0005193866254675772	0.0004445452735182265	0.0011416769893950462	-0.000100529060807375	0.0009583649805449124	0.015285541054398388	0.0033367840772104973	-0.00017285843442405024
0.001205890020600009	0.0004445452735182265	0.0010792675898374515	2.4289738307814446e-05	0.001270411978332442	0.01247711807431151	0.0028999182803082224	0.0006384637598231269
-4.229797055033124e-05	7.679476615729541e-06	0.0006424017929349546	-0.00016293846036496973	0.0004590897840848207	0.009294238696879509	0.001714139688716143	-0.00029767723353946174
0.00020733962768004766	-5.472992294208723e-05	0.0002055359960326797	-0.000100529060807375	0.0005839085832004542	0.0066106345159075985	0.001526911490043803	0.0003264167620358194
0.0007066148241401393	0.0004445452735182265	0.0009544487907227062	0.00033633673609512194	0.001083183779660546	0.005924131120775167	0.0016517302891581043	-0.00011044903486645552
0.0007690242236968459	0.0004445452735182265	0.0007048111924925493	0.0008356119325549916	0.001083183779660546	0.006485815716792631	0.001714139688716143	0.0007008731593807216
-0.0005415731670104229	0.00013249827573069695	1.8307797360339606e-05	2.4289738307814446e-05	0.00033427098496963126	0.0070475003128098734	0.0011524550926982347	-4.8039635309304884e-05
0.00014493022812245293	0.00019490767528829167	-4.410160219725512e-05	0.0001491085374230039	0.0006463179827573828	0.008794963500419417	0.001526911490043803	0.0005136449607081595
-0.0007912107652399136	-0.00011713932249945991	-0.00023132980086981725	-0.000100529060807375	0.0002094521858548859	0.010417607888914215	0.0014645020904862083	-0.0004224960326542071
-0.0003543449683374167	0.00013249827573069695	-0.00016892040131222252	2.4289738307814446e-05	0.0005214991836421934	0.011478567681391993	0.0018389584878306664	0.0005136449607081595
-0.0006663919661247242	-5.472992294208723e-05	1.8307797360339606e-05	-0.0003501666590373098	0.0002718615854124806	0.011478567681391993	0.0015893208896013977	-0.00036008663309705646
0.00020733962768004766	0.00019490767528829167	0.0004551735942621704	8.669913786540917e-05	0.0006463179827573828	0.011478567681391993	0.0020261866865034506	0.0005136449607081595
-0.0006663919661247242	-0.00024195812161464936	0.00014312659647508497	-0.0005373948577098719	0.00014704278629729117	0.010167970290684725	0.001526911490043803	-0.0005473148317693965
0.0002697490272371983	0.00013249827573069695	0.0005175829938202092	-0.000100529060807375	0.0006463179827573828	0.00998074209201194	0.0018389584878306664	0.0003888261615934141
-0.0004167543678950114	7.008887617332427e-05	0.0006424017929349546	-0.00016293846036496973	0.00033427098496963126	0.010167970290684725	0.0017765490882732937	-0.00036008663309705646
-0.0004167543678950114	-0.00024195812161464936	-4.410160219725512e-05	-0.0006622136568246173	0.00033427098496963126	0.0097935138933396	0.0017765490882732937	0.0003264167620358194
-0.00403649954222951	-0.0006164145189588854	-0.001541927191577308	-0.0014735358510717944	-0.0008515076066226701	0.009231829297321914	0.00027872349889368486	-0.0005473148317693965
-0.008529976310368337	-0.0009908709163037877	-0.003851074975204094	-0.002035220447089481	-0.0016004204013118084	0.008607735301747521	-0.0011566926909281072	0.0003888261615934141
-0.009278889105058363	-0.001365327313648912	-0.004974444167238579	-0.00284654264133688	-0.0020996955977719	0.00760918490882756	-0.0017807866865033883	-0.0004224960326542071
-0.008467566910811186	-0.000928461516746637	-0.0047872159685662385	-0.002035220447089481	-0.0016004204013118084	0.00760918490882756	-0.001468739688716303	0.0006384637598231269
-0.008342748111695997	-0.0006788239185164802	-0.004163121972991846	-0.0016607640497445786	-0.0012259640039671282	0.007421956710154776	-0.0010942832913705125	-0.00017285843442405024
-0.007032150720988728	-0.0009908709163037877	-0.004350350171664186	-0.0019104016479745134	-0.0012259640039671282	0.005986540520333206	-0.001406330289158264	0.0003888261615934141
-0.006470466124971486	-0.0012405085145341666	-0.0037886655756464993	-0.002035220447089481	-0.0016004204013118084	0.005424855924315519	-0.0015935584878306042	-0.0005473148317693965
-0.004535774738689158	-0.0006788239185164802	-0.002602886984054642	-0.001161488853284487	-0.0005394606088346965	0.005924131120775167	-0.0007198268940258323	0.0003888261615934141
-0.003225177347981889	-0.0008660521171890423	-0.0019163835889217662	-0.0015359452506298332	-0.0007890982070650754	0.005799312321660199	-0.0007198268940258323	-0.0004849054322118018
-0.0012904859617000053	-0.0005540051194017348	-0.000917833196002249	-0.0008494418554969574	-0.00035223241016257845	0.006860272114137533	-3.332349889384467e-05	0.00026400736247822465
-0.00154012355992994	-0.0008036427176314476	-0.000917833196002249	-0.001161488853284487	-0.0007890982070650754	0.006860272114137533	-0.0003453704966813742	-0.0007969524299988873
0.00014493022812245293	7.008887617332427e-05	-0.00016892040131222252	-0.0004125760585946825	0.00014704278629729117	0.007421956710154776	0.000465951697566247	0.0003888261615934141
-0.0004167543678950114	-0.0003043675211713559	-0.0002937392004269679	-0.0005373948577098719	-0.00035223241016257845	0.0070475003128098734	0.00021631409933609014	-0.0005473148317693965
0.0033278096055540107	0.00013249827573069695	0.0008296299916075167	0.0004611555352098673	0.0008959555809877617	0.007734003707941861	0.001963777286946078	0.00020159796292062993
0.006510688982986457	0.0005693640726334159	0.002452274380102315	0.001147658930342299	0.0017072777752349388	0.008482916502632332	0.0034616028763256868	-0.0005473148317693965
0.007571648775463791	0.0010686392690926194	0.0032011871747923415	0.002208618722819855	0.002705828168154456	0.010043151491569091	0.00464738146791821	0.00045123556115056473
0.007509239375905752	0.0006941828717481613	0.003326005973907087	0.0017093435263602075	0.0023313717708093318	0.010792064286259118	0.004897019066147701	-0.0005473148317693965
0.009506340161745674	0.0012558674677654036	0.004511784565499832	0.0023958469214926392	0.0032675127641725865	0.013101212069885904	0.00620761645685497	0.0003888261615934141
0.00794610517280847	0.0011310486686506582	0.004636603364614134	0.0020837999237046656	0.0027682375677120508	0.014848675257496335	0.005957978858625479	-0.0004224960326542071
0.005137682192721371	0.000756592271305534	0.0031387777752343027	0.0010228401312273316	0.002081734172579619	0.014224581261921054	0.004834609666590106	0.0003264167620358194
0.004139131799801188	0.0005069546730758212	0.00288914017700459	0.00033633673609512194	0.0013328213778898146	0.013475668467231028	0.003960878072785334	-0.0005473148317693965
0.003078172007324076	7.679476615729541e-06	0.0021402273823145634	8.669913786540917e-05	0.0009583649805449124	0.012102661676966386	0.003399193476768092	-4.8039635309304884e-05
0.0006442054245825446	0.00019490767528829167	0.001391314587624981	-0.000100529060807375	0.0006463179827573828	0.009231829297321914	0.0022758242847333854	-0.0004849054322118018
0.0008314336232544406	-0.00011713932249945991	0.000767220592050144	-3.811966124978028e-05	0.0006463179827573828	0.0066106345159075985	0.0018389584878306664	0.00020159796292062993
0.0002697490272371983	-0.00024195812161464936	0.0008296299916075167	-3.811966124978028e-05	0.00033427098496963126	0.00530003712520033	0.001526911490043803	-0.0007345430304412925
0.0007066148241401393	-0.00017954872205661054	0.00039276419470546386	8.669913786540917e-05	0.000833546181430167	0.004426305531395558	0.0017765490882732937	1.436976424828984e-05
-0.0003543449683374167	-0.00042918632028654535	8.071719691793433e-05	-0.000287757259479271	0.0002718615854124806	0.005050399526970395	0.0013396832913710188	-0.0007969524299988873
-0.0005415731670104229	-0.00042918632028654535	-0.00016892040131222252	-0.00016293846036496973	0.00033427098496963126	0.006985090913252723	0.0016517302891581043	-4.8039635309304884e-05
-0.0007912107652399136	-0.00042918632028654535	-0.0001065110017546278	-0.0005373948577098719	0.00014704278629729117	0.008545325902189926	0.0016517302891581043	-0.0007969524299988873
-0.0004167543678950114	-0.0004915957198441401	-4.410160219725512e-05	-0.0005373948577098719	0.0002094521858548859	0.009855923292897195	0.001714139688716143	-0.00011044903486645552
-0.0009784389639122537	-0.00017954872205661054	0.0002679453955902744	-0.0004125760585946825	8.463338674058463e-05	0.01048001728847181	0.0016517302891581043	-0.0005473148317693965
0.00039456782635238774	0.00038213587396063176	0.0008920393911653335	8.669913786540917e-05	0.000833546181430167	0.009481466895552293	0.0019013678873884832	0.0005136449607081595
-0.0012280765621424106	-0.0006164145189588854	1.8307797360339606e-05	-0.0008494418554969574	-0.0005394606088346965	0.006735453315022344	0.00040354229800909636	-0.0007969524299988873
-0.00029193556877982196	-0.00024195812161464936	0.00039276419470546386	-0.00022534785992256445	8.463338674058463e-05	0.0049255807278554276	0.0007155892957961818	0.0001391885633630352
-0.0004791637674523841	-0.0003043675211713559	0.00033035479514786914	-0.0005373948577098719	-0.00010259481193219955	0.0028036611429007596	0.00027872349889368486	-0.0006097242313261031
0.00020733962768004766	7.679476615729541e-06	0.0005175829938202092	0.00021151793698015453	0.0004590897840848207	0.003178117540245884	0.000902817494468966	0.0003888261615934141
-0.0007912107652399136	-0.0003043675211713559	8.071719691793433e-05	-0.000100529060807375	2.22239871829899e-05	0.004176667933165401	0.0008404080949109272	-0.0006097242313261031
2.011142900726348e-05	-0.00011713932249945991	-0.0001065110017546278	-3.811966124978028e-05	0.0005214991836421934	0.005986540520333206	0.001526911490043803	0.0003264167620358194
-0.0010408483634698484	-0.00036677692072895063	-0.00041855799954215733	-0.00047498545815183313	-0.00010259481193219955	0.008358097703517142	0.0013396832913710188	-0.0007345430304412925
-0.0009160295643551031	-0.00024195812161464936	-0.0006057861982144974	-0.0004125760585946825	0.0002718615854124806	0.010105560891126686	0.0019013678873884832	7.677916380588456e-05
-0.005035049935149027	-0.0006788239185164802	-0.0021036117875945504	-0.0015359452506298332	-0.0009763264057369714	0.008794963500419417	0.00021631409933609014	-0.00036008663309705646
-0.009091660906386245	-0.0014277367132065066	-0.00441275957122178	-0.0024720862439913116	-0.0022245143968866454	0.006423406317234814	-0.0019680148851757284	1.436976424828984e-05
-0.009278889105058363	-0.001552555512321696	-0.00441275957122178	-0.0027217238422216905	-0.0024117425955594296	0.003989439734493061	-0.0025921088807505654	-0.0006721336308841419
-0.008529976310368337	-0.001365327313648912	-0.004225531372548996	-0.0022848580453194156	-0.0020372861982147494	0.001867520149538393	-0.002716927679865755	0.0001391885633630352
-0.009528526703287854	-0.0021142401083389384	-0.004849625368123833	-0.003033770840008998	-0.003160655390249012	5.7647562371032635e-05	-0.0039027062714578342	-0.0010465900282292662
-0.007406607118333408	-0.001552555512321696	-0.004225531372548996	-0.0023472674448770103	-0.0020372861982147494	-6.717123674371273e-05	-0.0030289746776535065	-0.00011044903486645552
-0.006657694323643826	-0.0016149649118790688	-0.0037886655756464993	-0.002596905043106945	-0.002162104997329495	0.0007441509575034644	-0.0027793370794229055	-0.0009841806286714494
-0.005097459334706622	-0.001365327313648912	-0.0028525245822841327	-0.0018479922484169187	-0.001475601602197063	0.0036773927367055315	-0.001468739688716303	-0.00011044903486645552
-0.0026634927519644247	-0.0006164145189588854	-0.0013546989929045239	-0.0009118512550545521	-0.00035223241016257845	0.006360996917677442	9.149530022134478e-05	-0.0007969524299988873
-0.0014777141603719013	-0.0008036427176314476	-0.001541927191577308	-0.0010366700541697416	-0.00022741361104716695	0.006860272114137533	0.00027872349889368486	-0.00029767723353946174
-0.002226626955062372	-0.0013029179140913172	-0.0016667459906918314	-0.0014111264515146438	-0.0011011452048519388	0.006985090913252723	9.149530022134478e-05	-0.0011089994277866388
-0.0003543449683374167	-0.00042918632028654535	-0.0006681955977720921	-0.0005373948577098719	0.0002094521858548859	0.007172319111925063	0.0010276362935837113	-0.00017285843442405024
-0.00010470737010748188	-0.0005540051194017348	-0.00023132980086981725	-0.00047498545815183313	-0.00010259481193219955	0.006236178118562696	0.0007155892957961818	-0.000859361829556482
0.003702266002899357	-5.472992294208723e-05	0.0015161333867399485	0.0006483837338826515	0.0009583649805449124	0.006298587518120291	0.002151005485618196	-0.00017285843442405024
0.0067603265812161695	0.00031972647440303703	0.0034508247730222763	0.001147658930342299	0.0017696871747925336	0.006173768719005102	0.0032743746776533467	-0.0007969524299988873
0.006947554779888954	0.00031972647440303703	0.0036380529716941723	0.0012724777294574885	0.001894505973907279	0.006298587518120291	0.0032743746776533467	-0.00017285843442405024
0.007009964179446104	0.0002573170748454423	0.004137328168154264	0.0012724777294574885	0.0017072777752349388	0.0074843661097128145	0.0034616028763256868	-0.0011089994277866388
0.00913188376440055	0.0008190016708631287	0.004948650362401441	0.0016469341268021687	0.002705828168154456	0.008732554100861822	0.0045849720683606154	-4.8039635309304884e-05
0.007259601777676039	0.0006317734721901225	0.004511784565499832	0.001147658930342299	0.0020193247730220243	0.009419057495994254	0.004023287472342929	-0.0007345430304412925
0.004326359998473972	0.00031972647440303703	0.003076368375677374	0.0008980213321125863	0.0015824589761201935	0.009731104493782006	0.003648831074998249	1.436976424828984e-05
0.004139131799801188	0.0004445452735182265	0.002639502578774211	0.0007732025329973968	0.0015824589761201935	0.009044601098649574	0.003836059273670145	-0.0006721336308841419
0.0033278096055540107	0.00031972647440303703	0.001828180384527034	0.0007107931334402462	0.0013952307774474093	0.0076715943083851545	0.0033367840772104973	7.677916380588456e-05
-0.00022952616922311542	-0.00036677692072895063	0.00033035479514786914	-0.000287757259479271	0.0002718615854124806	0.005736902922102605	0.0020885960860610453	-0.0007969524299988873
0.001205890020600009	0.00019490767528829167	0.000767220592050144	0.0004611555352098673	0.001083183779660546	0.0053624465247579245	0.002525461882962876	0.00020159796292062993
-0.00022952616922311542	-0.00036677692072895063	0.0002055359960326797	-0.000100529060807375	0.00014704278629729117	0.004426305531395558	0.001526911490043803	-0.0006097242313261031
0.0008938430228120353	7.008887617332427e-05	0.0007048111924925493	0.00033633673609512194	0.000833546181430167	0.004738352529182643	0.0018389584878306664	7.677916380588456e-05
-0.0009160295643551031	-0.0006788239185164802	0.00014312659647508497	-0.0009118512550545521	-0.00022741361104716695	0.004363896131837963	0.0005283610971238417	-0.0009841806286714494
-0.0004167543678950114	-0.00011713932249945991	0.0006424017929349546	-0.000100529060807375	0.0002094521858548859	0.006298587518120291	0.000902817494468966	7.677916380588456e-05
-0.000728801365682763	-0.00036677692072895063	0.0005175829938202092	-0.0006622136568246173	-0.00010259481193219955	0.006173768719005102	0.0005907704966814364	-0.0007969524299988873
0.00014493022812245293	-5.472992294208723e-05	0.0008296299916075167	-0.0004125760585946825	0.0004590897840848207	0.005861721721217572	0.0008404080949109272	0.0001391885633630352
-0.0011032577630274432	-0.00042918632028654535	0.0005175829938202092	-0.0005998042572674667	-0.00016500421148979427	0.00511280892652799	0.00034113289845105754	-0.0007969524299988873
-0.0004167543678950114	-0.00024195812161464936	1.8307797360339606e-05	-0.000287757259479271	0.0002718615854124806	0.003989439734493061	0.0006531798962385871	1.436976424828984e-05
-0.0005415731670104229	-0.0003043675211713559	1.8307797360339606e-05	-0.0003501666590373098	0.00014704278629729117	0.002928479942015505	0.0005907704966814364	-0.0006721336308841419
-0.0007912107652399136	-0.0004915957198441401	-0.0005433767986573468	-0.000100529060807375	8.463338674058463e-05	0.002928479942015505	0.0007779986953533324	-4.8039635309304884e-05
-0.0004167543678950114	-0.0003043675211713559	1.8307797360339606e-05	-0.000100529060807375	0.00014704278629729117	0.0033029363393606292	0.001090045693141306	-0.0007969524299988873
-0.0003543449683374167	-0.0004915957198441401	-0.0003561485999845626	-0.000287757259479271	8.463338674058463e-05	0.0036773927367055315	0.000902817494468966	-0.00017285843442405024
-0.0010408483634698484	-0.00042918632028654535	1.8307797360339606e-05	-0.000287757259479271	-0.00016500421148979427	0.005050399526970395	0.0007155892957961818	-0.0007969524299988873
-0.00029193556877982196	-0.00017954872205661054	0.0002679453955902744	-0.00022534785992256445	0.0002094521858548859	0.00567449352254501	0.000902817494468966	7.677916380588456e-05
-0.0007912107652399136	-0.0004915957198441401	0.0005799923933773599	-0.0007870324559393627	-0.00016500421148979427	0.006111359319447507	0.0005283610971238417	-0.0006721336308841419
-0.0013528953612576	-0.00036677692072895063	0.0002055359960326797	-0.0006622136568246173	-0.00016500421148979427	0.006360996917677442	0.00040354229800909636	-0.00011044903486645552
-0.006033600328069211	-0.0011780991149765718	-0.0018539741893641715	-0.0021600392462046702	-0.0016004204013118084	0.004114258533607806	-0.0016559678873881989	-0.000859361829556482
-0.008717204509040677	-0.0014901461127636573	-0.0037262561760893487	-0.002596905043106945	-0.002162104997329495	0.002491614145113008	-0.002904155878538317	7.677916380588456e-05
-0.009091660906386245	-0.0013029179140913172	-0.003913484374761689	-0.0023472674448770103	-0.0022245143968866454	0.002054748348210733	-0.002904155878538317	-0.0005473148317693965
-0.008093110513466284	-0.0009908709163037877	-0.004163121972991846	-0.0021600392462046702	-0.0016004204013118084	0.001243426153963556	-0.0024048806820782254	0.00045123556115056473
-0.009403707904173553	-0.001989421309223305	-0.005161672365911363	-0.0029089520408944747	-0.002973427191576672	5.7647562371032635e-05	-0.003528249874113376	-0.0009217712291140767
-0.007281788319218663	-0.0014901461127636573	-0.004475168970778487	-0.0023472674448770103	-0.00191246739909956	0.00018246636148600004	-0.002467290081635376	-4.8039635309304884e-05
-0.006532875524528636	-0.0014901461127636573	-0.003913484374761689	-0.002035220447089481	-0.0017252392004269979	0.0011810167544059613	-0.002030424284733323	-0.0009217712291140767
-0.004723002937361498	-0.000928461516746637	-0.0029149339818417275	-0.0012238982528420816	-0.0011011452048519388	0.0025540235446703807	-0.001406330289158264	7.677916380588456e-05
-0.002850720950637209	-0.0011156897154194212	-0.0017915647898070208	-0.001348717051957049	-0.001038735805294566	0.0030532987411306944	-0.0009070550926986165	-0.0009841806286714494
-0.0006663919661247242	-0.00036677692072895063	-0.0006681955977720921	-0.0006622136568246173	8.463338674058463e-05	0.0038646209353778715	-3.332349889384467e-05	0.00020159796292062993
-0.0012904859617000053	-0.0006164145189588854	-0.00023132980086981725	-0.0008494418554969574	-0.00041464180971950704	0.004426305531395558	-0.00047018929579611957	-0.0007345430304412925
-0.00029193556877982196	-0.0004915957198441401	8.071719691793433e-05	-0.0006622136568246173	-0.00016500421148979427	0.003989439734493061	-0.00022055169756618476	7.677916380588456e-05
0.0005193866254675772	-0.00042918632028654535	0.0004551735942621704	-0.0006622136568246173	-4.018541237460482e-05	0.003115708140688289	2.9085900663750053e-05	-0.0007345430304412925
0.004451178797588939	0.0002573170748454423	0.002077817982757413	0.0007107931334402462	0.0012080025787748472	0.004551124330509859	0.0018389584878306664	7.677916380588456e-05
0.006198641985198483	7.008887617332427e-05	0.0029515495765621846	0.0008356119325549916	0.0013952307774474093	0.005050399526970395	0.002775099481193477	-0.0011089994277866388
0.0067603265812161695	0.00019490767528829167	0.00270191197833225	0.0010228401312273316	0.0017696871747925336	0.004800761928740238	0.0032743746776533467	-0.00011044903486645552
0.007696467574578536	0.0006317734721901225	0.0037628717708093617	0.0018341623254747308	0.0022065529716950305	0.006298587518120291	0.004272925070573086	-0.0007969524299988873
0.009069474364843177	0.0009438204699778741	0.004262146967269453	0.0021462093232622603	0.0028306469672694234	0.0070475003128098734	0.005146656664377858	-4.8039635309304884e-05
0.006947554779888954	0.0006317734721901225	0.0037628717708093617	0.001584524727244574	0.0021441435721374358	0.0066106345159075985	0.004335334470130681	-0.0007345430304412925
