Sensor_1	Sensor_2	Sensor_3	Sensor_4	Sensor_5	Sensor_6	Sensor_7	Sensor_8
0.00038611135271260366	-0.00022614045929625348	-0.00046272201113906064	0.0006401207293809108	0.0006420398184174836	0.0026834044708934357	-0.0005751619058520507	-0.0006676370336464732
0.00032370195315500894	-0.00041336865796903766	-0.0012116348058293092	0.0002656643320366747	0.0005172210193027382	0.003057860868238338	-0.0009496183031967309	-0.0002931806363011269
-0.0006124390402073576	-0.0005381874570842271	-0.0009619972075989303	-0.00010879206530867158	-0.0001692823758301376	0.003681954863813397	-0.0010744371023112542	-0.0009796840314335586
-5.075444419033737e-05	-0.0002885498588538482	-0.00040031261158168796	1.6026733806295823e-05	-4.446357671539225e-05	0.00486773345540592	-0.00038793370717926656	-0.00016836183718638154
-0.0014237612344549788	-0.00041336865796903766	-0.00033790321202409324	-0.0008577048599986981	-0.0008557857709621253	0.004992552254520666	-0.0006375713054092014	-0.0007924558327612186
-0.0007372578393225471	-3.891226062413544e-05	0.00016137198443577638	-0.0006080672617680971	-0.000730966971847602	0.005429418051422941	-0.0002631149080640771	0.000143685160601148
-0.0019230364309146264	-0.0007254156557561231	-0.0002754938124664985	-0.001481798855573313	-0.001542289166095001	0.004493277058060574	-0.0007623901045243908	-0.001104502830548304
-0.0009868954375522598	-0.00041336865796903766	-0.00015067501335175315	-0.0011697518577857835	-0.0009806045700773147	0.004181230060273489	-0.0005751619058520507	-0.00016836183718638154
-0.0014237612344549788	-0.0004757780575261883	9.896258487773757e-05	-0.0009825236591134434	-0.0010430139696349094	0.003432317265583462	-0.0007623901045243908	-0.0008548652323188133
-0.00023798264286267745	-0.0001637310597388808	-8.826561379415843e-05	-0.0003584296635386064	-0.0001692823758301376	0.0031826796673535274	-0.00038793370717926656	-4.3543038071192086e-05
-0.00048762024109216817	-0.0005381874570842271	-0.0006499502098114007	-0.0007328860608835086	-0.0001692823758301376	0.002620995071335841	-0.0009496183031967309	-0.0008548652323188133
0.0004485207522693102	-0.0002885498588538482	-0.0006499502098114007	7.843613336389055e-05	0.0003924022201875488	0.0029330420691231485	-0.0007623901045243908	-4.3543038071192086e-05
-0.00042521084153501754	-0.0005381874570842271	-0.0011492254062714924	-4.63826657512989e-05	8.03552223997972e-05	0.003057860868238338	-0.0010120277027541036	-0.0008548652323188133
0.0006981583504996891	2.3497138933459283e-05	-0.0009619972075989303	0.0005153019302661654	0.0008292680170898237	0.004118820660715894	-0.0005127525062935678	0.000143685160601148
-0.0023599022278173454	-0.0004757780575261883	-0.00183572880140348	-0.0003584296635386064	-0.00048132937361722306	0.003494726665141057	-0.0018233498970012807	-0.0005428182345312837
-0.007352654192416264	-0.0009126438544284632	-0.004394514183261089	-0.0017938458533606205	-0.001979154962996832	0.0022465386739907167	-0.003882860082398354	0.00039332275883130485
-0.00828879518577863	-0.00116228145265862	-0.004332104783703494	-0.0024179398489359016	-0.0027280677576873025	0.0023089480735489776	-0.004257316479743256	-0.0002931806363011269
-0.008039157587548251	-0.00116228145265862	-0.004207285984588527	-0.002542758648050647	-0.0028528865568016037	0.002184129274433344	-0.004132497680628733	0.00039332275883130485
-0.008850479781795872	-0.001411919050888999	-0.004456923582818684	-0.0032916714427402294	-0.0035393899519340355	0.001560035278858729	-0.0046317728770888245	-0.000480408834973467
-0.0071654259937434794	-0.0009126438544284632	-0.0036456013885710625	-0.0024803492484934964	-0.0026656583581292637	0.0016224446784163238	-0.003820450682840759	0.0005805509575036449
-0.0065413319981690865	-0.0010374626535440967	-0.0033959637903409057	-0.0024179398489359016	-0.002790477157244453	0.0009983506828414868	-0.003695631883726014	-0.0002931806363011269
-0.004294593614099451	-0.0010998720531010253	-0.0032711449912261603	-0.0020434834515909994	-0.001979154962996832	0.0005614848859385457	-0.0031339472877087715	1.886636148640264e-05
-0.0023599022278173454	-0.0008502344548713126	-0.002522232196536578	-0.0012945706569005289	-0.0012926515678644002	0.00037425668726620565	-0.0025098532921337124	-0.0006676370336464732
-5.075444419033737e-05	-0.00041336865796903766	-0.0019605476005188915	-0.00017120146486582222	-0.00023169177538773233	0.0008111224841691467	-0.0015737122987711238	1.886636148640264e-05
-0.00017557324330508273	-0.0006630062561985284	-0.0021477757991914537	-0.0003584296635386064	-0.0001692823758301376	0.0006863036850537352	-0.0016361216983291627	-0.0007924558327612186
0.0009477959487294019	-0.0005381874570842271	-0.0019605476005188915	0.0002656643320366747	0.00032999282062995405	0.0013103976806290163	-0.0012616653009840384	-4.3543038071192086e-05
-0.000113163843747488	-0.0006005968566409337	-0.001898138200961741	1.6026733806295823e-05	-0.0001692823758301376	0.001996901075761448	-0.0013864841000992278	-0.0008548652323188133
0.002820077935454135	0.00014831593804864873	-0.00015067501335175315	0.0006401207293809108	0.0008292680170898237	0.004368458258945829	0.0002985696879531652	0.000143685160601148
0.005129225719081365	0.00033554413672054473	0.002345700968947817	0.0008897583276112897	0.0010789056153199805	0.006677606042573059	0.0019212140764479635	-0.0006676370336464732
0.0071263265049208435	0.0012716851300833554	0.00421798295567255	0.0017010805218586889	0.0018902278095676017	0.008487478629739753	0.0036062678644999124	0.00039332275883130485
0.006065366712443732	0.001146866330968166	0.004530029953459858	0.0011393959258410025	0.00139095261310751	0.008674706828412315	0.003481449065385167	-0.00023077123674353217
0.007625601701380935	0.001334094529640728	0.0054037615472650735	0.0015762617227437214	0.002015046608682347	0.008799525627527505	0.00410554306095956	0.00026850395971633745
0.007251145304036255	0.0012092757305257607	0.0054037615472650735	0.0015138523231859047	0.0020774560082394977	0.008113022232395073	0.00410554306095956	-0.0005428182345312837
0.006127776112001326	0.0012092757305257607	0.003968345357442615	0.0016386711223010941	0.0023270936064694325	0.006552787243457869	0.0031694020675978596	0.00033091335927371013
0.004442722323949377	0.0004603629358359562	0.0027201573662929412	0.0012018053253985972	0.0016405902113370008	0.004742914656290731	0.0019836234760055582	-0.0007300464332036238
0.00487958812085143	0.000710000534065891	0.002158472770275477	0.0018258993209734342	0.0023270936064694325	0.004306048859388234	0.0021084422751198595	8.127576104399736e-05
0.0010726147478450354	-3.891226062413544e-05	3.655318532103102e-05	0.0005777113298237602	0.0010789056153199805	0.0029330420691231485	-7.588670939195907e-05	-0.0006676370336464732
0.0014470711451892715	8.590653849105401e-05	3.655318532103102e-05	0.001014577126726257	0.0011413150148771312	0.0037443642633705476	4.8932089723230376e-05	0.00020609456015874272
0.0002612925535974142	0.00014831593804864873	0.00034860018310811647	0.0006401207293809108	0.0006420398184174836	0.004368458258945829	4.8932089723230376e-05	-0.0005428182345312837
0.0006357489509420944	0.00039795353627858354	0.0007230565804530187	0.0004528925307085707	0.0007044492179755224	0.0052421898527501565	0.00042338848706791055	0.00033091335927371013
-0.00042521084153501754	0.00033554413672054473	0.0011599223773555156	-0.00010879206530867158	-0.0001692823758301376	0.005803874448767843	0.0003609790875103158	-0.00016836183718638154
-0.0005500296406506511	0.00021072533760624346	0.0009102847791258029	-0.0005456578622113906	-0.00048132937361722306	0.00624074024567034	0.0002985696879531652	0.00026850395971633745
-0.0010493048371102986	0.00014831593804864873	0.0008478753795682081	-0.0008577048599986981	-0.000730966971847602	0.005866283848325438	-1.3477309833920259e-05	-0.0002931806363011269
7.406435492485208e-05	0.00039795353627858354	0.0009726941786825094	-0.00010879206530867158	-4.446357671539225e-05	0.004680505256733358	0.00048579788662594936	0.0005181415579460502
-0.0003628014419778669	-3.891226062413544e-05	0.00016137198443577638	-0.0004208390630962011	-0.00023169177538773233	0.002808223270008625	-0.0002631149080640771	-0.00041799943541587226
0.0007605677500568397	0.00021072533760624346	-0.00021308441290934788	0.0002032549324786359	0.0006420398184174836	0.0017472634775310691	-0.0002631149080640771	0.00039332275883130485
0.0005109301518269049	2.3497138933459283e-05	-0.00033790321202409324	0.0007025301289385055	0.0007044492179755224	0.0010607600823986374	-0.0004503431067368613	-0.0002931806363011269
0.0010726147478450354	0.00039795353627858354	-0.0005875408102542501	0.0011393959258410025	0.0015157714122222554	0.0013103976806290163	-0.00013829610894933175	0.0005805509575036449
0.0002612925535974142	8.590653849105401e-05	-0.0007123596093689955	0.0005777113298237602	0.0007044492179755224	0.0018720822766462586	-0.0007623901045243908	-0.0002931806363011269
0.0004485207522693102	0.0002731347371638382	-0.0002754938124664985	0.0007649395284961003	0.000766858617532229	0.003869183062485737	-0.00020070550850692648	0.0004557321583888996
-0.0007372578393225471	-0.00010132166018128608	-0.0002754938124664985	-0.0004208390630962011	-0.0001692823758301376	0.0050549616540782605	-0.0005127525062935678	-0.0005428182345312837
-0.000113163843747488	0.00033554413672054473	0.0005982377813382733	-0.00023361086442341694	1.7945822842646564e-05	0.006802424841687804	0.0001113414892808251	0.0005181415579460502
-0.0014237612344549788	-3.891226062413544e-05	0.0007230565804530187	-0.0008577048599986981	-0.0009806045700773147	0.007114471839475112	-7.588670939195907e-05	-0.00041799943541587226
-0.0006748484397649523	0.00039795353627858354	0.0008478753795682081	-0.0007328860608835086	-0.0003565105745020336	0.006989653040360144	0.00023616028839557046	0.0005805509575036449
-0.0036080902189665753	-0.00041336865796903766	-0.0007123596093689955	-0.0017314364538034699	-0.0016671079652093024	0.004493277058060574	-0.0015113028992135291	-0.00041799943541587226
-0.0077895199893187606	-0.0009750532539860579	-0.0037080107881286573	-0.002355530449378307	-0.0024784301594569236	0.0013103976806290163	-0.003820450682840759	0.0004557321583888996
-0.007851929388876355	-0.0014743284504461496	-0.0047065611810486185	-0.0026051680476082417	-0.0025408395590145183	-0.0007491125047680569	-0.00456936347753123	-0.000480408834973467
-0.0065413319981690865	-0.0010998720531010253	-0.005018608178835704	-0.0017314364538034699	-0.0016046985656521517	-0.0010611595025558085	-0.00444454467841604	0.0004557321583888996
-0.0071654259937434794	-0.0012871002517733654	-0.005455473975738201	-0.0016690270542458752	-0.0018543361638820866	-0.0014980252994580834	-0.004943819874876132	-0.000480408834973467
-0.00579241920347906	-0.00116228145265862	-0.005517883375295796	-0.0013569800564585677	-0.0012302421683076936	-0.0009363407034410631	-0.004506954077973635	0.00039332275883130485
-0.005293144007018968	-0.0010374626535440967	-0.004581742381933429	-0.0012945706569005289	-0.001542289166095001	0.0005614848859385457	-0.004132497680628733	-0.00041799943541587226
-0.0035456808194094247	-0.0006005968566409337	-0.0034583731898985004	-0.0009201142595562928	-0.001167832768750099	0.00287063266956622	-0.0028843096894783926	0.0004557321583888996
-0.002859177424276993	-0.0007878250553137178	-0.0023350039978637938	-0.0015442082551309078	-0.0016046985656521517	0.004555686457618169	-0.0022602156939039997	-0.0005428182345312837
-0.0014237612344549788	-0.00041336865796903766	-0.001024406607156525	-0.0010449330586710381	-0.0012302421683076936	0.005928693247883032	-0.0011992559014264437	0.00020609456015874272
-0.0014861706340123515	-0.0002885498588538482	-0.00040031261158168796	-0.0012945706569005289	-0.0013550609674219949	0.005991102647440627	-0.0008872089036391362	-0.0003555900358587216
-5.075444419033737e-05	8.590653849105401e-05	0.00016137198443577638	-0.0008577048599986981	-0.0006685575722897852	0.005554236850537908	-0.0002631149080640771	0.0004557321583888996
-0.0006124390402073576	-0.0002885498588538482	-8.826561379415843e-05	-0.0009201142595562928	-0.0010430139696349094	0.004056411261158299	-0.0007623901045243908	-0.000480408834973467
0.0031321249332416645	0.0002731347371638382	0.0009726941786825094	0.0004528925307085707	0.0007044492179755224	0.003869183062485737	0.0007978448844132568	0.00020609456015874272
0.0065022325093457845	0.000710000534065891	0.002595338567177752	0.001451442923628532	0.0020774560082394977	0.00393159246204311	0.0021084422751198595	-0.000480408834973467
0.008436923895628556	0.0012092757305257607	0.003593888960097491	0.0027620403143358008	0.003263234599831799	0.004930142854963071	0.0033566302662704217	0.0004557321583888996
0.007812829900053275	0.0010844569314110153	0.0032818419623097395	0.0025748121156634607	0.0031384158007166096	0.0050549616540782605	0.003106992668040043	-0.00041799943541587226
0.008873789692531053	0.0013965039291985448	0.00403075475700021	0.0030116779125652915	0.0037625097962918908	0.013480230594339115	0.0034190396658271283	0.00033091335927371013
0.008062467498283432	0.0008972287327386752	0.0037187077592129025	0.0018258993209734342	0.002639140604257184	0.019034667154955498	0.002420489272907611	-0.0007924558327612186
0.005316453917753705	0.0008972287327386752	0.002532929167620157	0.0011393959258410025	0.002202274807354687	0.02190549953459975	0.0015467576791030613	8.127576104399736e-05
0.003069715533684514	0.00039795353627858354	0.002283291569389778	1.6026733806295823e-05	0.0010164962157623858	0.026773432700084143	0.00023616028839557046	-0.0007300464332036238
0.0035689907301446055	0.0009596381322958258	0.002595338567177752	0.00032807373159382536	0.0014533620126646607	0.027397526695658536	0.0006730260852982894	0.00039332275883130485
-0.0003003920424202722	0.00021072533760624346	0.0005982377813382733	-0.0008577048599986981	8.03552223997972e-05	0.024277056717784573	-0.0011992559014264437	-0.0005428182345312837
0.00032370195315500894	-3.891226062413544e-05	0.00028619078355052174	-0.0007328860608835086	0.00026758342107235933	0.020532492744335107	-0.0011992559014264437	0.000143685160601148
-0.000113163843747488	2.3497138933459283e-05	0.00028619078355052174	-0.00029602026398101167	0.00020517402151543074	0.016475881773098333	-0.0010744371023112542	-0.0006052276340888785
0.0009477959487294019	0.00021072533760624346	-8.826561379415843e-05	0.00014084553292104118	0.0009540868162047911	0.012856136598763834	-0.0009496183031967309	0.00026850395971633745
0.0005109301518269049	-0.0001637310597388808	-0.0005251314106966554	-0.00010879206530867158	0.0005172210193027382	0.009673257221332277	-0.0012616653009840384	-0.0006676370336464732
0.0006981583504996891	2.3497138933459283e-05	-0.0005251314106966554	0.0005777113298237602	0.0008916774166474184	0.009298800823987152	-0.0009496183031967309	0.000143685160601148
0.00019888315404004153	-3.891226062413544e-05	-0.0009619972075989303	0.00014084553292104118	0.0006420398184174836	0.010297351216907114	-0.0013864841000992278	-0.000480408834973467
0.0009477959487294019	0.00021072533760624346	-0.0005875408102542501	0.0005777113298237602	0.0010164962157623858	0.01391709639124139	-0.0010744371023112542	0.00039332275883130485
-0.0006748484397649523	-0.00010132166018128608	-0.0008371784084841849	-0.00017120146486582222	0.00014276462195716988	0.01772406976424823	-0.0018233498970012807	-0.0005428182345312837
-0.0003628014419778669	-3.891226062413544e-05	-0.0008995878080417796	-0.0006080672617680971	0.00026758342107235933	0.02190549953459975	-0.0018857592965593195	0.00026850395971633745
-0.001174123636225044	-3.891226062413544e-05	-0.0005251314106966554	-0.0011073424582281888	-0.00041891997405962833	0.025462835309377096	-0.0023226250934611503	-0.000480408834973467
-0.0012989424353397894	-0.00022614045929625348	-0.0008995878080417796	-0.0014193894560157183	-0.00048132937361722306	0.02883294288548144	-0.002572262691691307	1.886636148640264e-05
-0.001610989433127541	-0.0007254156557561231	-0.0010868160067141197	-0.002293121049820712	-0.00091819517051972	0.02870812408636625	-0.0031339472877087715	-0.0010420934309907093
-0.000113163843747488	-0.00010132166018128608	-0.0002754938124664985	-0.0011697518577857835	0.00014276462195716988	0.026835842099641516	-0.0020729874952312155	0.000143685160601148
-0.0007996672388799198	-0.000350959258411665	-0.0007123596093689955	-0.0011697518577857835	-0.00010687297627254289	0.022030318333714716	-0.0024474438925763398	-0.0006676370336464732
0.0004485207522693102	-0.0002885498588538482	-0.001024406607156525	-0.0006704766613261359	0.0006420398184174836	0.017162385168230543	-0.0018857592965593195	8.127576104399736e-05
0.00032370195315500894	-0.0002885498588538482	-0.0008371784084841849	-0.00023361086442341694	0.0006420398184174836	0.013667458793011455	-0.0018233498970012807	-0.0006052276340888785
0.0006981583504996891	0.00021072533760624346	-0.0008371784084841849	0.0005777113298237602	0.0012661338139923206	0.013230592996109403	-0.001136846501868849	0.0005181415579460502
-0.0033584526207370846	-0.0006005968566409337	-0.002959097993439075	-0.0009825236591134434	-0.00023169177538773233	0.013168183596551364	-0.0033211754863813336	-0.000480408834973467
-0.007415063591973858	-0.0009126438544284632	-0.005018608178835704	-0.0018562552529186593	-0.001542289166095001	0.01560215017929334	-0.005443095071336002	0.0005181415579460502
-0.008538432784008565	-0.00116228145265862	-0.005081017578393299	-0.002729986846723431	-0.0022912019607845835	0.019970808148317865	-0.0060047796673528	-0.0003555900358587216
-0.00847602338445097	-0.0012246908522162148	-0.005018608178835704	-0.003229262043183301	-0.0025408395590145183	0.022841640527962337	-0.0060047796673528	0.0004557321583888996
-0.009162526779583402	-0.001411919050888999	-0.004768970580606213	-0.003790946639200099	-0.0032897523537045448	0.02227995593194554	-0.006316826665140773	-0.0003555900358587216
-0.007227835393301074	-0.0010998720531010253	-0.003957648386358592	-0.003416490241855419	-0.002790477157244453	0.01822334496070832	-0.005193457473105623	0.00039332275883130485
-0.006042056801708995	-0.0012246908522162148	-0.0034583731898985004	-0.0031044432440681113	-0.0026656583581292637	0.010671807614251794	-0.0046317728770888245	-0.00041799943541587226
-0.0029839962233919604	-0.0006630062561985284	-0.0025846415960937286	-0.0012945706569005289	-0.001167832768750099	0.003057860868238338	-0.003009128488593582	0.0005181415579460502
-0.00048762024109216817	-0.00041336865796903766	-0.0015236818036166166	-0.00029602026398101167	-4.446357671539225e-05	-0.003495126085297784	-0.0016985310978865353	-0.00023077123674353217
0.0009477959487294019	-0.00022614045929625348	-0.001024406607156525	0.0006401207293809108	0.0006420398184174836	-0.006428367864499851	-0.0007623901045243908	0.00039332275883130485
-5.075444419033737e-05	-0.0005381874570842271	-0.0008995878080417796	0.00032807373159382536	1.7945822842646564e-05	-0.0056794550698098245	-0.0008247995040815415	-0.0006052276340888785
0.0007605677500568397	-3.891226062413544e-05	-0.0007747690089265902	0.0004528925307085707	0.0003924022201875488	-0.0009987501029982138	-0.000699980704966352	0.00033091335927371013
0.00038611135271260366	-0.0001637310597388808	-0.00046272201113906064	-0.00010879206530867158	8.03552223997972e-05	0.006178330846112967	-0.0012616653009840384	-0.00041799943541587226
0.003506581330587011	0.00033554413672054473	0.0010351035782405482	0.0007025301289385055	0.00120372441443517	0.01610142537575343	4.8932089723230376e-05	0.00026850395971633745
0.005815729114213353	0.0007724099336230417	0.002595338567177752	0.0008273489280534729	0.0020774560082394977	0.02508837891203175	0.0007978448844132568	-0.000480408834973467
0.007251145304036255	0.0010220475318529765	0.0032818419623097395	0.0011393959258410025	0.002701550003814779	0.031454137666895754	0.0012347106813150877	0.00026850395971633745
0.006252594911116516	0.0010220475318529765	0.003593888960097491	0.0007649395284961003	0.002202274807354687	0.03451219824521301	0.000985073083085597	-0.0003555900358587216
0.008249695696955772	0.001583732127871107	0.004467620553902263	0.0012642147249557478	0.0032008252002742044	0.034324970046540226	0.002046032875563153	0.0005805509575036449
0.007313554703593406	0.0012092757305257607	0.004530029953459858	0.001014577126726257	0.0024519124055844	0.029644265079728616	0.0018588046768903688	-0.0003555900358587216
0.005690910315098607	0.0012716851300833554	0.0035314795605401184	0.0012018053253985972	0.0023895030060270273	0.022841640527962337	0.001609167078660434	0.0005805509575036449
0.004567541123064123	0.0007724099336230417	0.002595338567177752	0.0008273489280534729	0.002015046608682347	0.015914197177081535	0.0011098918822007864	-0.0003555900358587216
0.004068265926604253	0.0008348193331810805	0.002158472770275477	0.0015138523231859047	0.002202274807354687	0.01160794860761416	0.0011098918822007864	0.00033091335927371013
0.0004485207522693102	8.590653849105401e-05	0.0005358283817809006	0.0007025301289385055	0.0010789056153199805	0.009298800823987152	-0.0005127525062935678	-0.0005428182345312837
0.0012598429465169314	0.000522772335393551	0.0005358283817809006	0.0008897583276112897	0.0015781808117798501	0.01129590160982663	-0.00020070550850692648	0.0006429603570612397
-0.00017557324330508273	8.590653849105401e-05	0.00022378138399292702	0.0002032549324786359	0.0005172210193027382	0.014666009185930973	-0.0010120277027541036	-0.000480408834973467
0.00032370195315500894	0.00039795353627858354	0.0004734189822230839	0.0002032549324786359	0.0008916774166474184	0.019221895353627838	-0.0009496183031967309	0.0004557321583888996
-0.0006748484397649523	-3.891226062413544e-05	-0.00015067501335175315	-0.0007952954604406592	8.03552223997972e-05	0.021406224338140323	-0.0019481686961169142	-0.000480408834973467
0.0006981583504996891	0.000522772335393551	0.0005358283817809006	-4.63826657512989e-05	0.0009540868162047911	0.0234033251239798	-0.0012616653009840384	0.0007053697566188344
-0.0003628014419778669	0.00021072533760624346	0.00016137198443577638	-0.0006080672617680971	0.00032999282062995405	0.02227995593194554	-0.0018233498970012807	-0.00023077123674353217
0.00038611135271260366	2.3497138933459283e-05	9.896258487773757e-05	-0.0006080672617680971	0.0005172210193027382	0.020033217547875015	-0.0016361216983291627	0.00026850395971633745
-0.0006748484397649523	-0.00022614045929625348	3.655318532103102e-05	-0.0008577048599986981	-0.00023169177538773233	0.016975156969558203	-0.0019481686961169142	-0.0006052276340888785
7.406435492485208e-05	2.3497138933459283e-05	9.896258487773757e-05	-0.0005456578622113906	0.00032999282062995405	0.014478780987258633	-0.0014488934996568226	0.000143685160601148
-0.0007372578393225471	-0.0004757780575261883	-0.00033790321202409324	-0.0009825236591134434	-0.0001692823758301376	0.012606499000534344	-0.0020105780956736208	-0.0007300464332036238
-0.000113163843747488	-0.00010132166018128608	-2.58562142365637e-05	-0.00017120146486582222	0.0004548116197451435	0.013729868192569494	-0.0013864841000992278	8.127576104399736e-05
-0.001174123636225044	-0.0006630062561985284	-0.0008371784084841849	-0.0009825236591134434	-0.00023169177538773233	0.014790827985046162	-0.0021353968947888102	-0.0009796840314335586
0.00019888315404004153	-0.00022614045929625348	-0.0005875408102542501	-0.00048324846265379584	0.0006420398184174836	0.017412022766461144	-0.0016361216983291627	1.886636148640264e-05
-0.0011117142366674493	-0.0004757780575261883	-0.0007747690089265902	-0.0008577048599986981	-0.00010687297627254289	0.019845989349202675	-0.0022602156939039997	-0.0008548652323188133
-0.00048762024109216817	-0.00022614045929625348	-0.0007747690089265902	-0.0007328860608835086	0.0003924022201875488	0.021156586739909944	-0.0018233498970012807	1.886636148640264e-05
-0.0007372578393225471	-0.0004757780575261883	-0.0007123596093689955	-0.0011073424582281888	-0.00010687297627254289	0.020532492744335107	-0.0021353968947888102	-0.0006676370336464732
-0.0007996672388799198	-0.0001637310597388808	-0.0005251314106966554	-0.0007328860608835086	8.03552223997972e-05	0.019346714152742583	-0.00176094049744413	0.000143685160601148
-0.0050435064087890336	-0.0009126438544284632	-0.002522232196536578	-0.002293121049820712	-0.0014798797665369623	0.015040465583276319	-0.003695631883726014	-0.0006676370336464732
-0.007477472991531453	-0.0010374626535440967	-0.0040824671854737815	-0.0026051680476082417	-0.001979154962996832	0.01129590160982663	-0.004943819874876132	0.00039332275883130485
-0.007851929388876355	-0.0014743284504461496	-0.004269695384146122	-0.002729986846723431	-0.002603248958571669	0.008986753826199845	-0.005318276272220812	-0.0005428182345312837
-0.007290244792858669	-0.0010998720531010253	-0.004581742381933429	-0.002542758648050647	-0.0020415643625548707	0.0075513376363773865	-0.005131048073548472	0.0004557321583888996
-0.008039157587548251	-0.0019736036469062412	-0.005143426977950671	-0.003229262043183301	-0.0028528865568016037	0.006677606042573059	-0.0060047796673528	-0.0008548652323188133
-0.006229285000381557	-0.0012246908522162148	-0.004332104783703494	-0.00210589285114815	-0.001979154962996832	0.00892434442664225	-0.005068638673990877	0.00033091335927371013
-0.005667600404363871	-0.0013495096513314042	-0.004394514183261089	-0.002355530449378307	-0.0021039737621120214	0.010671807614251794	-0.005131048073548472	-0.0006676370336464732
-0.0029215868238345877	-0.0007878250553137178	-0.003146326192110971	-0.0012945706569005289	-0.0010430139696349094	0.013667458793011455	-0.003945269481956393	0.00033091335927371013
-0.0016733988326851357	-0.0005381874570842271	-0.0022101851987486043	-0.0011073424582281888	-0.000730966971847602	0.01622624417486862	-0.0033211754863813336	-0.00041799943541587226
-0.0003628014419778669	-0.0006005968566409337	-0.00183572880140348	-0.0011073424582281888	-0.0002941011749444389	0.017661660364690634	-0.0028843096894783926	8.127576104399736e-05
-0.0006748484397649523	-0.0005381874570842271	-0.0011492254062714924	-0.0011073424582281888	-0.0006061481727321905	0.01872262015716819	-0.0028843096894783926	-0.0006676370336464732
1.1654955367257358e-05	-0.00041336865796903766	-0.0008995878080417796	-0.0007328860608835086	-0.00010687297627254289	0.019159485954070243	-0.002385034493018745	0.000143685160601148
0.0002612925535974142	-0.00041336865796903766	-0.00040031261158168796	-0.0012945706569005289	-0.00023169177538773233	0.017973707362478164	-0.0022602156939039997	-0.0007924558327612186
0.004005856527046436	0.00021072533760624346	0.00190883517204532	0.00032807373159382536	0.00120372441443517	0.018597801358053445	-7.588670939195907e-05	0.000143685160601148
0.006065366712443732	0.0004603629358359562	0.003344251361867334	0.0008273489280534729	0.0017654090104524123	0.018098526161593353	0.0012971200808731265	-0.0007300464332036238
0.0075631923018237845	0.0010220475318529765	0.0039059359578850206	0.001451442923628532	0.0027639594033723736	0.016912747570001052	0.0022956704737928657	0.00026850395971633745
0.007001507705805654	0.0005851817349511457	0.00421798295567255	0.0013890335240713814	0.0023895030060270273	0.016163834775311026	0.0022956704737928657	-0.0008548652323188133
0.008561742694742858	0.0012092757305257607	0.004779667551689792	0.002262765117875709	0.0033880533989472106	0.017287203967345732	0.003294220866712827	0.000143685160601148
0.006814279507133314	0.0007724099336230417	0.0039059359578850206	0.0015138523231859047	0.002701550003814779	0.01778647916380538	0.002420489272907611	-0.0006052276340888785
0.005129225719081365	0.0010844569314110153	0.0034690701609823016	0.001888308720531029	0.002639140604257184	0.01990839874876027	0.0021084422751198595	0.0004557321583888996
0.0035689907301446055	0.000522772335393551	0.0026577479667353465	0.0008273489280534729	0.0018902278095676017	0.021281405539025355	0.000985073083085597	-0.0005428182345312837
0.002820077935454135	0.000710000534065891	0.002096063370717882	0.0006401207293809108	0.0018902278095676017	0.022592002929732624	0.0006106166857406947	0.0004557321583888996
-0.0006124390402073576	-0.00010132166018128608	0.0007854659800106134	-0.0006704766613261359	0.00020517402151543074	0.02240477473105984	-0.001136846501868849	-0.0006676370336464732
0.00032370195315500894	0.00021072533760624346	3.655318532103102e-05	-0.00029602026398101167	0.0007044492179755224	0.021655861936370258	-0.00032552430762167184	0.00039332275883130485
-0.000113163843747488	-0.0007254156557561231	-0.0002754938124664985	-0.0014193894560157183	1.7945822842646564e-05	0.01753684156557589	-0.0015113028992135291	-0.0009796840314335586
0.0004485207522693102	8.590653849105401e-05	0.0007230565804530187	1.6026733806295823e-05	0.0004548116197451435	0.01572696897840875	-0.0006375713054092014	8.127576104399736e-05
-0.0009244860379946651	-0.000350959258411665	-0.00015067501335175315	-0.0007328860608835086	-0.0002941011749444389	0.01173276740672935	-0.001136846501868849	-0.0007924558327612186
7.406435492485208e-05	-0.00041336865796903766	-2.58562142365637e-05	-0.0004208390630962011	1.7945822842646564e-05	0.008362659830625452	-0.0008872089036391362	-0.0002931806363011269
-0.000113163843747488	-0.00041336865796903766	-8.826561379415843e-05	-0.00048324846265379584	-4.446357671539225e-05	0.0069272436408023275	-0.0008872089036391362	-0.0007300464332036238
0.0004485207522693102	0.00014831593804864873	3.655318532103102e-05	0.0002032549324786359	0.0007044492179755224	0.008237841031510262	-0.00038793370717926656	0.00039332275883130485
-0.0007372578393225471	-0.00010132166018128608	-0.00015067501335175315	1.6026733806295823e-05	0.00014276462195716988	0.010609398214694199	-0.0010120277027541036	-0.00041799943541587226
-0.0006124390402073576	-0.00022614045929625348	-0.00046272201113906064	-0.00010879206530867158	8.03552223997972e-05	0.0137922775921262	-0.0011992559014264437	8.127576104399736e-05
-0.0010493048371102986	-0.0005381874570842271	-0.0005251314106966554	-0.0009201142595562928	-0.00010687297627254289	0.016351062973983366	-0.0016361216983291627	-0.0008548652323188133
-0.0007372578393225471	-0.00041336865796903766	-0.0002754938124664985	-0.0007952954604406592	1.7945822842646564e-05	0.018909848355840753	-0.0015737122987711238	1.886636148640264e-05
-0.0014861706340123515	-0.0004757780575261883	-0.00015067501335175315	-0.0012321612573433782	-0.0005437387731748178	0.019658761150530335	-0.0018857592965593195	-0.0008548652323188133
-0.00023798264286267745	-0.00022614045929625348	9.896258487773757e-05	-0.0009825236591134434	0.00020517402151543074	0.018472982558938256	-0.0012616653009840384	8.127576104399736e-05
-0.0003628014419778669	-0.0001637310597388808	0.0005982377813382733	-0.0006704766613261359	0.00014276462195716988	0.016538291172655928	-0.0010120277027541036	-0.00041799943541587226
-5.075444419033737e-05	2.3497138933459283e-05	0.0004110095826657112	-0.0003584296635386064	0.0003924022201875488	0.014353962188143887	-0.0006375713054092014	0.00020609456015874272
7.406435492485208e-05	2.3497138933459283e-05	0.0005358283817809006	-0.0003584296635386064	0.0005796304188598889	0.012544089600976971	-0.0005751619058520507	-0.00041799943541587226
-0.0006748484397649523	-0.0002885498588538482	-0.00046272201113906064	-0.0005456578622113906	0.00014276462195716988	0.011982405004959062	-0.0010120277027541036	0.00020609456015874272
-0.0059172380025942495	-0.0010998720531010253	-0.0025846415960937286	-0.00191866465247581	-0.001542289166095001	0.01154553920805701	-0.003258766086823961	-0.0006676370336464732
-0.00791433878843395	-0.0013495096513314042	-0.004581742381933429	-0.0027923962462801377	-0.0019167455634396813	0.011982405004959062	-0.004694182276645531	0.00020609456015874272
-0.0079767481879911	-0.001411919050888999	-0.004332104783703494	-0.002729986846723431	-0.002228792561227211	0.014291552788586293	-0.0048190010757607205	-0.0005428182345312837
-0.008039157587548251	-0.0012246908522162148	-0.004644151781491024	-0.0026051680476082417	-0.0020415643625548707	0.015664559578850934	-0.00475659167620357	0.00033091335927371013
-0.00847602338445097	-0.0016615566491184897	-0.004956198779278109	-0.003166852643625706	-0.002603248958571669	0.014790827985046162	-0.005443095071336002	-0.0006676370336464732
-0.005854828603036655	-0.0009750532539860579	-0.003770420187686252	-0.00210589285114815	-0.0016671079652093024	0.014353962188143887	-0.004257316479743256	0.0004557321583888996
-0.005355553406576563	-0.0010998720531010253	-0.003146326192110971	-0.002355530449378307	-0.0019167455634396813	0.011982405004959062	-0.003945269481956393	-0.0003555900358587216
-0.002671949225604653	-0.0006005968566409337	-0.00183572880140348	-0.0013569800564585677	-0.0008557857709621253	0.010422170016022303	-0.0025098532921337124	0.00033091335927371013
-0.001361351834897384	-0.0006630062561985284	-0.0008995878080417796	-0.0009201142595562928	-0.0008557857709621253	0.00873711622796991	-0.00176094049744413	-0.0005428182345312837
1.1654955367257358e-05	-0.0002885498588538482	-0.0005251314106966554	-0.0005456578622113906	-0.00010687297627254289	0.00786338463416536	-0.0010120277027541036	0.00026850395971633745
-0.00023798264286267745	-0.0005381874570842271	-0.00033790321202409324	-0.0007952954604406592	-0.00041891997405962833	0.0075513376363773865	-0.0010744371023112542	-0.0006052276340888785
7.406435492485208e-05	-0.0001637310597388808	-0.00015067501335175315	-0.00023361086442341694	1.7945822842646564e-05	0.009298800823987152	-0.0005751619058520507	0.00026850395971633745
-0.00017557324330508273	-0.0006005968566409337	-0.00040031261158168796	-0.0008577048599986981	-0.0003565105745020336	0.010609398214694199	-0.0009496183031967309	-0.0008548652323188133
0.004629950522621273	0.00033554413672054473	0.0018464257724877253	0.0008273489280534729	0.0016405902113370008	0.014166733989471103	0.0014219388799876498	8.127576104399736e-05
0.005940547913328542	0.00039795353627858354	0.0030946137636378435	0.0011393959258410025	0.0017654090104524123	0.016663109971770673	0.002420489272907611	-0.0008548652323188133
0.006876688906690909	0.0008348193331810805	0.0035314795605401184	0.0015138523231859047	0.0025143218051422167	0.01778647916380538	0.00304458326848267	8.127576104399736e-05
0.007001507705805654	0.0010220475318529765	0.004280392355229701	0.0017010805218586889	0.0025143218051422167	0.017848888563362975	0.0032318114671552323	-0.000480408834973467
0.008187286297398177	0.0012092757305257607	0.005091714549477322	0.0021379463187605197	0.003076006401159459	0.017911297962921013	0.004167952460517599	0.000143685160601148
0.006439823109788634	0.0008972287327386752	0.004717258152132642	0.001451442923628532	0.0023895030060270273	0.01610142537575343	0.003481449065385167	-0.0007300464332036238
0.004567541123064123	0.000522772335393551	0.003593888960097491	0.0008897583276112897	0.0017654090104524123	0.014229143389029142	0.002482898672465206	-4.3543038071192086e-05
0.0033193531319142267	0.00021072533760624346	0.003219432562753033	0.0005153019302661654	0.0011413150148771312	0.013293002395666331	0.0019836234760055582	-0.0008548652323188133
0.0021335745403217032	0.00033554413672054473	0.0022208821698330716	0.00032807373159382536	0.00120372441443517	0.011795176806286722	0.0014843482795454666	1.886636148640264e-05
-0.000113163843747488	-0.00010132166018128608	0.001284741176470705	-0.0003584296635386064	0.00032999282062995405	0.010359760616465152	0.00023616028839557046	-0.0006676370336464732
0.0002612925535974142	8.590653849105401e-05	0.0011599223773555156	0.0002032549324786359	0.0005172210193027382	0.010546988815137492	0.0006106166857406947	8.127576104399736e-05
-0.0003628014419778669	-0.0001637310597388808	0.0005982377813382733	-0.0003584296635386064	0.00026758342107235933	0.00904916322575744	0.0001113414892808251	-0.0006052276340888785
0.0006357489509420944	2.3497138933459283e-05	0.0005358283817809006	0.0002656643320366747	0.0007044492179755224	0.00892434442664225	0.0002985696879531652	8.127576104399736e-05
-0.00042521084153501754	-3.891226062413544e-05	0.00034860018310811647	7.843613336389055e-05	0.0003924022201875488	0.00911157262531459	4.8932089723230376e-05	-0.00041799943541587226
0.00032370195315500894	0.00021072533760624346	0.0005358283817809006	0.00032807373159382536	0.000766858617532229	0.00986048542000506	0.0002985696879531652	0.00033091335927371013
-0.00023798264286267745	-3.891226062413544e-05	0.000660647180895424	1.6026733806295823e-05	0.00020517402151543074	0.010671807614251794	-1.3477309833920259e-05	-0.00041799943541587226
-5.075444419033737e-05	-0.00022614045929625348	0.0004110095826657112	-0.0003584296635386064	0.00014276462195716988	0.01135831100938467	-0.00020070550850692648	8.127576104399736e-05
-0.0008620766384379586	-0.0001637310597388808	0.000660647180895424	-0.0006704766613261359	-0.00010687297627254289	0.012606499000534344	-0.00038793370717926656	-0.0006052276340888785
-0.0003003920424202722	-3.891226062413544e-05	0.0009726941786825094	-0.0003584296635386064	8.03552223997972e-05	0.01391709639124139	-7.588670939195907e-05	0.00026850395971633745
-0.0009868954375522598	-0.0001637310597388808	0.0010351035782405482	-0.0006080672617680971	1.7945822842646564e-05	0.013667458793011455	-0.00038793370717926656	-0.000480408834973467
-0.000113163843747488	-3.891226062413544e-05	0.0010351035782405482	-0.0003584296635386064	0.0004548116197451435	0.01341782119478152	-1.3477309833920259e-05	0.00033091335927371013
-0.0007372578393225471	8.590653849105401e-05	0.0013471505760282998	-0.00029602026398101167	0.00014276462195716988	0.013355411795223926	-7.588670939195907e-05	-0.0003555900358587216
-0.0003628014419778669	-0.00010132166018128608	0.000660647180895424	-0.00029602026398101167	0.00026758342107235933	0.012668908400091938	0.00017375088883841983	0.00020609456015874272
-0.0006748484397649523	-0.0005381874570842271	9.896258487773757e-05	-0.0008577048599986981	1.7945822842646564e-05	0.01173276740672935	-0.0002631149080640771	-0.0007300464332036238
-0.00023798264286267745	-3.891226062413544e-05	0.00016137198443577638	-0.00010879206530867158	0.0004548116197451435	0.012606499000534344	0.0002985696879531652	0.000143685160601148
-0.0011117142366674493	-0.00041336865796903766	-0.00015067501335175315	-0.00048324846265379584	1.7945822842646564e-05	0.012918545998321429	-1.3477309833920259e-05	-0.0006676370336464732
-0.0012989424353397894	-0.00022614045929625348	-0.0005251314106966554	-0.0004208390630962011	0.00026758342107235933	0.013105774196993769	-7.588670939195907e-05	0.00026850395971633745
-0.006354103799496746	-0.0008502344548713126	-0.002522232196536578	-0.0017938458533606205	-0.0014798797665369623	0.01135831100938467	-0.0023226250934611503	-0.0002931806363011269
-0.00791433878843395	-0.0010998720531010253	-0.003770420187686252	-0.0024179398489359016	-0.001979154962996832	0.009548438422217531	-0.0033835848859384843	0.00039332275883130485
-0.00816397638666344	-0.0012871002517733654	-0.0036456013885710625	-0.0027923962462801377	-0.002416020759899773	0.007488928236820236	-0.0037580412832836085	-0.0003555900358587216
-0.00791433878843395	-0.0013495096513314042	-0.0038952389868009973	-0.002542758648050647	-0.002353611360342178	0.0052421898527501565	-0.003820450682840759	0.00026850395971633745
-0.00841361398489382	-0.0017239660486760844	-0.004332104783703494	-0.002979624444952922	-0.0029152959563591985	0.001996901075761448	-0.0043821352788584456	-0.0005428182345312837
-0.00579241920347906	-0.0010998720531010253	-0.00358319198901369	-0.0019810740520334047	-0.0019167455634396813	0.0008111224841691467	-0.003258766086823961	0.00033091335927371013
-0.005417962806134158	-0.0012871002517733654	-0.003146326192110971	-0.00191866465247581	-0.002166383161669394	0.00037425668726620565	-0.0031339472877087715	-0.0006052276340888785
-0.0029215868238345877	-0.0009126438544284632	-0.002709460395208696	-0.0012321612573433782	-0.001167832768750099	0.0016224446784163238	-0.0020729874952312155	8.127576104399736e-05
-0.0016733988326851357	-0.0008502344548713126	-0.0019605476005188915	-0.0010449330586710381	-0.0010430139696349094	0.004181230060273489	-0.0015113028992135291	-0.0007300464332036238
-0.0003003920424202722	-0.0001637310597388808	-0.0010868160067141197	-0.00023361086442341694	-0.00010687297627254289	0.007988203433280328	-0.0004503431067368613	0.00033091335927371013
-0.0007996672388799198	-0.0006005968566409337	-0.0010868160067141197	-0.0009825236591134434	-0.00048132937361722306	0.010234941817349519	-0.0009496183031967309	-0.0006676370336464732
0.00019888315404004153	-0.00010132166018128608	-0.00021308441290934788	-0.00023361086442341694	0.00020517402151543074	0.013480230594339115	-0.0002631149080640771	0.00039332275883130485
-5.075444419033737e-05	-0.0005381874570842271	0.00034860018310811647	-0.0006704766613261359	-0.0001692823758301376	0.014603599786373822	-0.0002631149080640771	-0.0007300464332036238
0.005129225719081365	0.000710000534065891	0.003219432562753033	0.0008897583276112897	0.0018902278095676017	0.015914197177081535	0.0023580798733504604	0.00033091335927371013
0.006751870107576163	0.000710000534065891	0.004904486350804982	0.0012642147249557478	0.0020774560082394977	0.01560215017929334	0.003294220866712827	-0.0007300464332036238
0.007001507705805654	0.001146866330968166	0.005341352147707479	0.001888308720531029	0.002701550003814779	0.015040465583276319	0.00410554306095956	0.00026850395971633745
0.007625601701380935	0.0010844569314110153	0.005715808545052603	0.0017634899214158395	0.002701550003814779	0.013043364797436618	0.004292771259632344	-0.000480408834973467
0.00906101789120295	0.001583732127871107	0.006402311940185035	0.0025748121156634607	0.003512872198061956	0.012731317799649533	0.0053537310521099	0.0005181415579460502
0.006190185511558921	0.001146866330968166	0.005341352147707479	0.001888308720531029	0.002639140604257184	0.012294452002746592	0.004479999458304684	-0.0003555900358587216
0.0048171787212938355	0.0009596381322958258	0.0037187077592129025	0.0013266241245133426	0.0023895030060270273	0.01135831100938467	0.003668677264057507	0.00039332275883130485
0.0037562189288165015	0.0005851817349511457	0.0032818419623097395	0.0010769865262838518	0.0017029996108945955	0.01160794860761416	0.0032318114671552323	-0.0006052276340888785
0.0016967087434194283	0.000522772335393551	0.0017840163729301306	0.0007025301289385055	0.0014533620126646607	0.01110867341115429	0.002420489272907611	0.00033091335927371013
-0.00042521084153501754	8.590653849105401e-05	0.001097512977797921	7.843613336389055e-05	0.0005172210193027382	0.010734217013809388	-0.0010744371023112542	-0.0005428182345312837
0.00038611135271260366	8.590653849105401e-05	0.0009102847791258029	0.0004528925307085707	0.0009540868162047911	0.010546988815137492	0.000985073083085597	0.00020609456015874272
-0.0006748484397649523	-0.0002885498588538482	0.0009726941786825094	-0.00029602026398101167	8.03552223997972e-05	0.009548438422217531	0.00048579788662594936	-0.0007924558327612186
0.00038611135271260366	8.590653849105401e-05	0.0016591975738153852	-4.63826657512989e-05	0.0005796304188598889	0.00892434442664225	0.000985073083085597	0.00020609456015874272
-0.0007372578393225471	-0.0001637310597388808	0.0015967881742577905	-0.0004208390630962011	-0.00023169177538773233	0.0075513376363773865	0.0003609790875103158	-0.0006676370336464732
-5.075444419033737e-05	-3.891226062413544e-05	0.0014095599755854504	-0.00017120146486582222	8.03552223997972e-05	0.00642796844434268	0.0006106166857406947	0.000143685160601148
-0.00023798264286267745	-0.0001637310597388808	0.0015343787747006399	-0.0004208390630962011	1.7945822842646564e-05	0.005679055649653542	0.00042338848706791055	-0.0006676370336464732
1.1654955367257358e-05	-0.00010132166018128608	0.0014095599755854504	-4.63826657512989e-05	0.00026758342107235933	0.006490377843900275	0.0006730260852982894	0.00020609456015874272
-0.0011117142366674493	-0.0004757780575261883	0.000660647180895424	-0.0007328860608835086	-0.0002941011749444389	0.006677606042573059	0.00017375088883841983	-0.0007924558327612186
0.00013647375448222476	8.590653849105401e-05	0.0009726941786825094	-4.63826657512989e-05	0.0005172210193027382	0.008300250431067857	0.0008602542839708516	0.00026850395971633745
-0.0012989424353397894	-0.0002885498588538482	0.0004734189822230839	-0.0003584296635386064	-4.446357671539225e-05	0.0088619350270851	0.0006106166857406947	-0.0005428182345312837
-0.00023798264286267745	8.590653849105401e-05	0.0004734189822230839	-0.00017120146486582222	0.0005172210193027382	0.00892434442664225	0.0010474824826431917	0.00039332275883130485
-0.0007372578393225471	-0.00022614045929625348	0.0007230565804530187	-0.0004208390630962011	1.7945822842646564e-05	0.008487478629739753	0.0007978448844132568	-0.0005428182345312837
1.1654955367257358e-05	0.00014831593804864873	0.0010351035782405482	0.00032807373159382536	0.0007044492179755224	0.008549888029297348	0.0014219388799876498	0.0004557321583888996
-0.0005500296406506511	-0.0001637310597388808	0.0010351035782405482	-0.00029602026398101167	0.00026758342107235933	0.007052062439917739	0.0009226636835280022	-0.00041799943541587226
7.406435492485208e-05	8.590653849105401e-05	0.0014095599755854504	0.00014084553292104118	0.0004548116197451435	0.006864834241245399	0.0012347106813150877	0.00033091335927371013
-0.0007372578393225471	-0.0002885498588538482	0.001284741176470705	-0.0004208390630962011	-4.446357671539225e-05	0.00642796844434268	0.0007978448844132568	-0.0006052276340888785
-0.001985445830472221	-0.0006005968566409337	0.00016137198443577638	-0.0011073424582281888	-0.00041891997405962833	0.004930142854963071	-1.3477309833920259e-05	8.127576104399736e-05
-0.006603741397726681	-0.0007878250553137178	-0.0017733194018461074	-0.0019810740520334047	-0.0017919267643244918	0.0033699078660258674	-0.0021353968947888102	-0.000480408834973467
-0.008538432784008565	-0.0012871002517733654	-0.0034583731898985004	-0.0024179398489359016	-0.0024784301594569236	0.0027458138704510304	-0.0033211754863813336	0.00026850395971633745
-0.008039157587548251	-0.0012246908522162148	-0.003770420187686252	-0.0024803492484934964	-0.002166383161669394	0.0019344916762038533	-0.003258766086823961	-0.00041799943541587226
-0.00828879518577863	-0.0015367378500037443	-0.004644151781491024	-0.0024179398489359016	-0.002416020759899773	0.001560035278858729	-0.003695631883726014	8.127576104399736e-05
-0.008351204585336225	-0.001411919050888999	-0.004332104783703494	-0.002293121049820712	-0.0025408395590145183	0.0020593104753185987	-0.003633222484168863	-0.000480408834973467
-0.0059172380025942495	-0.0010374626535440967	-0.0036456013885710625	-0.00191866465247581	-0.0017919267643244918	0.0029954514686809652	-0.0026970814908060525	0.00033091335927371013
-0.005293144007018968	-0.0009126438544284632	-0.0025846415960937286	-0.0014193894560157183	-0.0017919267643244918	0.0046180958571757635	-0.002197806294346405	-0.0003555900358587216
-0.0025471304264899075	-0.0005381874570842271	-0.0013988630045014272	-0.0009201142595562928	-0.000730966971847602	0.00624074024567034	-0.0010120277027541036	0.00039332275883130485
-0.0015485800335699462	-0.00041336865796903766	3.655318532103102e-05	-0.0008577048599986981	-0.0006685575722897852	0.007426518837262197	-0.0004503431067368613	-0.00041799943541587226
-0.0003003920424202722	-0.00041336865796903766	0.0005358283817809006	-0.0006704766613261359	-0.00048132937361722306	0.008113022232395073	-1.3477309833920259e-05	8.127576104399736e-05
-0.0006124390402073576	-0.00041336865796903766	0.001097512977797921	-0.0008577048599986981	-0.0005437387731748178	0.00786338463416536	4.8932089723230376e-05	-0.0006052276340888785
0.00019888315404004153	-3.891226062413544e-05	0.001471969375142601	-0.0003584296635386064	0.00020517402151543074	0.0075513376363773865	0.0005482072861831	0.00026850395971633745
0.0007605677500568397	-0.0002885498588538482	0.0020336539711605095	-0.00017120146486582222	0.00020517402151543074	0.007239290638590301	0.000985073083085597	-0.0006676370336464732
0.005066816319524214	0.0007724099336230417	0.00403075475700021	0.0012642147249557478	0.002015046608682347	0.008237841031510262	0.0035438584649423177	0.00039332275883130485
0.007063917105363693	0.0009596381322958258	0.004904486350804982	0.0017010805218586889	0.0025767312046995894	0.008799525627527505	0.004542408857862279	-0.00041799943541587226
0.006814279507133314	0.0010844569314110153	0.0049668957503621325	0.0022003557183181144	0.002701550003814779	0.009985304219119362	0.005104093453879521	0.00033091335927371013
0.007313554703593406	0.001146866330968166	0.005216533348592511	0.0020131275196457743	0.0027639594033723736	0.010359760616465152	0.005540959250782462	-0.00041799943541587226
0.008499333295185263	0.0014589133287559175	0.005840627344166904	0.0027620403143358008	0.0032008252002742044	0.010983854612039545	0.006289872045472045	0.00039332275883130485
0.005815729114213353	0.0009596381322958258	0.005029305149919727	0.001451442923628532	0.0023895030060270273	0.009673257221332277	0.004979274654764776	-0.0005428182345312837
0.003943447127489286	0.000522772335393551	0.0037187077592129025	0.0013890335240713814	0.002015046608682347	0.009361210223544969	0.003980724261845259	-4.3543038071192086e-05
0.004130675326161404	0.000522772335393551	0.0043428017547875175	0.0011393959258410025	0.0017029996108945955	0.008487478629739753	0.003668677264057507	-0.0006676370336464732
0.001571889944304461	0.0005851817349511457	0.0029073855649655034	0.0003904831311514201	0.0012661338139923206	0.00642796844434268	0.002420489272907611	0.00039332275883130485
-0.0003628014419778669	-3.891226062413544e-05	0.002158472770275477	-0.00023361086442341694	0.00032999282062995405	0.005117371053635855	0.0012347106813150877	-0.0006052276340888785
0.0005109301518269049	-3.891226062413544e-05	0.00190883517204532	-0.00010879206530867158	0.0005796304188598889	0.004493277058060574	0.0012971200808731265	1.886636148640264e-05
-0.00042521084153501754	-0.000350959258411665	0.0015343787747006399	-0.00029602026398101167	-0.00010687297627254289	0.0029330420691231485	0.0006730260852982894	-0.0007300464332036238
0.0007605677500568397	0.00021072533760624346	0.0014095599755854504	0.0002656643320366747	0.0006420398184174836	0.0025585856717782463	0.0012347106813150877	0.00020609456015874272
-0.00048762024109216817	-0.00010132166018128608	0.0009726941786825094	0.00014084553292104118	-4.446357671539225e-05	0.002808223270008625	0.0007978448844132568	-0.000480408834973467
7.406435492485208e-05	0.00033554413672054473	0.0007854659800106134	0.0005777113298237602	0.0004548116197451435	0.0039940018616011486	0.0012971200808731265	0.0005181415579460502
-0.0003628014419778669	-0.0001637310597388808	0.000660647180895424	1.6026733806295823e-05	-4.446357671539225e-05	0.004368458258945829	0.0011098918822007864	-0.0006052276340888785
7.406435492485208e-05	8.590653849105401e-05	0.0010351035782405482	0.00032807373159382536	0.00026758342107235933	0.005554236850537908	0.0012971200808731265	0.00026850395971633745
-0.0009244860379946651	-0.00010132166018128608	0.0013471505760282998	-4.63826657512989e-05	-0.00010687297627254289	0.006365559044785529	0.000985073083085597	-0.000480408834973467
-0.0003003920424202722	-3.891226062413544e-05	0.0015967881742577905	-4.63826657512989e-05	0.00014276462195716988	0.00624074024567034	0.0010474824826431917	0.000143685160601148
-0.0011117142366674493	-0.0001637310597388808	0.0020336539711605095	-0.00029602026398101167	-0.0002941011749444389	0.005679055649653542	0.0006106166857406947	-0.00041799943541587226
-0.0003628014419778669	-3.891226062413544e-05	0.002345700968947817	1.6026733806295823e-05	0.0003924022201875488	0.005491827450980535	0.0010474824826431917	0.00020609456015874272
-0.00048762024109216817	-3.891226062413544e-05	0.002532929167620157	-0.00029602026398101167	0.00026758342107235933	0.00486773345540592	0.0009226636835280022	-0.00041799943541587226
-5.075444419033737e-05	8.590653849105401e-05	0.002345700968947817	0.00014084553292104118	0.0003924022201875488	0.005616646250095503	0.001359529480430277	0.00039332275883130485
-0.0014861706340123515	-0.00041336865796903766	0.001284741176470705	-0.0006704766613261359	-0.0003565105745020336	0.0052421898527501565	0.0007978448844132568	-0.0006676370336464732
0.0004485207522693102	0.00033554413672054473	0.00172160697337298	0.00014084553292104118	0.0008916774166474184	0.006552787243457869	0.0019836234760055582	0.0005181415579460502
-0.0010493048371102986	-0.00010132166018128608	0.001097512977797921	-0.00023361086442341694	-4.446357671539225e-05	0.007301700038147896	0.001609167078660434	-0.00041799943541587226
-0.0027967680247193982	-0.0004757780575261883	-0.0005251314106966554	-0.0007952954604406592	-0.00041891997405962833	0.006490377843900275	0.0006730260852982894	0.00026850395971633745
-0.007415063591973858	-0.0009126438544284632	-0.002459822796978983	-0.00191866465247581	-0.0016046985656521517	0.004306048859388234	-0.0015737122987711238	-0.0002931806363011269
-0.00791433878843395	-0.0010374626535440967	-0.003146326192110971	-0.0017938458533606205	-0.0017919267643244918	0.0033699078660258674	-0.0021353968947888102	0.0005181415579460502
-0.008663251583123532	-0.0013495096513314042	-0.003146326192110971	-0.002355530449378307	-0.002353611360342178	0.001996901075761448	-0.002821900289921242	-0.00041799943541587226
-0.008039157587548251	-0.0014743284504461496	-0.0032711449912261603	-0.002542758648050647	-0.002353611360342178	0.000748713084611552	-0.0031339472877087715	0.00020609456015874272
-0.00791433878843395	-0.001599147249560895	-0.0028342791943234413	-0.0026051680476082417	-0.0025408395590145183	0.00043666608682380037	-0.0033211754863813336	-0.0006676370336464732
-0.0059796474021514	-0.00116228145265862	-0.0021477757991914537	-0.00191866465247581	-0.0018543361638820866	0.000935941283283892	-0.002385034493018745	0.00033091335927371013
