Sensor_1	Sensor_2	Sensor_3	Sensor_4	Sensor_5	Sensor_6	Sensor_7	Sensor_8
-0.007076970031281382	-0.0010180751735713311	-0.0028328094529637138	-0.0030219567406728487	-0.003235749500267282	0.0030764432669565522	-0.003042164904249578	-0.00032733730067913136
-0.0038940906538493802	-0.00045639057755364476	-0.0015846214618144838	-0.0020234063477533315	-0.0018627427100024185	0.0035133090638592712	-0.0016067487144275638	0.0005463942931256405
-0.0025834932631423335	-0.0005187999771112395	-0.0009605274662392027	-0.0014617217517356451	-0.0016131051117720396	0.0025771680704964606	-0.001357111116197629	-0.000389746700236282
-0.00121048647287747	-0.0005187999771112395	-0.0014598026626992944	-0.0009000371557186249	-0.0007393735179672678	0.001890664675364473	-0.0010450641184096554	0.00010952849622358762
-0.0003991642786298488	-0.0006436187762264289	-0.0016470308613716345	-0.000650399557488468	-0.0001776889219504696	0.0015162082780195707	-0.0012322923170824396	-0.000826612497139223
0.0007866143129620085	-0.00020675297932437608	-0.0015846214618144838	0.0005977884336614281	0.0007584520714127851	0.001016933081559701	-0.0007954265201799426	0.00023434729533833298
0.0014107083085377337	-0.0003939811779969382	-0.0011477556649117648	0.0006601978332185787	0.0008832708705270864	0.0013913894789043812	-0.0005457889219504519	-0.0007017936980240336
0.005841775677118521	0.00035493161669353235	0.0011613921187152432	0.0018459764248111021	0.0023186870603495446	0.003950174860761324	0.0017633588616767781	0.00010952849622358762
0.006902735469596077	0.0008542068131531799	0.0030336741054399763	0.0023452516212709718	0.0023810964599066953	0.006259322644388554	0.003073956252384269	-0.0005769748989092882
0.006590688471808992	0.0008542068131531799	0.003283311703669467	0.0017211576256963568	0.00206904946211961	0.00750751063553845	0.003323593850614426	0.00017193789578073826
0.006777916670481332	0.0008542068131531799	0.00446909029526199	0.0012218824292362651	0.0016321836652171129	0.008506061028457967	0.0037604596475167007	-0.0005769748989092882
0.0075268294651709144	0.0012286632104983042	0.0050931842908370495	0.0015963388265813894	0.001819411863889675	0.009130155024032804	0.004446963042648688	0.00017193789578073826
0.005030453482871344	0.0007917974135955852	0.004157043297475127	0.0005977884336614281	0.0009456802700846811	0.008069195231555693	0.003261184451056831	-0.0006393842984668829
0.004718406485084037	0.0006669786144808398	0.003470539902342029	0.0008474260318911409	0.0013201366674295834	0.006696188441291273	0.002886728053711929	0.00010952849622358762
0.004468768886854546	0.00041734101625112707	0.0030336741054399763	0.0007850166323337682	0.0012577272678724327	0.00538559105058356	0.0023250434576944645	-0.0007017936980240336
0.0020972117036697213	0.00010529401846315345	0.0009117545204855304	0.00047296963454623864	0.0010704990691996485	0.0030764432669565522	0.0008272178683148557	4.71190966659929e-05
0.0010362519111921653	-0.0003315717784388994	3.802292668075857e-05	0.0001609226367587091	0.0005088144731824062	0.001890664675364473	-0.0002337419241624783	-0.000826612497139223
0.001722755306324597	4.2884618906002814e-05	0.00010043232623746512	0.0009722448310063303	0.001195317868314394	0.002265121072708931	0.0002655332722971693	0.00017193789578073826
0.0009738425116345706	-8.193418020896459e-05	-0.0001492052719920256	0.0005353790341038334	0.0008208614709694917	0.0025771680704964606	-0.00010892312504773294	-0.0005145654993516935
0.0011610707103073548	-1.952478065159191e-05	-8.679587243443088e-05	0.00047296963454623864	0.0006336332722971516	0.0032012620660717417	-0.00010892312504773294	0.00010952849622358762
-0.00014952668039991401	-0.00014434357976655932	-2.438647287683615e-05	-2.630556191363098e-05	-5.287012283528014e-05	0.0038253560616463567	-0.00017133252460532766	-0.0007017936980240336
-8.711728084231929e-05	-0.0003939811779969382	-0.0003364334706643657	-0.000650399557488468	-0.000489735919737555	0.0040749936598765135	-0.0002337419241624783	-7.769970244919655e-05
-0.0003367548790726982	-1.952478065159191e-05	0.0005372981231406282	-0.0004631713588161279	-0.000489735919737555	0.004574268856336383	7.830507362482919e-05	-0.0005145654993516935
-0.00027434547951510346	0.00010529401846315345	0.0002876605249102493	-0.0004631713588161279	-0.0003649171206223656	0.004511859456778788	0.00014071447318242392	0.0003591660944533004
-0.0007112112764173784	-0.00020675297932437608	3.802292668075857e-05	-0.0009624465552757755	-0.0006769641184103392	0.0037005372625316113	-0.00035856072327766775	-0.0005145654993516935
0.0001001109178300208	4.2884618906002814e-05	0.00022525112535265457	-8.871496147100366e-05	-0.00011527952239287487	0.003575718463416422	1.5895674067678556e-05	0.0002967566948959277
-0.0007112112764173784	-0.00020675297932437608	-0.00027402407110677096	-0.00021353376058574902	-0.00024009832150717614	0.002951624467841363	-0.000483379522391969	-0.0004521560997938767
0.0010362519111921653	0.0002925222171359376	-0.00021161467154962033	0.0003481508354314933	0.0008832708705270864	0.002951624467841363	1.5895674067678556e-05	0.0006088036926832352
0.0004745673151744789	-1.952478065159191e-05	-0.0004612522697793331	0.0003481508354314933	0.0004464050736248115	0.0030140338673991796	-0.00035856072327766775	-0.00032733730067913136
0.0008490237125200473	0.0002301128175783429	-0.0005236616693369278	0.0007226072327761734	0.0009456802700846811	0.003762946662088762	1.5895674067678556e-05	0.0005463942931256405
-2.4707881285168654e-05	-0.00026916237888174877	-0.0010229368657967974	9.851323720155847e-05	0.0003839956740672168	0.0036381278629740166	-0.0006081983215076026	-0.0004521560997938767
0.000911433112077642	0.00041734101625112707	-8.679587243443088e-05	0.0007850166323337682	0.0008208614709694917	0.005198362851911664	0.00014071447318242392	0.0006712130922408299
-0.0005863924773021889	-8.193418020896459e-05	-0.0003988428702219604	-0.00021353376058574902	-0.0001776889219504696	0.00551040984969875	-0.0002337419241624783	-0.00032733730067913136
-0.0021466274662393925	4.2884618906002814e-05	-0.0009605274662392027	-0.0005879901579304292	-0.0004273265201799603	0.005635228648813717	-0.0007954265201799426	0.0006712130922408299
-0.007763473426413592	-0.0009556657740137364	-0.0032696752498664328	-0.0023978627450982337	-0.0026740649042500397	0.003575718463416422	-0.0033542119020368855	-0.00014010910200679128
-0.008013111024643083	-0.0010180751735713311	-0.0037689504463265244	-0.002585090943770574	-0.002549246105134406	0.003326080865186931	-0.0035414401007096696	0.00048398489356848984
-0.008637205020218364	-0.0013925315709164554	-0.004080997444114054	-0.0030219567406728487	-0.003048521301594498	0.002265121072708931	-0.004103124696727134	-0.000389746700236282
-0.008325158022431056	-0.0011428939726860765	-0.004330635042343767	-0.002522681544212979	-0.0026740649042500397	0.0017034364766921328	-0.004103124696727134	0.0005463942931256405
-0.007825882825971187	-0.00126771277180171	-0.004268225642786394	-0.002585090943770574	-0.002424427306019661	0.00058006728465676	-0.0039783058976119445	-0.0002025185015639419
-0.005703963241016741	-0.0010180751735713311	-0.004143406843671205	-0.001898587548638142	-0.0016131051117720396	-0.0005433019073775025	-0.0035414401007096696	0.0003591660944533004
-0.004705412848096779	-0.0010180751735713311	-0.0035193128480963676	-0.0012120841535057103	-0.0013010581139847321	-0.0010425771038375942	-0.0031045743038071727	-0.00032733730067913136
-0.002708312062257079	-0.0005187999771112395	-0.0029576282520793473	-0.00033835255970093847	-0.00011527952239287487	0.005572819249256122	-0.002168433310444806	0.0006088036926832352
-0.00021193607995750874	4.2884618906002814e-05	-0.001959077859159164	-2.630556191363098e-05	0.0005088144731824062	0.009941477218280426	-0.0014819299153119303	-0.00014010910200679128
0.00034974851606017765	0.00010529401846315345	-0.0018342590600437525	0.0003481508354314933	0.0008208614709694917	0.012562671999695185	-0.0011074735179672501	0.0006712130922408299
-0.0007112112764173784	4.2884618906002814e-05	-0.0014598026626992944	-0.00021353376058574902	0.0003839956740672168	0.01749301456473651	-0.0009826547188525048	-0.00014010910200679128
-2.4707881285168654e-05	0.00010529401846315345	-0.0011477556649117648	-0.0004631713588161279	0.0003839956740672168	0.021112759739070786	-0.000733017120622792	0.0005463942931256405
0.0014107083085377337	0.0002301128175783429	-2.438647287683615e-05	-0.0004007619592585332	0.0004464050736248115	0.02485732371252003	7.830507362482919e-05	-0.00032733730067913136
0.0052176816815441285	0.0008542068131531799	0.0019727143129624203	0.0003481508354314933	0.0018818212634472697	0.027728156092164502	0.0020754058594647518	0.00048398489356848984
0.0062786414740216845	0.0011038444113831147	0.003283311703669467	0.0009098354314489576	0.0019442306630048645	0.028539478286412123	0.0027619092545967394	-0.00026492790112153664
0.007589238864728953	0.0016655290074008011	0.0038449962996871534	0.0017835670252535074	0.003067599855039127	0.02741610909437675	0.0036356408484015112	0.00085844129091317
0.008338151659418536	0.0012910726100554548	0.0035953587014572186	0.0015339294270235726	0.0030051904554815323	0.024170820317387598	0.003323593850614426	-0.00026492790112153664
0.009399111451896092	0.0017279384069583958	0.004094633897917088	0.002719708018615874	0.0038789220492867482	0.021861672533760368	0.003947687846189263	0.0006088036926832352
0.00640346027313643	0.001041435011825964	0.0027840365072095974	0.002095614023041481	0.0029427810559248258	0.019926981147478484	0.00244986225680921	-0.00026492790112153664
0.0062786414740216845	0.0011662538109402654	0.0017854861142898582	0.0018459764248111021	0.0031300092545967217	0.02011420934615127	0.002012996459907157	0.0005463942931256405
0.005280091081101723	0.0008542068131531799	0.0017854861142898582	0.001658748226138762	0.00244350585946429	0.02261058532845084	0.00157613066300466	-0.00032733730067913136
0.0016603459067670023	0.0004797504158078336	0.00010043232623746512	0.0005353790341038334	0.001382546066987178	0.026043102304112553	7.830507362482919e-05	0.00048398489356848984
0.0001001109178300208	-0.00020675297932437608	-0.0005236616693369278	-0.0009000371557186249	0.00019676747539443262	0.029350800480659744	-0.0009202453192951321	-0.0007017936980240336
0.0007866143129620085	0.00010529401846315345	-8.679587243443088e-05	-0.0007128089570458407	0.0004464050736248115	0.03234645165941896	-0.000483379522391969	0.00023434729533833298
-0.00014952668039991401	0.00010529401846315345	-8.679587243443088e-05	-0.0013369029526208998	-5.287012283528014e-05	0.03222163286030355	-0.0006706077210647532	-0.000389746700236282
0.0006617955138472631	4.2884618906002814e-05	-8.679587243443088e-05	-0.0010248559548333702	0.00032158627450962207	0.029225981681544555	-0.000483379522391969	0.00023434729533833298
0.0001001109178300208	-0.00026916237888174877	-0.00027402407110677096	-0.0009624465552757755	9.539276721870493e-06	0.023921182719158107	-0.0007954265201799426	-0.0005769748989092882
0.001348298908980139	0.0002301128175783429	-0.00027402407110677096	-2.630556191363098e-05	0.001195317868314394	0.018803611955443555	-0.00017133252460532766	0.00048398489356848984
0.0010986613107502041	-1.952478065159191e-05	-0.0004612522697793331	-2.630556191363098e-05	0.0010080896696420538	0.014310135187304507	-0.00042097012283526247	-0.00026492790112153664
0.0014107083085377337	4.2884618906002814e-05	-0.0006484804684516732	0.0005353790341038334	0.0013201366674295834	0.013623631792172075	-0.00042097012283526247	0.0003591660944533004
0.0004121579156177724	-0.00020675297932437608	-0.0010853462653543922	3.610383764396374e-05	0.0008832708705270864	0.01593277957579975	-0.0007954265201799426	-0.0004521560997938767
0.0008490237125200473	0.00010529401846315345	-0.0009605274662392027	9.851323720155847e-05	0.0011329084687572433	0.021549625535973282	-0.0006081983215076026	0.0003591660944533004
-0.0007112112764173784	-0.00014434357976655932	-0.0009605274662392027	-0.0007128089570458407	0.00019676747539443262	0.028102612489509626	-0.0011698829175248449	-0.00026492790112153664
-2.4707881285168654e-05	0.0004797504158078336	-0.0006484804684516732	-0.0007128089570458407	0.0007584520714127851	0.03440596184481559	-0.0006706077210647532	0.0006088036926832352
-0.0009608488746470911	-8.193418020896459e-05	-0.0007732992675668626	-0.0015865405508506125	-0.00030250772106477086	0.03659029082932763	-0.001357111116197629	-0.0004521560997938767
-0.0003991642786298488	0.00016770341802074817	-0.0004612522697793331	-0.0011496747539481156	7.194867627990931e-05	0.03615342503242536	-0.0007954265201799426	0.0005463942931256405
-0.0005863924773021889	4.2884618906002814e-05	-0.0006484804684516732	-0.0014617217517356451	-5.287012283528014e-05	0.0309734448691541	-0.0009202453192951321	-0.00032733730067913136
0.0007242049134048578	0.00010529401846315345	-0.00027402407110677096	-0.000650399557488468	0.0006336332722971516	0.023983592118715702	-0.000483379522391969	0.0005463942931256405
-0.00014952668039991401	-0.00020675297932437608	-0.0005860710688945225	-0.0004631713588161279	0.00019676747539443262	0.016244826573586835	-0.0007954265201799426	-0.0004521560997938767
-0.0015849428702223722	-8.193418020896459e-05	-0.0015846214618144838	-0.00027594316014334375	0.0002591768749526935	0.009567020820935745	-0.0012322923170824396	0.0006088036926832352
-0.007825882825971187	-0.001454940970473606	-0.004455453841458956	-0.002335453345540639	-0.0022371991073473207	0.00251475867093931	-0.004290352895399252	-0.0005145654993516935
-0.0072641982299535	-0.0010180751735713311	-0.003831359845883231	-0.0018361781490809914	-0.0019251521095595692	0.000829704882887361	-0.0036038495002672644	0.0003591660944533004
-0.008449976821545802	-0.00126771277180171	-0.004517863241016551	-0.0024602721446558284	-0.002798883703364341	-0.00023125490959041706	-0.0044151716945144415	-0.0004521560997938767
-0.008013111024643083	-0.0013925315709164554	-0.005017138437475976	-0.002148225146868077	-0.0024868367055772556	0.0005176578850996094	-0.0044151716945144415	0.00023434729533833298
-0.007139379430838311	-0.00126771277180171	-0.004829910238803192	-0.0020234063477533315	-0.0018627427100024185	0.0036381278629740166	-0.0044151716945144415	-0.0004521560997938767
-0.005828782040131486	-0.00126771277180171	-0.0045802726405737015	-0.001898587548638142	-0.0011762393148704309	0.008755698626688124	-0.004040715297169317	0.00017193789578073826
-0.005579144441901551	-0.001454940970473606	-0.004080997444114054	-0.0020234063477533315	-0.0018003333104448238	0.013748450591287709	-0.003915896498054794	-0.0009514312962539684
-0.003082768459601981	-0.0007060281757840237	-0.0028328094529637138	-0.0015241311512932398	-0.0008641923170824573	0.021924081933317963	-0.002605299107347303	0.00017193789578073826
-0.0024586744640267	-0.000830846974898769	-0.0022087154573888768	-0.0023978627450982337	-0.0011762393148704309	0.025419008308537716	-0.0025428897077897084	-0.0007642030975816283
-0.0008360300755327899	-0.00020675297932437608	-0.0010229368657967974	-0.0013993123521780504	-0.00030250772106477086	0.02835225008773956	-0.0014819299153119303	0.0004215754940108951
-0.001647352269779967	-0.0007060281757840237	-0.0017094402609292292	-0.0020234063477533315	-0.000926601716640052	0.0273536996948196	-0.001981205111772022	-0.0007017936980240336
3.770151827242607e-05	-0.00020675297932437608	-0.0013973932631416996	-0.0010872653543905209	0.0002591768749526935	0.0257310553063248	-0.0012947017166400343	0.0003591660944533004
0.0016603459067670023	-0.00026916237888174877	-0.0003988428702219604	-0.00027594316014334375	0.000571223872740001	0.024170820317387598	-0.0005457889219504519	-0.000826612497139223
0.0062786414740216845	0.0007293880140384346	0.001598257915617518	0.0014091106279090493	0.0025683246585794794	0.02448286731517535	0.0018881776607919676	0.00017193789578073826
0.007089963668268862	0.0006669786144808398	0.0023471707103075445	0.0014091106279090493	0.002693143457694447	0.024108410917830003	0.0023250434576944645	-0.0006393842984668829
0.007776467063401293	0.0011662538109402654	0.0033457211032270617	0.0021580234225981876	0.0031300092545967217	0.025918283504997364	0.003261184451056831	0.0004215754940108951
0.007402010666056169	0.0009790256122683694	0.0035953587014572186	0.0014715200274662	0.002630734058136852	0.027104062096589665	0.003323593850614426	-0.0006393842984668829
0.008587789257648026	0.001478300808728017	0.004281862096589428	0.0019707952239262916	0.0035668750514992187	0.028289840688181966	0.004072506645304008	0.0004215754940108951
0.005030453482871344	0.00041734101625112707	0.002721627107652669	0.0005353790341038334	0.001819411863889675	0.02685442449835973	0.002200224658579497	-0.0007642030975816283
0.004843225284199004	0.0006669786144808398	0.0025343989089798846	0.0007226072327761734	0.00206904946211961	0.026417558701457233	0.00226263405813687	0.00010952849622358762
0.003657446692606481	0.00035493161669353235	0.002222351911192799	0.0001609226367587091	0.001382546066987178	0.024170820317387598	0.0015137212634470654	-0.0006393842984668829
0.001348298908980139	-1.952478065159191e-05	0.0005997075226980009	-0.00027594316014334375	0.0006960426718547463	0.0208007127412837	0.000327942671854764	-1.5290302891601826e-05
0.0002873391165025829	-0.0003939811779969382	-2.438647287683615e-05	-0.0009000371557186249	0.00013435807583705994	0.01768024276340885	-0.00035856072327766775	-0.0008890218966959296
0.0011610707103073548	-0.00020675297932437608	3.802292668075857e-05	-0.0004007619592585332	0.0005088144731824062	0.015495913778896364	-0.00010892312504773294	-7.769970244919655e-05
0.00016252031738739348	-0.00026916237888174877	-0.0001492052719920256	-0.00027594316014334375	7.194867627990931e-05	0.014185316388189317	-0.000483379522391969	-0.0007642030975816283
0.0007866143129620085	-0.00014434357976655932	-0.0007108898680092679	-8.871496147100366e-05	0.0004464050736248115	0.013124356595711983	-0.00042097012283526247	-1.5290302891601826e-05
3.770151827242607e-05	-0.00045639057755364476	-0.0007108898680092679	-0.0004007619592585332	9.539276721870493e-06	0.013436403593499735	-0.0008578359197375374	-0.000826612497139223
-2.4707881285168654e-05	-0.0005187999771112395	-0.0008357086671244573	-0.00027594316014334375	7.194867627990931e-05	0.015558323178454403	-0.000733017120622792	-0.00032733730067913136
-0.0006488018768597836	-0.0007060281757840237	-0.0010853462653543922	-0.0010248559548333702	-0.0001776889219504696	0.017742652162966444	-0.0011698829175248449	-0.0011386594949263085
-0.00014952668039991401	-0.0003939811779969382	-0.0005860710688945225	-0.0007128089570458407	7.194867627990931e-05	0.0208007127412837	-0.000733017120622792	-7.769970244919655e-05
-0.0011480770733198753	-0.0005812093766688342	-0.0006484804684516732	-0.001274493553062861	-0.0004273265201799603	0.02261058532845084	-0.0009826547188525048	-0.000826612497139223
0.0006617955138472631	4.2884618906002814e-05	3.802292668075857e-05	-0.0008376277561610301	0.0006960426718547463	0.021861672533760368	-4.651372549036026e-05	0.00023434729533833298
-0.0008984394750894964	-0.00045639057755364476	-0.0003364334706643657	-0.0010872653543905209	-0.00030250772106477086	0.02248576652933565	-0.0007954265201799426	-0.0007017936980240336
-0.00046157367818699946	-0.0005812093766688342	-0.0007108898680092679	-0.0011496747539481156	-0.00011527952239287487	0.02030143754482361	-0.000733017120622792	-0.00026492790112153664
-0.0005239830777454824	-0.0008932563744568078	-0.0009605274662392027	-0.0014617217517356451	-0.0003649171206223656	0.016931329968719266	-0.0010450641184096554	-0.0010762500953687137
0.00034974851606017765	-0.00045639057755364476	-0.0006484804684516732	-0.000650399557488468	0.00019676747539443262	0.014934229182879566	-0.000483379522391969	-0.00014010910200679128
-0.00102325827420513	-0.0005812093766688342	-0.0009605274662392027	-0.0007128089570458407	-0.00024009832150717614	0.016244826573586835	-0.0008578359197375374	-0.0009514312962539684
0.00034974851606017765	-0.00020675297932437608	-0.0008357086671244573	-0.0004007619592585332	0.0006336332722971516	0.017118558167391607	-0.000483379522391969	4.71190966659929e-05
-0.000773620675974751	-0.0003939811779969382	-0.0010229368657967974	-0.0005879901579304292	9.539276721870493e-06	0.018741202555886405	-0.0008578359197375374	-0.0007017936980240336
-0.0038940906538493802	-0.0008932563744568078	-0.002770400053406563	-0.0015865405508506125	-0.0008641923170824573	0.019926981147478484	-0.002230842710002401	-7.769970244919655e-05
-0.008824433218890704	-0.0015797597695887955	-0.005017138437475976	-0.003146775539788038	-0.002424427306019661	0.01986457174792089	-0.004664809292743932	-0.0007017936980240336
-0.00763865462729818	-0.0013301221713588607	-0.004829910238803192	-0.00277231914244247	-0.002174789707789948	0.020738303341726105	-0.004352762294956847	-1.5290302891601826e-05
-0.009136480216678233	-0.0020166255664912924	-0.0056412324330512575	-0.0038956883344778426	-0.0031109307011520926	0.018678793156328366	-0.005101675089646873	-0.0009514312962539684
-0.008200339223315867	-0.0013925315709164554	-0.004954729037918382	-0.003209184939345633	-0.0024868367055772556	0.016619282970931737	-0.004477581094072036	-1.5290302891601826e-05
-0.008387567421988651	-0.0019542161669336977	-0.004892319638360787	-0.0034588225375753456	-0.0031733401007096873	0.013061947196154833	-0.004727218692301971	-0.0010762500953687137
-0.005891191439689081	-0.0013925315709164554	-0.004143406843671205	-0.002522681544212979	-0.0020499709086747586	0.010253524216067733	-0.0035414401007096696	-0.00014010910200679128
-0.00495505044632627	-0.001454940970473606	-0.003456903448538773	-0.0022730439459830443	-0.0018003333104448238	0.007819557633325758	-0.0031045743038071727	-0.0008890218966959296
-0.0023338556649121767	-0.000830846974898769	-0.0020838966582743534	-0.0009624465552757755	-0.0007393735179672678	0.008381242229343666	-0.0016691581139849365	-7.769970244919655e-05
-0.002209036865796987	-0.0010804845731289259	-0.0018966684596020134	-0.0012120841535057103	-0.0008017829175248625	0.009754249019607641	-0.0016067487144275638	-0.0010762500953687137
-0.00102325827420513	-0.0005812093766688342	-0.0015846214618144838	-0.0007752183566029913	-0.0001776889219504696	0.012874718997482049	-0.0010450641184096554	-0.00014010910200679128
-0.0014601240711071828	-0.0005187999771112395	-0.0010229368657967974	-0.0005879901579304292	-0.00024009832150717614	0.016931329968719266	-0.0008578359197375374	-0.0007017936980240336
-0.0005239830777454824	-0.00026916237888174877	-0.0010853462653543922	-0.0007752183566029913	0.0002591768749526935	0.01980216234836374	-0.000483379522391969	4.71190966659929e-05
0.002409258701457251	0.00010529401846315345	0.0008493451209279357	-8.871496147100366e-05	0.0008208614709694917	0.02298504172579574	0.0008896272678724504	-0.0005769748989092882
0.005904185076676116	0.0006669786144808398	0.0025343989089798846	0.0009722448310063303	0.00206904946211961	0.024919733112077624	0.00282431865415389	0.00017193789578073826
0.006653097871366587	0.0009790256122683694	0.003532949301899846	0.001034654230563925	0.0025683246585794794	0.023733954520485323	0.0035732314488439165	-0.000389746700236282
0.0077140576638432545	0.001041435011825964	0.004094633897917088	0.0015339294270235726	0.002880371656366787	0.021487216136415688	0.003885278446631668	0.00023434729533833298
0.007651648264286104	0.0007917974135955852	0.004344271496147245	0.0014715200274662	0.00244350585946429	0.018928430754558967	0.003947687846189263	-0.0007642030975816283
0.008525379858090432	0.0014158914091706443	0.004593909094376736	0.0019707952239262916	0.0034420562523844733	0.016806511169604077	0.004571781841763878	0.0003591660944533004
0.005155272281986534	0.0005421598153658724	0.0033457211032270617	0.0008474260318911409	0.0019442306630048645	0.013998088189516755	0.0027619092545967394	-0.0007017936980240336
0.004843225284199004	0.0005421598153658724	0.002846445906767636	0.0010970636301215198	0.002006640062561571	0.013935678789959605	0.0026994998550395888	-1.5290302891601826e-05
0.0033453996948193954	0.0004797504158078336	0.0021599425116352045	0.0006601978332185787	0.0016321836652171129	0.013998088189516755	0.0019505870603495623	-0.0006393842984668829
0.0011610707103073548	0.0002301128175783429	0.0007245263218127462	0.00047296963454623864	0.0010080896696420538	0.014310135187304507	0.0006399896696422935	0.00017193789578073826
0.0002873391165025829	-1.952478065159191e-05	0.000350069924467844	-2.630556191363098e-05	0.0005088144731824062	0.015371094979782063	0.00020312387274001864	-0.0005769748989092882
0.000911433112077642	0.00016770341802074817	0.000350069924467844	-8.871496147100366e-05	0.0007584520714127851	0.01568314197756915	0.000327942671854764	0.00023434729533833298
3.770151827242607e-05	-0.0003315717784388994	0.00016284172579550393	-0.0005879901579304292	-5.287012283528014e-05	0.015308685580224468	-0.0002337419241624783	-0.0007642030975816283
0.00016252031738739348	-8.193418020896459e-05	0.0002876605249102493	-0.0005255807583737226	0.00013435807583705994	0.010066296017395171	0.00020312387274001864	-1.5290302891601826e-05
3.770151827242607e-05	-0.00026916237888174877	0.0002876605249102493	-0.0005879901579304292	-5.287012283528014e-05	0.01337399419394214	-0.00035856072327766775	-0.0007642030975816283
0.0007866143129620085	-8.193418020896459e-05	0.0006621169222551515	-8.871496147100366e-05	0.0003839956740672168	0.012562671999695185	0.000327942671854764	0.00017193789578073826
-0.00021193607995750874	-0.00014434357976655932	0.0005372981231406282	-0.0005255807583737226	-5.287012283528014e-05	0.011564121606775224	-4.651372549036026e-05	-0.0005769748989092882
0.0005369767147320736	4.2884618906002814e-05	0.0006621169222551515	-0.00021353376058574902	0.0005088144731824062	0.011252074608987694	0.0002655332722971693	0.0002967566948959277
-0.0010856676737622806	-0.0007060281757840237	0.00016284172579550393	-0.0007752183566029913	-0.000489735919737555	0.011314484008544845	-0.000483379522391969	-0.0009514312962539684
0.0004121579156177724	0.00016770341802074817	0.0004748887235828114	9.851323720155847e-05	0.0007584520714127851	0.013061947196154833	0.0005151708705275482	0.00023434729533833298
-0.0006488018768597836	-0.0003939811779969382	-0.00027402407110677096	-0.0007128089570458407	9.539276721870493e-06	0.013561222392614924	-0.00042097012283526247	-0.0005145654993516935
-2.4707881285168654e-05	4.2884618906002814e-05	0.00016284172579550393	-2.630556191363098e-05	0.0005088144731824062	0.01605759837491405	0.000327942671854764	0.0003591660944533004
-8.711728084231929e-05	-8.193418020896459e-05	0.00016284172579550393	-0.00027594316014334375	0.0005088144731824062	0.017243376966506352	0.00039035207141191464	-0.00032733730067913136
0.0002873391165025829	4.2884618906002814e-05	0.00010043232623746512	-8.871496147100366e-05	0.0007584520714127851	0.018117108560311568	0.00039035207141191464	0.0003591660944533004
-0.00102325827420513	-0.00026916237888174877	-0.00021161467154962033	-0.0007752183566029913	-5.287012283528014e-05	0.018241927359426535	-0.00017133252460532766	-0.0005145654993516935
0.0002873391165025829	4.2884618906002814e-05	0.0005372981231406282	-0.00027594316014334375	0.0008208614709694917	0.018429155558098875	0.0008272178683148557	0.0004215754940108951
-0.0010856676737622806	-0.0003939811779969382	0.00016284172579550393	-0.0010872653543905209	-0.00011527952239287487	0.016494464171816547	-0.00017133252460532766	-0.0007017936980240336
-0.004330956450751877	-0.0007060281757840237	-0.001522212062256889	-0.0016489499504082072	-0.000926601716640052	0.01349881299305733	-0.0014819299153119303	0.00017193789578073826
-0.008449976821545802	-0.0013925315709164554	-0.0035817222476539623	-0.002959547341115254	-0.0022371991073473207	0.009442202021820556	-0.0036038495002672644	-0.0004521560997938767
-0.007326607629511095	-0.0013301221713588607	-0.0035817222476539623	-0.0024602721446558284	-0.001987561509117608	0.007195463637751365	-0.0035414401007096696	0.00017193789578073826
-0.008699614419775958	-0.0016421691691459461	-0.004268225642786394	-0.0027099097428857633	-0.0026740649042500397	0.004636678255893978	-0.004103124696727134	-0.0005769748989092882
-0.00763865462729818	-0.0013925315709164554	-0.004705091439688891	-0.002335453345540639	-0.0021123803082321313	0.00270198686961165	-0.003853487098496755	0.00023434729533833298
-0.008075520424201565	-0.0020166255664912924	-0.004954729037918382	-0.0026475003433281685	-0.002798883703364341	0.0019530740749220676	-0.004352762294956847	-0.001013840695811119
-0.005891191439689081	-0.0015797597695887955	-0.004205816243228799	-0.0019609969481957368	-0.0018627427100024185	0.0036381278629740166	-0.0033542119020368855	-0.0002025185015639419
-0.0048926410467691195	-0.00126771277180171	-0.0032696752498664328	-0.001898587548638142	-0.0016755145113300784	0.005884866247043652	-0.002792527306019643	-0.0007017936980240336
-0.002209036865796987	-0.0007060281757840237	-0.0018342590600437525	-0.0007752183566029913	-0.0006769641184103392	0.009629430220492896	-0.001357111116197629	0.00017193789578073826
-0.0021466274662393925	-0.0005812093766688342	-0.0010853462653543922	-0.0010248559548333702	-0.0006769641184103392	0.012000987403677277	-0.0011074735179672501	-0.0005769748989092882
-0.0006488018768597836	-0.00026916237888174877	-0.00027402407110677096	-0.0007752183566029913	9.539276721870493e-06	0.01349881299305733	-0.00035856072327766775	0.00023434729533833298
-0.001647352269779967	-0.0006436187762264289	-8.679587243443088e-05	-0.0011496747539481156	-0.0007393735179672678	0.013623631792172075	-0.0007954265201799426	-0.0007017936980240336
-0.00021193607995750874	-0.00020675297932437608	0.0004748887235828114	-0.0005879901579304292	9.539276721870493e-06	0.013249175394827617	7.830507362482919e-05	0.00017193789578073826
0.003033352697031644	4.2884618906002814e-05	0.0021599425116352045	-2.630556191363098e-05	0.0009456802700846811	0.012437853200579996	0.00157613066300466	-0.0006393842984668829
0.006653097871366587	0.0006669786144808398	0.004032224498359938	0.0015963388265813894	0.00225627766079195	0.012999537796597238	0.0036356408484015112	0.00010952849622358762
0.006029003875791306	0.0005421598153658724	0.0038449962996871534	0.0014091106279090493	0.002006640062561571	0.012625081399252558	0.0035732314488439165	-0.000826612497139223
0.007838876462958444	0.001041435011825964	0.00440668089570484	0.0019707952239262916	0.0030051904554815323	0.01368604119172967	0.004446963042648688	0.00023434729533833298
0.007776467063401293	0.0009166162127103306	0.004718727893492369	0.0020332046234834422	0.0027555528572520416	0.015745551377126965	0.0046341912413212505	-0.0007642030975816283
0.0075268294651709144	0.0011038444113831147	0.00446909029526199	0.0019707952239262916	0.003067599855039127	0.017555423964294103	0.004696600640879067	0.00010952849622358762
0.004219131288624611	0.00041734101625112707	0.0032209023041127605	0.0008474260318911409	0.0016945930647742635	0.017805061562523594	0.003073956252384269	-0.0007017936980240336
0.004468768886854546	0.0005421598153658724	0.0032209023041127605	0.0009098354314489576	0.0018818212634472697	0.018117108560311568	0.0031363656519416416	-1.5290302891601826e-05
0.002409258701457251	0.00035493161669353235	0.0027840365072095974	9.851323720155847e-05	0.0010704990691996485	0.015995188975356456	0.00226263405813687	-0.0005769748989092882
0.0009738425116345706	4.2884618906002814e-05	0.0017230767147327075	-0.00021353376058574902	0.0006960426718547463	0.012749900198367747	0.001388902464331876	4.71190966659929e-05
0.0004745673151744789	-1.952478065159191e-05	0.0017854861142898582	-0.00021353376058574902	0.0002591768749526935	0.009816658419165236	0.0011392648661023852	-0.0006393842984668829
0.0011610707103073548	0.00010529401846315345	0.0016606673151751128	3.610383764396374e-05	0.0007584520714127851	0.006758597840848424	0.0013264930647747253	0.00017193789578073826
0.00034974851606017765	-0.0003315717784388994	0.001223801518272838	-0.00027594316014334375	0.00013435807583705994	0.004199812458991703	0.0006399896696422935	-0.0007642030975816283
0.0008490237125200473	0.00010529401846315345	0.0012862109178304326	0.000410560234989088	0.0005088144731824062	0.004574268856336383	0.0010144460669871957	0.00017193789578073826
-0.0003367548790726982	-0.0005187999771112395	0.000350069924467844	-0.0004631713588161279	-0.0001776889219504696	0.005260772251468371	0.000327942671854764	-0.0007642030975816283
0.0004745673151744789	-0.0003315717784388994	0.00041247932402543874	-0.0001511243610281543	0.00019676747539443262	0.008131604631113287	0.0005151708705275482	-0.00014010910200679128
-0.0005863924773021889	-0.0003315717784388994	0.00041247932402543874	-0.00033835255970093847	-0.00011527952239287487	0.011813759205004937	0.0002655332722971693	-0.0008890218966959296
-0.00027434547951510346	-0.00020675297932437608	3.802292668075857e-05	-0.0005879901579304292	0.0002591768749526935	0.014372544586862102	0.0002655332722971693	4.71190966659929e-05
-0.0008360300755327899	-0.0003315717784388994	0.00041247932402543874	-0.000650399557488468	-0.00011527952239287487	0.015995188975356456	7.830507362482919e-05	-0.0007017936980240336
-0.0011480770733198753	-0.0007684375753411743	3.802292668075857e-05	-0.0010248559548333702	-0.000489735919737555	0.01618241717402924	-0.00010892312504773294	-0.00032733730067913136
-0.0011480770733198753	-0.0005187999771112395	0.0004748887235828114	-0.0012120841535057103	-0.0003649171206223656	0.014809410383764376	7.830507362482919e-05	-0.0008890218966959296
0.00022492971694521025	4.2884618906002814e-05	0.001223801518272838	-0.00027594316014334375	0.00032158627450962207	0.013311584794384546	0.0008896272678724504	0.00017193789578073826
-0.0006488018768597836	-0.0005187999771112395	0.000786935721370341	-0.0007752183566029913	-0.00030250772106477086	0.010315933615625328	0.0005151708705275482	-0.0007642030975816283
0.00016252031738739348	-0.00020675297932437608	0.0006621169222551515	-0.0004631713588161279	0.0003839956740672168	0.007881967032883574	0.0008272178683148557	0.00010952849622358762
-0.0008984394750894964	-0.0006436187762264289	0.00041247932402543874	-0.0007752183566029913	-0.0004273265201799603	0.006508960242618489	0.0002655332722971693	-0.0008890218966959296
-0.00046157367818699946	-0.0003315717784388994	0.00022525112535265457	-0.00027594316014334375	9.539276721870493e-06	0.006758597840848424	0.0007648084687568169	-1.5290302891601826e-05
-0.001647352269779967	-0.0006436187762264289	-0.0007108898680092679	-0.0011496747539481156	-0.0004273265201799603	0.006384141443503744	1.5895674067678556e-05	-0.000826612497139223
-0.0052670974441138	-0.000830846974898769	-0.0027079906538489684	-0.0014617217517356451	-0.0013634675135423269	0.006571369642176084	-0.0017939769130996819	0.00010952849622358762
-0.009074070817121083	-0.0016421691691459461	-0.004892319638360787	-0.00277231914244247	-0.0026740649042500397	0.006384141443503744	-0.0037910776989391604	-0.000826612497139223
-0.008137929823758272	-0.001704578568703985	-0.004892319638360787	-0.0027099097428857633	-0.002424427306019661	0.0070082354390783586	-0.0037286682993820097	-0.0002025185015639419
-0.009074070817121083	-0.0018293973678189523	-0.004705091439688891	-0.0028347285420000645	-0.0029237025024795305	0.007445101235980411	-0.004103124696727134	-0.0007642030975816283
-0.008449976821545802	-0.0015173503700312008	-0.0043930444419013615	-0.0026475003433281685	-0.002549246105134406	0.007445101235980411	-0.003915896498054794	0.00010952849622358762
-0.007513835828183879	-0.0015173503700312008	-0.003456903448538773	-0.0028347285420000645	-0.002549246105134406	0.007070644838635953	-0.0035414401007096696	-0.0006393842984668829
-0.005766372640573891	-0.0013301221713588607	-0.002583171854734001	-0.0022106345464256716	-0.0021123803082321313	0.007133054238193326	-0.0027301179064624925	-1.5290302891601826e-05
-0.004643003448538741	-0.0012053033722441153	-0.0015846214618144838	-0.002085815747310482	-0.0018627427100024185	0.006883416639963613	-0.0020436145113296167	-0.000826612497139223
-0.001647352269779967	-0.000830846974898769	-0.0006484804684516732	-0.001274493553062861	-0.0006769641184103392	0.007382691836423705	-0.000733017120622792	4.71190966659929e-05
-0.001834580468452307	-0.000830846974898769	0.00016284172579550393	-0.0009000371557186249	-0.0006145547188525224	0.008506061028457967	-0.00042097012283526247	-0.000826612497139223
-0.00102325827420513	-0.00045639057755364476	-8.679587243443088e-05	-0.0007128089570458407	-0.00024009832150717614	0.009379792622263183	0.00014071447318242392	4.71190966659929e-05
-0.00102325827420513	-0.00045639057755364476	0.00022525112535265457	-0.000650399557488468	-5.287012283528014e-05	0.010315933615625328	0.00039035207141191464	-0.0006393842984668829
0.0004121579156177724	4.2884618906002814e-05	0.000786935721370341	0.0001609226367587091	0.0006336332722971516	0.011813759205004937	0.0013264930647747253	0.0003591660944533004
0.0033453996948193954	0.0002925222171359376	0.0023471707103075445	0.0005977884336614281	0.0013201366674295834	0.012812309597924454	0.002886728053711929	-0.0005769748989092882
0.006777916670481332	0.0008542068131531799	0.004032224498359938	0.0018459764248111021	0.0025059152590216627	0.013998088189516755	0.0046341912413212505	0.00017193789578073826
0.005716956878003776	0.0006669786144808398	0.004219452697032278	0.0015963388265813894	0.002193868261234355	0.01406049758907435	0.004509372442206283	-0.0006393842984668829
0.007214782467383385	0.0009166162127103306	0.004905956092164709	0.0017835670252535074	0.0027555528572520416	0.013998088189516755	0.00513346643778112	4.71190966659929e-05
0.007464420065613764	0.0007917974135955852	0.005592459487296697	0.0015963388265813894	0.0023810964599066953	0.01406049758907435	0.00513346643778112	-0.000826612497139223
0.006777916670481332	0.0008542068131531799	0.005280412489509612	0.0015963388265813894	0.00225627766079195	0.01349881299305733	0.004883828839551629	-7.769970244919655e-05
0.004031903089951605	0.0002925222171359376	0.003907405699244748	0.00028574143587434264	0.0012577272678724327	0.010690390012970008	0.003323593850614426	-0.0009514312962539684
0.004968044083314194	0.0005421598153658724	0.004032224498359938	0.001034654230563925	0.0018818212634472697	0.009629430220492896	0.0035732314488439165	4.71190966659929e-05
0.0014107083085377337	-1.952478065159191e-05	0.0024095801098651393	0.00028574143587434264	0.000571223872740001	0.00750751063553845	0.0019505870603495623	-0.0008890218966959296
0.0010986613107502041	-1.952478065159191e-05	0.0010989827191576484	9.851323720155847e-05	0.0008208614709694917	0.005697638048371756	0.001388902464331876	-1.5290302891601826e-05
0.0002873391165025829	-0.0003315717784388994	0.0005997075226980009	3.610383764396374e-05	0.00013435807583705994	0.0053231816510259655	0.0007648084687568169	-0.0009514312962539684
0.0007242049134048578	-1.952478065159191e-05	0.000786935721370341	0.00047296963454623864	0.0006336332722971516	0.006508960242618489	0.0011392648661023852	4.71190966659929e-05
0.0002873391165025829	-0.00014434357976655932	0.000786935721370341	-2.630556191363098e-05	0.00019676747539443262	0.007382691836423705	0.0008896272678724504	-0.0005769748989092882
0.0004121579156177724	-0.00014434357976655932	0.0005997075226980009	3.610383764396374e-05	0.00032158627450962207	0.008568470428015562	0.0008272178683148557	0.00010952849622358762
-0.0005239830777454824	-0.0005812093766688342	0.000786935721370341	-0.000650399557488468	-0.0003649171206223656	0.009130155024032804	0.000327942671854764	-0.0008890218966959296
0.00016252031738739348	-0.00045639057755364476	0.0010365733196002758	-0.0005255807583737226	-5.287012283528014e-05	0.009379792622263183	0.0005775802700846988	-0.00014010910200679128
-0.000773620675974751	-0.0006436187762264289	0.0013486203173880273	-0.0008376277561610301	-0.000489735919737555	0.008755698626688124	0.00039035207141191464	-0.0008890218966959296
-8.711728084231929e-05	-0.00026916237888174877	0.0015358485160603674	-0.0004631713588161279	9.539276721870493e-06	0.00769473883421079	0.0008272178683148557	-0.00014010910200679128
-0.0005863924773021889	-0.0003939811779969382	0.0015358485160603674	-0.000650399557488468	-0.0001776889219504696	0.005947275646601247	0.0005151708705275482	-0.0007642030975816283
-0.00046157367818699946	-0.0003315717784388994	0.001411029716945178	-0.00021353376058574902	7.194867627990931e-05	0.0053231816510259655	0.0006399896696422935	-1.5290302891601826e-05
-0.00102325827420513	-0.0005812093766688342	0.000786935721370341	-0.0005255807583737226	-0.00024009832150717614	0.004761497055008945	0.0005775802700846988	-0.000826612497139223
0.00022492971694521025	-0.00020675297932437608	0.0008493451209279357	-0.0001511243610281543	0.0005088144731824062	0.00551040984969875	0.00120167426565998	0.00017193789578073826
-0.0008360300755327899	-0.00020675297932437608	0.0005997075226980009	-0.00021353376058574902	-0.00011527952239287487	0.00750751063553845	0.0010144460669871957	-0.0005145654993516935
-0.0003367548790726982	-1.952478065159191e-05	0.0005372981231406282	-2.630556191363098e-05	0.0004464050736248115	0.009567020820935745	0.001388902464331876	0.00023434729533833298
-0.000773620675974751	-0.00020675297932437608	0.000350069924467844	-0.0005255807583737226	9.539276721870493e-06	0.010565571213855707	0.0008272178683148557	-0.0005145654993516935
-0.0003991642786298488	-1.952478065159191e-05	0.0007245263218127462	-2.630556191363098e-05	0.00032158627450962207	0.012125806202792466	0.001388902464331876	0.0002967566948959277
-0.0023962650644695493	-0.00045639057755364476	0.00010043232623746512	-0.0010248559548333702	-0.0004273265201799603	0.010815208812084753	0.000327942671854764	-0.0005769748989092882
-0.006078419638361421	-0.0010804845731289259	-0.0017718496604863798	-0.0020234063477533315	-0.0014882863126577384	0.007881967032883574	-0.0018563863126577207	4.71190966659929e-05
-0.008637205020218364	-0.001704578568703985	-0.003020037651636498	-0.002959547341115254	-0.0028612931029219357	0.004948725253681285	-0.003291802502479735	-0.0007017936980240336
-0.007763473426413592	-0.0013301221713588607	-0.0029576282520793473	-0.0024602721446558284	-0.0022371991073473207	0.0032012620660717417	-0.0029797555046919832	0.00010952849622358762
-0.008949252018005893	-0.0018293973678189523	-0.003394494048981178	-0.00277231914244247	-0.002986111902037125	0.0006424766842143548	-0.003853487098496755	-0.0007017936980240336
-0.007825882825971187	-0.0013925315709164554	-0.003456903448538773	-0.002522681544212979	-0.00236201790646251	-0.0003560737087051624	-0.0029797555046919832	0.00023434729533833298
-0.007326607629511095	-0.0015173503700312008	-0.003456903448538773	-0.002335453345540639	-0.0020499709086747586	0.0007672954833297663	-0.002854936705576794	-0.0005769748989092882
-0.005329506843671394	-0.0010804845731289259	-0.002583171854734001	-0.001274493553062861	-0.0013010581139847321	0.0035133090638592712	-0.0018563863126577207	0.00017193789578073826
-0.0048926410467691195	-0.0013925315709164554	-0.0026455812542911517	-0.0019609969481957368	-0.0018627427100024185	0.004761497055008945	-0.0017315675135425312	-0.0009514312962539684
-0.0017097616693375617	-0.0005812093766688342	-0.0010229368657967974	-0.0009000371557186249	-0.00024009832150717614	0.00732028243686611	1.5895674067678556e-05	0.00017193789578073826
-0.0021466274662393925	-0.000830846974898769	-0.0005236616693369278	-0.0010248559548333702	-0.0008017829175248625	0.008755698626688124	-0.0002337419241624783	-0.000826612497139223
-0.0005239830777454824	-8.193418020896459e-05	0.0005997075226980009	-2.630556191363098e-05	0.00019676747539443262	0.009567020820935745	0.0008896272678724504	0.0003591660944533004
-0.00102325827420513	-0.0006436187762264289	0.00041247932402543874	-0.0009624465552757755	-0.0005521453192949277	0.007257873037308515	0.00014071447318242392	-0.0007642030975816283
0.0012234801098649495	-8.193418020896459e-05	0.0018478955138474529	0.00028574143587434264	0.0005088144731824062	0.007257873037308515	0.0014513118638892486	0.00023434729533833298
0.0037822654917216703	0.0004797504158078336	0.00372017750057263	0.001034654230563925	0.0012577272678724327	0.007819557633325758	0.0029491374532690795	-0.0005769748989092882
0.006965144869153672	0.0005421598153658724	0.004531499694819585	0.0015963388265813894	0.0023186870603495446	0.007819557633325758	0.004384553643091538	4.71190966659929e-05
0.006029003875791306	0.0005421598153658724	0.0046563184939343305	0.0013467012283510105	0.0019442306630048645	0.008318832829786071	0.004259734843976792	-0.0007642030975816283
0.007402010666056169	0.001041435011825964	0.005155593690394422	0.0020332046234834422	0.002693143457694447	0.010128705416952766	0.00532069463645346	0.00023434729533833298
0.007589238864728953	0.0009790256122683694	0.005155593690394422	0.0017211576256963568	0.0027555528572520416	0.010815208812084753	0.005445513435568872	-0.0005769748989092882
0.006902735469596077	0.0012286632104983042	0.00478113729304952	0.0021580234225981876	0.002880371656366787	0.011626531006332375	0.005383104036011499	0.0004215754940108951
0.0037198560921640755	0.0004797504158078336	0.003283311703669467	0.001034654230563925	0.0016945930647742635	0.010690390012970008	0.003698050247959106	-0.0005769748989092882
0.004718406485084037	0.0006669786144808398	0.0035953587014572186	0.0014091106279090493	0.002193868261234355	0.010128705416952766	0.0040100972457468576	0.00017193789578073826
0.0014107083085377337	0.0002925222171359376	0.00247198950942229	0.0006601978332185787	0.0008832708705270864	0.007569920035095601	0.0023874528572520592	-0.0004521560997938767
0.00022492971694521025	-0.00045639057755364476	0.001411029716945178	-0.0001511243610281543	0.0002591768749526935	0.006259322644388554	0.0012640836652166865	-0.00014010910200679128
0.00034974851606017765	-8.193418020896459e-05	0.0019727143129624203	3.610383764396374e-05	0.0002591768749526935	0.005572819249256122	0.00120167426565998	-0.000826612497139223
0.0006617955138472631	-0.00026916237888174877	0.0017854861142898582	3.610383764396374e-05	0.00019676747539443262	0.00501113465323888	0.00120167426565998	-1.5290302891601826e-05
0.00016252031738739348	-8.193418020896459e-05	0.0019103049134050476	-8.871496147100366e-05	7.194867627990931e-05	0.004699087655451573	0.000952036667429601	-0.0005769748989092882
0.0005369767147320736	-0.00014434357976655932	0.0017230767147327075	-8.871496147100366e-05	0.00032158627450962207	0.004948725253681285	0.00120167426565998	4.71190966659929e-05
-0.00046157367818699946	-0.0003939811779969382	0.0014734391165023286	-0.0004007619592585332	-0.00024009832150717614	0.0057600474479284625	0.0008896272678724504	-0.0007642030975816283
0.0002873391165025829	-0.00014434357976655932	0.0013486203173880273	-0.00021353376058574902	0.0004464050736248115	0.006446550843060894	0.0013264930647747253	0.00010952849622358762
-0.0005239830777454824	-0.0003939811779969382	0.0010989827191576484	-0.0005255807583737226	0.00013435807583705994	0.006633779041733234	0.0010144460669871957	-0.0007017936980240336
-0.00046157367818699946	-0.0003315717784388994	0.0008493451209279357	-0.00021353376058574902	0.0002591768749526935	0.007382691836423705	0.00120167426565998	4.71190966659929e-05
-0.0008984394750894964	-0.00045639057755364476	0.000786935721370341	-0.0004631713588161279	9.539276721870493e-06	0.0070082354390783586	0.0010768554665447905	-0.0007017936980240336
-0.00021193607995750874	-8.193418020896459e-05	0.000974163920042237	3.610383764396374e-05	0.0003839956740672168	0.006696188441291273	0.0013264930647747253	0.00010952849622358762
-0.00102325827420513	-0.00026916237888174877	0.0010989827191576484	-0.0001511243610281543	-5.287012283528014e-05	0.006508960242618489	0.0010768554665447905	-0.0005769748989092882
-0.0003367548790726982	-0.0003315717784388994	0.000974163920042237	-0.00021353376058574902	0.00013435807583705994	0.006571369642176084	0.0012640836652166865	-7.769970244919655e-05
-0.00102325827420513	-0.0006436187762264289	0.0010365733196002758	-0.0007128089570458407	-0.000489735919737555	0.006571369642176084	0.0007648084687568169	-0.0008890218966959296
-0.000773620675974751	-0.0006436187762264289	0.0009117545204855304	-0.000650399557488468	-0.00030250772106477086	0.007195463637751365	0.000952036667429601	-0.0002025185015639419
-0.0006488018768597836	-0.00026916237888174877	0.0011613921187152432	-0.000650399557488468	9.539276721870493e-06	0.007382691836423705	0.00120167426565998	-0.0006393842984668829
-0.0003367548790726982	-0.00014434357976655932	0.001223801518272838	-0.0004631713588161279	0.00013435807583705994	0.007757148233768385	0.0012640836652166865	0.00010952849622358762
-0.0027707214618142295	-0.0005812093766688342	0.000350069924467844	-0.0010872653543905209	-0.0006145547188525224	0.006758597840848424	0.0002655332722971693	-0.0006393842984668829
-0.006702513633935814	-0.0010804845731289259	-0.0024583530556192557	-0.002085815747310482	-0.0014882863126577384	0.0035133090638592712	-0.0019187957122153154	0.00023434729533833298
-0.008949252018005893	-0.0018293973678189523	-0.00389376924544127	-0.0028971379415581033	-0.0028612931029219357	0.0012665706797896359	-0.003479030701152075	-0.001013840695811119
-0.008262748622873461	-0.0017669879682613576	-0.004080997444114054	-0.0024602721446558284	-0.0024868367055772556	0.0006424766842143548	-0.003229393102922362	-0.00026492790112153664
-0.009198889616235828	-0.0019542161669336977	-0.004330635042343767	-0.0028971379415581033	-0.003048521301594498	-0.0007305301060498426	-0.0037910776989391604	-0.001013840695811119
-0.008262748622873461	-0.001704578568703985	-0.004268225642786394	-0.0023978627450982337	-0.002798883703364341	-0.0006057113069355413	-0.0034166213015949243	-7.769970244919655e-05
-0.007825882825971187	-0.0019542161669336977	-0.0037689504463265244	-0.0026475003433281685	-0.0029237025024795305	0.00014320148775492925	-0.003291802502479735	-0.0010762500953687137
-0.005454325642786362	-0.0013925315709164554	-0.002770400053406563	-0.0020234063477533315	-0.001987561509117608	0.0013913894789043812	-0.002230842710002401	-7.769970244919655e-05
-0.004206137651636688	-0.0012053033722441153	-0.001334983863584549	-0.0016489499504082072	-0.0016755145113300784	0.002951624467841363	-0.0014819299153119303	-0.0008890218966959296
-0.001834580468452307	-0.0005812093766688342	-0.0001492052719920256	-0.0009624465552757755	-0.0006145547188525224	0.004449450057221194	-0.000296151323720073	0.00010952849622358762
-0.0019593992675670524	-0.0011428939726860765	0.00010043232623746512	-0.0014617217517356451	-0.000926601716640052	0.0042622218585484095	-0.00042097012283526247	-0.001013840695811119
-0.0010856676737622806	-0.0003939811779969382	0.0007245263218127462	-0.0005255807583737226	-0.0001776889219504696	0.0040749936598765135	0.00039035207141191464	4.71190966659929e-05
-0.0015225334706647775	-0.0008932563744568078	0.0006621169222551515	-0.0009000371557186249	-0.000489735919737555	0.003950174860761324	0.00020312387274001864	-0.001013840695811119
0.0014731177080944402	-1.952478065159191e-05	0.0016606673151751128	0.00022333203631630383	0.0007584520714127851	0.005260772251468371	0.0017633588616767781	0.00017193789578073826
0.003969493690394454	0.00010529401846315345	0.0033457211032270617	0.0009098354314489576	0.001195317868314394	0.006945826039520542	0.003323593850614426	-0.000826612497139223
0.006653097871366587	0.0006045692149232451	0.00440668089570484	0.001658748226138762	0.0023186870603495446	0.008131604631113287	0.004883828839551629	-1.5290302891601826e-05
0.005779366277561815	0.0005421598153658724	0.004593909094376736	0.0014091106279090493	0.0018818212634472697	0.008506061028457967	0.0046341912413212505	-0.000826612497139223
0.007277191866941424	0.0008542068131531799	0.005405231288624801	0.0021580234225981876	0.0025059152590216627	0.009879067818723275	0.005570332234684061	-7.769970244919655e-05
0.007402010666056169	0.0009166162127103306	0.005904506485084449	0.0019707952239262916	0.0025683246585794794	0.009879067818723275	0.005632741634240768	-0.0007017936980240336
0.0060914132753489	0.0007917974135955852	0.005342821889067206	0.0017211576256963568	0.00244350585946429	0.009192564423590843	0.005008647638666375	0.00010952849622358762
0.003844674891278821	0.00041734101625112707	0.00478113729304952	0.0009722448310063303	0.0015073648661019234	0.008506061028457967	0.0037604596475167007	-0.0007017936980240336
0.004468768886854546	0.00041734101625112707	0.004593909094376736	0.001034654230563925	0.0018818212634472697	0.007944376432440503	0.003885278446631668	-7.769970244919655e-05
0.00022492971694521025	-0.00045639057755364476	0.00247198950942229	-0.0004631713588161279	0.00013435807583705994	0.0051359534523540695	0.0014513118638892486	-0.0011386594949263085
0.00034974851606017765	-0.00026916237888174877	0.0022847613107495057	-2.630556191363098e-05	0.0003839956740672168	0.004699087655451573	0.0017009494621196275	-0.00014010910200679128
0.00016252031738739348	-0.00026916237888174877	0.0019103049134050476	-0.00021353376058574902	0.00019676747539443262	0.002889215068284434	0.0013264930647747253	-0.000826612497139223
0.0004745673151744789	-0.0003315717784388994	0.0014734391165023286	9.851323720155847e-05	0.00019676747539443262	0.0021403022735944077	0.0013264930647747253	-0.0002025185015639419
-0.00046157367818699946	-0.0006436187762264289	0.0010365733196002758	-0.00021353376058574902	-0.0003649171206223656	0.0017658458762492835	0.000952036667429601	-0.001013840695811119
-2.4707881285168654e-05	-0.0003939811779969382	0.000786935721370341	-0.0001511243610281543	-5.287012283528014e-05	0.001453798878461976	0.0011392648661023852	-0.00014010910200679128
-0.00046157367818699946	-0.0005812093766688342	0.000974163920042237	-0.00027594316014334375	-0.0003649171206223656	0.002077892874036813	0.0008896272678724504	-0.001013840695811119
-0.00027434547951510346	-0.0006436187762264289	0.0008493451209279357	-0.00021353376058574902	-0.0001776889219504696	0.003138852666514147	0.0008272178683148557	-0.000389746700236282
-0.0009608488746470911	-0.0007684375753411743	0.0010365733196002758	-0.000650399557488468	-0.0003649171206223656	0.003575718463416422	0.0005775802700846988	-0.0010762500953687137
-0.0003991642786298488	-0.00045639057755364476	0.0014734391165023286	-0.0004007619592585332	-5.287012283528014e-05	0.004137403059434108	0.0008896272678724504	-1.5290302891601826e-05
-0.0010856676737622806	-0.0005812093766688342	0.0016606673151751128	-0.0007128089570458407	-0.0003649171206223656	0.004636678255893978	0.0006399896696422935	-0.0007642030975816283
-0.0005239830777454824	-0.0005187999771112395	0.0016606673151751128	-0.0005879901579304292	7.194867627990931e-05	0.004636678255893978	0.0008896272678724504	-0.0002025185015639419
-0.0011480770733198753	-0.0005812093766688342	0.001598257915617518	-0.0005879901579304292	-0.00024009832150717614	0.004636678255893978	0.0007023990691998883	-0.0007642030975816283
0.0001001109178300208	0.00010529401846315345	0.0019103049134050476	0.00022333203631630383	0.000571223872740001	0.005198362851911664	0.0017009494621196275	0.00048398489356848984
-0.0005239830777454824	-0.0003315717784388994	0.0014734391165023286	-0.0004007619592585332	9.539276721870493e-06	0.004449450057221194	0.001388902464331876	-0.0005769748989092882
-0.00046157367818699946	-0.0003315717784388994	0.0010989827191576484	-8.871496147100366e-05	7.194867627990931e-05	0.004886315854124135	0.0015137212634470654	-1.5290302891601826e-05
-0.0009608488746470911	-0.00045639057755364476	0.000974163920042237	-0.0004631713588161279	-0.0001776889219504696	0.004761497055008945	0.0013264930647747253	-0.0007017936980240336
0.00022492971694521025	4.2884618906002814e-05	0.001411029716945178	0.0001609226367587091	0.0006336332722971516	0.0051359534523540695	0.002012996459907157	0.0003591660944533004
-0.003145177859159576	-0.0005187999771112395	0.00041247932402543874	-0.0005255807583737226	-0.0006769641184103392	0.004636678255893978	0.00039035207141191464	-0.0004521560997938767
-0.007513835828183879	-0.0010804845731289259	-0.0022087154573888768	-0.001898587548638142	-0.0016755145113300784	0.00251475867093931	-0.0019187957122153154	0.0002967566948959277
-0.008325158022431056	-0.0012053033722441153	-0.0025207624551768504	-0.0023978627450982337	-0.0022996085069049155	0.0015162082780195707	-0.0026677085069044537	-0.00032733730067913136
-0.007888292225528781	-0.0012053033722441153	-0.0024583530556192557	-0.002148225146868077	-0.002174789707789948	0.001641027077134538	-0.0025428897077897084	0.00023434729533833298
-0.009448527214465985	-0.0019542161669336977	-0.0035193128480963676	-0.003146775539788038	-0.0031733401007096873	-0.00048089250782035187	-0.003853487098496755	-0.0008890218966959296
-0.00763865462729818	-0.0016421691691459461	-0.003207265850308838	-0.002522681544212979	-0.002424427306019661	-0.0012298053025099343	-0.003229393102922362	-7.769970244919655e-05
-0.00738901702906869	-0.0018293973678189523	-0.0028952188525217526	-0.002522681544212979	-0.0027364743038071904	-0.001729080498970026	-0.003229393102922362	-0.001013840695811119
-0.005204688044556649	-0.0013301221713588607	-0.0022711248569464715	-0.0016489499504082072	-0.0018003333104448238	-0.0014170335011827184	-0.001981205111772022	-7.769970244919655e-05
-0.0038316812542917855	-0.00126771277180171	-0.0016470308613716345	-0.0015865405508506125	-0.0016755145113300784	-0.0007929395056074373	-0.0014819299153119303	-0.0009514312962539684
-0.0017721710688942682	-0.0006436187762264289	-0.0004612522697793331	-0.0005255807583737226	-0.0006145547188525224	0.0013289800793472306	-0.00017133252460532766	-7.769970244919655e-05
-0.0017721710688942682	-0.0008932563744568078	3.802292668075857e-05	-0.0008376277561610301	-0.0008017829175248625	0.002327530472267192	7.830507362482919e-05	-0.0009514312962539684
-0.0008360300755327899	-0.00045639057755364476	0.000786935721370341	-0.0004007619592585332	-0.00024009832150717614	0.0038253560616463567	0.0006399896696422935	-1.5290302891601826e-05
-0.00139771467154981	-0.00045639057755364476	0.0010365733196002758	-0.0004631713588161279	-0.0004273265201799603	0.004761497055008945	0.0008896272678724504	-0.0006393842984668829
0.0018475741054393424	4.2884618906002814e-05	0.002721627107652669	0.00028574143587434264	0.0008208614709694917	0.005822456847486057	0.00226263405813687	4.71190966659929e-05
0.004281540688181762	0.00016770341802074817	0.004593909094376736	0.0008474260318911409	0.0013201366674295834	0.006945826039520542	0.003698050247959106	-0.000826612497139223
0.006528279072250953	0.0007917974135955852	0.005966915884642043	0.0017835670252535074	0.0025059152590216627	0.008131604631113287	0.00494623823910878	0.00010952849622358762
0.00621623207446409	0.0004797504158078336	0.005904506485084449	0.0013467012283510105	0.002193868261234355	0.007195463637751365	0.004883828839551629	-0.0006393842984668829
0.008213332860303346	0.0012286632104983042	0.006840647478446815	0.0024076610208285665	0.0031924186541538724	0.008006785831998542	0.006069607431143931	0.00010952849622358762
0.006965144869153672	0.0009166162127103306	0.006591009880216658	0.0020332046234834422	0.0025683246585794794	0.007944376432440503	0.005632741634240768	-0.000826612497139223
0.005716956878003776	0.0006669786144808398	0.0050931842908370495	0.0014091106279090493	0.0023186870603495446	0.006134503845273365	0.004821419439993591	4.71190966659929e-05
0.003844674891278821	0.0002925222171359376	0.00440668089570484	0.0010970636301215198	0.0015073648661019234	0.005572819249256122	0.003947687846189263	-0.000826612497139223
0.0041567218890665725	0.00041734101625112707	0.004219452697032278	0.0014091106279090493	0.0017570024643318582	0.005697638048371756	0.004134916044861159	-1.5290302891601826e-05
-2.4707881285168654e-05	-0.00026916237888174877	0.0020975331120776097	-8.871496147100366e-05	0.00019676747539443262	0.0033884902647440818	0.0017009494621196275	-0.000826612497139223
0.0007242049134048578	-8.193418020896459e-05	0.0022847613107495057	0.00047296963454623864	0.0006336332722971516	0.0037005372625316113	0.002012996459907157	4.71190966659929e-05
-0.00021193607995750874	-0.00020675297932437608	0.0020975331120776097	-8.871496147100366e-05	-5.287012283528014e-05	0.0032636714656288923	0.001388902464331876	-0.0007642030975816283
0.0007242049134048578	0.0002301128175783429	0.0022847613107495057	0.000410560234989088	0.000571223872740001	0.003326080865186931	0.0016385400625620328	0.0004215754940108951
-0.00021193607995750874	-0.00014434357976655932	0.002035123712520237	-8.871496147100366e-05	-0.0001776889219504696	0.002951624467841363	0.000952036667429601	-0.0005769748989092882
-2.4707881285168654e-05	-0.00020675297932437608	0.0017854861142898582	3.610383764396374e-05	7.194867627990931e-05	0.002889215068284434	0.0010144460669871957	4.71190966659929e-05
-2.4707881285168654e-05	-0.00014434357976655932	0.0021599425116352045	-0.0001511243610281543	7.194867627990931e-05	0.002327530472267192	0.0008896272678724504	-0.0005145654993516935
0.0004745673151744789	4.2884618906002814e-05	0.002222351911192799	0.0001609226367587091	0.00032158627450962207	0.0026395774700540553	0.0011392648661023852	0.00023434729533833298
-0.0006488018768597836	-0.00020675297932437608	0.002035123712520237	-8.871496147100366e-05	9.539276721870493e-06	0.0028268056687268395	0.000952036667429601	-0.0004521560997938767
0.0001001109178300208	-1.952478065159191e-05	0.002035123712520237	3.610383764396374e-05	0.0005088144731824062	0.0030764432669565522	0.0012640836652166865	0.00023434729533833298
-0.0009608488746470911	-0.00045639057755364476	0.0019727143129624203	-0.00027594316014334375	-0.0001776889219504696	0.003762946662088762	0.0010144460669871957	-0.0007642030975816283
-0.0003367548790726982	-0.00014434357976655932	0.0021599425116352045	-2.630556191363098e-05	0.0002591768749526935	0.004324631258106448	0.00157613066300466	0.00017193789578073826
-0.0013353052719922154	-0.0007684375753411743	0.0018478955138474529	-0.0008376277561610301	-0.0005521453192949277	0.003950174860761324	0.000952036667429601	-0.0008890218966959296
-0.00021193607995750874	-0.00020675297932437608	0.0025968083085374793	-2.630556191363098e-05	0.0002591768749526935	0.005073544052796475	0.0017633588616767781	0.00010952849622358762
-0.0008984394750894964	-0.00045639057755364476	0.0025343989089798846	-0.0005255807583737226	-0.00011527952239287487	0.004324631258106448	0.001388902464331876	-0.0007017936980240336
-0.0003367548790726982	-0.0003939811779969382	0.00247198950942229	-0.00027594316014334375	0.0002591768749526935	0.0038253560616463567	0.0015137212634470654	-1.5290302891601826e-05
