Sensor_1	Sensor_2	Sensor_3	Sensor_4	Sensor_5	Sensor_6	Sensor_7	Sensor_8
3.6921400778267e-05	0.00028640609597951894	0.0007222639810791076	-0.0006410943160142235	-0.00033460799572715416	0.004576216029602342	0.0004518658960863675	0.0004045751735717307
-0.0013984947890439692	-0.0003376878995953181	0.0001605793850618653	-0.0014524165102616227	-0.0013331583886471154	0.0037648938353547212	-0.00023463749904606424	-0.000718794018463198
-0.0002127161974516678	0.00028640609597951894	0.00041021698329135603	-0.0007035037155713741	-0.0004594267948423436	0.0038897126344699107	0.0003894564965287728	0.000342165774014358
-0.0007744007934689101	-0.0003376878995953181	-0.0004635146105134158	-0.0010779601129164984	-0.0007090643930720564	0.00257911524376242	-0.0004218656977188484	-0.000718794018463198
9.933080033586172e-05	-0.00021286910048079477	-0.000837971007858096	-0.00014181911955413185	0.00010225780117512073	0.001955021248188027	-0.00029704689860365896	9.252817578442318e-05
0.0004113777981236133	3.676849774958413e-05	-0.000837971007858096	0.00041986547646311045	0.0007887611963079966	0.0018302024490728375	-0.00023463749904606424	-0.0004691564202332632
0.0012226999923707904	-0.000150459700922978	-0.001274836804760593	0.0005446842755778558	0.0011632175936524547	0.0018302024490728375	-0.0001722280994884695	0.0001549375753420179
0.00028655899900842385	-8.805030136538328e-05	-0.001025199206530658	0.0005446842755778558	0.000663942397192363	0.002516705844205269	-0.00023463749904606424	-0.0005939752193484527
0.00022414959945105117	-0.000150459700922978	-0.0010876086060884749	0.00017022787823317564	0.0006015329976352124	0.0037024844357975706	7.740949874124325e-05	0.0001549375753420179
-0.00046235379568115853	-8.805030136538328e-05	-0.0005259240100705664	-0.000516275516898812	-2.2560997940068717e-05	0.0052003100251776235	0.00026463769741402743	-0.0005315658197908579
-0.0005247631952396414	-2.5640901808010597e-05	-2.6648813610918864e-05	-0.0007035037155713741	-0.00033460799572715416	0.006573316815442043	0.0009511410925464592	0.00027975637445676327
-0.0032707767757684802	-0.0004000972991533569	-0.0007131522087433506	-0.0019516917067217143	-0.001457977187762527	0.006635726214999194	0.00032704709697162215	-0.0004691564202332632
-0.0072025689478900645	-0.0007121442969404423	-0.0026478435950254564	-0.002825423300526486	-0.002269299382009704	0.005075491226062434	-0.0011707784924084308	0.0004045751735717307
-0.009262079133287582	-0.0010866006942853446	-0.0038336221866177578	-0.0031998796978709443	-0.0030182121766992864	0.0034528468375676358	-0.0022941476844431374	-0.0002819282215607011
-0.008013891142137242	-0.0007121442969404423	-0.004083259784847693	-0.002450966903181362	-0.0018948429846643577	0.002142249446860367	-0.0021069194857707974	0.0005293939726869201
-0.008950032135500052	-0.0016482852903023648	-0.005269038376439772	-0.002887832700083637	-0.002456527580682044	-0.00041653593499679786	-0.003604745075150406	-0.0006563846189056033
-0.006765703150988012	-0.000774553696497593	-0.00476976317997968	-0.0012027789120312438	-0.001021111390859586	-0.000603764133669582	-0.0028558322804603797	0.0004669845731293254
-0.006640884351872378	-0.0012738288929581287	-0.005081810177767432	-0.00157723530937659	-0.0012707489890895207	-0.0010406299305716349	-0.0031054698786907586	-0.0005939752193484527
-0.004394145967803631	-0.00046250669871006345	-0.003958440985732947	-0.00039145671778451074	-0.00014737979705525817	0.0007692426565957255	-0.001982100686655608	0.0004669845731293254
-0.004019689570458063	-0.000774553696497593	-0.003396756389715261	-0.0008283225146870077	-0.0007714737926296511	0.002391887045090524	-0.0014828254901959603	-0.0005315658197908579
-0.0018353605859464661	-0.00046250669871006345	-0.0021485683985653647	-0.000765913115129413	-0.00033460799572715416	0.005013081826504839	-4.740930037372415e-05	0.0001549375753420179
-0.002084998184176401	-0.0004000972991533569	-0.001274836804760593	-0.0012651883115892826	-0.0009587019913024353	0.006698135614557232	0.00032704709697162215	-0.0005315658197908579
-0.0012736759899287797	3.676849774958413e-05	-0.0005883334096281612	-0.0010155507133589037	-0.000584245593957311	0.008008733005264501	0.0013255974898915834	0.000342165774014358
-0.0018353605859464661	-0.0004000972991533569	-0.0007131522087433506	-0.0017644635080493742	-0.001208339589531926	0.007447048409246371	0.0008887316929884204	-0.0005315658197908579
0.0014723375906002811	0.00047363429465141493	0.0007846733806362582	-0.0002666379186693213	0.0003518953994048335	0.007759095407034344	0.0023865572823684733	0.0005918033722440708
0.004842445166704845	0.0006608624933244212	0.002344908369573906	0.0006695030746930453	0.0013504457923247948	0.007447048409246371	0.0035723358739603306	-0.0003443376211178517
0.007463639948119605	0.0009729094911119507	0.0028441835660337755	0.001543234668497817	0.0024738149843595014	0.006573316815442043	0.004258839269092762	0.0004669845731293254
0.00740123054856201	0.0007232718928820159	0.002969002365148743	0.001792872266727974	0.0024114055848019067	0.006074041618981951	0.004071611070420866	-0.0004691564202332632
0.009835197131303985	0.0015970034866867877	0.003842733958953737	0.00304106025787787	0.00378441237506677	0.0075094578088044095	0.00563184605935807	0.0005918033722440708
0.009148693736171554	0.001097728290226696	0.0036555057602809526	0.0022297380636298048	0.0032851371786066785	0.008695236400396489	0.005319799061570762	-0.0004691564202332632
0.007214002349889226	0.0010353188906695454	0.002906592965590704	0.002167328664073098	0.002785861982147253	0.010255471389333692	0.005132570862897978	0.000342165774014358
0.0043431699702447535	0.0004112248950947084	0.0019704519722285596	0.0007943218738077906	0.0015376739909971349	0.011503659380483588	0.004383658068208396	-0.0005315658197908579
0.005279310963607564	0.0009105000915539119	0.002532136568246246	0.0008567312733653853	0.0019121303883424812	0.013750397764553668	0.0050701614633403835	0.00021734697489916854
0.000661015396353104	0.00028640609597951894	0.0009719015793090424	-0.000516275516898812	0.00016466720073227137	0.013188713168535537	0.0031354700770582777	-0.0003443376211178517
0.00022414959945105117	3.676849774958413e-05	0.00041021698329135603	-0.0008907319142441583	3.984840161708192e-05	0.012689437972076112	0.002885832478828343	0.00021734697489916854
0.0001617401998932344	9.917789730673476e-05	0.0007846733806362582	-0.000953141313801753	3.984840161708192e-05	0.011566068780041183	0.0025113760814836628	-0.0004691564202332632
0.000661015396353104	0.0001615872968643295	0.0005974451819639182	-0.00039145671778451074	0.0004143047989624282	0.009818605592431195	0.0023241478828111006	0.0004045751735717307
0.00047378719768031985	-2.5640901808010597e-05	0.00047262638284895075	-0.000329047318226916	0.00047671419852002295	0.0075094578088044095	0.0017000538872362636	-0.00040674702067544644
0.0015347469901578759	0.0004112248950947084	0.0005974451819639182	0.0004822748760207052	0.0013504457923247948	0.006074041618981951	0.0017624632867936363	0.0005918033722440708
0.00022414959945105117	-0.00027527850003816745	-0.0002762864118408537	-1.7000320439386485e-05	0.00047671419852002295	0.0047634442282749045	0.0007015034943163023	-0.0005939752193484527
0.0015971563897154706	0.00028640609597951894	0.0001605793850618653	0.0006070936751354505	0.0014128551918823895	0.005699585221637715	0.00138800688944829	0.0004669845731293254
0.0003489683985660186	9.917789730673476e-05	-0.00021387701228325895	0.0003574560769059598	0.0007887611963079966	0.0068853638132295725	0.0011383692912187993	-0.0002819282215607011
0.00028655899900842385	3.676849774958413e-05	-0.0005259240100705664	0.000295046677347921	0.0007887611963079966	0.009132102197298764	0.0015752350881208521	0.0004045751735717307
3.6921400778267e-05	0.00028640609597951894	-0.00015146761272566422	-1.7000320439386485e-05	0.0006015329976352124	0.011566068780041183	0.002074510284581166	-0.00015710942244551163
-2.5487998779327725e-05	0.00028640609597951894	-0.00021387701228325895	-0.00020422851911172657	0.00047671419852002295	0.013750397764553668	0.0023865572823684733	0.0006542127718016655
-0.0009616289921412502	0.00028640609597951894	-8.905821316851359e-05	-0.00045386611734210547	0.00010225780117512073	0.014998585755702898	0.0025113760814836628	3.011877622682846e-05
0.0004113777981236133	0.0005360436942094537	0.0003478075837337613	-0.00045386611734210547	0.0007263517967499578	0.015248223353932833	0.003073060677500683	0.0006542127718016655
-0.001024038391699289	-0.000150459700922978	-0.00033869581139822635	-0.0010779601129164984	-0.00033460799572715416	0.013500760166323289	0.0018872820859083816	-0.0004691564202332632
-0.0003999443961240079	-0.00027527850003816745	-0.0004011052109558211	-0.0008283225146870077	-2.2560997940068717e-05	0.011628478179598334	0.0018872820859083816	3.011877622682846e-05
-2.5487998779327725e-05	-2.5640901808010597e-05	-0.00015146761272566422	-0.0006410943160142235	0.0002894859998479049	0.009444149195086515	0.0016376444876786689	-0.00040674702067544644
0.00028655899900842385	-0.00021286910048079477	-0.0004635146105134158	-0.00020422851911172657	0.00047671419852002295	0.00757186720836156	0.0013255974898915834	0.0001549375753420179
-0.0021474075837335516	-0.0003376878995953181	-0.0013996556038757824	-0.00039145671778451074	0.00010225780117512073	0.006136451018539324	0.0004518658960863675	-0.0004691564202332632
-0.006328837354085737	-0.0005873254978252529	-0.0038336221866177578	-0.001390007110704028	-0.0007714737926296511	0.005075491226062434	-0.0012955972915236202	0.0004045751735717307
-0.008762803936827712	-0.0017106946898604036	-0.005206628976882177	-0.0023261481040666165	-0.00208207118333692	0.006011632219424801	-0.002418966483558105	-0.0007812034180207927
-0.008700394537270117	-0.001211419493400534	-0.005206628976882177	-0.0023261481040666165	-0.001832433585107207	0.008944873998626424	-0.0018572818875404185	0.0001549375753420179
-0.009886173128862419	-0.0015858758907452142	-0.005269038376439772	-0.0031998796978709443	-0.0026437557793548283	0.010754746585793562	-0.0022941476844431374	-0.0007812034180207927
-0.008762803936827712	-0.0011490100938424952	-0.004270487983520255	-0.0029502420996412315	-0.0025813463797967895	0.011690887579155929	-0.0017324630884261172	9.252817578442318e-05
-0.009074850934615242	-0.001835513488975371	-0.004395306782635444	-0.0038239736934462254	-0.0035798967727165287	0.009319330395971326	-0.0024813758831156996	-0.0010308410162502835
-0.005642333958952861	-0.0010241912947277498	-0.0028350717936982406	-0.002450966903181362	-0.0017700241855496124	0.006635726214999194	-0.0012955972915236202	-9.470002288836099e-05
-0.004019689570458063	-0.0012738288929581287	-0.002523024795910045	-0.0019516917067217143	-0.001457977187762527	0.0022670682459748903	-0.001794872487983712	-0.0009060222171355381
-0.000587172594796348	-8.805030136538328e-05	-0.0009003804074156907	4.5409079117986195e-05	0.0005391235980776177	0.0002699674601356339	-0.0004218656977188484	0.000342165774014358
-0.0006495819943539427	-0.0006497348973828476	-0.001025199206530658	-0.00020422851911172657	0.00022707660028964405	-0.0019143615243764067	-0.0006090938963911885	-0.000718794018463198
-2.5487998779327725e-05	-0.00046250669871006345	-0.0009003804074156907	0.00010781847867558092	0.00016466720073227137	-0.0017895427252616614	-0.00023463749904606424	-9.470002288836099e-05
-0.0007744007934689101	-0.0007121442969404423	-0.0010876086060884749	-0.0007035037155713741	-0.0003970173952847489	8.27392614632938e-05	1.5000099183870574e-05	-0.0009060222171355381
0.002346069184405053	-2.5640901808010597e-05	0.0005974451819639182	0.000295046677347921	0.0009759893949798926	0.005325128824291925	0.002012100885023571	9.252817578442318e-05
0.005216901564049969	0.0008480906919967612	0.002719364766918586	0.0014184158693826276	0.0017873115892270697	0.011503659380483588	0.004321248668650801	-0.00040674702067544644
0.005778586160067656	0.0002239966964219242	0.0020328613717861543	0.0004822748760207052	0.001724902189669475	0.015123404554817643	0.004820523865110671	-3.2290623330766266e-05
0.006777136552987173	0.001097728290226696	0.0034058681620505737	0.001168778271153137	0.0024738149843595014	0.01955447192339932	0.005881483657588005	-0.0002819282215607011
0.008087733943694442	0.001097728290226696	0.00378032455939592	0.0014808252689406665	0.002785861982147253	0.02205084790569889	0.006692805851835626	0.00027975637445676327
0.007962915144579474	0.0011601376897838467	0.00409237155718345	0.0012311876707102876	0.0026610431830320636	0.02180121030746962	0.006505577653162842	-0.0004691564202332632
0.006402680155642271	0.0010353188906695454	0.0030938211642634883	0.0009815500724805748	0.002161767986571972	0.01905519672693967	0.005319799061570762	0.0005293939726869201
0.004717626367589878	0.0006608624933244212	0.0026569553673609914	0.0006695030746930453	0.0016000833905547296	0.015248223353932833	0.004134020469978461	-0.0005315658197908579
0.005716176760509617	0.0009729094911119507	0.002781774166476181	0.0012935970702678823	0.0024114055848019067	0.012002934576943236	0.004321248668650801	0.0005293939726869201
0.0012226999923707904	-2.5640901808010597e-05	0.0006598545815217349	4.5409079117986195e-05	0.0007887611963079966	0.008008733005264501	0.0017624632867936363	-0.0005939752193484527
0.0018467939879451833	0.0007232718928820159	0.0010967203784233437	0.0011063688715955422	0.0016624927901123243	0.008258370603494436	0.0025737854810408134	0.0006542127718016655
0.0007858341954678494	0.00028640609597951894	0.0005974451819639182	0.000295046677347921	0.0010383987945372652	0.008882464599069273	0.0021369196841387605	-0.00015710942244551163
0.0010354717936980062	0.00047363429465141493	0.00047262638284895075	0.0005446842755778558	0.00110080819409486	0.011753296978713523	0.0025737854810408134	0.0008414409704744497
0.0004113777981236133	0.0006608624933244212	0.0009719015793090424	0.00041986547646311045	0.0011632175936524547	0.014624129358357996	0.002885832478828343	9.252817578442318e-05
0.00028655899900842385	0.0002239966964219242	0.0001605793850618653	-0.0002666379186693213	0.0007887611963079966	0.015497860952162323	0.0025737854810408134	0.0005918033722440708
0.00047378719768031985	0.0006608624933244212	0.0010967203784233437	0.00010781847867558092	0.0009135799954222978	0.01593472674906571	0.0025737854810408134	9.252817578442318e-05
0.0005361965972379146	0.00028640609597951894	0.00047262638284895075	-0.00020422851911172657	0.0007887611963079966	0.013750397764553668	0.002012100885023571	0.0006542127718016655
9.933080033586172e-05	0.00028640609597951894	0.0005350357824065455	-0.00045386611734210547	0.0003518953994048335	0.010692337186235967	0.001200778690776394	-0.00021951882200310635
0.0008482435950258882	0.0001615872968643295	0.0005974451819639182	0.00023263727779032628	0.0008511705958647031	0.008195961203936841	0.0012631880903339887	0.0005918033722440708
0.0004113777981236133	0.00034881549553711366	0.0007222639810791076	0.00017022787823317564	0.000663942397192363	0.006573316815442043	0.0010759598916612045	-9.470002288836099e-05
0.0005361965972379146	9.917789730673476e-05	9.816998550427058e-05	4.5409079117986195e-05	0.0007887611963079966	0.006510907415884448	0.0011383692912187993	0.0005918033722440708
0.00022414959945105117	0.0005360436942094537	0.00041021698329135603	0.00041986547646311045	0.0008511705958647031	0.009568967994201705	0.0017624632867936363	9.252817578442318e-05
0.0004113777981236133	0.0004112248950947084	0.0001605793850618653	0.0003574560769059598	0.0011632175936524547	0.013126303768977943	0.0025737854810408134	0.0005918033722440708
-0.000587172594796348	3.676849774958413e-05	-0.0004635146105134158	-0.0006410943160142235	0.00047671419852002295	0.015997136148622415	0.0023865572823684733	-0.0003443376211178517
-0.00033753499656685726	3.676849774958413e-05	-0.0005259240100705664	-0.0002666379186693213	0.0006015329976352124	0.01899278732738252	0.0030106512779435324	0.00027975637445676327
-0.0014609041886013419	-0.0005249160982676582	-0.0010876086060884749	-0.0012027789120312438	-0.0002097891966119647	0.019117606126497266	0.0025737854810408134	-0.0006563846189056033
0.0003489683985660186	0.00047363429465141493	-2.6648813610918864e-05	-0.00020422851911172657	0.0010383987945372652	0.018867968528266887	0.003322698275731062	0.0005918033722440708
-0.003333186175326075	-0.0004000972991533569	-0.0015244744029905277	-0.0012651883115892826	-0.0004594267948423436	0.014936176356145525	0.0012631880903339887	-0.0003443376211178517
-0.007389797146562849	-0.0007121442969404423	-0.0035215751888302282	-0.002014101106278865	-0.0012707489890895207	0.009881014991989234	-0.001108369092850836	0.0005293939726869201
-0.008138709941252431	-0.0011490100938424952	-0.0038960315861749084	-0.0023261481040666165	-0.001832433585107207	0.006136451018539324	-0.0022941476844431374	-0.0003443376211178517
-0.00838834753948281	-0.001211419493400534	-0.004395306782635444	-0.002201329304951427	-0.0019572523842223966	0.003952122034027283	-0.0028558322804603797	0.0004045751735717307
-0.008762803936827712	-0.0012738288929581287	-0.004582534981307784	-0.002450966903181362	-0.0022068899824521093	0.002953571641107322	-0.003417516876478066	-0.0005315658197908579
-0.007701844144349934	-0.0014610570916300247	-0.0045201255817501895	-0.002263738704509022	-0.0019572523842223966	0.0038897126344699107	-0.002980651079575569	9.252817578442318e-05
-0.007389797146562849	-0.001211419493400534	-0.004083259784847693	-0.002201329304951427	-0.002019661783779547	0.006074041618981951	-0.0027310134813451903	-0.0005939752193484527
-0.00589197155718324	-0.001211419493400534	-0.0038960315861749084	-0.002014101106278865	-0.0015827959868768282	0.007821504806591717	-0.0019196912870980132	9.252817578442318e-05
-0.0034580049744408203	-0.00046250669871006345	-0.0021485683985653647	-0.0010779601129164984	-0.0006466549935151278	0.010505108987563627	-0.0004218656977188484	-0.0004691564202332632
-0.0017729511863884273	-0.0003376878995953181	-0.0015868838025481224	-0.0006410943160142235	-8.497039749766344e-05	0.01187811577782849	0.0005142752956435181	0.00021734697489916854
-0.0013984947890439692	-0.0004000972991533569	-0.0010876086060884749	-0.0008907319142441583	-8.497039749766344e-05	0.011690887579155929	0.0007015034943163023	-0.0005315658197908579
-0.00027512559700926253	-0.000150459700922978	-0.0005259240100705664	-0.000329047318226916	0.00047671419852002295	0.011815706378270896	0.0013255974898915834	0.00021734697489916854
-0.0010864477912564396	-0.0005249160982676582	-0.0007755616083009453	-0.0008907319142441583	-0.0002097891966119647	0.010941974784466124	0.0008887316929884204	-0.0007812034180207927
0.0028453443808651446	0.0002239966964219242	0.0009094921797514477	0.00010781847867558092	0.0012256269932096053	0.011815706378270896	0.002636194880598408	0.000342165774014358
0.0054041297627223095	0.00034881549553711366	0.0026569553673609914	0.0007319124742501959	0.0015376739909971349	0.012876666170748008	0.0037595640726331148	-0.000718794018463198
0.006652317753872428	0.0008480906919967612	0.0032186399633786777	0.0012935970702678823	0.0022865867856871613	0.013563169565880884	0.004633295666437887	0.000342165774014358
0.006527498954756794	0.0005984530937668264	0.003343458762493867	0.000919140672922758	0.0020993585870148213	0.013438350766765694	0.004508476867323141	-0.000718794018463198
0.008899056137942063	0.0011601376897838467	0.004342009155413384	0.001980100465400314	0.002973090180820037	0.014936176356145525	0.005881483657588005	0.00027975637445676327
0.0077132775463490955	0.0009729094911119507	0.004029962157625855	0.0017304628671703792	0.0026610431830320636	0.014499310559242806	0.00563184605935807	-0.0005939752193484527
0.006215451956969931	0.001097728290226696	0.002969002365148743	0.0014184158693826276	0.002536224383916874	0.013188713168535537	0.0048829332646680434	0.0005293939726869201
0.004467988769360387	0.0004112248950947084	0.0024697271686886513	0.0009815500724805748	0.001724902189669475	0.012314981574730766	0.004134020469978461	-0.0005939752193484527
0.0039063041733422565	0.0001615872968643295	0.0015959955748834354	0.0004822748760207052	0.0013504457923247948	0.011254021782253654	0.0034475170748460293	3.011877622682846e-05
0.0008482435950258882	3.676849774958413e-05	0.0007222639810791076	-0.00014181911955413185	0.0006015329976352124	0.009568967994201705	0.002074510284581166	-0.0006563846189056033
0.0009106529945834829	3.676849774958413e-05	0.0007222639810791076	0.00010781847867558092	0.0007263517967499578	0.009631377393758855	0.002012100885023571	0.0001549375753420179
-2.5487998779327725e-05	-0.0003376878995953181	0.00047262638284895075	-0.000516275516898812	0.00016466720073227137	0.008944873998626424	0.00138800688944829	-0.000718794018463198
0.0007234247959106987	-0.000150459700922978	0.0005974451819639182	-0.0002666379186693213	0.0006015329976352124	0.009007283398184018	0.0015128256885634794	3.011877622682846e-05
-8.789739833647836e-05	-8.805030136538328e-05	0.0007222639810791076	-0.000329047318226916	0.00016466720073227137	0.008944873998626424	0.0010759598916612045	-0.0004691564202332632
0.00047378719768031985	3.676849774958413e-05	0.0005974451819639182	-0.00014181911955413185	0.0005391235980776177	0.008570417601281521	0.0013255974898915834	0.0001549375753420179
-0.00033753499656685726	-0.00027527850003816745	0.00022298878461857186	-0.000765913115129413	-8.497039749766344e-05	0.00769668600747675	0.0005766846952011129	-0.000718794018463198
0.0003489683985660186	-8.805030136538328e-05	0.00028539818417661067	-0.00014181911955413185	0.0004143047989624282	0.007883914206149534	0.0010759598916612045	0.00021734697489916854
-0.000587172594796348	-0.0005249160982676582	-0.00015146761272566422	-0.0007035037155713741	-0.00014737979705525817	0.007010182612344318	0.0007015034943163023	-0.0008436128175774993
0.0004113777981236133	9.917789730673476e-05	0.0001605793850618653	4.5409079117986195e-05	0.0006015329976352124	0.007759095407034344	0.0014504162890063288	0.00021734697489916854
-0.00027512559700926253	0.0001615872968643295	0.00028539818417661067	0.00010781847867558092	0.00047671419852002295	0.009007283398184018	0.0015752350881208521	-0.0004691564202332632
-0.0006495819943539427	-0.00046250669871006345	-0.0006507428091857559	-0.0006410943160142235	0.00010225780117512073	0.009256920996413953	0.0012631880903339887	3.011877622682846e-05
-0.0009616289921412502	-0.00046250669871006345	-8.905821316851359e-05	-0.000765913115129413	-0.00014737979705525817	0.010692337186235967	0.001200778690776394	-0.0008436128175774993
-0.0002127161974516678	-0.000150459700922978	9.816998550427058e-05	-0.000516275516898812	0.0002894859998479049	0.01187811577782849	0.001824872686351231	3.011877622682846e-05
-0.0011488571908140344	-0.0006497348973828476	-0.00021387701228325895	-0.0012651883115892826	-0.00033460799572715416	0.010879565384908751	0.0010759598916612045	-0.0009060222171355381
3.6921400778267e-05	3.676849774958413e-05	0.0003478075837337613	-0.000516275516898812	0.0002894859998479049	0.010629927786678373	0.0015128256885634794	0.00021734697489916854
-0.0008368101930269489	-0.0003376878995953181	9.816998550427058e-05	-0.0007035037155713741	-0.00027219859616955944	0.009132102197298764	0.0008887316929884204	-0.0007812034180207927
-8.789739833647836e-05	-0.000150459700922978	-0.00015146761272566422	-0.000516275516898812	0.0002894859998479049	0.006760545014114383	0.001013550492104054	-3.2290623330766266e-05
-0.004206917769130847	-0.0012738288929581287	-0.0021485683985653647	-0.0018892823071641196	-0.0013955677882044881	0.003577665636682381	-0.0012331878919660255	-0.0010308410162502835
-0.008013891142137242	-0.0013362382925152794	-0.00420807858396266	-0.002201329304951427	-0.0019572523842223966	0.001955021248188027	-0.00254378528267285	3.011877622682846e-05
-0.00838834753948281	-0.0013362382925152794	-0.004395306782635444	-0.0025757857022965513	-0.00208207118333692	0.0018302024490728375	-0.002793422880903229	-0.0006563846189056033
-0.008513166338597555	-0.0012738288929581287	-0.0047073537804220855	-0.002201329304951427	-0.0019572523842223966	0.0033280280384528904	-0.002606194682230889	0.0001549375753420179
-0.009511716731517295	-0.0016482852903023648	-0.005019400778209837	-0.0027630139009684473	-0.0025813463797967895	0.0047634442282749045	-0.002980651079575569	-0.0007812034180207927
-0.007951481742580091	-0.0015858758907452142	-0.004644944380865379	-0.002638195101854146	-0.00208207118333692	0.0064484980163268535	-0.002418966483558105	-9.470002288836099e-05
-0.007327387747005254	-0.0013362382925152794	-0.003771212787060163	-0.002450966903181362	-0.0022068899824521093	0.008133551804379247	-0.0022317382848855427	-0.0008436128175774993
-0.00576715275806805	-0.0011490100938424952	-0.003147118791485326	-0.002201329304951427	-0.0017076147859920177	0.008445598802166332	-0.0017324630884261172	-9.470002288836099e-05
-0.0037076425726711992	-0.0010241912947277498	-0.0019613401998932467	-0.0019516917067217143	-0.0013331583886471154	0.007821504806591717	-0.0012955972915236202	-0.0008436128175774993
-0.0018353605859464661	-0.0005873254978252529	-0.001025199206530658	-0.000953141313801753	-0.0007090643930720564	0.0070725920119019126	-0.0006715032959483391	-9.470002288836099e-05
-0.0018353605859464661	-0.0008993724956132265	-0.0010876086060884749	-0.0013275977111464332	-0.0009587019913024353	0.0047634442282749045	-0.0007963220950635286	-0.0009684316166926887
-0.0007119913939115374	-0.0007121442969404423	-0.001025199206530658	-0.000953141313801753	-0.0005218361943997163	0.003390437438010041	-0.0005466844968331497	-0.00015710942244551163
-0.0009616289921412502	-0.0006497348973828476	-0.0006507428091857559	-0.0006410943160142235	-0.0005218361943997163	0.0037648938353547212	-0.00029704689860365896	-0.0008436128175774993
0.0029077537804231834	0.00034881549553711366	0.000847082780193853	0.0007943218738077906	0.0011632175936524547	0.006074041618981951	0.002012100885023571	0.0001549375753420179
0.00546653916227946	0.0002239966964219242	0.002095270771343527	0.0008567312733653853	0.0016000833905547296	0.008570417601281521	0.0034475170748460293	-0.0009684316166926887
0.0064650895551996435	0.0008480906919967612	0.0028441835660337755	0.001543234668497817	0.002348996185244756	0.011690887579155929	0.004758114465552854	9.252817578442318e-05
0.006090633157854741	0.0002239966964219242	0.002906592965590704	0.0008567312733653853	0.001974539787900076	0.012876666170748008	0.0048829332646680434	-0.0009684316166926887
0.008462190341039566	0.0007856812924391665	0.00409237155718345	0.001543234668497817	0.002785861982147253	0.01387521656366797	0.00600630245670275	-9.470002288836099e-05
0.007838096345464285	0.0011601376897838467	0.004841284351873476	0.001792872266727974	0.002785861982147253	0.013625578965438034	0.00600630245670275	-0.0004691564202332632
0.005903404959181957	0.0007232718928820159	0.003530686961165763	0.0010439594720379475	0.0022865867856871613	0.010879565384908751	0.004695705065995481	0.0001549375753420179
0.004842445166704845	0.0005984530937668264	0.003530686961165763	0.000919140672922758	0.0017873115892270697	0.009319330395971326	0.003884382871748304	-0.0005939752193484527
0.004530398168917538	0.0008480906919967612	0.0034058681620505737	0.0014184158693826276	0.0020993585870148213	0.008508008201723927	0.0036347452735183694	0.000342165774014358
0.00047378719768031985	-0.00046250669871006345	0.0010343109788666371	-0.0006410943160142235	0.00022707660028964405	0.005637175822079676	0.00138800688944829	-0.0009060222171355381
0.001097881193256045	3.676849774958413e-05	0.00128394857709635	-7.940971999653712e-05	0.0007263517967499578	0.006573316815442043	0.0016376444876786689	9.252817578442318e-05
-0.0003999443961240079	-0.0004000972991533569	0.0005974451819639182	-0.000516275516898812	-0.00014737979705525817	0.007322229610132069	0.0010759598916612045	-0.0008436128175774993
0.0007234247959106987	0.0002239966964219242	0.0006598545815217349	-1.7000320439386485e-05	0.0007263517967499578	0.007821504806591717	0.001824872686351231	0.00021734697489916854
-0.00046235379568115853	-0.00046250669871006345	-0.00015146761272566422	-0.0006410943160142235	-0.00014737979705525817	0.0070725920119019126	0.0009511410925464592	-0.0009060222171355381
-0.00046235379568115853	-0.0005249160982676582	-0.0004011052109558211	-0.00039145671778451074	-2.2560997940068717e-05	0.006698135614557232	0.001013550492104054	-0.00015710942244551163
-2.5487998779327725e-05	-0.000150459700922978	0.00022298878461857186	-0.00020422851911172657	0.00022707660028964405	0.005512357022964709	0.0010759598916612045	-0.000718794018463198
0.0008482435950258882	0.0001615872968643295	0.0005350357824065455	0.00041986547646311045	0.000663942397192363	0.004451397230487153	0.0011383692912187993	0.00021734697489916854
-0.00046235379568115853	-0.0004000972991533569	0.00022298878461857186	-0.0002666379186693213	-8.497039749766344e-05	0.002766343442435204	0.00026463769741402743	-0.0007812034180207927
3.6921400778267e-05	-0.0004000972991533569	0.0003478075837337613	-0.00039145671778451074	3.984840161708192e-05	0.0024542964446476745	0.00013981889829928207	-0.00021951882200310635
-0.0007744007934689101	-0.0004000972991533569	0.0005350357824065455	-0.00045386611734210547	-0.0003970173952847489	0.0038897126344699107	-0.0001722280994884695	-0.0008436128175774993
-0.0005247631952396414	-0.0004000972991533569	0.00022298878461857186	-0.000516275516898812	-8.497039749766344e-05	0.0053875382238495195	0.00032704709697162215	-9.470002288836099e-05
-0.0008992195925836555	-0.0005873254978252529	0.0001605793850618653	-0.0011403695124740931	-0.0003970173952847489	0.0064484980163268535	0.00026463769741402743	-0.0009060222171355381
-0.0003999443961240079	-0.00027527850003816745	0.0003478075837337613	-0.0005786849164568508	3.984840161708192e-05	0.008882464599069273	0.001013550492104054	-3.2290623330766266e-05
-0.0012736759899287797	-0.00046250669871006345	-2.6648813610918864e-05	-0.0008907319142441583	-0.0003970173952847489	0.00950655859464411	0.0009511410925464592	-0.000718794018463198
0.0001617401998932344	-2.5640901808010597e-05	-2.6648813610918864e-05	-0.00039145671778451074	0.0005391235980776177	0.009319330395971326	0.0017000538872362636	9.252817578442318e-05
-0.001211266590371629	-0.0007121442969404423	-0.0007131522087433506	-0.0008283225146870077	-0.0003970173952847489	0.008258370603494436	0.0009511410925464592	-0.0009684316166926887
-0.00027512559700926253	9.917789730673476e-05	-2.6648813610918864e-05	-1.7000320439386485e-05	0.0006015329976352124	0.007883914206149534	0.0017000538872362636	9.252817578442318e-05
-0.005143058762492769	-0.0013362382925152794	-0.002710252994582607	-0.0020765105058364597	-0.001645205386434867	0.0041393502327000675	-0.0011707784924084308	-0.001155659815365473
-0.008076300541695725	-0.001398647692072874	-0.004020850385290098	-0.0021389199053940544	-0.002019661783779547	0.0024542964446476745	-0.00254378528267285	-0.00015710942244551163
-0.008762803936827712	-0.0017106946898604036	-0.00420807858396266	-0.002825423300526486	-0.0026437557793548283	0.001081289654382811	-0.0032926980773633208	-0.0008436128175774993
-0.008138709941252431	-0.001211419493400534	-0.003958440985732947	-0.002450966903181362	-0.002019661783779547	0.0013933366521703405	-0.003417516876478066	0.0001549375753420179
-0.009386897932402771	-0.0017731040894177763	-0.0043328973830778494	-0.002887832700083637	-0.002893393377584319	0.0018302024490728375	-0.004041610872052459	-0.0010308410162502835
-0.007951481742580091	-0.0017106946898604036	-0.0043328973830778494	-0.002887832700083637	-0.0025813463797967895	0.001955021248188027	-0.003667154474707557	-0.0002819282215607011
-0.006952931349660352	-0.0015234664911876195	-0.0034591657892728556	-0.002638195101854146	-0.002269299382009704	0.0022046588464175176	-0.0032926980773633208	-0.0010308410162502835
-0.005143058762492769	-0.0008993724956132265	-0.002710252994582607	-0.0016396447089341848	-0.0015203865873196776	0.003390437438010041	-0.0022317382848855427	3.011877622682846e-05
-0.0035828237735555657	-0.0010241912947277498	-0.0021485683985653647	-0.0016396447089341848	-0.0013955677882044881	0.002953571641107322	-0.0017324630884261172	-0.0008436128175774993
-0.0015857229877165313	-0.0005873254978252529	-0.001649293202105273	-0.0008283225146870077	-0.0006466549935151278	0.0028911622415503935	-0.0008587314946209013	-3.2290623330766266e-05
-0.001211266590371629	-0.00046250669871006345	-0.000837971007858096	-0.0002666379186693213	-0.00027219859616955944	0.003827303234912316	1.5000099183870574e-05	-0.000718794018463198
-0.0008992195925836555	-0.0007121442969404423	-0.0010876086060884749	-0.0006410943160142235	-0.00027219859616955944	0.004014531433585322	1.5000099183870574e-05	-0.00021951882200310635
-0.0007744007934689101	-0.0006497348973828476	-0.0004011052109558211	-0.0005786849164568508	-0.00033460799572715416	0.005512357022964709	0.00026463769741402743	-0.0010308410162502835
0.0028453443808651446	-0.0003376878995953181	0.0010343109788666371	0.00023263727779032628	0.0007887611963079966	0.007883914206149534	0.0019496914854659764	-0.0003443376211178517
0.005341720363164715	9.917789730673476e-05	0.002906592965590704	0.0004822748760207052	0.0014128551918823895	0.009319330395971326	0.0031354700770582777	-0.0010932504158078782
0.006714727153429578	0.0009729094911119507	0.00409237155718345	0.001543234668497817	0.0022241773861295666	0.010817155985350713	0.004071611070420866	9.252817578442318e-05
0.0064650895551996435	0.0005360436942094537	0.004154780956741044	0.0011063688715955422	0.0018497209887848864	0.010005833791103536	0.003884382871748304	-0.0009060222171355381
0.008524599740596273	0.0006608624933244212	0.004591646753643097	0.0014184158693826276	0.0024738149843595014	0.008695236400396489	0.004570886266880292	-0.00015710942244551163
0.007026774151216664	0.0005984530937668264	0.004404418554970535	0.001356006469825033	0.0020993585870148213	0.007447048409246371	0.004009201670863272	-0.0009060222171355381
0.005341720363164715	0.0005984530937668264	0.0032810493629362725	0.0012935970702678823	0.0019121303883424812	0.006011632219424801	0.003509926474403624	-3.2290623330766266e-05
0.004218351171130452	-8.805030136538328e-05	0.002344908369573906	0.000295046677347921	0.0012256269932096053	0.0047634442282749045	0.0027610136797135976	-0.0010932504158078782
0.0032822101777676416	0.00028640609597951894	0.0020328613717861543	0.000919140672922758	0.0012256269932096053	0.005637175822079676	0.0026986042801555588	3.011877622682846e-05
0.00022414959945105117	-0.000150459700922978	0.0006598545815217349	-0.00014181911955413185	0.00022707660028964405	0.005075491226062434	0.00138800688944829	-0.000718794018463198
0.0009106529945834829	3.676849774958413e-05	0.0007222639810791076	0.00010781847867558092	0.0007887611963079966	0.005325128824291925	0.00138800688944829	0.0001549375753420179
-0.0002127161974516678	-0.00027527850003816745	0.0006598545815217349	-0.0002666379186693213	-2.2560997940068717e-05	0.005137900625620029	0.0005766846952011129	-0.000718794018463198
0.0008482435950258882	0.0001615872968643295	0.0012215391775387552	0.000295046677347921	0.000663942397192363	0.004950672426947245	0.0007015034943163023	0.00027975637445676327
0.0001617401998932344	0.0001615872968643295	0.0013463579766539446	-0.00014181911955413185	0.00016466720073227137	0.002766343442435204	0.0002022282978564327	-0.0002819282215607011
0.0009106529945834829	0.0004112248950947084	0.00128394857709635	0.0004822748760207052	0.0008511705958647031	0.00257911524376242	0.0003894564965287728	0.0005293939726869201
-0.00015030679789407309	-2.5640901808010597e-05	0.00128394857709635	0.00010781847867558092	0.0003518953994048335	0.002516705844205269	1.5000099183870574e-05	-0.00040674702067544644
0.00047378719768031985	-0.00021286910048079477	0.0007222639810791076	-0.00014181911955413185	0.00010225780117512073	0.001705383649958092	1.5000099183870574e-05	9.252817578442318e-05
-0.0006495819943539427	-0.00046250669871006345	0.00041021698329135603	-0.000765913115129413	-0.0003970173952847489	0.002391887045090524	-0.00029704689860365896	-0.0008436128175774993
-0.00046235379568115853	-0.0003376878995953181	9.816998550427058e-05	-0.00020422851911172657	0.00016466720073227137	0.0041393502327000675	0.0003894564965287728	-3.2290623330766266e-05
-0.0003999443961240079	-0.000150459700922978	0.00041021698329135603	-0.00045386611734210547	3.984840161708192e-05	0.005013081826504839	0.000763912893873897	-0.0005939752193484527
-0.00046235379568115853	3.676849774958413e-05	-2.6648813610918864e-05	-7.940971999653712e-05	0.00010225780117512073	0.006074041618981951	0.001013550492104054	0.000342165774014358
-0.0005247631952396414	-0.00027527850003816745	3.576058594667586e-05	-0.000516275516898812	-2.2560997940068717e-05	0.005949222819867206	0.0010759598916612045	-0.000718794018463198
9.933080033586172e-05	3.676849774958413e-05	0.0003478075837337613	0.00010781847867558092	0.00047671419852002295	0.006261269817654513	0.0014504162890063288	0.00021734697489916854
-0.0006495819943539427	-0.0003376878995953181	0.00041021698329135603	-0.00020422851911172657	-2.2560997940068717e-05	0.0053875382238495195	0.001013550492104054	-0.0005939752193484527
0.000661015396353104	9.917789730673476e-05	0.000847082780193853	4.5409079117986195e-05	0.0007887611963079966	0.004451397230487153	0.0013255974898915834	0.00021734697489916854
-8.789739833647836e-05	-2.5640901808010597e-05	0.0010967203784233437	-7.940971999653712e-05	0.00022707660028964405	0.0041393502327000675	0.0008263222934314918	-0.0005939752193484527
-0.0005247631952396414	3.676849774958413e-05	0.0007222639810791076	-7.940971999653712e-05	0.0004143047989624282	0.004076940833142473	0.0005766846952011129	0.00027975637445676327
-0.005829562157625645	-0.0013362382925152794	-0.00208615899900777	-0.002263738704509022	-0.0019572523842223966	0.001081289654382811	-0.002793422880903229	-0.0009684316166926887
-0.007577025345235189	-0.0009617818951701551	-0.0030847093919277313	-0.002263738704509022	-0.0017076147859920177	0.0008940614557104709	-0.0029182416800179745	0.00021734697489916854
-0.008887622735942458	-0.001398647692072874	-0.0036463939879454177	-0.0025757857022965513	-0.0023941181811244494	0.00151815545128553	-0.0035423356755928115	-0.0007812034180207927
-0.008887622735942458	-0.001398647692072874	-0.004457716182192595	-0.0027006045014108526	-0.0023317087815672988	0.0006444238574803141	-0.003479926276035661	9.252817578442318e-05
-0.00857557573815515	-0.0014610570916300247	-0.0043328973830778494	-0.0025757857022965513	-0.0023941181811244494	-0.00035412653543920314	-0.003667154474707557	-0.000718794018463198
-0.00714015954833247	-0.001211419493400534	-0.004020850385290098	-0.002014101106278865	-0.0019572523842223966	-0.0011030393301292296	-0.0028558322804603797	9.252817578442318e-05
-0.006640884351872378	-0.0017106946898604036	-0.004020850385290098	-0.0023885575036242113	-0.002269299382009704	-0.002725683718624028	-0.0031054698786907586	-0.0009684316166926887
-0.0032083673762113296	-8.805030136538328e-05	-0.001649293202105273	4.5409079117986195e-05	-0.00014737979705525817	-0.0010406299305716349	-0.0007963220950635286	0.0004669845731293254
-0.0023970451819637084	-0.000774553696497593	-0.001649293202105273	-0.000765913115129413	-0.0008338831921872458	-0.0015399051270315045	-0.0011707784924084308	-0.0007812034180207927
-0.001211266590371629	-0.0007121442969404423	-0.0010876086060884749	-0.0006410943160142235	-0.0004594267948423436	-0.0005413547341115432	-0.0007963220950635286	-9.470002288836099e-05
-0.0015857229877165313	-0.000774553696497593	-0.0005883334096281612	-0.0008283225146870077	-0.0008962925917448405	0.0016429742504004974	-0.0009211408941780519	-0.0008436128175774993
-0.0006495819943539427	-0.00021286910048079477	-8.905821316851359e-05	-0.000516275516898812	-0.00027219859616955944	0.004014531433585322	-0.00023463749904606424	9.252817578442318e-05
-0.00046235379568115853	-0.0003376878995953181	0.00041021698329135603	-0.0008283225146870077	-0.0004594267948423436	0.005075491226062434	-0.0001722280994884695	-0.000718794018463198
0.0034694383764404257	0.00028640609597951894	0.0022200895704587165	0.0004822748760207052	0.0009135799954222978	0.007322229610132069	0.001824872686351231	0.00021734697489916854
0.005653767360952466	0.0006608624933244212	0.003530686961165763	0.0010439594720379475	0.0017873115892270697	0.007821504806591717	0.0033851076752884346	-0.0006563846189056033
0.006714727153429578	0.0007856812924391665	0.003530686961165763	0.0012935970702678823	0.0022241773861295666	0.006760545014114383	0.003946792271305677	0.0001549375753420179
0.006714727153429578	0.00047363429465141493	0.0037179151598383253	0.0014808252689406665	0.0017873115892270697	0.006198860418097141	0.004196429869535612	-0.0010308410162502835
0.009273512535286743	0.0013473658884566309	0.004903693751430627	0.0025417850614175563	0.0032851371786066785	0.0058244040207520165	0.005881483657588005	0.00021734697489916854
0.007151592950331853	0.0005360436942094537	0.00409237155718345	0.0016056440680551898	0.0022865867856871613	0.0033280280384528904	0.004570886266880292	-0.0008436128175774993
0.005029673365377185	9.917789730673476e-05	0.002906592965590704	0.0012311876707102876	0.0016624927901123243	0.0016429742504004974	0.0034475170748460293	-0.0002819282215607011
0.004655216968032283	0.0002239966964219242	0.0032186399633786777	0.0011063688715955422	0.0016624927901123243	0.0012061084534980004	0.0029482418783854936	-0.0008436128175774993
0.003843894773784662	0.0009105000915539119	0.0030938211642634883	0.001356006469825033	0.001974539787900076	0.0024542964446476745	0.0025737854810408134	0.0004045751735717307
-0.00033753499656685726	-0.00046250669871006345	0.0009094921797514477	-0.0005786849164568508	-0.000584245593957311	0.0022670682459748903	-4.740930037372415e-05	-0.0005939752193484527
0.0005361965972379146	0.0001615872968643295	0.0013463579766539446	-0.000329047318226916	0.00022707660028964405	0.004014531433585322	0.00032704709697162215	0.00027975637445676327
-0.00033753499656685726	-8.805030136538328e-05	0.001471176775769134	-0.00039145671778451074	3.984840161708192e-05	0.00526271942473433	0.0002022282978564327	-0.000718794018463198
0.00022414959945105117	3.676849774958413e-05	0.00128394857709635	-0.00020422851911172657	0.00022707660028964405	0.00526271942473433	0.0006390940947591517	0.0001549375753420179
-0.0002127161974516678	-0.000150459700922978	0.0009094921797514477	-0.0005786849164568508	-2.2560997940068717e-05	0.003203209239337701	0.00032704709697162215	-0.0006563846189056033
0.0005986059967955093	3.676849774958413e-05	0.0006598545815217349	0.00010781847867558092	0.0004143047989624282	0.0022046588464175176	0.0009511410925464592	0.0001549375753420179
-0.0005247631952396414	-0.00046250669871006345	-2.6648813610918864e-05	-0.0002666379186693213	-0.00033460799572715416	0.0007692426565957255	0.0005142752956435181	-0.0007812034180207927
0.0005986059967955093	-0.00021286910048079477	3.576058594667586e-05	0.00017022787823317564	0.0004143047989624282	2.0329861905699076e-05	0.0010759598916612045	-3.2290623330766266e-05
-0.00033753499656685726	-0.0004000972991533569	-0.00021387701228325895	-1.7000320439386485e-05	-0.00014737979705525817	0.00020755806057848325	0.0003894564965287728	-0.0009684316166926887
-0.00015030679789407309	-0.00027527850003816745	-2.6648813610918864e-05	-7.940971999653712e-05	3.984840161708192e-05	0.0014557460517279353	0.0003894564965287728	3.011877622682846e-05
-0.0009616289921412502	-0.0004000972991533569	0.00022298878461857186	-0.0007035037155713741	-0.00033460799572715416	0.0027039340428776093	1.5000099183870574e-05	-0.0008436128175774993
3.6921400778267e-05	0.00034881549553711366	0.00128394857709635	0.00017022787823317564	0.00047671419852002295	0.005137900625620029	0.0007015034943163023	0.0004669845731293254
-0.001024038391699289	-0.0003376878995953181	0.0009094921797514477	-0.000765913115129413	-0.00033460799572715416	0.005075491226062434	1.5000099183870574e-05	-0.0006563846189056033
3.6921400778267e-05	-2.5640901808010597e-05	0.0010967203784233437	-0.00039145671778451074	0.0003518953994048335	0.0047634442282749045	0.00032704709697162215	0.00021734697489916854
-0.001024038391699289	-0.0004000972991533569	0.0006598545815217349	-0.0006410943160142235	-0.00033460799572715416	0.003827303234912316	-0.0001722280994884695	-0.0008436128175774993
0.0001617401998932344	3.676849774958413e-05	0.0007846733806362582	-0.00014181911955413185	0.0004143047989624282	0.002953571641107322	0.000763912893873897	0.00021734697489916854
-0.00033753499656685726	-0.0005249160982676582	-2.6648813610918864e-05	-0.0007035037155713741	-0.00014737979705525817	0.0005820144579227193	0.00013981889829928207	-0.0009060222171355381
