Sensor_1	Sensor_2	Sensor_3	Sensor_4	Sensor_5	Sensor_6	Sensor_7	Sensor_8
0.006133143320363299	0.0009273880750744201	0.0034861048065915057	0.0012920025101088584	0.00152469595635929	0.0035103040512700634	0.003043478622110296	0.0002915642328527035
0.004884955329213403	0.0006153410772868906	0.00367333300526429	0.00048068031586168125	0.0007133737621125569	0.003198257053482534	0.0025442034256504265	-0.0005197579613944736
0.00357435793850569	0.0006777504768444853	0.003236467208362237	0.000543089715419276	0.000463736163882178	0.0028862100556950043	0.00216974702830508	0.00022915483329533082
-4.538723582836468e-05	-0.000320799916075698	0.0011769570229647197	-0.0008923264744031822	-0.0009716800259402802	0.0012011562676432774	0.00017264624246604576	-0.0007693955596246305
0.0012028007553213094	0.00011606588082679892	0.0013641852216375039	-8.100428015578309e-05	-9.794843213550841e-05	0.0016380220645457744	0.00054710263981117	0.00010433603418014137
0.0003290691615169816	-0.00019598111696050857	0.0008649100251774122	-1.8594880598188368e-05	-0.00022276723125069786	0.0013259750667580228	-7.699135576411109e-05	-0.0006445767605098851
0.0014524383535512442	0.00011606588082679892	0.00036563482871732056	0.00048068031586168125	0.0008381925612268581	0.001513203265430585	0.0002350556420236405	0.00010433603418014137
0.0007035255588612177	-0.00019598111696050857	-0.00019604976730014378	0.0003558615167469359	0.000463736163882178	0.0011387468680856827	-0.0005762665522239807	-0.0006445767605098851
0.001077981956206564	-8.752918287946443e-06	-0.00032086856641488914	0.0007927273136489887	0.0009006019607844529	0.0013883844663156175	-0.0002642195544364512	0.00022915483329533082
7.943156328660272e-05	-0.0006328469138627835	-0.0007577343633173861	-8.100428015578309e-05	8.927976653683167e-05	0.0011387468680856827	-0.0009507229495688829	-0.0010190331578545653
0.0010155725566494134	0.00024088467994198837	0.00017840663004498047	0.000543089715419276	0.0007133737621125569	0.0021997066605625726	-1.4581956206738411e-05	0.00022915483329533082
-0.0011687564278630713	-0.0005704375143051887	-0.00038327796597248387	-0.0007675076752879928	-0.0007844518272674961	0.0017628408636605197	-0.0008259041504539155	-0.0008318049591822252
-0.0005446624322877902	-0.00019598111696050857	5.3587830930235114e-05	-0.0008923264744031822	-0.0007844518272674961	0.0024493442587929515	-0.0002642195544364512	-2.0482764934603992e-05
-0.001668031624323163	-0.000508028114747594	5.3587830930235114e-05	-0.0013916016708630519	-0.0014085458228425551	0.002324525459678206	-0.0006386759517811313	-0.0007693955596246305
-0.0008567094300755418	-0.00019598111696050857	5.3587830930235114e-05	-0.0008299170748451434	-0.0008468612268250908	0.002574163057907697	-0.00020181015487885645	0.00010433603418014137
-0.0008567094300755418	-0.00038320931563284866	-0.00038327796597248387	-0.001141964072632673	-0.0009092706263826855	0.0021372972610052	-0.0006386759517811313	-0.0008318049591822252
0.0002666597619593869	-0.00025839051651832534	-0.000570506164645046	-0.0002058230792703064	-3.5539032578357777e-05	0.0020124784618904545	-0.00045144775310834717	4.192663462299073e-05
0.0001418409628444195	-0.00013357171740291385	-0.0007577343633173861	0.00029345211718934117	0.000463736163882178	0.0017628408636605197	-0.0005138571526668301	-0.0004573485618368789
0.001327619554436943	0.00017847528038439364	-0.0008825531624325755	0.0007927273136489887	0.0013374677576869498	0.0020748878614480493	-0.0002642195544364512	0.0002915642328527035
0.0003290691615169816	-0.000508028114747594	-0.001194600160220105	0.0003558615167469359	0.0005885549629969233	0.0017628408636605197	-0.0009507229495688829	-0.0008942143587398199
-0.00017020603494311004	-0.00013357171740291385	-0.001194600160220105	0.0004182709163040865	0.0007133737621125569	0.002574163057907697	-0.0007010853513391702	0.00022915483329533082
-0.005662233196002342	-0.0009448939116507571	-0.0031292915465017668	-0.0017036486686503594	-0.0014709552223999278	0.0015756126649881796	-0.003072642534523551	-0.0005821673609522904
-0.008720293774319154	-0.0012569409094380646	-0.004065432539864577	-0.0025149708628979806	-0.002531915014877484	0.001513203265430585	-0.003946374128328323	0.00010433603418014137
-0.010093300564583574	-0.0013193503089956593	-0.004127841939421728	-0.0033262930571447136	-0.003343237209124661	0.0021997066605625726	-0.004133602327000441	-0.0004573485618368789
-0.010218119363698985	-0.0011945315098800258	-0.004377479537651885	-0.0035135212558174977	-0.0032808278095675103	0.002511753658350102	-0.004133602327000441	0.0003539736324102982
-0.010717394560159077	-0.0015065785076675553	-0.00443988893720948	-0.003700749454490282	-0.003717693606469785	0.0021372972610052	-0.00438323992523082	-0.0007069861600674798
-0.008345837376974252	-0.0011321221103228751	-0.0042526607385369175	-0.0027646084611279154	-0.0025943244144346345	0.0020748878614480493	-0.003696736530098388	0.0001667454337377361
-0.006972830586709389	-0.0011945315098800258	-0.004003023140306539	-0.0025149708628979806	-0.0022198680170901763	0.0013883844663156175	-0.003509508331426048	-0.0006445767605098851
-0.004850911001755165	-0.0010073033112076857	-0.0038782043411917932	-0.001329192271305013	-0.001034089425497875	0.0009515186694133426	-0.002823004936293172	0.00010433603418014137
-0.00247935381857034	-0.0007576657129779729	-0.002879653948272276	-0.00051787007705828	-9.794843213550841e-05	0.001513203265430585	-0.0018244545433740988	-0.0007069861600674798
-0.0005446624322877902	-0.000508028114747594	-0.002442788151369779	0.00016863331807415172	0.0007133737621125569	0.0022621160601208334	-0.0012627699473564125	0.00010433603418014137
-0.0012935752269782608	-0.0007576657129779729	-0.0023803787518121844	-0.00014341367971315577	2.6870366979681037e-05	0.0033230758525977233	-0.001387588746471602	-0.0008318049591822252
0.0001418409628444195	0.00024088467994198837	-0.0011321907606622883	0.00029345211718934117	0.0008381925612268581	0.005881861234454888	-7.699135576411109e-05	0.0004787924315250436
-0.00023261543450070477	-0.000320799916075698	-0.0007577343633173861	-0.0007050982757306201	-0.0002851766308074044	0.007192458625162157	-1.4581956206738411e-05	-0.0006445767605098851
0.0035119485389489835	0.00042811287861388436	0.0014890040207518052	0.00010622391851655699	0.0005885549629969233	0.009876062806134067	0.00216974702830508	0.0001667454337377361
0.005821096322575325	0.0007401598764016359	0.003236467208362237	0.00016863331807415172	0.0010254207598994203	0.01137388839551412	0.0036051632181275384	-0.0005197579613944736
0.006133143320363299	0.00042811287861388436	0.0029244202105747075	0.00010622391851655699	0.0009630113603418256	0.010375338002594159	0.0034179350194556424	4.192663462299073e-05
0.00819265350576015	0.0012394350728615056	0.004359836400396722	0.0014168213092240478	0.0019615617532613427	0.010188109803921375	0.004541304211489905	-0.0005197579613944736
0.010002526092927289	0.0010522068741891655	0.0041726082017246036	0.00179127770656895	0.0028352933470665587	0.008503056015869204	0.004666123010604872	0.00010433603418014137
0.00831747230487534	0.0007401598764016359	0.003423695407034133	0.0017288683070113553	0.0024608369497214344	0.006505955230029725	0.003667572617685133	-0.0006445767605098851
0.0070692843137252215	0.0009897974746320148	0.0024875544136717664	0.0023529623025864144	0.0028977027466245975	0.0060066800335696335	0.003293116220340453	0.0003539736324102982
0.005945915121690515	0.0003657034790571778	0.0016762322194245893	0.0015416401083392373	0.0022111993514917216	0.006131498832684823	0.002669022224765616	-0.0006445767605098851
0.004260861333638122	0.0005529316777292959	0.001114547623407125	0.0015416401083392373	0.002086380552376532	0.007566915022506837	0.0024817940260928317	0.0002915642328527035
0.0009531631570913746	-8.752918287946443e-06	5.3587830930235114e-05	0.00023104271763219053	0.0006509643625545181	0.0089399218127717	0.0016704718318456546	-0.0005821673609522904
0.0012652101548793482	0.0003657034790571778	0.00030322542915972583	-1.8594880598188368e-05	0.0007133737621125569	0.011186660196841336	0.0022945658274204916	0.0002915642328527035
-0.00041984363317348894	-0.00019598111696050857	5.3587830930235114e-05	-0.000954735873960777	-0.00040999542992259386	0.012122801190203703	0.0019201094300755894	-0.0005821673609522904
0.00020425036240179217	0.00024088467994198837	0.0006152724269474774	-0.0007050982757306201	2.6870366979681037e-05	0.01293412338445088	0.002606612825207577	0.00022915483329533082
-0.0009815282291902871	-0.00038320931563284866	-0.00019604976730014378	-0.0016412392690927646	-0.0007844518272674961	0.011061841397726146	0.0014832436331728704	-0.0007069861600674798
0.0008283443579768512	0.0006153410772868906	0.0007400912260622228	-0.00014341367971315577	0.0005885549629969233	0.010188109803921375	0.00216974702830508	0.0004787924315250436
-0.0002950248340582995	-0.00044561871519088747	-0.00032086856641488914	-0.0008923264744031822	-0.00022276723125069786	0.006818002227817255	0.0009215590371560722	-0.0007693955596246305
0.001327619554436943	0.0003657034790571778	0.00011599723048694166	0.0003558615167469359	0.001275058358129355	0.005507404837109764	0.0013584248340583471	0.0005412018310826383
0.0008283443579768512	5.365648126920419e-05	-8.82156862735961e-06	0.000543089715419276	0.0010254207598994203	0.004321626245517685	0.0007967402380404387	-0.0003325297627221335
0.0008283443579768512	-8.752918287946443e-06	-0.00044568736552985655	0.0006054991149764266	0.001087830159457015	0.004633673243305214	0.0007967402380404387	0.0002915642328527035
0.0001418409628444195	-0.00019598111696050857	-0.000570506164645046	0.00010622391851655699	0.0006509643625545181	0.0058194518348972935	0.0004846932402531312	-0.0005821673609522904
-0.00017020603494311004	-0.000320799916075698	-0.0007577343633173861	-1.8594880598188368e-05	0.0005885549629969233	0.008315827817197308	0.0009215590371560722	0.00010433603418014137
-0.00041984363317348894	-7.116231784554117e-05	-0.0002584591668572944	-0.00051787007705828	8.927976653683167e-05	0.010937022598611401	0.0014208342336154978	-0.0005197579613944736
-0.00041984363317348894	-0.00013357171740291385	-0.00044568736552985655	-0.0008299170748451434	2.6870366979681037e-05	0.012996532784008474	0.0017328812314032493	0.00022915483329533082
-0.0010439376287478819	-8.752918287946443e-06	-7.123096818495434e-05	-0.0008299170748451434	-0.0002851766308074044	0.014494358373388527	0.0019201094300755894	-0.0005197579613944736
-0.0005446624322877902	-0.00013357171740291385	-0.0005080967650874513	-0.001141964072632673	-9.794843213550841e-05	0.014244720775158148	0.001982518829633184	0.00022915483329533082
-0.00041984363317348894	-8.752918287946443e-06	-8.82156862735961e-06	-0.000954735873960777	-3.5539032578357777e-05	0.01312135158312322	0.0019201094300755894	-0.0003325297627221335
-0.001668031624323163	-0.00044561871519088747	-0.0010697813611049156	-0.0010795546730755223	-0.00040999542992259386	0.010375338002594159	0.0009839684367132229	4.192663462299073e-05
-0.006473555390249519	-0.0010073033112076857	-0.0034413385442892963	-0.002202923865110229	-0.0015957740215151173	0.0064435458304721305	-0.001387588746471602	-0.0005821673609522904
-0.007721743381398971	-0.0011321221103228751	-0.004377479537651885	-0.0020781050659954836	-0.0015333646219579666	0.004384035645074835	-0.0023237297398335244	0.0001667454337377361
-0.009344387769894213	-0.0016313973067827447	-0.005313620531013807	-0.002452561463340386	-0.002282277416647549	0.003572713450827658	-0.003010233134965956	-0.0007069861600674798
-0.009032340772106684	-0.0014441691081104047	-0.005688076928358932	-0.0023277426642251964	-0.0017205928206303067	0.004321626245517685	-0.0027605955367360213	4.192663462299073e-05
-0.009157159571221873	-0.00156898790722515	-0.005563258129244186	-0.002452561463340386	-0.002095049217974987	0.006131498832684823	-0.002635776737620832	-0.0006445767605098851
-0.0076593339818418205	-0.0010073033112076857	-0.004751935934997009	-0.0018284674677651047	-0.0014709552223999278	0.009439197009231792	-0.0014499981460283085	0.0002915642328527035
-0.007534515182727075	-0.0013193503089956593	-0.004502298336767074	-0.002639789662012726	-0.0020326398184178363	0.011249069596398487	-0.001387588746471602	-0.0006445767605098851
-0.00547500499732978	-0.0008200751125351236	-0.0033789291447317016	-0.002015695666437889	-0.0014085458228425551	0.013495807980468566	-0.0003890383535516406	0.00010433603418014137
-0.003789951209277831	-0.0006952563134203782	-0.0021931505531394	-0.001953286266880294	-0.0012213176241706591	0.014369539574273338	0.0002974650415807911	-0.0006445767605098851
-0.001855259822995059	-0.00019598111696050857	-0.0013194189593350725	-0.0012043734721902677	-0.00034758603036499913	0.01368303617914135	0.0008591496375984775	0.0003539736324102982
-0.0019176692225530978	-0.0005704375143051887	-0.0013194189593350725	-0.0012667828717478624	-0.0007220424277105675	0.011124250797284185	0.00017264624246604576	-0.0007693955596246305
-0.0009191188296335806	-0.0006328469138627835	-0.0013194189593350725	-0.0008923264744031822	-0.00022276723125069786	0.008627874814984171	0.00017264624246604576	-2.0482764934603992e-05
0.0008907537575337798	0.00011606588082679892	-7.123096818495434e-05	4.381451895940636e-05	0.0005885549629969233	0.0070676398260469675	0.0007343308384835101	-0.0003325297627221335
0.005509049324788462	0.0005529316777292959	0.001738641618982184	0.0014792307087814205	0.0019615617532613427	0.007629324422064432	0.002606612825207577	0.00010433603418014137
0.006757237315937692	0.0004905222781719232	0.002612373212786956	0.0015416401083392373	0.002148789951934127	0.00875269361409936	0.003480344419012349	-0.0007069861600674798
0.007630968909742464	0.0006153410772868906	0.0027371920119021453	0.0015416401083392373	0.002585655748836624	0.010874613199053806	0.0042292572137028195	4.192663462299073e-05
0.00800542530708781	0.0006153410772868906	0.0037357424048221066	0.0015416401083392373	0.002336018150606467	0.014244720775158148	0.005165398207064742	-0.0008318049591822252
0.009440841496909824	0.001364253871976695	0.004859111596856591	0.0019160965056841395	0.0030225215457388988	0.01655386855878538	0.006600814396887644	0.0001667454337377361
0.006570009117265796	0.0006777504768444853	0.004047789402609414	0.00048068031586168125	0.0015871053559168846	0.01493122417029058	0.005352626405737082	-0.0007693955596246305
0.005259411726558083	0.0003657034790571778	0.0032988766079189435	0.00048068031586168125	0.0012126489585722044	0.012372438788433637	0.004728532410162689	-2.0482764934603992e-05
0.0053842305256728284	0.00042811287861388436	0.0031116484092470476	0.0004182709163040865	0.0016495147554740353	0.009314378210116825	0.004291666613260414	-0.0007069861600674798
0.003449539139391389	-7.116231784554117e-05	0.0016762322194245893	0.0003558615167469359	0.0015871053559168846	0.005944270634012483	0.0027938410238803613	-8.289216449219872e-05
0.001514847753108839	0.00017847528038439364	0.0012393664225223144	0.0006679085145340213	0.001275058358129355	0.004820901441977776	0.0021073376287483736	-0.0005197579613944736
0.0018893041504537411	0.0003032940794995831	0.0008649100251774122	0.0006054991149764266	0.0013374677576869498	0.004508854444190025	0.0022945658274204916	0.00022915483329533082
0.0011403913557641587	5.365648126920419e-05	0.0008025006256198175	4.381451895940636e-05	0.0005261455634397727	0.005070539040207711	0.0017952906309604	-0.0007069861600674798
0.0005787067597464723	-0.00025839051651832534	-8.82156862735961e-06	-0.00033064187838549586	0.0002140985656524652	0.006880411627374183	0.0015456530327306872	-2.0482764934603992e-05
-0.0003574342336158942	-0.00013357171740291385	-7.123096818495434e-05	-0.0004554606775006853	0.00015168916609420435	0.009564015808346538	0.0016704718318456546	-0.0005821673609522904
0.00039147856107368817	-8.752918287946443e-06	-0.00013364036774254906	-8.100428015578309e-05	0.0006509643625545181	0.012434848187990788	0.00216974702830508	0.00010433603418014137
-0.0007943000305181691	-0.000320799916075698	-0.00044568736552985655	-0.00051787007705828	8.927976653683167e-05	0.014743995971618018	0.0019201094300755894	-0.0007069861600674798
-4.538723582836468e-05	0.00011606588082679892	-0.00044568736552985655	-0.00026823247882790113	0.0007133737621125569	0.01661627795834253	0.0023569752269780864	0.0002915642328527035
-0.0007943000305181691	-0.00013357171740291385	-0.00032086856641488914	-0.0007050982757306201	0.0002140985656524652	0.017053143755245248	0.0017952906309604	-0.0005197579613944736
-0.0006694812314029797	-0.000320799916075698	-0.0005080967650874513	-0.0008299170748451434	2.6870366979681037e-05	0.01630423096055522	0.0015456530327306872	-2.0482764934603992e-05
-0.0007943000305181691	-0.00019598111696050857	-0.00013364036774254906	-0.0010795546730755223	-0.00016035783169310314	0.014119901976042959	0.0010463778362708176	-0.0007069861600674798
-0.00023261543450070477	-0.00013357171740291385	-8.82156862735961e-06	-0.0006426888761725813	2.6870366979681037e-05	0.011249069596398487	0.0008591496375984775	0.00010433603418014137
-0.0003574342336158942	-0.00019598111696050857	0.00011599723048694166	-0.00051787007705828	-9.794843213550841e-05	0.008253418417639713	0.0004222838406955365	-0.0006445767605098851
7.943156328660272e-05	-0.000320799916075698	-0.0002584591668572944	-0.0003930512779430906	0.0002140985656524652	0.0056322236362253975	0.0002350556420236405	-8.289216449219872e-05
-0.0006070718318462731	-0.00038320931563284866	-0.00032086856641488914	-0.00033064187838549586	-9.794843213550841e-05	0.005320176638437202	0.00017264624246604576	-0.0007693955596246305
0.00039147856107368817	5.365648126920419e-05	-8.82156862735961e-06	0.00029345211718934117	0.0007757831616692634	0.007629324422064432	0.0014208342336154978	0.00022915483329533082
-0.0006070718318462731	-0.000320799916075698	-0.000570506164645046	-0.0004554606775006853	0.00015168916609420435	0.009688834607461283	0.0012960154345003083	-0.0006445767605098851
-0.001668031624323163	-8.752918287946443e-06	-0.0010697813611049156	-0.00051787007705828	0.00015168916609420435	0.013058942183565625	0.0016704718318456546	0.0003539736324102982
-0.008283427977416657	-0.0016313973067827447	-0.0042526607385369175	-0.002827017860684622	-0.0022198680170901763	0.013183760982681259	-0.0010755417486836283	-0.0008318049591822252
-0.008283427977416657	-0.0008824845120927183	-0.0042526607385369175	-0.002452561463340386	-0.0014085458228425551	0.014556767772945678	-0.0007010853513391702	0.00041638303196789295
-0.00996848176546905	-0.0015065785076675553	-0.0048767547341113104	-0.0031390648584725955	-0.0024070962157627385	0.013745445578698057	-0.0016996357442589094	-0.0006445767605098851
-0.009843662966354305	-0.0015065785076675553	-0.005126392332341467	-0.0031390648584725955	-0.002282277416647549	0.011685935393301206	-0.0020740921416035896	0.00010433603418014137
-0.009157159571221873	-0.0016313973067827447	-0.0046895265354394144	-0.0031390648584725955	-0.0023446868162051437	0.008877512413214106	-0.0025109579385060865	-0.0005821673609522904
-0.0070352399862669834	-0.0008824845120927183	-0.0035661573434044858	-0.0018908768673231435	-0.0014709552223999278	0.007317277424277346	-0.00176204514381606	0.0003539736324102982
-0.006848011787594643	-0.0012569409094380646	-0.0036285667429618584	-0.002202923865110229	-0.001658183421072268	0.005008129640650116	-0.0020740921416035896	-0.0007693955596246305
-0.004164407606622289	-0.0010073033112076857	-0.0027548351491570866	-0.0014540110704202025	-0.0008468612268250908	0.004883310841534927	-0.0013251793469140072	-0.00014530156404979344
-0.0028538102159150203	-0.00038320931563284866	-0.0015690565575650073	-0.0007675076752879928	-0.0004724048294801886	0.006630774029144915	-0.0003890383535516406	-0.0005197579613944736
-0.0011687564278630713	-7.116231784554117e-05	-0.0011321907606622883	-0.00026823247882790113	0.0002140985656524652	0.008565465415426576	0.0006095120393683207	0.0003539736324102982
-0.0016056222247655683	-0.00038320931563284866	-0.0012570095597774777	-0.0007675076752879928	-0.00022276723125069786	0.009813653406576917	0.0004846932402531312	-0.0004573485618368789
-0.0004822530327306396	0.00011606588082679892	-0.000570506164645046	-1.8594880598188368e-05	0.0005261455634397727	0.011997982391088513	0.001608062432288282	0.0004787924315250436
0.0006411161593040671	-8.752918287946443e-06	-8.82156862735961e-06	-0.00026823247882790113	0.00040132676432458325	0.0125596669871062	0.001982518829633184	-0.0003325297627221335
0.005571458724345835	0.0008025692759592307	0.002362735614557021	0.001167183710994113	0.0020239711528193816	0.014182311375600998	0.004166847814144781	0.0002915642328527035
0.006195552719920894	0.0004905222781719232	0.002986829610131858	0.0011047743114365183	0.00171192415503163	0.013807854978255651	0.004291666613260414	-0.0007069861600674798
0.007818197108415248	0.0010522068741891655	0.003798151804379035	0.0016664589074542047	0.002772883947509408	0.013433398580910971	0.005102988807507591	0.0003539736324102982
0.008379881704432934	0.0008649786755163813	0.004297427000838905	0.0014168213092240478	0.0022111993514917216	0.013183760982681259	0.004978170008392402	-0.0005821673609522904
0.009752888494697354	0.0014890726710918845	0.005046339795528931	0.002415371702143787	0.0033345685435266503	0.014369539574273338	0.006226357999542298	0.0007284300297554225
0.006632418516822947	0.0009273880750744201	0.00367333300526429	0.0010423649118793676	0.002148789951934127	0.013058942183565625	0.004728532410162689	-0.0003325297627221335
0.005509049324788462	0.0006777504768444853	0.002799601411459074	0.0008551367132068055	0.0018367429541470415	0.013183760982681259	0.004354076012817565	0.0002915642328527035
0.0049473647287705536	0.0007401598764016359	0.0027371920119021453	0.000979955512321773	0.0017743335545894467	0.013807854978255651	0.004541304211489905	-0.00039493916227972825
0.0024509887464714275	0.00042811287861388436	0.000927319424735007	0.00029345211718934117	0.0013998771572445445	0.012497257587548827	0.0033555256198980477	0.0003539736324102982
0.0002666597619593869	-0.00044561871519088747	-0.00013364036774254906	-0.00033064187838549586	0.0002765079652093938	0.01143629779507127	0.002232156427863119	-0.0006445767605098851
0.0013900289539936495	0.0003032940794995831	0.000490453627832288	0.0004182709163040865	0.0011502395590141656	0.011748344792858578	0.0029810692225527013	0.00022915483329533082
-0.00023261543450070477	-0.0006952563134203782	-0.00038327796597248387	-0.0007675076752879928	2.6870366979681037e-05	0.009876062806134067	0.001608062432288282	-0.0011438519569693106
0.0007035255588612177	-0.000320799916075698	0.00036563482871732056	-0.00014341367971315577	0.0005885549629969233	0.010125700404364002	0.001982518829633184	-2.0482764934603992e-05
-0.0004822530327306396	-0.00044561871519088747	0.00011599723048694166	-0.0006426888761725813	2.6870366979681037e-05	0.009376787609674198	0.0012336060349436018	-0.0005821673609522904
0.00039147856107368817	-0.00019598111696050857	0.000490453627832288	-0.0003930512779430906	0.0005261455634397727	0.009314378210116825	0.0014208342336154978	-8.289216449219872e-05
-0.0005446624322877902	-0.00038320931563284866	0.0004280442282749153	-0.0007050982757306201	-0.00022276723125069786	0.0089399218127717	0.0006095120393683207	-0.0008318049591822252
-0.00017020603494311004	-0.00025839051651832534	0.00030322542915972583	-0.0005802794766158748	0.00015168916609420435	0.008627874814984171	0.0007967402380404387	-8.289216449219872e-05
-0.00041984363317348894	-0.00038320931563284866	0.00030322542915972583	-0.0007675076752879928	-9.794843213550841e-05	0.007754143221179399	0.00035987444113838585	-0.0008318049591822252
-0.00041984363317348894	-0.000508028114747594	-0.0002584591668572944	-0.0006426888761725813	-0.00022276723125069786	0.007130049225605006	0.00035987444113838585	-2.0482764934603992e-05
-0.0005446624322877902	-7.116231784554117e-05	-8.82156862735961e-06	-0.00026823247882790113	0.00015168916609420435	0.007317277424277346	0.0008591496375984775	-0.0005821673609522904
-0.0001077966353859594	-0.00019598111696050857	-0.00044568736552985655	-0.00033064187838549586	0.0003389173647669885	0.007192458625162157	0.0009839684367132229	0.0001667454337377361
-0.00041984363317348894	-0.00013357171740291385	-0.00013364036774254906	4.381451895940636e-05	0.0002140985656524652	0.00875269361409936	0.0013584248340583471	-0.0005197579613944736
1.7022163729230044e-05	5.365648126920419e-05	-0.00019604976730014378	0.00016863331807415172	0.0007757831616692634	0.010125700404364002	0.002044928229190779	0.0002915642328527035
-0.0001077966353859594	0.0003032940794995831	0.0004280442282749153	-8.100428015578309e-05	0.0007133737621125569	0.012060391790646108	0.002419384626535681	-0.00014530156404979344
-0.0005446624322877902	-0.00019598111696050857	-7.123096818495434e-05	-0.0003930512779430906	0.0002765079652093938	0.013495807980468566	0.00216974702830508	0.0001667454337377361
-0.0008567094300755418	-0.00025839051651832534	5.3587830930235114e-05	-0.0008923264744031822	2.6870366979681037e-05	0.013620626779583311	0.002044928229190779	-0.0005197579613944736
-0.001668031624323163	0.00011606588082679892	-0.00013364036774254906	-0.0008299170748451434	0.0002140985656524652	0.012746895185778095	0.0016704718318456546	0.0005412018310826383
-0.0076593339818418205	-0.0006952563134203782	-0.0025676069504845245	-0.002015695666437889	-0.0015957740215151173	0.009813653406576917	-0.0009507229495688829	-8.289216449219872e-05
-0.007908971580071977	-0.0005704375143051887	-0.003503747943846891	-0.002015695666437889	-0.0012837270237273657	0.007005230426489595	-0.0014499981460283085	0.0007908394293125731
-0.008907521972991495	-0.0009448939116507571	-0.004003023140306539	-0.002202923865110229	-0.001845411619745052	0.004321626245517685	-0.002386139139391119	-8.289216449219872e-05
-0.008345837376974252	-0.0006328469138627835	-0.004003023140306539	-0.001578829869535392	-0.0014085458228425551	0.0034478946517129128	-0.0021365015411611843	0.0006660206301978278
-0.008657884374761782	-0.0010697127107652804	-0.00443988893720948	-0.0023277426642251964	-0.001845411619745052	0.0023869348592353568	-0.0025109579385060865	-0.0002701203631645388
-0.006972830586709389	-0.0008200751125351236	-0.004065432539864577	-0.001578829869535392	-0.0012213176241706591	0.003572713450827658	-0.00176204514381606	0.0005412018310826383
-0.006535964789807114	-0.0008200751125351236	-0.0033789291447317016	-0.001578829869535392	-0.0013461364232849604	0.005507404837109764	-0.0012627699473564125	-0.00039493916227972825
-0.003727541809720236	-0.00038320931563284866	-0.002255559952696995	-0.0008923264744031822	-0.0002851766308074044	0.007566915022506837	4.78274433513004e-05	0.0002915642328527035
-0.0032282666132603666	-0.0008200751125351236	-0.0019435129549096875	-0.0012667828717478624	-0.0009092706263826855	0.008565465415426576	-7.699135576411109e-05	-0.0007693955596246305
-0.0011687564278630713	-0.00013357171740291385	-0.0008201437628749808	-0.0003930512779430906	2.6870366979681037e-05	0.009626425207904132	0.0007967402380404387	0.0002915642328527035
-0.0017928504234383524	-0.0006952563134203782	-0.0008201437628749808	-0.0012667828717478624	-0.000597223628595156	0.008315827817197308	0.00017264624246604576	-0.0008318049591822252
-0.0006070718318462731	-0.000320799916075698	-0.00013364036774254906	-0.00051787007705828	-3.5539032578357777e-05	0.008128599618524524	0.00054710263981117	0.00010433603418014137
0.001077981956206564	-0.000320799916075698	0.0007400912260622228	-0.0004554606775006853	0.00015168916609420435	0.007379686823834053	0.0010463778362708176	-0.0007693955596246305
0.006694827916380541	0.0009897974746320148	0.0034861048065915057	0.0014792307087814205	0.0024608369497214344	0.008440646616311609	0.003667572617685133	0.0003539736324102982
0.006195552719920894	0.00024088467994198837	0.0031740578088046423	0.0008551367132068055	0.00152469595635929	0.008315827817197308	0.0033555256198980477	-0.0008318049591822252
0.00800542530708781	0.0012394350728615056	0.0041726082017246036	0.00216573410391363	0.002960112146181304	0.01043774740215131	0.005040579407949997	0.00041638303196789295
0.008504700503547236	0.0008025692759592307	0.004047789402609414	0.00160404950789661	0.002585655748836624	0.01137388839551412	0.005290217006179931	-0.0005821673609522904
0.009003975700007327	0.0011146162737463161	0.004235017601281754	0.0021033247043560355	0.0030225215457388988	0.013495807980468566	0.006163948599984481	0.0002915642328527035
0.00588350572213292	0.0006777504768444853	0.0031740578088046423	0.0012295931105512636	0.002148789951934127	0.013308579781795782	0.005165398207064742	-0.0005821673609522904
0.005696277523461024	0.0008649786755163813	0.0028620108110171127	0.0012920025101088584	0.0022736087510493164	0.0125596669871062	0.005040579407949997	0.0003539736324102982
0.005009774128328592	0.0006153410772868906	0.003049239009689453	0.0012295931105512636	0.0018367429541470415	0.011685935393301206	0.004541304211489905	-0.00039493916227972825
0.0026382169451437676	0.0006153410772868906	0.0019258698176545241	0.0008551367132068055	0.00171192415503163	0.008815103013656955	0.003293116220340453	0.0006660206301978278
0.0011403913557641587	0.00011606588082679892	0.0013641852216375039	0.00010622391851655699	0.0007757831616692634	0.006818002227817255	0.0019201094300755894	-0.00020771096360738817
0.0013900289539936495	0.00017847528038439364	0.0014265946211946545	0.000543089715419276	0.0009630113603418256	0.006505955230029725	0.0019201094300755894	0.0002915642328527035
0.0005162973601888776	-0.00013357171740291385	0.000927319424735007	-0.0002058230792703064	0.000463736163882178	0.005507404837109764	0.0012336060349436018	-0.0004573485618368789
0.0013900289539936495	0.00042811287861388436	0.0014265946211946545	0.00029345211718934117	0.0011502395590141656	0.00675559282825966	0.0017328812314032493	0.000603611230640233
-0.0001077966353859594	0.0003032940794995831	0.0011769570229647197	0.00010622391851655699	0.000463736163882178	0.008503056015869204	0.0014832436331728704	-8.289216449219872e-05
0.0005162973601888776	0.0004905222781719232	0.000927319424735007	0.00023104271763219053	0.0009630113603418256	0.009501606408789387	0.001982518829633184	0.000603611230640233
0.0002666597619593869	0.0003032940794995831	0.0007400912260622228	4.381451895940636e-05	0.0007757831616692634	0.009564015808346538	0.0018577000305179947	-0.00014530156404979344
0.0003290691615169816	0.0005529316777292959	0.000677681826504628	0.0004182709163040865	0.0009006019607844529	0.009688834607461283	0.0021073376287483736	0.0007284300297554225
-0.0005446624322877902	-0.00019598111696050857	0.00036563482871732056	-0.0003930512779430906	0.0002765079652093938	0.008003780819409334	0.0014208342336154978	-0.0005197579613944736
0.00039147856107368817	0.00042811287861388436	0.000677681826504628	0.00048068031586168125	0.0007133737621125569	0.007379686823834053	0.0016704718318456546	0.0004787924315250436
-0.0007943000305181691	-0.00038320931563284866	0.00011599723048694166	-0.00026823247882790113	-9.794843213550841e-05	0.005569814236667359	0.0007343308384835101	-0.0005821673609522904
0.0007035255588612177	0.0003657034790571778	0.000927319424735007	0.0003558615167469359	0.0009006019607844529	0.005195357839322012	0.0013584248340583471	0.0005412018310826383
-0.0002950248340582995	-0.00019598111696050857	0.0007400912260622228	-0.00026823247882790113	2.6870366979681037e-05	0.005257767238879607	0.0004846932402531312	-0.0005197579613944736
1.7022163729230044e-05	0.00017847528038439364	0.0008649100251774122	0.00010622391851655699	0.0005261455634397727	0.006318727031357385	0.0009215590371560722	0.0004787924315250436
-0.0003574342336158942	5.365648126920419e-05	0.0008025006256198175	-0.0004554606775006853	0.00015168916609420435	0.006381136430914536	0.0006719214389259154	-0.0003325297627221335
7.943156328660272e-05	5.365648126920419e-05	0.0007400912260622228	-0.0002058230792703064	0.00040132676432458325	0.007566915022506837	0.0011087872358284123	0.0003539736324102982
-0.0007943000305181691	-0.00013357171740291385	0.0005528630273901047	-0.0004554606775006853	0.0002140985656524652	0.008003780819409334	0.0012960154345003083	-0.0005821673609522904
-0.0024169444190129674	-0.000320799916075698	-0.0010697813611049156	-0.0008923264744031822	0.00015168916609420435	0.006630774029144915	0.0007967402380404387	0.00041638303196789295
-0.008283427977416657	-0.0009448939116507571	-0.0035661573434044858	-0.001953286266880294	-0.001658183421072268	0.0047584920424201815	-0.0015124075455859032	-0.0002701203631645388
-0.007784152780956566	-0.0005704375143051887	-0.0036285667429618584	-0.0014540110704202025	-0.001034089425497875	0.004696082642862587	-0.0010131323491260336	0.0007284300297554225
-0.009469206569009403	-0.0014441691081104047	-0.00462711713588182	-0.002639789662012726	-0.0021574586175323596	0.002948619455252821	-0.0022613203402759297	-0.00039493916227972825
-0.008470656176089442	-0.0006328469138627835	-0.004003023140306539	-0.001578829869535392	-0.0013461364232849604	0.003822351049057593	-0.0016372263447013147	0.0007908394293125731
-0.008158609178302356	-0.0011321221103228751	-0.003753385542077048	-0.0020781050659954836	-0.001658183421072268	0.0035103040512700634	-0.0021365015411611843	-0.0003325297627221335
-0.006535964789807114	-0.0008200751125351236	-0.0031917009460593615	-0.001766058068207954	-0.0011589082246130644	0.0038847604486149656	-0.0018244545433740988	0.0004787924315250436
-0.006286327191577179	-0.0010697127107652804	-0.002630016350041675	-0.001953286266880294	-0.0015957740215151173	0.004883310841534927	-0.0020740921416035896	-0.0005197579613944736
-0.003165857213702772	-0.00019598111696050857	-0.001194600160220105	-0.0008923264744031822	-0.0002851766308074044	0.005881861234454888	-0.0007010853513391702	0.0005412018310826383
-0.0022297162203401832	-0.00044561871519088747	-0.0006329155642021966	-0.0010795546730755223	-0.00040999542992259386	0.005195357839322012	-0.0006386759517811313	-0.00039493916227972825
-0.0007318906309605744	0.0003032940794995831	5.3587830930235114e-05	0.00010622391851655699	0.00040132676432458325	0.005507404837109764	0.00035987444113838585	0.0006660206301978278
-0.0013559846265354114	-0.00019598111696050857	-0.00044568736552985655	-0.0004554606775006853	-9.794843213550841e-05	0.0038847604486149656	0.00011023684290845104	-0.0003325297627221335
0.0002666597619593869	0.00024088467994198837	-0.00013364036774254906	0.00023104271763219053	0.0007757831616692634	0.003822351049057593	0.0007967402380404387	0.000603611230640233
0.0023885793469138328	0.0004905222781719232	0.001114547623407125	0.0010423649118793676	0.001087830159457015	0.005132948439765306	0.0021073376287483736	-0.0002701203631645388
0.006694827916380541	0.0009897974746320148	0.0027371920119021453	0.00179127770656895	0.002336018150606467	0.006505955230029725	0.003979619615472885	0.00041638303196789295
0.006632418516822947	0.0007401598764016359	0.0032988766079189435	0.00160404950789661	0.0020239711528193816	0.007566915022506837	0.003979619615472885	-0.0005197579613944736
0.007943015907530215	0.0011146162737463161	0.004110198802166565	0.002228143503471225	0.002772883947509408	0.009564015808346538	0.004728532410162689	0.00041638303196789295
0.008754338101777392	0.0010522068741891655	0.004921520996414186	0.0019160965056841395	0.0026480651483942186	0.010375338002594159	0.004853351209277212	-0.0003325297627221335
0.009503250896467419	0.0016763008697644466	0.005795252590218958	0.002602599900816127	0.0032721591439688336	0.01143629779507127	0.005290217006179931	0.000603611230640233
0.005446639925230423	0.0006777504768444853	0.004110198802166565	0.0011047743114365183	0.00171192415503163	0.010125700404364002	0.0033555256198980477	-0.00039493916227972825
0.005696277523461024	0.0008025692759592307	0.003798151804379035	0.0010423649118793676	0.002086380552376532	0.009314378210116825	0.003480344419012349	0.0003539736324102982
0.004323270733196161	0.0005529316777292959	0.0032988766079189435	0.0007927273136489887	0.0014622865568016952	0.008191009018082118	0.0029810692225527013	-0.0004573485618368789
0.0017644853513385517	0.0003657034790571778	0.001551413420309844	0.0004182709163040865	0.0011502395590141656	0.006318727031357385	0.0021073376287483736	0.00041638303196789295
0.0010155725566494134	0.0003032940794995831	0.0009897288242917135	4.381451895940636e-05	0.0008381925612268581	0.004820901441977776	0.0019201094300755894	-0.0003325297627221335
0.0013900289539936495	0.0003032940794995831	0.0008649100251774122	0.000543089715419276	0.001087830159457015	0.005070539040207711	0.0023569752269780864	0.0004787924315250436
0.0001418409628444195	-8.752918287946443e-06	0.00030322542915972583	-1.8594880598188368e-05	0.00040132676432458325	0.004508854444190025	0.0017328812314032493	-0.0005821673609522904
0.001077981956206564	0.0003032940794995831	0.0005528630273901047	0.0004182709163040865	0.0010254207598994203	0.004633673243305214	0.001982518829633184	0.0004787924315250436
-0.0007318906309605744	-0.00038320931563284866	5.3587830930235114e-05	-0.00033064187838549586	-3.5539032578357777e-05	0.0047584920424201815	0.0009215590371560722	-0.0007069861600674798
0.0002666597619593869	-8.752918287946443e-06	0.0005528630273901047	0.00010622391851655699	0.00040132676432458325	0.005757042435339699	0.0008591496375984775	0.00022915483329533082
1.7022163729230044e-05	-8.752918287946443e-06	0.0010521382238497523	-0.0004554606775006853	0.0002140985656524652	0.0047584920424201815	0.0006719214389259154	-0.0004573485618368789
0.0001418409628444195	-0.000320799916075698	0.0008025006256198175	-0.00033064187838549586	0.0003389173647669885	0.005195357839322012	0.00054710263981117	4.192663462299073e-05
-0.0011063470283059207	-0.00013357171740291385	0.001114547623407125	-0.00033064187838549586	8.927976653683167e-05	0.0058194518348972935	0.00011023684290845104	-0.0005821673609522904
0.00039147856107368817	-0.00013357171740291385	0.0009897288242917135	-0.0002058230792703064	0.00040132676432458325	0.00444644504463243	0.00054710263981117	0.0001667454337377361
-0.0005446624322877902	-0.00013357171740291385	0.0008025006256198175	-0.0006426888761725813	2.6870366979681037e-05	0.003822351049057593	0.00011023684290845104	-0.0006445767605098851
-0.00017020603494311004	-8.752918287946443e-06	0.0005528630273901047	4.381451895940636e-05	0.0005261455634397727	0.00425921684596009	0.0007343308384835101	0.0002915642328527035
-0.0004822530327306396	-0.00044561871519088747	5.3587830930235114e-05	-0.0007050982757306201	-3.5539032578357777e-05	0.0033230758525977233	0.0004846932402531312	-0.0007693955596246305
7.943156328660272e-05	-0.00013357171740291385	5.3587830930235114e-05	4.381451895940636e-05	0.0002765079652093938	0.0036975322499424035	0.0011087872358284123	0.0001667454337377361
-0.0005446624322877902	-0.00044561871519088747	-0.0002584591668572944	-0.0004554606775006853	-3.5539032578357777e-05	0.003572713450827658	0.0009839684367132229	-0.0008318049591822252
0.0003290691615169816	5.365648126920419e-05	0.0002408160296021311	0.00016863331807415172	0.0006509643625545181	0.004321626245517685	0.0014832436331728704	0.0001667454337377361
-0.0010439376287478819	-0.00038320931563284866	-0.00013364036774254906	-0.0002058230792703064	-0.00016035783169310314	0.004196807446402051	0.0007967402380404387	-0.0007069861600674798
-0.0030410384145875824	-0.00038320931563284866	-0.0012570095597774777	-0.0007675076752879928	-0.00040999542992259386	0.002948619455252821	-0.0003266289539940459	0.00041638303196789295
-0.008470656176089442	-0.0011321221103228751	-0.0031917009460593615	-0.0023277426642251964	-0.002095049217974987	0.0013883844663156175	-0.0029478237354083614	-0.0003325297627221335
-0.008158609178302356	-0.0007576657129779729	-0.0031292915465017668	-0.001766058068207954	-0.0017205928206303067	0.0023869348592353568	-0.0027605955367360213	0.0004787924315250436
-0.009594025368123926	-0.0015065785076675553	-0.004003023140306539	-0.002827017860684622	-0.002469505615319889	0.0013259750667580228	-0.0038215553292131332	-0.0005197579613944736
-0.008221018577859063	-0.0008200751125351236	-0.0033789291447317016	-0.0020781050659954836	-0.0015957740215151173	0.0020748878614480493	-0.0031350519340807015	0.00041638303196789295
-0.009157159571221873	-0.00156898790722515	-0.003690976142519453	-0.002639789662012726	-0.002469505615319889	0.0024493442587929515	-0.003447098931868453	-0.0007693955596246305
-0.00672319298847901	-0.0008824845120927183	-0.0031292915465017668	-0.001953286266880294	-0.0014085458228425551	0.0023869348592353568	-0.0024485485389484918	0.0003539736324102982
-0.006099098992904617	-0.0011321221103228751	-0.0030044727473870214	-0.0018908768673231435	-0.001658183421072268	0.0018876596627757092	-0.002386139139391119	-0.0006445767605098851
-0.003165857213702772	-0.00044561871519088747	-0.001631465957122158	-0.0005802794766158748	-0.00034758603036499913	0.002574163057907697	-0.0006386759517811313	0.0002915642328527035
-0.0023545350194551506	-0.0006328469138627835	-0.001381828358892223	-0.0008923264744031822	-0.0005348142290377833	0.0012635656672008722	-0.00045144775310834717	-0.0006445767605098851
-0.00041984363317348894	-8.752918287946443e-06	-0.0005080967650874513	0.00029345211718934117	0.0002765079652093938	0.001513203265430585	0.0004846932402531312	0.0003539736324102982
-0.0010439376287478819	-0.00038320931563284866	-0.000570506164645046	-0.0002058230792703064	-0.00022276723125069786	0.0005770622720679963	-7.699135576411109e-05	-0.0005821673609522904
0.0008283443579768512	0.0003657034790571778	0.0006152724269474774	0.0007303179140916161	0.0008381925612268581	0.0015756126649881796	0.0009839684367132229	0.00041638303196789295
0.0028878545433737024	0.00042811287861388436	0.0019258698176545241	0.0008551367132068055	0.0009006019607844529	0.0034478946517129128	0.0013584248340583471	-0.0003325297627221335
0.006882056115052881	0.0010522068741891655	0.00386056120393663	0.00179127770656895	0.0022111993514917216	0.006318727031357385	0.003105888021667891	0.0005412018310826383
0.006133143320363299	0.0006777504768444853	0.003798151804379035	0.0010423649118793676	0.00171192415503163	0.006942821026932	0.0027314316243232106	-0.0003325297627221335
0.008130244106202555	0.001364253871976695	0.005046339795528931	0.002040915304799329	0.0027104745479518133	0.009189559411001635	0.004042029015030479	0.0004787924315250436
0.00831747230487534	0.0011146162737463161	0.005108749195086526	0.0017288683070113553	0.002336018150606467	0.009564015808346538	0.00447889481193231	-0.0003325297627221335
0.009253613298237706	0.0017387102693211531	0.005295977393759088	0.0022905529030288196	0.0032721591439688336	0.009251968810559008	0.005352626405737082	0.0009780676279846912
0.005633868123902985	0.0009897974746320148	0.00367333300526429	0.0014168213092240478	0.0018991523537046362	0.007442096223392092	0.00410443841458763	-2.0482764934603992e-05
0.005945915121690515	0.0011146162737463161	0.0033612860074765383	0.00179127770656895	0.0023984275501640617	0.005757042435339699	0.00441648541237516	0.000603611230640233
0.004260861333638122	0.0004905222781719232	0.0026747826123445506	0.0011047743114365183	0.0016495147554740353	0.0035103040512700634	0.0033555256198980477	-0.00039493916227972825
0.0020141229495689306	0.00017847528038439364	0.0013017758220799092	0.0009175461127641782	0.0012126489585722044	0.0020124784618904545	0.0022945658274204916	0.0002915642328527035
0.0010155725566494134	0.00011606588082679892	0.0012393664225223144	0.0003558615167469359	0.0008381925612268581	0.0010139280689704933	0.0014208342336154978	-0.00039493916227972825
0.001702075951781401	0.00042811287861388436	0.0016762322194245893	0.0006679085145340213	0.0013374677576869498	0.0020124784618904545	0.001608062432288282	0.0004787924315250436
0.0005162973601888776	0.00011606588082679892	0.0016138228198669946	0.00029345211718934117	0.0006509643625545181	0.003635122850385253	0.0009839684367132229	-0.0005197579613944736
0.0004538879606312829	0.00017847528038439364	0.0012393664225223144	-0.00014341367971315577	0.0007133737621125569	0.004196807446402051	0.0006095120393683207	0.0003539736324102982
-0.00041984363317348894	-0.00019598111696050857	0.001114547623407125	-0.0007050982757306201	8.927976653683167e-05	0.004196807446402051	-1.4581956206738411e-05	-0.0005821673609522904
0.00020425036240179217	0.0003657034790571778	0.0014265946211946545	0.00016863331807415172	0.0005885549629969233	0.005132948439765306	0.00054710263981117	0.0005412018310826383
-0.0001077966353859594	-8.752918287946443e-06	0.0009897288242917135	-0.00026823247882790113	0.0003389173647669885	0.0031358476539253832	0.00035987444113838585	-0.0003325297627221335
0.0008283443579768512	0.0006153410772868906	0.0009897288242917135	0.0006054991149764266	0.0009006019607844529	0.0018252502632181145	0.0009215590371560722	0.000603611230640233
-0.0006070718318462731	-0.00019598111696050857	-8.82156862735961e-06	-8.100428015578309e-05	-0.00022276723125069786	0.00020260587472331615	0.0002974650415807911	-0.0005197579613944736
0.0008283443579768512	0.00042811287861388436	0.00030322542915972583	0.0007927273136489887	0.0008381925612268581	0.0001401964751661655	0.0012336060349436018	0.000603611230640233
-0.0002950248340582995	0.00011606588082679892	5.3587830930235114e-05	0.0003558615167469359	0.0002140985656524652	0.0005770622720679963	0.0006095120393683207	-0.0002701203631645388
-0.00017020603494311004	-8.752918287946443e-06	-7.123096818495434e-05	0.0003558615167469359	0.0002140985656524652	0.0021372972610052	0.0007967402380404387	0.00022915483329533082
-0.0001077966353859594	0.00024088467994198837	0.0007400912260622228	0.00016863331807415172	0.000463736163882178	0.003947169848173004	0.0007343308384835101	-0.00014530156404979344
7.943156328660272e-05	0.0003657034790571778	0.001114547623407125	0.00029345211718934117	0.0005261455634397727	0.005881861234454888	0.0009215590371560722	0.0006660206301978278
-0.0007943000305181691	0.00017847528038439364	0.0013017758220799092	-0.0002058230792703064	0.00015168916609420435	0.006568364629586876	0.0004846932402531312	-0.00014530156404979344
0.00039147856107368817	0.0003657034790571778	0.0014890040207518052	-0.00014341367971315577	0.0007133737621125569	0.006318727031357385	0.0007967402380404387	0.000603611230640233
-0.0009815282291902871	-0.00013357171740291385	0.001114547623407125	-0.0004554606775006853	-3.5539032578357777e-05	0.005257767238879607	0.00017264624246604576	-0.0005197579613944736
-0.003789951209277831	-0.00013357171740291385	-0.000570506164645046	-0.0007050982757306201	-0.00022276723125069786	0.0030110288548101938	-0.0007634947508963208	0.000603611230640233
-0.008470656176089442	-0.0014441691081104047	-0.003503747943846891	-0.0025149708628979806	-0.0020326398184178363	-0.0011704009155415473	-0.0031350519340807015	-0.0005197579613944736
-0.0076593339818418205	-0.0008200751125351236	-0.0032541103456169562	-0.0014540110704202025	-0.0013461364232849604	-0.0012952197146562927	-0.0022613203402759297	0.0004787924315250436
-0.00878270317387675	-0.0008824845120927183	-0.0038782043411917932	-0.0018284674677651047	-0.0019078210193026468	-0.002543407705806411	-0.002635776737620832	-0.00020771096360738817
-0.008345837376974252	-0.0011945315098800258	-0.004502298336767074	-0.001953286266880294	-0.001845411619745052	-0.0032923205004959932	-0.002823004936293172	0.0002915642328527035
-0.00747210578316948	-0.0006952563134203782	-0.0034413385442892963	-0.001329192271305013	-0.0015333646219579666	-0.001669676112001417	-0.0024485485389484918	-0.00020771096360738817
-0.006036689593347022	-0.0006952563134203782	-0.0031292915465017668	-0.001141964072632673	-0.0012213176241706591	-0.000608716319523861	-0.0020740921416035896	0.0004787924315250436
-0.0055374143968871525	-0.0008200751125351236	-0.002505197550927374	-0.0015164204699777972	-0.0012213176241706591	0.000639471671625591	-0.002198910940718779	-0.0003325297627221335
-0.0025417632181274907	-0.00019598111696050857	-0.0008201437628749808	-0.00051787007705828	-0.00034758603036499913	0.0034478946517129128	-0.0010131323491260336	0.0003539736324102982
-0.002292125619897778	-0.0006328469138627835	-0.00044568736552985655	-0.0010795546730755223	-0.000597223628595156	0.003759941649499998	-0.0010755417486836283	-0.0007069861600674798
-0.0008567094300755418	-0.00044561871519088747	-7.123096818495434e-05	-0.0008299170748451434	-0.00016035783169310314	0.0035103040512700634	-0.0007634947508963208	4.192663462299073e-05
-0.0013559846265354114	-0.0007576657129779729	0.00011599723048694166	-0.0007675076752879928	-0.00040999542992259386	0.003198257053482534	-0.0007010853513391702	-0.0010190331578545653
0.0005162973601888776	-7.116231784554117e-05	0.000490453627832288	-0.00014341367971315577	0.0003389173647669885	0.0022621160601208334	0.00017264624246604576	0.00010433603418014137
0.00319990154116101	-8.752918287946443e-06	0.0018634604180969294	0.0004182709163040865	0.0009006019607844529	0.0020124784618904545	0.0014832436331728704	-0.0006445767605098851
0.0070692843137252215	0.0008025692759592307	0.0032988766079189435	0.0018536871061265447	0.0022111993514917216	0.0035103040512700634	0.003480344419012349	0.00022915483329533082
0.006382780918593012	0.0005529316777292959	0.0031740578088046423	0.0014168213092240478	0.0017743335545894467	0.0030734382543677885	0.0036051632181275384	-0.0004573485618368789
0.009003975700007327	0.0016763008697644466	0.004547064599069062	0.002789828099488467	0.003209749744411239	0.004820901441977776	0.005165398207064742	0.0008532488288701678
0.00869192870222002	0.0010522068741891655	0.004671883398183807	0.002228143503471225	0.0024608369497214344	0.005257767238879607	0.004853351209277212	-0.0005197579613944736
0.00800542530708781	0.0007401598764016359	0.004047789402609414	0.00160404950789661	0.0022111993514917216	0.00444644504463243	0.004166847814144781	-2.0482764934603992e-05
0.0051970023270009325	0.0006153410772868906	0.00367333300526429	0.0012295931105512636	0.0015871053559168846	0.00425921684596009	0.0029810692225527013	-0.0005821673609522904
0.005259411726558083	0.0006777504768444853	0.003610923605706695	0.0013544119096668972	0.0017743335545894467	0.004321626245517685	0.0029810692225527013	0.0002915642328527035
0.0032623109407186046	0.00011606588082679892	0.0026747826123445506	0.00029345211718934117	0.0009630113603418256	0.0026365724574652916	0.0015456530327306872	-0.0007069861600674798
0.0017644853513385517	0.0003657034790571778	0.0020506886167697136	0.00048068031586168125	0.0010254207598994203	0.0024493442587929515	0.001171196635386007	0.0002915642328527035
0.0001418409628444195	-0.00025839051651832534	0.0012393664225223144	-0.00014341367971315577	0.00015168916609420435	0.0021372972610052	0.0002974650415807911	-0.0007069861600674798
0.001514847753108839	0.0004905222781719232	0.001551413420309844	0.00048068031586168125	0.0010254207598994203	0.0018876596627757092	0.0010463778362708176	0.0004787924315250436
0.0001418409628444195	-0.00013357171740291385	0.0008025006256198175	-0.00014341367971315577	8.927976653683167e-05	0.0015756126649881796	0.00035987444113838585	-0.0005821673609522904
0.0003290691615169816	0.00017847528038439364	0.0007400912260622228	0.0003558615167469359	0.000463736163882178	0.001950069062333304	0.0008591496375984775	0.0002915642328527035
-0.00041984363317348894	-0.00019598111696050857	0.0002408160296021311	-0.00026823247882790113	-9.794843213550841e-05	0.0005770622720679963	0.00035987444113838585	-0.0005197579613944736
0.0008283443579768512	0.0003032940794995831	0.0009897288242917135	0.0007927273136489887	0.0007133737621125569	0.0014507938658732122	0.0011087872358284123	0.00041638303196789295
-0.0005446624322877902	-0.00038320931563284866	0.00030322542915972583	-0.0002058230792703064	-0.00022276723125069786	0.00045224347295325096	0.0002974650415807911	-0.0007693955596246305
7.943156328660272e-05	-0.00013357171740291385	0.000490453627832288	4.381451895940636e-05	0.0002140985656524652	0.00020260587472331615	0.00017264624246604576	4.192663462299073e-05
-0.0009815282291902871	-0.0005704375143051887	0.00036563482871732056	-0.0003930512779430906	-0.0005348142290377833	0.00038983407339565623	-0.0003890383535516406	-0.0008318049591822252
0.0003290691615169816	0.00024088467994198837	0.0013017758220799092	0.0004182709163040865	0.0005885549629969233	0.0016380220645457744	0.0004222838406955365	0.0002915642328527035
-0.0005446624322877902	-0.00025839051651832534	0.000927319424735007	-0.0004554606775006853	-9.794843213550841e-05	0.0013259750667580228	-0.0002642195544364512	-0.0005821673609522904
0.00020425036240179217	-7.116231784554117e-05	0.001114547623407125	-8.100428015578309e-05	0.00040132676432458325	0.0026989818570228863	0.0002350556420236405	0.0001667454337377361
-0.00041984363317348894	5.365648126920419e-05	0.0012393664225223144	-8.100428015578309e-05	0.0002765079652093938	0.003198257053482534	0.0002350556420236405	-0.0004573485618368789
1.7022163729230044e-05	-0.00025839051651832534	0.0007400912260622228	-0.0003930512779430906	0.0003389173647669885	0.0028238006561380757	0.0002974650415807911	0.00010433603418014137
-0.0006694812314029797	-0.00025839051651832534	0.0006152724269474774	-0.00026823247882790113	2.6870366979681037e-05	0.0028238006561380757	0.0004222838406955365	-0.0006445767605098851
0.0002666597619593869	-7.116231784554117e-05	0.0005528630273901047	-1.8594880598188368e-05	0.0006509643625545181	0.001700431464102925	0.0009839684367132229	0.0002915642328527035
-0.0012935752269782608	-0.00044561871519088747	-0.00019604976730014378	-0.0005802794766158748	-0.00016035783169310314	7.778707560857079e-05	0.0002974650415807911	-0.0005821673609522904
