Sensor_1	Sensor_2	Sensor_3	Sensor_4	Sensor_5	Sensor_6	Sensor_7	Sensor_8
0.004203308982235754	0.0008050239689254557	0.0034956669705585863	0.0009111569779403084	0.0009238262221427096	0.00736629989337545	0.002489568202064696	-0.0003769250484759734
0.0038288525848904076	0.0010546615671553905	0.003121210573214128	0.000786338178825563	0.0011110544208152717	0.0068046152973582075	0.0023647494029497285	0.0005592159448863931
0.0006459732074584057	0.00036815817202340284	0.0017482037829492647	-0.0001498028145370256	-7.47241707768076e-05	0.004932333310633474	0.0006172862153401848	-0.0003769250484759734
0.0010828390043613467	0.0004929769711381482	0.0013737473856041404	0.00028706298236547134	0.0002997322265680946	0.004245829915501043	0.0006796956148973354	0.0004343971457712037
0.0005211544083436603	0.00018092997335061867	0.0006248345909145581	-2.498401542139206e-05	0.00011250402789531044	0.003309688922138676	0.00011801101887987109	-0.00043933444803356814
0.0019565705981656745	0.0006802051698104883	0.0006872439904721528	0.000786338178825563	0.0011734638203728665	0.003559326520368611	0.0005548768157825901	0.0005592159448863931
0.0009580202052461573	0.0002433393729082134	-0.0001240782037754684	0.000599109980153445	0.0007365980234703695	0.0029976419243509245	-6.9217179792469e-05	-0.00025210624936078396
0.001644523600378145	0.0002433393729082134	-0.0006233534002355601	0.0008487475783831577	0.0011734638203728665	0.0032472795225810813	-6.9217179792469e-05	0.00037198774621405306
0.0009580202052461573	-6.298225321721418e-06	-0.0007481721993503054	0.000599109980153445	0.0006741886239127748	0.0034345077212534214	-0.0004436735771373712	-0.00043933444803356814
0.0014572954017055828	0.0002433393729082134	-0.0003113064024478085	0.0008487475783831577	0.0009862356217000823	0.004308239315058637	0.0001804204184379099	0.00037198774621405306
0.000146698010998092	5.611117423587331e-05	-0.00024889700289021377	9.983478369313126e-05	0.00023732282701072194	0.004807514511518729	-0.0001940359789069923	-0.0003769250484759734
0.00033392620967087616	0.00018092997335061867	0.0005000157917993686	9.983478369313126e-05	0.0002997322265680946	0.005494017906650939	0.00030523921755221117	0.0004968065453287984
-0.0010390805805939873	-0.00013111702443668882	0.000437606392242218	-0.0007738968101116406	-0.0007612275659092393	0.005369199107535749	-0.00013162657934984168	-0.0005017438475909408
-0.00047739598457630095	0.00018092997335061867	0.0008120627895864541	-0.0007738968101116406	-0.0003867711685647812	0.005681246105323501	0.0001804204184379099	0.0004343971457712037
-0.0013511275783810728	-0.0003183452231090289	0.0006248345909145581	-0.0012107626070141375	-0.0011980933628119583	0.00486992391107588	-0.0004436735771373712	-0.0006265626467061303
-0.00022775838634592205	-6.298225321721418e-06	0.0005000157917993686	-0.00046184981232411104	-0.0002619523694491477	0.0046826957124033175	-6.807780234874272e-06	0.00030957834665645834
8.428861144138544e-05	0.00011852057379302394	0.00025037819356965585	-0.00027462161365177096	0.0001749134274531272	0.003933782917713513	-0.00025644537846458704	-0.0003769250484759734
0.0008956108056887846	0.00018092997335061867	-0.00024889700289021377	0.0004742911810382555	0.0006741886239127748	0.0032472795225810813	-0.00025644537846458704	0.00037198774621405306
0.0003963356092284709	-0.00019352642399428355	-0.0008729909984654949	0.00034947238192306607	0.0005493698247984735	0.002435957328333904	-0.0006309017758092672	-0.0005641532471487576
0.0010828390043613467	0.00011852057379302394	-0.0011850379962530244	0.0007239287792679683	0.0011110544208152717	0.0026231855270062443	-0.0004436735771373712	0.0004343971457712037
-0.0032858189646631786	-0.0007552110200117479	-0.0029949105834199408	-0.0005242592118812617	-0.0006364087667940499	0.0015622257345291324	-0.0025031837625342224	-0.0006265626467061303
-0.007342429935899508	-0.0010048486182419047	-0.004992011369259419	-0.001522809604801445	-0.0018221873583863513	0.0010629505380690407	-0.004125828151029465	0.00037198774621405306
-0.00834098032881947	-0.0012544862164718396	-0.004742373771029484	-0.002396541198606439	-0.002571100153076822	0.0017494539332014725	-0.0043754657492589555	-0.0003769250484759734
-0.008715436726165038	-0.0010048486182419047	-0.0043055079741269875	-0.002396541198606439	-0.002758328351748718	0.002685594926563839	-0.004188237550586615	0.0004968065453287984
-0.01027567171510202	-0.001379305015587029	-0.00449273617279955	-0.003457500991084217	-0.003819288144226052	0.0025607761274486496	-0.004687512747046485	-0.0003145156489183787
-0.008590617927049848	-0.00112966741735665	-0.0037438233781099672	-0.003020635194180832	-0.00313278474909362	0.0028104137256790285	-0.0039385999523564585	0.00037198774621405306
-0.007654476933687482	-0.0010672580177990554	-0.003182138782092281	-0.002770997595951341	-0.0030703753495364694	0.002248729129661342	-0.003626552954569373	-0.00043933444803356814
-0.005033282152273166	-0.0007552110200117479	-0.0030573199829775355	-0.0018348566025889745	-0.0017597779588287565	0.001624635134086727	-0.0029400495594364973	0.00030957834665645834
-0.002973771966875871	-0.0010672580177990554	-0.0026204541860745945	-0.0013979908056864776	-0.0011356839632539195	0.0008133129398391059	-0.002565593162092261	-0.0008137908453784704
-0.0004149865850187062	-0.0003807546226670677	-0.001871541391385012	0.00034947238192306607	0.00042455102568328407	0.0013125881362989755	-0.001317405170942143	0.00018475954754104684
-0.0003525771854615556	-0.00044316402222466245	-0.0022459977887303584	0.00022465358280787662	0.0004869604252408788	0.0012501787367413808	-0.0014422239700568884	-0.0005641532471487576
0.0004587450087860656	-0.00013111702443668882	-0.0018091319918278614	0.0006615193797105956	0.000861416822585559	0.0023735479287763095	-0.0010677675727126523	0.00030957834665645834
-0.0006022147836910463	-0.0005055734217818131	-0.0013722661949253645	0.00016224418325117007	-1.2314771219212872e-05	0.003496917120811016	-0.0011301769722693589	-0.000688972046263725
0.003079939790200825	0.00036815817202340284	0.0008120627895864541	0.0008487475783831577	0.0010486450212583431	0.0063677495004554885	0.000991742612685087	0.00012235014798345212
0.004328127781350055	-0.00013111702443668882	0.002497116577638847	9.983478369313126e-05	0.0004869604252408788	0.007990393888950731	0.0017406554073751135	-0.0010634284436088492
0.0059507721698452976	0.000742614569368083	0.004244579765248835	0.0009735663774979031	0.0012358732199304612	0.00973785707655983	0.0033632997958694677	-6.487805068888797e-05
0.005888362770287703	0.000742614569368083	0.004681445562151332	0.000599109980153445	0.0012358732199304612	0.00967544767700268	0.003488118594984657	-0.000688972046263725
0.007823054156569587	0.0011170709667129852	0.005430358356841358	0.001410432174400178	0.0019847860146200436	0.009238581880099739	0.004237031389674684	-2.4686511312932424e-06
0.007323778960110161	0.0009922521675977958	0.005118311359053829	0.0014728415739577727	0.0020471954141780824	0.007303890493817855	0.0038625749923293373	-0.0006265626467061303
0.006013181569402448	0.000742614569368083	0.0033084387718864683	0.0014728415739577727	0.0021720142132928277	0.005057152109747776	0.0028016151998522254	5.994074842630148e-05
0.0057635439711729575	0.000742614569368083	0.0028091635754265987	0.0016600697726305569	0.002296833012407573	0.005057152109747776	0.0021151118047193496	-0.00043933444803356814
0.005077040576040526	0.0006802051698104883	0.0015609755842769246	0.0017224791721879296	0.0024216518115227625	0.004370648714615788	0.00161583660825948	0.00030957834665645834
0.002081389397281308	0.00011852057379302394	-6.166880421787369e-05	0.0009111569779403084	0.0013606920190456506	0.0028104137256790285	5.560161932272045e-05	-0.0005017438475909408
0.002268617595953204	0.00036815817202340284	0.00018796879401206112	0.0012856133752854326	0.001485510818160396	0.003559326520368611	0.0003676486171106941	0.00030957834665645834
0.0008956108056887846	0.00011852057379302394	0.00025037819356965585	0.0005367005805958502	0.0005493698247984735	0.004620286312845723	0.0001804204184379099	-0.00043933444803356814
0.0011452484039180533	0.0004305675715801094	0.0005624251913569633	0.00034947238192306607	0.0005493698247984735	0.006242930701340521	0.0005548768157825901	0.0004968065453287984
-0.0003525771854615556	-6.870762487976023e-05	0.0007496533900297475	-0.0006490780109964511	-0.0006364087667940499	0.006679796498243018	5.560161932272045e-05	-0.0005641532471487576
8.428861144138544e-05	0.0004929769711381482	0.0011241097873744277	-0.0003370310132089216	-0.00019954296989199705	0.007491118692490639	0.0006172862153401848	0.0005592159448863931
-0.000664624183248641	-0.00013111702443668882	0.0005624251913569633	-0.0010859438078993922	-0.0009484557645815794	0.006055702502667737	-0.0001940359789069923	-0.0005017438475909408
0.00033392620967087616	5.611117423587331e-05	0.0005624251913569633	-0.0003994404127665163	-0.0002619523694491477	0.004932333310633474	5.560161932272045e-05	0.00012235014798345212
-0.0003525771854615556	-0.0003183452231090289	-0.00024889700289021377	-0.0005242592118812617	-0.0003243617690071865	0.002872823125236179	-0.0006309017758092672	-0.0006265626467061303
0.001207657803475648	0.00011852057379302394	-0.00024889700289021377	0.00028706298236547134	0.0007365980234703695	0.0021239103305465967	-0.00031885477802218176	0.00012235014798345212
0.0004587450087860656	-0.0003183452231090289	-0.0006233534002355601	0.00034947238192306607	0.00042455102568328407	0.001624635134086727	-0.0008181299744822734	-0.0005641532471487576
0.0007083826070160004	-0.00013111702443668882	-0.0011226285966947636	0.0005367005805958502	0.000861416822585559	0.0021239103305465967	-0.0006309017758092672	0.00024716894709864157
0.0004587450087860656	-0.00025593582355187827	-0.0008729909984654949	0.00022465358280787662	0.0004869604252408788	0.0033720983216958267	-0.0008181299744822734	-0.0006265626467061303
0.0006459732074584057	0.00011852057379302394	-0.0004985346011205927	0.0004742911810382555	0.0005493698247984735	0.0053067897079781545	-0.00031885477802218176	0.00037198774621405306
-0.0005398053841338957	-6.298225321721418e-06	-0.0003737158020054032	-0.0003370310132089216	-0.0002619523694491477	0.006617387098685423	-0.0005060829766949659	-0.00043933444803356814
-4.053018767380401e-05	0.0002433393729082134	0.0001255593944544664	-0.00021221221409417623	-1.2314771219212872e-05	0.007740756290719908	-6.807780234874272e-06	0.0004343971457712037
-0.0012263087792658833	-0.00025593582355187827	0.00018796879401206112	-0.0010235344083413533	-0.0010108651641391742	0.00755352809204779	-0.0005060829766949659	-0.0006265626467061303
-0.0012263087792658833	5.611117423587331e-05	6.314999489731576e-05	-0.000898715609226608	-0.0005739993672366772	0.007491118692490639	-0.0001940359789069923	0.0004343971457712037
-0.008403389728377508	-0.0006928016204541532	-0.0019963601904999795	-0.0020844942008184653	-0.0021966437557314755	0.030270549530973412	-0.00406341875147187	-0.00043933444803356814
-0.006718335940325115	-0.0010672580177990554	-0.005304058367046727	-0.004331232584888545	-0.002134234356173881	0.02739971715132894	-0.005935700738196603	0.00037198774621405306
-0.00796652393147479	-0.0015041238147013303	-0.006177789960851943	-0.0032702727924114328	-0.002259053155288848	0.02122118659513772	-0.006247747735983689	-0.0005641532471487576
-0.008590617927049848	-0.001379305015587029	-0.005865742963064635	-0.002334131799048844	-0.0016349591597140112	0.015354703036734252	-0.005935700738196603	0.00018475954754104684
-0.00908989312350994	-0.0015041238147013303	-0.006177789960851943	-0.001959675401704164	-0.0019470061575015407	0.01017472287346255	-0.006122928936868499	-0.00043933444803356814
-0.005719785547405154	-0.00112966741735665	-0.006115380561294348	-0.0013979908056864776	-0.00082363696546639	0.008801716083197908	-0.005186787943506133	0.00037198774621405306
-0.005719785547405154	-0.0010672580177990554	-0.004992011369259419	-0.0017724472030313798	-0.0010732745636967689	0.012296642458416995	-0.004687512747046485	-0.00043933444803356814
-0.0054077385496178465	-0.0006928016204541532	-0.003993460976339902	-0.0012731720065717322	-0.0009484557645815794	0.019286495208855836	-0.004001009351913831	0.00037198774621405306
-0.0034730471633355187	-0.0007552110200117479	-0.003119729382534242	-0.0018348566025889745	-0.0007612275659092393	0.02552743516460465	-0.0035641435550117784	-0.0006265626467061303
-0.00197522157395591	-0.00025593582355187827	-0.0019339507909421627	-0.001522809604801445	-0.0002619523694491477	0.03133150932345097	-0.0027528213607646013	0.00037198774621405306
-0.003223409565105806	-0.0005055734217818131	-0.0018091319918278614	-0.002146903600376504	-0.0009484557645815794	0.03438956990176778	-0.0031272777581092814	-0.0005641532471487576
-0.0015383557770534129	0.00011852057379302394	-0.001247447395810175	-0.001522809604801445	0.0001749134274531272	0.03457679810044012	-0.0023159555638616602	0.0004968065453287984
-0.0013511275783810728	-0.00025593582355187827	-0.0010602191971373909	-0.001522809604801445	-0.00019954296989199705	0.03158114692168068	-0.0025031837625342224	-0.0005017438475909408
0.0029551209910856358	0.0004929769711381482	0.0007496533900297475	0.00016224418325117007	0.0015479202177184348	0.028647905142479058	-0.00025644537846458704	0.00030957834665645834
0.005825953370730108	0.0006802051698104883	0.0022474789794093564	0.0009111569779403084	0.0024216518115227625	0.024341656573011905	0.0010541520122426817	-0.0006265626467061303
0.007947872955684998	0.00117948036627058	0.0029963917740984947	0.002221754368647799	0.0034202022044425018	0.021158777195580125	0.0021775212042773884	0.00037198774621405306
0.00788546355612696	0.0011170709667129852	0.0029963917740984947	0.0023465731677629886	0.003357792804885129	0.019723361005758333	0.0021775212042773884	-0.00043933444803356814
0.00932087974594964	0.0013042991653848812	0.0034956669705585863	0.0027834389646650415	0.003981886800459522	0.021782871191154962	0.0029888433985241214	0.00037198774621405306
0.007511007158782057	0.0009922521675977958	0.003183619972771279	0.0020969355695326097	0.0030457458070975996	0.02540261636548946	0.0019902930056050483	-0.0005641532471487576
0.005201859375155271	0.0008674333684830504	0.0018730225820642321	0.001223203975727838	0.0024216518115227625	0.03014573073185911	0.000991742612685087	0.00024716894709864157
0.003766443185333257	0.0005553863706952988	0.0018106131825066374	0.00016224418325117007	0.0016103296172751413	0.03495125449778547	0.00024282981799506054	-0.0005017438475909408
0.0022062081963956093	0.000742614569368083	0.00149856618471933	-2.498401542139206e-05	0.001298282619488056	0.04006882526149935	-0.00031885477802218176	0.0004968065453287984
-0.0007894429823636084	5.611117423587331e-05	-0.0001240782037754684	-0.0016476284039166345	-7.47241707768076e-05	0.04200351664778146	-0.002378364963419699	-0.00043933444803356814
0.0007707920065735951	0.0003057487724658081	6.314999489731576e-05	-0.0012731720065717322	0.0005493698247984735	0.03869581847123493	-0.0018790897669598294	0.0004343971457712037
0.00033392620967087616	0.00018092997335061867	6.314999489731576e-05	-0.0007114874105540459	0.0005493698247984735	0.03133150932345097	-0.0016918615682870453	-0.00025210624936078396
0.0015197048012636216	0.0004305675715801094	-6.166880421787369e-05	0.00022465358280787662	0.0013606920190456506	0.022906240383190113	-0.0010677675727126523	0.0005592159448863931
0.001207657803475648	5.611117423587331e-05	-0.0005609440006779653	0.00034947238192306607	0.0011734638203728665	0.015541931235406592	-0.0013798145704997378	-0.0003145156489183787
0.0018941611986085238	0.0002433393729082134	-0.0006857627997927107	0.001035975777055942	0.0017351484163903308	0.01360723984912382	-0.0010053581731550576	0.0004343971457712037
0.0008332014061309678	5.611117423587331e-05	-0.0009354003980226455	0.0005367005805958502	0.0012358732199304612	0.01654048162832633	-0.0014422239700568884	-0.00025210624936078396
0.0013324766025908374	0.0004305675715801094	-0.0005609440006779653	0.0006615193797105956	0.001672739016832736	0.02490334116902937	-0.0013798145704997378	0.0006216253444435438
-0.0006022147836910463	-6.298225321721418e-06	-0.0009354003980226455	-0.0005866686114393005	0.0006117792243551801	0.03507607329690021	-0.002378364963419699	-0.0003145156489183787
-0.0007894429823636084	-6.870762487976023e-05	-0.0013098567953675477	-0.0014604002052440723	0.00042455102568328407	0.04456230202963862	-0.0029400495594364973	0.00030957834665645834
-0.001725583975725975	-6.298225321721418e-06	-0.0008729909984654949	-0.0020220848012608705	5.009462833838185e-05	0.05111528898317497	-0.003376915356338994	-0.00018969684980363333
-0.0010390805805939873	0.0004305675715801094	-0.0006233534002355601	-0.0015852190043590397	0.0006117792243551801	0.05304998036945663	-0.002815230760321752	0.000808853543116328
-0.0013511275783810728	0.00011852057379302394	-0.0009354003980226455	-0.001959675401704164	0.00023732282701072194	0.047745181407070625	-0.003252096557224471	-0.00018969684980363333
0.00033392620967087616	0.0003057487724658081	-0.0004361252015627759	-0.0007114874105540459	0.0009862356217000823	0.03888304666990705	-0.0023159555638616602	0.0006216253444435438
0.0002091074105565749	0.00036815817202340284	-0.0004361252015627759	-0.0001498028145370256	0.0011110544208152717	0.02789899234778903	-0.0018790897669598294	0.00012235014798345212
0.0019565705981656745	0.0008674333684830504	-6.166880421787369e-05	0.001035975777055942	0.0021720142132928277	0.018912038811510934	-0.0007557205749249007	0.001245719340018825
0.0012700672030332427	0.0004305675715801094	-0.0003737158020054032	0.000786338178825563	0.0015479202177184348	0.014044105646026983	-0.0010053581731550576	5.994074842630148e-05
0.0005211544083436603	0.0006177957702526715	-0.0006233534002355601	0.0010983851766130925	0.0017351484163903308	0.015666750034521337	-0.0010677675727126523	0.0011209005409036354
-0.004783644554042787	-0.0003807546226670677	-0.003306957581207026	-0.0010859438078993922	-0.0003243617690071865	0.020097817403103013	-0.004001009351913831	-2.4686511312932424e-06
-0.008278570929262319	-0.0010048486182419047	-0.0053664677666047655	-0.002396541198606439	-0.0016349591597140112	0.02808622054646137	-0.006310157135541283	0.0004968065453287984
-0.010088443516429457	-0.0015041238147013303	-0.005928152362621786	-0.003831957388428453	-0.002695918952191123	0.03601221429026302	-0.007495935727133363	-0.0005017438475909408
-0.009901215317757117	-0.0011920768169142448	-0.005928152362621786	-0.0038943667879860477	-0.0024462813539616324	0.040630509857516595	-0.007495935727133363	0.0004968065453287984
-0.01027567171510202	-0.001316895616028546	-0.005865742963064635	-0.004331232584888545	-0.0030079659499788747	0.03950714066548189	-0.007683163925805703	-0.0003145156489183787
-0.008091342730589979	-0.00112966741735665	-0.005241648967489576	-0.003457500991084217	-0.0021966437557314755	0.03370306650663535	-0.0066846135328857414	0.00037198774621405306
-0.006718335940325115	-0.00112966741735665	-0.004617554971914295	-0.002958225794623681	-0.00188459675794439	0.024092018974782192	-0.005935700738196603	-0.0003769250484759734
-0.003660275362008303	-0.0005679828213394078	-0.0029949105834199408	-0.0011483532074565428	-0.0003867711685647812	0.015729159434078932	-0.003876190552799308	0.0004968065453287984
-0.00197522157395591	-0.0007552110200117479	-0.0021835883891727637	-0.0007114874105540459	-0.00019954296989199705	0.009488219478329896	-0.0029400495594364973	-0.0005641532471487576
0.0002091074105565749	5.611117423587331e-05	-0.0009354003980226455	0.0004118817814806608	0.0011110544208152717	0.008614487884525124	-0.0015670427691720779	0.0004968065453287984
-0.0009766711810363926	-0.0003807546226670677	-0.0008105815989079002	-0.0001498028145370256	0.00011250402789531044	0.012109414259744211	-0.0020663179656321695	-0.00043933444803356814
-0.0009142617814787979	-6.298225321721418e-06	-0.0006857627997927107	-0.0003994404127665163	0.00042455102568328407	0.017726260219918633	-0.00175427096784464	0.0004968065453287984
-0.0011014899801506939	-0.00019352642399428355	-0.0001240782037754684	-0.0011483532074565428	-0.0002619523694491477	0.022656602784959734	-0.0020039085660741307	-0.0005017438475909408
0.003329577388430538	0.0008674333684830504	0.0020602507807370163	0.000599109980153445	0.001485510818160396	0.028023811146903777	0.00011801101887987109	0.0006840347440011385
0.0059507721698452976	0.0010546615671553905	0.003183619972771279	0.0009735663774979031	0.002484061211079913	0.02989609313362873	0.0008669238135703417	-0.00018969684980363333
0.00788546355612696	0.0014291179645002927	0.0037453045687889652	0.0020969355695326097	0.003794658601787182	0.030769824727433503	0.0016782460078175188	0.0006840347440011385
0.007011731962322187	0.0010546615671553905	0.0037453045687889652	0.0017848885717455243	0.0031081552066551943	0.030832234126991098	0.0013037896104721725	-0.0003769250484759734
0.008571966951259613	0.0014291179645002927	0.004244579765248835	0.0020969355695326097	0.0036698398026724366	0.03064500592831898	0.0021775212042773884	0.0004968065453287984
0.006637275564977285	0.0010546615671553905	0.003994942167018456	0.0011607945761706873	0.002484061211079913	0.028835133341151398	0.0014910178091449566	-0.00043933444803356814
0.005077040576040526	0.000929842768040201	0.0030588011736565335	0.0009111569779403084	0.0021720142132928277	0.026775623155754547	0.0009293332131274923	0.00037198774621405306
0.004328127781350055	0.0006177957702526715	0.0026843447763114092	0.0004742911810382555	0.0017975578159477035	0.024092018974782192	0.0004300580166674006	-0.00043933444803356814
0.0030175303906427864	0.000742614569368083	0.001685794383391226	0.0007239287792679683	0.0017975578159477035	0.02190768999027015	-0.00013162657934984168	0.0005592159448863931
0.0007707920065735951	0.0004305675715801094	0.0008744721891444929	0.0004118817814806608	0.0011734638203728665	0.020971548996907785	-0.0009429487735970188	-6.487805068888797e-05
0.0015197048012636216	0.0008674333684830504	0.0008120627895864541	0.0008487475783831577	0.0017975578159477035	0.021346005394252687	-0.0006933111753668619	0.0008712629426739227
0.000146698010998092	-6.870762487976023e-05	0.00025037819356965585	-0.0001498028145370256	0.0006117792243551801	0.021408414793810726	-0.0018166803674017906	-0.0003769250484759734
0.0006459732074584057	0.00036815817202340284	0.00031278759312702853	3.742538413575858e-05	0.000861416822585559	0.022781421584074923	-0.0014422239700568884	0.0005592159448863931
8.428861144138544e-05	0.00011852057379302394	0.0001255593944544664	-0.0005242592118812617	0.00042455102568328407	0.022594193385403027	-0.0018790897669598294	-0.00018969684980363333
0.0005211544083436603	0.00036815817202340284	0.00031278759312702853	-8.739341497943087e-05	0.0007990074230275201	0.022406965186730243	-0.0016294521687294505	0.0006216253444435438
-0.00010293958723117669	5.611117423587331e-05	0.00018796879401206112	-0.0003994404127665163	0.00042455102568328407	0.021158777195580125	-0.00175427096784464	-0.0003769250484759734
0.0005211544083436603	5.611117423587331e-05	-6.166880421787369e-05	-0.00046184981232411104	0.0007365980234703695	0.01953613280708577	-0.0016294521687294505	0.00030957834665645834
-0.0001653489867892155	-6.298225321721418e-06	0.000437606392242218	-0.0003370310132089216	0.0004869604252408788	0.018849629411953117	-0.0015046333696144831	-0.0003145156489183787
-0.00010293958723117669	-6.870762487976023e-05	-6.166880421787369e-05	-0.0005242592118812617	0.0004869604252408788	0.017601441420803443	-0.0015670427691720779	0.00037198774621405306
-0.00029016778590351677	5.611117423587331e-05	6.314999489731576e-05	-0.00046184981232411104	0.0004869604252408788	0.016977347425228606	-0.0016294521687294505	-0.0003145156489183787
-0.0001653489867892155	-6.298225321721418e-06	-0.00024889700289021377	-0.00021221221409417623	0.0005493698247984735	0.01722698502345854	-0.0016918615682870453	0.00037198774621405306
-0.0011014899801506939	-0.00044316402222466245	-0.0006857627997927107	-0.0007738968101116406	5.009462833838185e-05	0.01735180382257351	-0.002191136764746915	-0.000688972046263725
0.0002715168101137255	5.611117423587331e-05	-0.0003737158020054032	-0.00021221221409417623	0.0007990074230275201	0.01853758241416581	-0.0018166803674017906	0.00030957834665645834
-0.0007270335828062358	-6.870762487976023e-05	-0.0003737158020054032	-0.00027462161365177096	0.0002997322265680946	0.020097817403103013	-0.00212872736518932	-0.00043933444803356814
-0.00047739598457630095	0.00011852057379302394	-0.0005609440006779653	-0.00027462161365177096	0.0006117792243551801	0.021845280590712557	-0.00194149916651698	0.00037198774621405306
-0.0009142617814787979	-0.00025593582355187827	-0.0004361252015627759	-0.0008363062096690133	0.0001749134274531272	0.022843830983632296	-0.0024407743629770717	-0.0005017438475909408
-0.001725583975725975	-6.298225321721418e-06	-0.0008729909984654949	-0.000898715609226608	0.00011250402789531044	0.024154428374339787	-0.002815230760321752	0.00030957834665645834
-0.006967973538554606	-0.00112966741735665	-0.003369366980765065	-0.002770997595951341	-0.0017597779588287565	0.02234455578717265	-0.0054364255417365115	-0.000688972046263725
-0.008216161529704724	-0.0012544862164718396	-0.004367917373684582	-0.002958225794623681	-0.0020094155570586913	0.020909139597350634	-0.006185338336426094	0.00037198774621405306
-0.009526758920411993	-0.001566533214259369	-0.004804783170587079	-0.003395091591525734	-0.002758328351748718	0.01859999181372296	-0.00674702293244378	-0.0005641532471487576
-0.00896507432439475	-0.0014417144151441796	-0.005116830168374165	-0.0031454539932962433	-0.002508690753518783	0.014855427840273716	-0.006497385334213401	0.00024716894709864157
-0.00896507432439475	-0.0016913520133741144	-0.005054420768817014	-0.0032702727924114328	-0.0028207377513060905	0.010549179270807008	-0.006497385334213401	-0.000688972046263725
-0.007342429935899508	-0.001379305015587029	-0.004367917373684582	-0.0022093129999336547	-0.002134234356173881	0.007740756290719908	-0.005374016142178473	5.994074842630148e-05
-0.0066559265407675205	-0.001316895616028546	-0.004118279775454203	-0.0020844942008184653	-0.0020094155570586913	0.005431608507093344	-0.004937150345276642	-0.000688972046263725
-0.003597865962450708	-0.0005679828213394078	-0.0026204541860745945	-0.0007738968101116406	-0.0005739993672366772	0.006617387098685423	-0.003189687157666654	0.00030957834665645834
-0.0026617249690883416	-0.0003807546226670677	-0.0014346755944827372	-0.0005242592118812617	-0.0003243617690071865	0.00992508527523217	-0.0025031837625342224	-0.0003145156489183787
-0.0013511275783810728	-0.00019352642399428355	-0.0009978097975802402	-0.0003994404127665163	0.00036214162612568934	0.014231333844699101	-0.0018790897669598294	0.0004343971457712037
-0.002349677971301034	-0.0006303922208965584	-0.0010602191971373909	-0.0013355814061288829	-0.00044918056812148777	0.018662401213280555	-0.002815230760321752	-0.0006265626467061303
-0.0013511275783810728	-0.00013111702443668882	-0.0004361252015627759	-0.0008363062096690133	0.0002997322265680946	0.023280696780535015	-0.002191136764746915	0.00030957834665645834
-0.0007270335828062358	-0.00025593582355187827	7.405953397210396e-07	-0.0012107626070141375	0.0001749134274531272	0.024840931769471775	-0.00212872736518932	-0.0006265626467061303
0.003953671384005375	0.000742614569368083	0.002559525977196442	0.0004742911810382555	0.0020471954141780824	0.026401166758409422	0.00030523921755221117	0.0004968065453287984
0.005451496973385206	0.0005553863706952988	0.00362048576967422	0.0007239287792679683	0.0019847860146200436	0.024279247173454976	0.001178970811357427	-0.000688972046263725
0.007074141361880004	0.0009922521675977958	0.004057351566576051	0.0013480227748430273	0.0027961082088672207	0.020409864400890543	0.002052702405162643	0.00012235014798345212
0.007573416558339652	0.0010546615671553905	0.004806264361266077	0.001847297971303119	0.0027961082088672207	0.017164575623900946	0.002489568202064696	-0.0005641532471487576
0.00869678575037458	0.00136670856494292	0.005055901959496234	0.0025962107659927014	0.0034202022044425018	0.014917837239831533	0.003300890396311873	0.00037198774621405306
0.006886913163207664	0.0009922521675977958	0.004244579765248835	0.0019097073708602696	0.002733698809310514	0.012795917654876643	0.0026143870011794412	-0.00043933444803356814
0.005389087573827611	0.000929842768040201	0.003370848171444063	0.0016600697726305569	0.002359242411965168	0.013170374052221767	0.0019278836060474536	0.00037198774621405306
0.004452946580465245	0.0009922521675977958	0.0030588011736565335	0.0015352509735153674	0.0021720142132928277	0.0158539782331939	0.0014910178091449566	-0.0001272874502455945
0.0020189799977237133	0.0004929769711381482	0.00149856618471933	0.0005367005805958502	0.001485510818160396	0.0170397568247862	-6.807780234874272e-06	0.0004968065453287984
0.0002091074105565749	5.611117423587331e-05	0.0005624251913569633	-0.0003994404127665163	0.0002997322265680946	0.017476622621688254	-0.0010677675727126523	-0.00043933444803356814
0.0006459732074584057	0.0002433393729082134	0.0006248345909145581	-0.0003370310132089216	0.0005493698247984735	0.01722698502345854	-0.0008181299744822734	0.00030957834665645834
8.428861144138544e-05	-6.298225321721418e-06	0.0006248345909145581	-0.0005242592118812617	0.00011250402789531044	0.014668199641601376	-0.0011925863718269536	-0.00043933444803356814
0.001020429604803752	0.0003057487724658081	0.001061700387816833	0.00022465358280787662	0.0005493698247984735	0.011734957862399531	-0.0004436735771373712	0.0004343971457712037
0.0002091074105565749	-6.870762487976023e-05	0.0006248345909145581	-0.00027462161365177096	-1.2314771219212872e-05	0.00736629989337545	-0.0009429487735970188	-0.0005017438475909408
0.001644523600378145	0.0004305675715801094	0.0012489285864896171	0.000786338178825563	0.0011110544208152717	0.005868474303995841	-6.9217179792469e-05	0.0006216253444435438
8.428861144138544e-05	-0.00013111702443668882	0.0008120627895864541	0.00034947238192306607	0.00036214162612568934	0.006242930701340521	-0.0006933111753668619	-0.00043933444803356814
0.0005211544083436603	5.611117423587331e-05	0.0006248345909145581	0.00034947238192306607	0.000861416822585559	0.009113763080985438	-0.0006309017758092672	0.00037198774621405306
-0.00022775838634592205	5.611117423587331e-05	0.0006872439904721528	-0.00021221221409417623	0.0004869604252408788	0.013669649248681415	-0.0011301769722693589	-0.0003769250484759734
-0.00010293958723117669	0.0002433393729082134	0.0006872439904721528	-0.0001498028145370256	0.0007365980234703695	0.019161676409740647	-0.0010053581731550576	0.0004343971457712037
-0.0014759463774958181	-0.0003183452231090289	7.405953397210396e-07	-0.0011483532074565428	-1.2314771219212872e-05	0.022219736988057903	-0.0020039085660741307	-0.0005017438475909408
-0.0006022147836910463	-6.298225321721418e-06	6.314999489731576e-05	-0.000898715609226608	0.0002997322265680946	0.023779971976995107	-0.0018166803674017906	0.00037198774621405306
-0.0011638993797087327	-0.00025593582355187827	6.314999489731576e-05	-0.0010859438078993922	-1.2314771219212872e-05	0.02271901218451733	-0.00194149916651698	-0.0005017438475909408
2.1879211883790717e-05	5.611117423587331e-05	0.00025037819356965585	-0.00046184981232411104	0.0006117792243551801	0.019473723407527732	-0.0012549957713845483	0.00024716894709864157
-0.0009142617814787979	-0.0005055734217818131	-6.166880421787369e-05	-0.0009611250087842027	-0.00019954296989199705	0.014480971442929036	-0.0016294521687294505	-0.0007513814458208756
8.428861144138544e-05	-6.298225321721418e-06	0.00031278759312702853	-0.0001498028145370256	0.00042455102568328407	0.010611588670364602	-0.0006309017758092672	0.00024716894709864157
-0.00022775838634592205	-0.00013111702443668882	0.00037519699268462325	-0.0003370310132089216	0.0001749134274531272	0.006679796498243018	-0.0005060829766949659	-0.0005017438475909408
-0.001288718178823478	-0.00025593582355187827	-0.0004985346011205927	-0.0003994404127665163	-1.2314771219212872e-05	0.004557876913288128	-0.0010053581731550576	0.00024716894709864157
-0.006905564138997455	-0.00094243921868431	-0.0030573199829775355	-0.0018348566025889745	-0.0018221873583863513	0.0032472795225810813	-0.003439324755896589	-0.0003769250484759734
-0.0077168863332450766	-0.00112966741735665	-0.004180689175011798	-0.0020844942008184653	-0.001697368559271606	0.004058601716828258	-0.00425064695014421	0.00037198774621405306
-0.00896507432439475	-0.001316895616028546	-0.00449273617279955	-0.002521359997720962	-0.0023838719544040377	0.0063677495004554885	-0.005061969144391387	-0.00043933444803356814
-0.00908989312350994	-0.0012544862164718396	-0.004867192570144674	-0.002521359997720962	-0.002321462554846443	0.008864125482755059	-0.005186787943506133	0.00037198774621405306
-0.008902664924837156	-0.00112966741735665	-0.004430326773241955	-0.002770997595951341	-0.002508690753518783	0.010112313473904733	-0.0054364255417365115	-0.00043933444803356814
-0.007779295732802227	-0.001566533214259369	-0.004180689175011798	-0.0027085881963937464	-0.0024462813539616324	0.010549179270807008	-0.005249197343064171	-6.487805068888797e-05
-0.007030382938112201	-0.0012544862164718396	-0.0034317763803222157	-0.0024589505981640336	-0.002321462554846443	0.010112313473904733	-0.004687512747046485	-0.0006265626467061303
-0.0037226847615658976	-0.0006303922208965584	-0.001871541391385012	-0.0013355814061288829	-0.0008860463650244288	0.00967544767700268	-0.0031272777581092814	0.00030957834665645834
-0.002599315569530747	-0.00025593582355187827	-0.0005609440006779653	-0.0007738968101116406	-0.0006364087667940499	0.00986267587567502	-0.0022535461643045096	-0.00025210624936078396
-0.001288718178823478	-0.00013111702443668882	-0.00018648760333306313	-0.00027462161365177096	5.009462833838185e-05	0.00998749467479021	-0.0013798145704997378	0.0004343971457712037
-0.0015383557770534129	-0.00044316402222466245	-0.0004361252015627759	-0.0009611250087842027	-0.0003243617690071865	0.00992508527523217	-0.0018166803674017906	-0.0005641532471487576
-0.0009766711810363926	-0.00013111702443668882	-6.166880421787369e-05	-0.00027462161365177096	0.0001749134274531272	0.01217182365930225	-0.0012549957713845483	0.00030957834665645834
-0.0006022147836910463	-0.00044316402222466245	6.314999489731576e-05	-0.0006490780109964511	-7.47241707768076e-05	0.013544830449567113	-0.0011925863718269536	-0.0008137908453784704
0.00439053718090765	0.000742614569368083	0.0023722977785241017	0.0009735663774979031	0.0020471954141780824	0.01629084403009573	0.0013037896104721725	0.00024716894709864157
0.005638725172057768	0.0006802051698104883	0.0037453045687889652	0.0013480227748430273	0.0022344236128504225	0.017788669619475783	0.0021775212042773884	-0.000688972046263725
0.00669968496453488	0.0009922521675977958	0.004119760966133645	0.0016600697726305569	0.0027961082088672207	0.017788669619475783	0.0028016151998522254	0.00024716894709864157
0.006762094364092475	0.0003057487724658081	0.004369398564363802	0.0010983851766130925	0.002296833012407573	0.01666530042744152	0.0025519776016222906	-0.0010634284436088492
0.008197510553914489	0.0013042991653848812	0.005555177155956104	0.002221754368647799	0.0032953834053273123	0.017289394423015914	0.0038001655927717426	5.994074842630148e-05
0.0053266781742700164	0.00018092997335061867	0.003994942167018456	0.0007239287792679683	0.0017351484163903308	0.014855427840273716	0.0021151118047193496	-0.0011258378431655558
0.004827402977810147	0.000742614569368083	0.0037453045687889652	0.0010983851766130925	0.0019847860146200436	0.014044105646026983	0.0019902930056050483	0.00012235014798345212
