Sensor_1	Sensor_2	Sensor_3	Sensor_4	Sensor_5	Sensor_6	Sensor_7	Sensor_8
0.005011534073396495	0.0025396256961929264	0.00385197055008768	0.001283845601586897	0.0013971717097731595	0.0021723807049660593	0.0031348990310522407	0.00029132707713430683
0.0018286546959644934	0.001603484702831004	0.002354144960708071	0.0006597516060120601	0.0006482589150840212	0.0010490115129315747	0.0015122546425576644	-0.00020794811932578483
0.001454198298619147	0.0009169813076985722	0.0006690911726556781	0.0003477046082249746	0.0006482589150840212	0.0006121457160290777	0.0005761136491952978	0.00029132707713430683
0.001266970099947251	0.000729753109025788	0.0005442723735409327	0.0005349328068973147	0.0007106683146407278	0.0010490115129315747	0.00020165725185061767	-0.0003327669184405302
0.001703835896849304	0.00048011551079585324	-0.0002670498207066885	0.0007845704051270275	0.00108512471198563	0.0014858773098340716	7.683845273542822e-05	0.00029132707713430683
0.0016414264972917092	0.00041770611123848056	-0.0003294592202638391	0.0009093892042422169	0.0012099435111008194	0.0021099713054086866	-4.798034637976123e-05	-0.0003327669184405302
0.001266970099947251	-1.9159685664238424e-05	-0.0006415062180515907	0.0009717986037998116	0.0009603059128708846	0.0021099713054086866	-0.00011038974593713391	0.00029132707713430683
0.0003308291065848845	-0.00033120668345176796	-0.0007039156176087413	0.00022288580911022926	0.00021139311818085815	0.0018603337071791959	-0.0003600273441670687	-0.0007696327153434712
0.0007052855039291206	-0.0002687972838939512	-0.0002670498207066885	3.5657610437445086e-05	0.0002738025177384529	0.0019851525062939412	7.683845273542822e-05	0.0002289176775767121
-0.0008549494850076389	-0.0008928912794685662	0.00016981597619558642	-0.0006508457846945426	-0.0008495666742960317	0.0019851525062939412	-0.00023520854505187927	-0.0007072233157858765
-0.0004804930876627367	-0.0005808442816810366	0.0006066817730980834	-0.0005260269855802413	-0.0005375196765087242	0.0031709310978860206	0.00032647605096536303	0.00035373647669190156
-0.0009797682841223843	-0.0007056630807962261	0.0006690911726556781	-0.0012749397802698237	-0.0010992042725264106	0.0034205686961163995	-0.00023520854505187927	-0.000582404516670465
-0.0007925400854502662	-0.0007680724803538208	0.0006066817730980834	-0.0008380739833671047	-0.0009119760738536264	0.00348297809567355	-4.798034637976123e-05	0.00029132707713430683
-0.0008549494850076389	-0.0005808442816810366	0.00041945357442574327	-0.0007756645838099541	-0.0004751102769511295	0.00329574989700121	-0.00023520854505187927	-0.00045758571755571964
0.0005804667048143752	-0.00020638788433635646	-7.98216220339043e-05	-0.00021397998779226768	0.0003362119172960476	0.002921293499656308	-0.000297617944609474	0.00029132707713430683
0.00020601030746969506	-0.00033120668345176796	-0.00039186861982143384	0.00016047640955219045	0.0002738025177384529	0.002422018303196438	-0.0006720743419541542	-0.00045758571755571964
0.0010173325017173163	-0.00014397848477898378	-0.0009535532158391202	0.00047252340733972	0.0010227153124284794	0.002297199504081693	-0.00048484614328137	0.00029132707713430683
0.0008301043030447541	-0.00014397848477898378	-0.0009535532158391202	0.0005349328068973147	0.0008978965133132899	0.00223479010452432	-0.0006720743419541542	-0.0005199951171128703
0.0013293794995048458	-0.00020638788433635646	-0.0006415062180515907	0.0010342080033574064	0.0012099435111008194	0.002921293499656308	-0.00023520854505187927	0.0004161458762490522
-0.001853499877927156	-0.0012049382772563177	-0.0014528284122987678	-0.0002763893873498624	-0.00016306327916404406	0.0025468371023111835	-0.0012337589379718406	-0.00045758571755571964
-0.006346976646066871	-0.0033892672617685804	-0.003325110399023501	-0.001836624376287066	-0.0019729358663311825	0.0012986491111615095	-0.003293269123369136	0.00035373647669190156
-0.008593715030136284	-0.0042005894560157575	-0.0035747479972534357	-0.002710355970092282	-0.0032211238574808565	0.0012986491111615095	-0.0039797725185013455	-0.00027035751888337956
-0.008905762027923592	-0.0048246834515905945	-0.004136432593271122	-0.003708906363012243	-0.0038452178530556935	0.0010490115129315747	-0.004291819516288653	0.0001040988784617447
-0.010091540619515671	-0.005323958648050686	-0.004386070191500835	-0.004083362760357145	-0.004406902449073158	0.0003000987182415482	-0.004853504112305895	-0.0006448139162282818
-0.008156849233234453	-0.00445022705424547	-0.004323660791943462	-0.003084812367436962	-0.003345942656596046	0.00017527991912680285	-0.004229410116731058	0.00035373647669190156
-0.0066590236438544	-0.0037637236591130385	-0.004323660791943462	-0.002710355970092282	-0.0025346204623484248	-0.0005112234760056289	-0.0039797725185013455	-0.0005199951171128703
-0.004287466460669576	-0.002827582665750672	-0.003949204394598338	-0.0011501209811546342	-0.0009743854734112212	-0.0005736328755632236	-0.0031684503242537243	0.00035373647669190156
-0.0034761442664223985	-0.002577945067520959	-0.0042612513923858675	-0.0008380739833671047	-0.0007871572747391031	-0.0010104986724657206	-0.003293269123369136	-0.0006448139162282818
1.8782108797132935e-05	-0.0009553006790261609	-0.0029506540016788207	0.00047252340733972	0.0010227153124284794	0.000549736316471483	-0.001545805935758926	0.0004161458762490522
-0.0004804930876627367	-0.0010177100785841997	-0.0023265600061035396	0.00041011400778212526	0.00046103071641123705	0.0013610585107191042	-0.0016082153353169648	-0.00045758571755571964
-0.00016844608987520715	-0.0009553006790261609	-0.0015776472114139573	0.00041011400778212526	0.00046103071641123705	0.002921293499656308	-0.0007968931410693436	0.00035373647669190156
-0.0009173588845656777	-0.0009553006790261609	-0.0006415062180515907	-0.00040120818646505185	-0.00022547267872163879	0.004294300289921171	-0.0006720743419541542	-0.00027035751888337956
0.0007676949034871594	-0.0005808442816810366	0.0009811381704432076	-0.00021397998779226768	-0.00022547267872163879	0.006041763477530493	0.0006385230487528926	0.0004161458762490522
0.0030768426871139454	0.0007921625085829387	0.0031654671549556923	3.5657610437445086e-05	0.00014898371862392956	0.007726817265582886	0.002261167437247469	-0.00020794811932578483
0.006072493865873607	0.002227578698405841	0.004725702143892452	0.0009093892042422169	0.0013971717097731595	0.008538139459830063	0.0038214024261846724	0.0005409646753642416
0.004761896475166116	0.0014786659037158145	0.003976789349202869	0.00041011400778212526	0.00046103071641123705	0.00685308567177767	0.0027604426337073384	-0.0007696327153434712
0.008069594651713308	0.0033509478904401035	0.0047881115434500465	0.001970348996719329	0.002582950301365683	0.006728266872663147	0.004195858823529797	0.00029132707713430683
0.008506460448615139	0.0036005854886704824	0.004413655146104922	0.002095167795834074	0.002832587899596062	0.005417669481955878	0.0038214024261846724	-0.0007072233157858765
0.007944775852598118	0.0034133572899981424	0.003415104753184961	0.0028440805905245448	0.0035190912947280495	0.004419119089035917	0.0033845366292826196	0.00035373647669190156
0.0055732186694137376	0.0022899880979629916	0.0017924603646903847	0.002095167795834074	0.0027077691004808724	0.0033581592965588047	0.002011529839017756	-0.0005199951171128703
0.006758997261005595	0.002602035095750521	0.0021045073624781363	0.0027192617914093553	0.00339427249561286	0.004419119089035917	0.002448395635919809	0.00035373647669190156
0.001891064095521644	0.000542524910353448	0.0006066817730980834	0.0012214362020293024	0.0013971717097731595	0.003919843892576491	0.0005137042496381472	-0.0005199951171128703
0.001454198298619147	0.00023047791256614047	0.0007315005722132728	0.0007845704051270275	0.0010227153124284794	0.005168031883725499	0.0007633418478674159	0.00035373647669190156
-0.0002932648889903966	-0.0008928912794685662	0.0006066817730980834	-0.0009628927824827382	-0.0008495666742960317	0.005168031883725499	-0.00011038974593713391	-0.0008944515144582166
-0.00041808368810558605	-0.0010801194781411283	0.0009811381704432076	-0.0010253021820398889	-0.0009119760738536264	0.005729716479743185	0.00032647605096536303	-2.0719920653000656e-05
-0.0009797682841223843	-0.0012049382772563177	0.0009811381704432076	-0.001649396177614726	-0.001411251270313496	0.004980803685053603	0.00020165725185061767	-0.0007696327153434712
0.0003308291065848845	-0.0004560254825662913	0.0011683663691157697	-0.0007756645838099541	-0.0004751102769511295	0.004356709689478322	0.0005761136491952978	0.00035373647669190156
-0.00016844608987520715	-0.0004560254825662913	0.0006066817730980834	-0.0006508457846945426	-0.0004751102769511295	0.002921293499656308	1.4429053178277584e-05	-0.0005199951171128703
0.001454198298619147	0.00035529671168044175	-1.741222247630958e-05	0.00022288580911022926	0.0007730777141983225	0.0021723807049660593	0.0002640666514077683	0.0004161458762490522
0.0013293794995048458	0.00048011551079585324	-7.98216220339043e-05	0.0007845704051270275	0.00108512471198563	0.001610696108949261	-0.00017279914549472863	-0.0003327669184405302
0.001079741901274467	-8.156908522138906e-05	-0.001203190814068833	0.0007845704051270275	0.0010227153124284794	0.0013610585107191042	-0.0006096649423970035	0.0001040988784617447
0.0007052855039291206	-0.00014397848477898378	-0.0013904190127416172	0.00047252340733972	0.0009603059128708846	0.00223479010452432	-0.0008593025406269383	-0.000582404516670465
0.00020601030746969506	-0.0008304818799114155	-0.0014528284122987678	0.0002852952086673799	0.0003362119172960476	0.00348297809567355	-0.0010465307392990564	-8.312932021059538e-05
-0.0009797682841223843	-0.0012673476768134684	-0.0008911438162815255	-0.00033879878690745713	-0.00035029147783594006	0.004918394285496008	-0.0009217119401845331	-0.0007696327153434712
0.00014360090791232238	-0.0007056630807962261	4.4997177080396966e-05	-0.0002763893873498624	2.4164919508296023e-05	0.006603448073548401	7.683845273542822e-05	0.0004785552758066469
-0.0011045870832380178	-0.0012673476768134684	0.0005442723735409327	-0.0010253021820398889	-0.0009119760738536264	0.006728266872663147	-0.00017279914549472863	-0.0003951763179981249
-0.0011669964827951684	-0.0012673476768134684	0.00041945357442574327	-0.0011501209811546342	-0.001036794872968816	0.006416219874875617	1.4429053178277584e-05	0.0004785552758066469
-0.0012918152819103579	-0.0012673476768134684	0.00041945357442574327	-0.0015869867780573532	-0.0012240230716416	0.0052928506828406885	-0.00017279914549472863	-0.0006448139162282818
0.00014360090791232238	-0.0002687972838939512	0.0008563193713284623	-0.0002763893873498624	-0.00022547267872163879	0.0040446626916912365	0.00032647605096536303	0.0005409646753642416
-0.002914459670404712	-0.0016418040741585926	-0.0013280096131840224	-0.001212530380712229	-0.0012240230716416	0.00223479010452432	-0.0016706247348743375	-0.0006448139162282818
-0.006222157846951681	-0.003014810864423456	-0.004198841992828273	-0.0018990337758451048	-0.0015984794689865023	-0.0009480892729081258	-0.0037925443198285613	0.00035373647669190156
-0.007220708239871199	-0.003514086060883548	-0.005072573586633045	-0.0018990337758451048	-0.002097754665446372	-0.002820371259632859	-0.004728685313191372	-0.000582404516670465
-0.006721433043411107	-0.0035764954604406984	-0.005447029983977947	-0.0014621679789421638	-0.0015984794689865023	-0.0026955524605181136	-0.004479047714961437	0.0002289176775767121
-0.00796962103456167	-0.004075770656900568	-0.006008714579995633	-0.0018990337758451048	-0.002035345265888333	-0.0026331430609600748	-0.005165551110093425	-0.00045758571755571964
-0.006596614244296806	-0.0037637236591130385	-0.005134982986190639	-0.0012749397802698237	-0.0015360700694284635	-0.0008856798733503091	-0.004229410116731058	0.0005409646753642416
-0.006284567246509276	-0.0035764954604406984	-0.00444847959105843	-0.0018990337758451048	-0.0019729358663311825	0.0006121457160290777	-0.0037925443198285613	-0.00027035751888337956
-0.004973969855802007	-0.0032020390630962403	-0.003075472800793566	-0.0015869867780573532	-0.0015984794689865023	0.002484427702753589	-0.002606765728236704	0.0006657834744794311
-0.004537104058899066	-0.0032020390630962403	-0.0021393318074314216	-0.0018990337758451048	-0.002035345265888333	0.003545387495231145	-0.0021074905317766124	-0.00027035751888337956
-0.0020407280765999403	-0.002203488670176279	-0.0010159626153962709	-0.0015245773784997585	-0.0011616136720835613	0.0046687566872660735	-0.0009217119401845331	0.00035373647669190156
-0.0017910904783704495	-0.0018290322728313768	-0.00045427801937902856	-0.001649396177614726	-0.0012864324711991948	0.004419119089035917	-0.0009217119401845331	-0.00045758571755571964
-0.0008549494850076389	-0.0012673476768134684	-0.0002670498207066885	-0.0007756645838099541	-0.0005375196765087242	0.0040446626916912365	-0.00048484614328137	0.00029132707713430683
-0.0009173588845656777	-0.0010177100785841997	-0.000766325017166336	-0.0008380739833671047	-0.0004127008773935348	0.0029837028992136805	-0.0007968931410693436	-0.0005199951171128703
0.0028272050888844547	0.00035529671168044175	0.00023222537575318114	0.00047252340733972	0.00108512471198563	0.0034205686961163995	0.0004512948500801084	0.0001040988784617447
0.005385990470740731	0.0018531223010604947	0.0020420979629205416	0.0018455301976045835	0.002146084504463186	0.004606347287708701	0.0018867110399025666	-0.000582404516670465
0.0072582724574656865	0.002664444495307672	0.0024165543602652217	0.002344805394064453	0.0030822254978251085	0.005230441283283094	0.002822852033264489	0.00035373647669190156
0.007383091256580876	0.0029764914930954234	0.0032902859540699936	0.0026568523918517606	0.003144634897382703	0.006228991676203277	0.0031348990310522407	-0.00020794811932578483
0.008444051049057544	0.003101310292210613	0.003976789349202869	0.002781671190966506	0.0030822254978251085	0.0074147702677955785	0.0038214024261846724	0.0002289176775767121
0.008069594651713308	0.0034133572899981424	0.0047881115434500465	0.0024072147936218258	0.002832587899596062	0.008538139459830063	0.004320677622644542	-0.00027035751888337956
0.005635628068970888	0.002040350499733057	0.0037895611505300852	0.0014086644007020865	0.0017716281071185058	0.00791404546425567	0.0031973084306100574	0.0002289176775767121
0.003576117883573593	0.0010418001068128735	0.0031654671549556923	0.0002852952086673799	0.0005234401159683877	0.00735236086823754	0.002261167437247469	-0.0006448139162282818
0.004449849477378809	0.0015410753032734092	0.0035399235523001504	0.0006597516060120601	0.0011475341115436688	0.0074147702677955785	0.0027604426337073384	0.0002289176775767121
0.00020601030746969506	-1.9159685664238424e-05	0.0014180039673452605	-0.0005260269855802413	-0.00035029147783594006	0.004793575486381263	0.0004512948500801084	-0.000582404516670465
0.0009549231021592774	-8.156908522138906e-05	0.0007315005722132728	-0.00015157058823511704	8.65743190656687e-05	0.0037950250934610796	0.00038888545052251366	0.0001040988784617447
0.0008925137026016827	0.0002928873121237352	0.0003570441748683706	-8.916118867774436e-05	0.0003362119172960476	0.0023596089036388435	1.4429053178277584e-05	-0.00045758571755571964
0.002265520492866324	0.0009169813076985722	0.0005442723735409327	0.0011590268024721517	0.0013347623102160089	0.0019851525062939412	0.0005761136491952978	0.0006033740749218364
0.0011421513008320616	0.000542524910353448	-0.0002670498207066885	0.0007845704051270275	0.0008978965133132899	0.0009241927138168293	-0.00011038974593713391	-0.00020794811932578483
0.0019534734950792387	0.0006049343099110427	-0.0003294592202638391	0.001096617402914557	0.001521990508888349	0.001423467910276699	0.00013924785229302294	0.00029132707713430683
0.0003308291065848845	-0.0004560254825662913	-0.0005166874189364012	0.0003477046082249746	0.0002738025177384529	0.002047561905851536	-0.0005472555428398529	-0.000582404516670465
0.0007676949034871594	-0.00020638788433635646	-0.00014223102159149903	0.0005973422064544653	0.0006482589150840212	0.004107072091248831	0.00013924785229302294	0.00035373647669190156
-4.362729076046179e-05	-0.0005808442816810366	0.00023222537575318114	-0.00015157058823511704	8.65743190656687e-05	0.005417669481955878	1.4429053178277584e-05	-8.312932021059538e-05
-0.0016038622796976654	-0.002390716868848619	0.0006066817730980834	-8.916118867774436e-05	-0.00022547267872163879	0.023329167154955144	-0.0006096649423970035	0.0007281928740365817
-0.0005429024872198873	-0.0035764954604406984	-0.000579096818493996	-0.0023983089723047524	-0.0008495666742960317	0.029507697711146363	-0.0017330341344319322	-0.0003327669184405302
-0.00010603669031805651	-0.0033892672617685804	-0.0007039156176087413	-0.0017118055771723206	-0.0002878820782792335	0.02907083191424409	-0.001545805935758926	0.0004785552758066469
-0.001479043480582698	-0.0036389048599987373	-0.0008911438162815255	-0.0017118055771723206	-0.0007247478751812864	0.02513903974212206	-0.002169899931334207	-0.0007072233157858765
0.0004556479056991858	-0.0018290322728313768	-0.000579096818493996	-0.0002763893873498624	0.0007106683146407278	0.019022918585488435	-0.0010465307392990564	0.0004161458762490522
0.0010173325017173163	-0.0012049382772563177	-0.0012656002136266498	-2.6751789120149638e-05	0.0009603059128708846	0.012345112832837124	-0.00135857773708703	-0.0003951763179981249
0.001891064095521644	-0.0008304818799114155	-0.001203190814068833	0.0006597516060120601	0.0016468093080030943	0.009723918051422364	-0.0009217119401845331	0.00035373647669190156
0.00039323850614159106	-0.0013297570763715072	-0.0013280096131840224	0.00047252340733972	0.0011475341115436688	0.011159334241244823	-0.0012961683375294353	-0.0005199951171128703
0.0009549231021592774	-0.0018914416723887495	-0.0015152378118563625	0.0003477046082249746	0.0012099435111008194	0.015278354612039191	-0.001545805935758926	0.00016650827801933943
-0.0027896408712899667	-0.004075770656900568	-0.0027634258030060366	-0.0011501209811546342	-0.0005375196765087242	0.020895200572212724	-0.0031684503242537243	-0.000582404516670465
-0.008156849233234453	-0.007196240634775419	-0.005259801785305607	-0.003147221766994557	-0.0022225734645608952	0.02545108673990959	-0.005602416906996144	0.00035373647669190156
-0.00834407743190635	-0.007882744029907851	-0.004822935988403554	-0.003708906363012243	-0.0027842580605788037	0.02932046951247358	-0.005976873304340602	-0.0003951763179981249
-0.008406486831463944	-0.008444428625925093	-0.005259801785305607	-0.003896134561684139	-0.0028466674601359543	0.03187925489433119	-0.005976873304340602	0.0004785552758066469
-0.00940503722438324	-0.008694066224154584	-0.006071123979552784	-0.0048946849546043225	-0.003533170855267942	0.028696375516899186	-0.006788195498588667	-0.0006448139162282818
-0.007407936438543983	-0.007445878233005132	-0.0055094393835355415	-0.003771315762569394	-0.0025970298619060195	0.022580254360265117	-0.005852054505225857	0.0001040988784617447
-0.00572288265049159	-0.005323958648050686	-0.00444847959105843	-0.002460718371862347	-0.0015984794689865023	0.015840039208056877	-0.004728685313191372	-0.00027035751888337956
-0.0034761442664223985	-0.0037637236591130385	-0.004074023193713083	-0.0013373491798269743	-0.00035029147783594006	0.010098374448767489	-0.003667725520713816	0.00029132707713430683
-0.002290365674829875	-0.0028899920653082667	-0.003075472800793566	-0.0006508457846945426	-3.824448004885461e-05	0.008288501861600794	-0.003043631525138979	-0.00045758571755571964
-4.362729076046179e-05	-0.0019538510719463442	-0.002014513008316232	0.00047252340733972	0.0011475341115436688	0.011721018837262065	-0.0017330341344319322	0.0006657834744794311
-0.0007925400854502662	-0.0029524014648658614	-0.002264150606545945	-0.000588436385137836	0.0003362119172960476	0.017275455397878448	-0.002357128130006547	-0.0003951763179981249
8.119150835450561e-05	-0.0033892672617685804	-0.0015152378118563625	-0.00015157058823511704	0.0007106683146407278	0.025825543137254492	-0.0017954435339890829	0.0005409646753642416
-0.0013542246814675085	-0.0048246834515905945	-0.001827284809643448	-0.0015245773784997585	-0.0002878820782792335	0.032877805287250705	-0.0025443563286791093	-0.0003327669184405302
0.0022031110933091735	-0.004013361257343417	-0.00020464042114909375	-0.0009628927824827382	0.0008978965133132899	0.038869107644769585	-0.001108940138856651	0.00035373647669190156
0.004886715274281306	-0.002640354467078554	0.0018548697642479794	-0.00015157058823511704	0.0015843999084454996	0.041178255428396815	0.00032647605096536303	-0.00027035751888337956
0.006259722064545725	-0.0016418040741585926	0.0024165543602652217	0.00041011400778212526	0.0022709033035779314	0.03843224184786709	0.0013250264438853243	0.00035373647669190156
0.006571769062333699	-0.0006432536812386314	0.0027286013580525292	0.0005349328068973147	0.0023957221026928988	0.03162961729610081	0.0015122546425576644	-0.0003951763179981249
0.009629829640650067	0.001603484702831004	0.004413655146104922	0.002344805394064453	0.003831138292515579	0.02513903974212206	0.003446946028839326	0.0006657834744794311
0.008943326245517635	0.002477216296635776	0.004413655146104922	0.0026568523918517606	0.0037687288929579843	0.018461233989471193	0.0035717648279545156	-0.0001455387197681901
0.006946225459677935	0.001977941100175684	0.002978238956282908	0.002157577195391669	0.00339427249561286	0.013530891424429203	0.0025108050354774036	0.0004161458762490522
0.005385990470740731	0.001353847104600625	0.0027286013580525292	0.0019079395971621782	0.002520540901808088	0.013468482024872053	0.0017618922407873772	-0.00027035751888337956
0.005011534073396495	0.000729753109025788	0.0022293261615924376	0.001720711398489394	0.002582950301365683	0.016713770801861205	0.0015746640421152591	0.0005409646753642416
0.0010173325017173163	-0.0014545758754862526	0.00029463477531077586	-2.6751789120149638e-05	0.0008354871137559172	0.020083878377965547	-0.0007968931410693436	-0.0003327669184405302
0.0012045607003892123	-0.0022658980697329856	0.00023222537575318114	-8.916118867774436e-05	0.0007730777141983225	0.02538867734035244	-0.0008593025406269383	0.0004161458762490522
0.00020601030746969506	-0.003264448462652947	-0.00045427801937902856	-0.0011501209811546342	2.4164919508296023e-05	0.028197100320439095	-0.001545805935758926	-0.0006448139162282818
0.0009549231021592774	-0.0031396296635386456	-0.0003294592202638391	-0.0007132551842525814	0.0005234401159683877	0.02969492590981848	-0.0012337589379718406	0.00035373647669190156
-4.362729076046179e-05	-0.003514086060883548	-0.00045427801937902856	-0.0010253021820398889	2.4164919508296023e-05	0.0281346909208815	-0.0016082153353169648	-0.0005199951171128703
0.0010173325017173163	-0.002640354467078554	-0.00039186861982143384	-0.000588436385137836	0.0007106683146407278	0.025326267940794844	-0.0010465307392990564	0.0004785552758066469
0.0005804667048143752	-0.0025155356679638086	-0.00020464042114909375	-0.0005260269855802413	0.0005234401159683877	0.02170652276646079	-0.0011713495384142458	-0.00027035751888337956
0.001266970099947251	-0.0018914416723887495	-7.98216220339043e-05	3.5657610437445086e-05	0.00108512471198563	0.01939737498283356	-0.000734483741512193	0.0005409646753642416
0.00039323850614159106	-0.002203488670176279	-0.0005166874189364012	-0.0005260269855802413	0.0005858495155259824	0.017337864797436486	-0.0012337589379718406	-0.00045758571755571964
0.0011421513008320616	-0.002203488670176279	-0.0003294592202638391	-0.00021397998779226768	0.0010227153124284794	0.017774730594338317	-0.0007968931410693436	0.0002289176775767121
-0.00023085548943280187	-0.002827582665750672	-0.00039186861982143384	-0.000588436385137836	0.0003362119172960476	0.01939737498283356	-0.0010465307392990564	-0.00045758571755571964
8.119150835450561e-05	-0.0028899920653082667	-0.000579096818493996	-0.0006508457846945426	0.0006482589150840212	0.020021468978408397	-0.000734483741512193	0.0004785552758066469
-0.0006677212863350768	-0.0029524014648658614	-0.0002670498207066885	-0.001212530380712229	-0.00035029147783594006	0.018398824589913598	-0.0009841213397419057	-0.000582404516670465
0.00039323850614159106	-0.002016260471503495	0.00041945357442574327	-0.00040120818646505185	0.0003362119172960476	0.016526542603188865	-4.798034637976123e-05	0.00035373647669190156
-0.00010603669031805651	-0.0019538510719463442	-7.98216220339043e-05	-0.0007132551842525814	0.0002738025177384529	0.012220294033721935	-0.00042243674372466344	-0.00045758571755571964
0.0011421513008320616	-0.0014545758754862526	0.00016981597619558642	0.00016047640955219045	0.00108512471198563	0.010035965049209894	-0.00011038974593713391	0.0004161458762490522
0.0003308291065848845	-0.0015169852750438473	0.00029463477531077586	0.0003477046082249746	0.0009603059128708846	0.010160783848324861	-0.000297617944609474	-0.0003951763179981249
0.00020601030746969506	-0.0015169852750438473	-0.00020464042114909375	-8.916118867774436e-05	0.0007106683146407278	0.011034515442129633	-0.00048484614328137	0.00029132707713430683
-0.003538553665979549	-0.0028899920653082667	-0.0015776472114139573	-0.0013373491798269743	-0.0009743854734112212	0.012157884634164784	-0.0022947187304489525	-0.0003327669184405302
-0.007657574036773918	-0.005136730449377902	-0.004011613794155933	-0.002710355970092282	-0.0022225734645608952	0.012844388029296772	-0.004354228915846248	0.0005409646753642416
-0.007407936438543983	-0.0052615492484930915	-0.004074023193713083	-0.0030224029678793674	-0.0023473922636760847	0.013842938422216733	-0.004666275913633333	-0.0001455387197681901
-0.007595164637216767	-0.006010462043182674	-0.004947754787517855	-0.0029599935683222167	-0.0025970298619060195	0.013718119623101543	-0.005103141710536274	0.00035373647669190156
-0.008656124429693879	-0.0063225090409706475	-0.005571848783093136	-0.003147221766994557	-0.002909076859693105	0.012532341031509686	-0.005602416906996144	-0.00045758571755571964
-0.006596614244296806	-0.0054487774471654316	-0.005072573586633045	-0.0023358995727471576	-0.001848117067215993	0.01228270343327953	-0.004791094712748523	0.0005409646753642416
-0.005847701449606779	-0.005074321049820751	-0.0042612513923858675	-0.0018990337758451048	-0.001660888868543653	0.012906797428854366	-0.004291819516288653	-0.0003327669184405302
-0.0038506006637670787	-0.00426299885557313	-0.003512338597695841	-0.0012749397802698237	-0.0006623384756236916	0.015091126413366407	-0.0031684503242537243	0.0006033740749218364
-0.002477593873502437	-0.00426299885557313	-0.002264150606545945	-0.0013373491798269743	-0.0005375196765087242	0.01796195879301088	-0.002606765728236704	-0.0003951763179981249
-0.0009797682841223843	-0.003950951857785823	-0.0015776472114139573	-0.0009004833829251435	-3.824448004885461e-05	0.021332066369115665	-0.0017330341344319322	0.0004785552758066469
-0.0011045870832380178	-0.003701314259556332	-0.0010783720149538656	-0.0010877115815974836	8.65743190656687e-05	0.02339157655451274	-0.0014833965362013313	-0.0001455387197681901
-0.00023085548943280187	-0.003514086060883548	-0.0009535532158391202	-0.0010253021820398889	0.0003362119172960476	0.02376603295185764	-0.0012337589379718406	0.0004785552758066469
-0.0004804930876627367	-0.0033268578622105416	-0.00045427801937902856	-0.0007756645838099541	8.65743190656687e-05	0.023017120157167614	-0.0010465307392990564	-0.00020794811932578483
0.003576117883573593	-0.0012673476768134684	0.0010435475700005803	0.0003477046082249746	0.001521990508888349	0.021269656969557627	0.0009505700465402	0.0005409646753642416
0.006197312664988797	0.00023047791256614047	0.002603782558938006	0.0009093892042422169	0.0020836751049055913	0.018461233989471193	0.002198758037690096	-0.00045758571755571964
0.007008634859235974	0.0010418001068128735	0.0033526953536275883	0.001970348996719329	0.002832587899596062	0.016713770801861205	0.0031973084306100574	0.0004785552758066469
0.007195863057908536	0.0017907129015029	0.0037895611505300852	0.0020327583962773677	0.0028949972991527684	0.015403173411153492	0.003446946028839326	-0.0001455387197681901
0.009068145044632825	0.0022899880979629916	0.004351245746547772	0.002594442992294166	0.0035190912947280495	0.016152086205843963	0.004195858823529797	0.00035373647669190156
0.007570319455253216	0.0015410753032734092	0.004288836346990177	0.0022199865949492636	0.002957406698710363	0.018336415190356004	0.0036341742275121103	-0.0003951763179981249
0.005385990470740731	4.32497138933563e-05	0.0028534201571681628	0.001283845601586897	0.0023957221026928988	0.020021468978408397	0.0023859862363626583	0.0002289176775767121
0.004449849477378809	-0.0005808442816810366	0.0027286013580525292	0.0007845704051270275	0.0017716281071185058	0.02220579796292088	0.0018867110399025666	-0.00045758571755571964
0.004012983680476534	-0.0010177100785841997	0.0022917355611504764	0.0006597516060120601	0.0018340375066761005	0.023329167154955144	0.0015746640421152591	0.00029132707713430683
0.0009549231021592774	-0.0023283074692914685	0.0009187287708851688	-0.0005260269855802413	0.0006482589150840212	0.021332066369115665	-4.798034637976123e-05	-0.0005199951171128703
0.0015166076981767418	-0.0019538510719463442	0.0010435475700005803	-2.6751789120149638e-05	0.0008354871137559172	0.019647012581063272	0.0002640666514077683	0.00035373647669190156
0.0002684197070272898	-0.002203488670176279	0.00041945357442574327	-0.0007132551842525814	-3.824448004885461e-05	0.015777629808499283	-0.0003600273441670687	-0.0007696327153434712
0.0018286546959644934	-0.0008928912794685662	0.0009811381704432076	-2.6751789120149638e-05	0.0010227153124284794	0.012844388029296772	0.0004512948500801084	0.00016650827801933943
0.0002684197070272898	-0.001579394674600998	0.0003570441748683706	-0.0005260269855802413	2.4164919508296023e-05	0.010348012046997646	-0.000297617944609474	-0.000582404516670465
0.0011421513008320616	-0.0012049382772563177	0.0007315005722132728	0.0003477046082249746	0.0008978965133132899	0.011034515442129633	0.0004512948500801084	0.0004161458762490522
0.0003308291065848845	-0.0018914416723887495	4.4997177080396966e-05	-0.00033879878690745713	0.0005234401159683877	0.012220294033721935	-0.00017279914549472863	-0.00045758571755571964
0.0012045607003892123	-0.001766622873273338	0.00048186297398356004	0.0005349328068973147	0.0012723529106584142	0.016588952002746016	0.0004512948500801084	0.0006033740749218364
-0.00041808368810558605	-0.003077220263981051	-0.00014223102159149903	-0.00040120818646505185	0.0002738025177384529	0.019771831380178018	-0.000297617944609474	-0.0003327669184405302
0.0004556479056991858	-0.003451676661325953	-0.0005166874189364012	-0.0007756645838099541	0.0006482589150840212	0.02195616036469006	-0.00023520854505187927	0.0002289176775767121
-0.0005429024872198873	-0.004013361257343417	-0.0003294592202638391	-0.0007756645838099541	0.00014898371862392956	0.02314193895628236	-0.0005472555428398529	-0.0005199951171128703
-4.362729076046179e-05	-0.003514086060883548	-0.00039186861982143384	-0.0006508457846945426	0.0003986213168536423	0.02183134156557509	-0.00023520854505187927	0.00035373647669190156
-0.00041808368810558605	-0.0032020390630962403	-0.00039186861982143384	-0.0010877115815974836	-3.824448004885461e-05	0.018211596391240814	-0.0006096649423970035	-0.0006448139162282818
0.0007676949034871594	-0.0020786698710610896	0.0005442723735409327	-8.916118867774436e-05	0.0006482589150840212	0.015153535812924002	0.00032647605096536303	0.0004161458762490522
-0.0004804930876627367	-0.0019538510719463442	4.4997177080396966e-05	-0.0008380739833671047	-0.00010065387960689343	0.01078487784389992	-0.00017279914549472863	-0.0006448139162282818
0.0002684197070272898	-0.0014545758754862526	0.00010740657663843578	-0.0005260269855802413	0.00014898371862392956	0.008288501861600794	-0.00011038974593713391	-8.312932021059538e-05
-0.00016844608987520715	-0.0015169852750438473	0.00029463477531077586	-0.0004636175860226466	-0.00010065387960689343	0.008288501861600794	-0.00023520854505187927	-0.0006448139162282818
-0.00023085548943280187	-0.0018290322728313768	-7.98216220339043e-05	-0.00015157058823511704	0.0003362119172960476	0.009848736850537554	-0.00017279914549472863	0.00029132707713430683
-0.00434987586022717	-0.003888542458228228	-0.0022017412069887943	-0.0014621679789421638	-0.0009743854734112212	0.011034515442129633	-0.0025443563286791093	-0.00045758571755571964
-0.007782392835888663	-0.0063225090409706475	-0.004573298390173619	-0.0023983089723047524	-0.0022225734645608952	0.013094025627526706	-0.0044166383154038424	0.00016650827801933943
-0.008156849233234453	-0.006821784237430295	-0.004822935988403554	-0.0030224029678793674	-0.0025346204623484248	0.015527992210268682	-0.004915913511863934	-0.0005199951171128703
-0.007719983436331068	-0.00694660303654504	-0.004760526588845959	-0.0025855371709770925	-0.0021601640650035225	0.01715063659876348	-0.004728685313191372	0.0004161458762490522
-0.008905762027923592	-0.007508287632562727	-0.005259801785305607	-0.0032096311665521515	-0.002909076859693105	0.016339314404516303	-0.005352779308765765	-0.0003951763179981249
-0.007095889440756675	-0.0065097372396429876	-0.004760526588845959	-0.0030224029678793674	-0.002472211062791274	0.014154985420004484	-0.004728685313191372	4.168947890414998e-05
-0.006284567246509276	-0.005511186846723026	-0.0036371573968110305	-0.002710355970092282	-0.0024098016632336794	0.011596200038147098	-0.004104591317616535	-0.0007696327153434712
-0.004412285259784765	-0.00438781765468832	-0.0025761976043339185	-0.0017742149767299153	-0.001411251270313496	0.009911146250094705	-0.0027315845273518935	0.00029132707713430683
-0.0023527750743872478	-0.003077220263981051	-0.0012656002136266498	-0.0013997585793850131	-0.0007247478751812864	0.008538139459830063	-0.0016706247348743375	-0.0005199951171128703
-0.0006053118867783702	-0.0024531262684057697	-0.0003294592202638391	-0.00040120818646505185	0.00021139311818085815	0.009224642854962495	-0.0005472555428398529	0.0004161458762490522
-0.001042177683679979	-0.003077220263981051	-0.00039186861982143384	-0.0006508457846945426	-0.00016306327916404406	0.011034515442129633	-0.0006096649423970035	-0.000582404516670465
8.119150835450561e-05	-0.003014810864423456	-0.0003294592202638391	-0.00021397998779226768	0.0009603059128708846	0.014342213618676825	7.683845273542822e-05	0.0004785552758066469
-0.0004804930876627367	-0.00426299885557313	-0.0006415062180515907	-0.0009628927824827382	-3.824448004885461e-05	0.01746268359655123	-0.0005472555428398529	-0.0007072233157858765
0.00313925208667154	-0.0031396296635386456	0.001105956969558175	0.00022288580911022926	0.0013971717097731595	0.021768932166017496	0.0014498452429998476	0.0001040988784617447
0.005947675066758418	-0.0016418040741585926	0.0031030577553980976	0.0009093892042422169	0.0023957221026928988	0.023703623552300046	0.0029476708323796785	-0.000582404516670465
0.006446950263218065	-0.0010177100785841997	0.0034775141527427778	0.001346255001144936	0.002582950301365683	0.023017120157167614	0.0033845366292826196	0.00035373647669190156
0.006883816060120784	-8.156908522138906e-05	0.004413655146104922	0.0014710738002594592	0.0026453597009232777	0.020645562973983234	0.003883811825742267	-0.00045758571755571964
0.009380192042420354	0.001977941100175684	0.005911480735484975	0.0025320335927370152	0.0038935476920727297	0.01796195879301088	0.005131999816891719	0.0006033740749218364
0.0072582724574656865	0.0016658941023877105	0.005287386739910138	0.0019079395971621782	0.0027077691004808724	0.014030166620889295	0.004258268223087391	-0.0003327669184405302
0.006072493865873607	0.0018531223010604947	0.004850520943007641	0.0020327583962773677	0.0027077691004808724	0.011034515442129633	0.003883811825742267	0.0007281928740365817
0.005136352872511241	0.001603484702831004	0.00422642694743236	0.001283845601586897	0.0020836751049055913	0.008600548859387658	0.003072489631494868	-0.00027035751888337956
0.0037009366826887824	0.0006049343099110427	0.0031030577553980976	0.0012214362020293024	0.0015843999084454996	0.0082260924620432	0.0023235768368050636	0.0004161458762490522
0.0009549231021592774	-0.0008928912794685662	0.0014180039673452605	0.00016047640955219045	0.0005858495155259824	0.00810127366292801	0.0007009324483104873	-0.00045758571755571964
0.0015166076981767418	-0.0014545758754862526	0.0008563193713284623	0.00022288580911022926	0.0007730777141983225	0.009786327450980403	0.0007009324483104873	0.0002289176775767121
-0.00016844608987520715	-0.002827582665750672	0.00010740657663843578	-0.00040120818646505185	-0.00016306327916404406	0.011970656435492	-0.00011038974593713391	-0.0008320421149006219
0.0003308291065848845	-0.003077220263981051	-0.00014223102159149903	-0.0004636175860226466	0.00014898371862392956	0.013718119623101543	-0.00011038974593713391	-0.00027035751888337956
-0.0002932648889903966	-0.003077220263981051	-7.98216220339043e-05	-0.0007132551842525814	-0.00022547267872163879	0.01427980421911923	-0.00048484614328137	-0.0008944515144582166
0.00020601030746969506	-0.0028899920653082667	0.00029463477531077586	-0.0004636175860226466	2.4164919508296023e-05	0.014654260616464354	-0.00017279914549472863	-0.0001455387197681901
-0.0006053118867783702	-0.0027027638666361486	0.00041945357442574327	-0.0009628927824827382	-0.00035029147783594006	0.013218844426641674	-0.0003600273441670687	-0.0008944515144582166
0.0005180573052567805	-0.002016260471503495	0.0009811381704432076	-0.0005260269855802413	0.00014898371862392956	0.011845837636377254	0.00013924785229302294	-2.0719920653000656e-05
-0.0002932648889903966	-0.0020786698710610896	0.0011683663691157697	-0.0006508457846945426	-0.00016306327916404406	0.010472830846112835	7.683845273542822e-05	-0.000582404516670465
0.0005804667048143752	-0.0017042134737161874	0.001105956969558175	-0.00021397998779226768	0.00046103071641123705	0.009536689852750024	0.0005761136491952978	0.0004161458762490522
-4.362729076046179e-05	-0.0021410792706186843	0.0008563193713284623	-0.0004636175860226466	0.00021139311818085815	0.009224642854962495	0.0002640666514077683	-0.00045758571755571964
8.119150835450561e-05	-0.0029524014648658614	0.00029463477531077586	-0.0004636175860226466	0.00014898371862392956	0.010160783848324861	0.00032647605096536303	-2.0719920653000656e-05
-0.0005429024872198873	-0.003451676661325953	-0.00014223102159149903	-0.0009628927824827382	-3.824448004885461e-05	0.011096924841687672	1.4429053178277584e-05	-0.0008944515144582166
0.0004556479056991858	-0.003264448462652947	0.00029463477531077586	-8.916118867774436e-05	0.0006482589150840212	0.013530891424429203	0.0007633418478674159	0.00035373647669190156
-0.0007925400854502662	-0.0042005894560157575	-7.98216220339043e-05	-0.0007132551842525814	2.4164919508296023e-05	0.014467032417792014	0.0002640666514077683	-0.0006448139162282818
8.119150835450561e-05	-0.003888542458228228	-7.98216220339043e-05	-0.000588436385137836	0.0005858495155259824	0.014716670016021505	0.0004512948500801084	-2.0719920653000656e-05
-0.0005429024872198873	-0.0037637236591130385	0.0003570441748683706	-0.0006508457846945426	2.4164919508296023e-05	0.014404623018233975	0.00013924785229302294	-0.0007696327153434712
-0.0009797682841223843	-0.0035764954604406984	0.00010740657663843578	-0.0006508457846945426	8.65743190656687e-05	0.013218844426641674	0.00013924785229302294	0.0001040988784617447
-0.0053484262531466875	-0.004762274052033	-0.0015776472114139573	-0.002086261974517445	-0.0014736606698710908	0.009786327450980403	-0.002232309330891802	-0.00045758571755571964
-0.007719983436331068	-0.0056984150453958105	-0.0032002915999083115	-0.0025855371709770925	-0.002472211062791274	0.007102723270008493	-0.003667725520713816	4.168947890414998e-05
-0.008406486831463944	-0.005760824444952961	-0.0035747479972534357	-0.0030224029678793674	-0.003096305058365889	0.005542488281070845	-0.0041670007171734635	-0.0008320421149006219
-0.00809443983367597	-0.005636005645837772	-0.004011613794155933	-0.0030224029678793674	-0.0025970298619060195	0.004356709689478322	-0.0041670007171734635	0.0001040988784617447
-0.008281668032348755	-0.0056984150453958105	-0.003761976195925998	-0.0027727653696498766	-0.0027842580605788037	0.004606347287708701	-0.004042181918058718	-0.0003951763179981249
-0.006534204844739211	-0.005386368047608281	-0.0034499291981382463	-0.00202385257495985	-0.001848117067215993	0.005854535278858375	-0.0029812221255813842	0.0004161458762490522
-0.005847701449606779	-0.005323958648050686	-0.003262700999465906	-0.002273490173189785	-0.001848117067215993	0.0065410386739903625	-0.002793993926909044	-0.0005199951171128703
-0.00447469465934236	-0.0052615492484930915	-0.0028258352025636313	-0.0015245773784997585	-0.0012240230716416	0.008538139459830063	-0.0019202623331047164	0.00016650827801933943
-0.003164097268634869	-0.00494950225070534	-0.001827284809643448	-0.0012749397802698237	-0.0009743854734112212	0.010223193247882456	-0.0011713495384142458	-0.0006448139162282818
-0.0007925400854502662	-0.003888542458228228	-0.0006415062180515907	-0.0002763893873498624	0.0002738025177384529	0.011658609437704692	0.0002640666514077683	0.0005409646753642416
-0.001479043480582698	-0.0038261330586706332	-0.0003294592202638391	-0.0004636175860226466	-0.00022547267872163879	0.011658609437704692	1.4429053178277584e-05	-0.0003327669184405302
-0.0006677212863350768	-0.003264448462652947	-0.00020464042114909375	-0.0004636175860226466	2.4164919508296023e-05	0.010847287243457293	0.0002640666514077683	0.00029132707713430683
0.00020601030746969506	-0.002390716868848619	0.0008563193713284623	-0.00040120818646505185	8.65743190656687e-05	0.010098374448767489	0.0007009324483104873	-0.0003327669184405302
0.004449849477378809	-0.00039361608300914064	0.0031654671549556923	0.0011590268024721517	0.0015843999084454996	0.011221743640801973	0.002885261432822528	0.0004785552758066469
0.006134903265431202	0.0008545719081409775	0.004413655146104922	0.0014086644007020865	0.0020836751049055913	0.011096924841687672	0.003883811825742267	-0.00045758571755571964
0.006571769062333699	0.0010418001068128735	0.004413655146104922	0.0014710738002594592	0.002333312703135526	0.010410421446554796	0.004071040024414607	0.00035373647669190156
0.007071044258793124	0.001353847104600625	0.0054122055390244395	0.001970348996719329	0.002582950301365683	0.011533790638589503	0.0046327246204318495	-0.00045758571755571964
0.00900573564507523	0.0019155317006180894	0.005786661936369564	0.002344805394064453	0.0033318630960557094	0.012157884634164784	0.0055064562142370654	0.00035373647669190156
0.0072582724574656865	0.001166618905928063	0.005287386739910138	0.001970348996719329	0.0028949972991527684	0.012157884634164784	0.00481995281910419	-0.00027035751888337956
0.005385990470740731	-8.156908522138906e-05	0.004101608148318059	0.0018455301976045835	0.002582950301365683	0.012594750431067281	0.004133449423971758	0.0006657834744794311
0.005323581071183581	-8.156908522138906e-05	0.003976789349202869	0.001533483199817276	0.0024581315022507155	0.01228270343327953	0.003883811825742267	4.168947890414998e-05
0.003388889684901697	-0.0008928912794685662	0.002791010757610568	0.0014086644007020865	0.0017716281071185058	0.010847287243457293	0.002822852033264489	0.0006657834744794311
0.0008925137026016827	-0.0017042134737161874	0.00154282276646045	0.00022288580911022926	0.0003986213168536423	0.008600548859387658	0.001387435843442475	-0.0003951763179981249
0.0015166076981767418	-0.0012049382772563177	0.0016052321660180446	0.00022288580911022926	0.0007106683146407278	0.007227542069123238	0.001387435843442475	0.00035373647669190156
0.0010173325017173163	-0.0008304818799114155	0.0022917355611504764	0.0003477046082249746	0.00046103071641123705	0.007165132669565644	0.0013250264438853243	-0.0003327669184405302
0.0008925137026016827	-0.0009553006790261609	0.0020420979629205416	0.0002852952086673799	0.0005858495155259824	0.0074147702677955785	0.001387435843442475	0.0004785552758066469
0.0005804667048143752	-0.0010801194781411283	0.0021045073624781363	-8.916118867774436e-05	0.00046103071641123705	0.007539589066910324	0.0010753888456553895	-0.00027035751888337956
0.0008301043030447541	-0.0016418040741585926	0.001979688563363169	3.5657610437445086e-05	0.0005858495155259824	0.008850186457617593	0.0013250264438853243	0.00035373647669190156
-0.0003556742885479913	-0.0027027638666361486	0.0014804133669032993	-0.000588436385137836	-3.824448004885461e-05	0.010285602647440495	0.0009505700465402	-0.00045758571755571964
0.0007052855039291206	-0.0028899920653082667	0.0014180039673452605	-0.00015157058823511704	0.0007730777141983225	0.011658609437704692	0.0016994828412302265	0.0004785552758066469
-0.00016844608987520715	-0.003950951857785823	0.0010435475700005803	-0.0004636175860226466	0.00021139311818085815	0.012781978629739177	0.0013250264438853243	-0.0003951763179981249
0.00014360090791232238	-0.0042005894560157575	0.0007315005722132728	-2.6751789120149638e-05	0.0006482589150840212	0.013406072625314458	0.0016994828412302265	0.0004161458762490522
-0.00016844608987520715	-0.003950951857785823	0.0006690911726556781	-0.00015157058823511704	0.0005234401159683877	0.012469931631952313	0.0014498452429998476	-0.00027035751888337956
8.119150835450561e-05	-0.003514086060883548	0.0007315005722132728	0.00022288580911022926	0.0007106683146407278	0.011408971839474757	0.0015746640421152591	0.0004785552758066469
-0.00023085548943280187	-0.0029524014648658614	0.0008563193713284623	-0.00021397998779226768	0.00021139311818085815	0.009474280453192874	0.0013250264438853243	-0.0003327669184405302
0.0007676949034871594	-0.0018914416723887495	0.0014180039673452605	0.00016047640955219045	0.0008978965133132899	0.00797645486381282	0.0017618922407873772	0.0006657834744794311
-0.00041808368810558605	-0.002016260471503495	0.0014804133669032993	-0.00021397998779226768	8.65743190656687e-05	0.0069779044708930815	0.0010753888456553895	-0.0003327669184405302
0.0002684197070272898	-0.0012673476768134684	0.0016052321660180446	9.806700999459572e-05	0.0005858495155259824	0.006728266872663147	0.0014498452429998476	0.0004785552758066469
1.8782108797132935e-05	-0.0010801194781411283	0.0016052321660180446	-0.00033879878690745713	0.0002738025177384529	0.00610417287708831	0.0009505700465402	-0.00027035751888337956
-0.0012294058823527632	-0.0018914416723887495	0.0007315005722132728	-0.00033879878690745713	-0.00010065387960689343	0.005854535278858375	0.0004512948500801084	0.0004785552758066469
-0.006409386045624466	-0.004325408255130725	-0.0021393318074314216	-0.0023358995727471576	-0.002097754665446372	0.003046112298771275	-0.002357128130006547	-0.000582404516670465
-0.007283117639428793	-0.005074321049820751	-0.003512338597695841	-0.0022110807736321902	-0.002284982864118712	0.0017979243076216012	-0.003043631525138979	0.0004161458762490522
-0.00784480223544648	-0.005636005645837772	-0.003886794995040299	-0.002273490173189785	-0.00265943926146317	0.0017979243076216012	-0.0033556785229262864	-0.0003951763179981249
-0.00803203043411882	-0.006135280842297863	-0.004760526588845959	-0.0023358995727471576	-0.0024098016632336794	0.0012986491111615095	-0.0035429067215990706	0.00029132707713430683
-0.00834407743190635	-0.006197690241855458	-0.004573298390173619	-0.0023358995727471576	-0.002721848661020765	0.0019851525062939412	-0.003667725520713816	-0.0003951763179981249
-0.006034929648279119	-0.005136730449377902	-0.0032002915999083115	-0.0014621679789421638	-0.0015360700694284635	0.004543937888151106	-0.002232309330891802	0.0005409646753642416
-0.006097339047836714	-0.005074321049820751	-0.00270101640344822	-0.0021486713740745955	-0.0019729358663311825	0.005355260082398283	-0.002357128130006547	-0.0005199951171128703
-0.0038506006637670787	-0.004013361257343417	-0.001203190814068833	-0.0014621679789421638	-0.001036794872968816	0.00735236086823754	-0.001108940138856651	0.0004161458762490522
-0.002914459670404712	-0.0038261330586706332	4.4997177080396966e-05	-0.0015245773784997585	-0.001036794872968816	0.008662958258945253	-0.0005472555428398529	-0.000582404516670465
-0.001042177683679979	-0.003264448462652947	0.0007315005722132728	-0.0010253021820398889	-0.00016306327916404406	0.008850186457617593	0.0004512948500801084	0.0001040988784617447
-0.0008549494850076389	-0.003077220263981051	0.0013555945677881098	-0.000588436385137836	2.4164919508296023e-05	0.008850186457617593	0.0008881606469830494	-0.0003327669184405302
-0.00010603669031805651	-0.0028899920653082667	0.0016052321660180446	0.00016047640955219045	0.0007106683146407278	0.009162233455405122	0.0017618922407873772	0.0008530116731513271
0.0008301043030447541	-0.0028899920653082667	0.0016052321660180446	-8.916118867774436e-05	0.0007106683146407278	0.008038864263370415	0.002011529839017756	-0.0003327669184405302
0.005198762272068835	-0.0012673476768134684	0.0035399235523001504	0.0014710738002594592	0.002146084504463186	0.009536689852750024	0.004383087022202137	0.0005409646753642416
0.006134903265431202	-0.0005808442816810366	0.004538473945219668	0.0019079395971621782	0.0023957221026928988	0.010160783848324861	0.005194409216449758	-0.00027035751888337956
0.006509359662776104	-0.0005184348821243301	0.0041640175478752095	0.0017831207980469888	0.0027077691004808724	0.009349461654077684	0.005194409216449758	0.0002289176775767121
0.007195863057908536	0.00010565911345095103	0.004975339742122387	0.002095167795834074	0.002582950301365683	0.010160783848324861	0.0055064562142370654	-0.0006448139162282818
0.008506460448615139	0.0009793907072557229	0.005911480735484975	0.0026568523918517606	0.0033318630960557094	0.011284153040360012	0.00625536900892687	0.00016650827801933943
0.005822856267643228	0.00035529671168044175	0.004975339742122387	0.001346255001144936	0.0022084939040207807	0.010285602647440495	0.004695134019989666	-0.0007072233157858765
0.004824305874723711	4.32497138933563e-05	0.004538473945219668	0.001283845601586897	0.0018340375066761005	0.010722468444341882	0.004071040024414607	0.0002289176775767121
0.004075393080033685	0.00023047791256614047	0.004600883344777262	0.0007845704051270275	0.0012723529106584142	0.010160783848324861	0.003509355428397365	-0.000582404516670465
0.002140701693752023	-0.0005808442816810366	0.003227876554512399	3.5657610437445086e-05	0.0008354871137559172	0.007539589066910324	0.0023235768368050636	0.0001040988784617447
0.0009549231021592774	-0.0007680724803538208	0.0028534201571681628	0.00016047640955219045	0.0003986213168536423	0.006166582276645682	0.0017618922407873772	-0.0003951763179981249
0.001266970099947251	-0.0008928912794685662	0.0022917355611504764	0.0005349328068973147	0.0007730777141983225	0.0051056224841687925	0.0018867110399025666	0.0004161458762490522
0.0011421513008320616	-0.0009553006790261609	0.001979688563363169	0.0003477046082249746	0.0005858495155259824	0.003982253292133642	0.0016994828412302265	-0.00027035751888337956
0.0009549231021592774	-0.0016418040741585926	0.0014180039673452605	0.00047252340733972	0.0005858495155259824	0.004606347287708701	0.0018243016403449719	0.00035373647669190156
-0.0002932648889903966	-0.002390716868848619	0.0007315005722132728	-8.916118867774436e-05	2.4164919508296023e-05	0.005168031883725499	0.0013250264438853243	-0.0005199951171128703
0.0007676949034871594	-0.002203488670176279	0.0011683663691157697	0.00041011400778212526	0.0007106683146407278	0.006416219874875617	0.0019491204394601613	0.0004785552758066469
-0.00010603669031805651	-0.0027651732661935213	0.0009811381704432076	-2.6751789120149638e-05	-3.824448004885461e-05	0.006603448073548401	0.0015122546425576644	-0.00045758571755571964
0.0003308291065848845	-0.002203488670176279	0.001105956969558175	3.5657610437445086e-05	0.00046103071641123705	0.0065410386739903625	0.0018243016403449719	0.0004161458762490522
-0.0003556742885479913	-0.002203488670176279	0.0012931851682309592	-0.0002763893873498624	2.4164919508296023e-05	0.005729716479743185	0.0012626170443272855	-0.00045758571755571964
0.00014360090791232238	-0.002203488670176279	0.0014804133669032993	-8.916118867774436e-05	0.00021139311818085815	0.005417669481955878	0.0015122546425576644	0.00016650827801933943
-0.0004804930876627367	-0.002016260471503495	0.0014180039673452605	-0.00040120818646505185	-3.824448004885461e-05	0.004419119089035917	0.0011377982452129842	-0.00045758571755571964
0.00039323850614159106	-0.0019538510719463442	0.0016676415655756394	0.00016047640955219045	0.00046103071641123705	0.004419119089035917	0.0016370734416726318	0.0004785552758066469
-0.0002932648889903966	-0.0017042134737161874	0.0016052321660180446	-0.0004636175860226466	0.00014898371862392956	0.004419119089035917	0.001200207644770579	-0.0005199951171128703
-0.00010603669031805651	-0.002203488670176279	0.0013555945677881098	3.5657610437445086e-05	0.0005858495155259824	0.005542488281070845	0.0015746640421152591	0.00035373647669190156
8.119150835450561e-05	-0.0025155356679638086	0.00154282276646045	-8.916118867774436e-05	0.0003986213168536423	0.005667307080185591	0.0015746640421152591	-0.00027035751888337956
-4.362729076046179e-05	-0.003077220263981051	0.0009187287708851688	-0.00033879878690745713	0.0002738025177384529	0.005854535278858375	0.0014498452429998476	0.00016650827801933943
-0.0007925400854502662	-0.0032020390630962403	0.0006690911726556781	-0.0005260269855802413	-3.824448004885461e-05	0.00597935407797312	0.001200207644770579	-0.0007072233157858765
-0.0017910904783704495	-0.003701314259556332	4.4997177080396966e-05	-0.0005260269855802413	-0.00035029147783594006	0.005667307080185591	0.0007009324483104873	0.00016650827801933943
-0.00715829884031427	-0.005823233844510334	-0.002513788204776324	-0.002086261974517445	-0.002284982864118712	0.002858884100098491	-0.002169899931334207	-0.000582404516670465
