Sensor_1	Sensor_2	Sensor_3	Sensor_4	Sensor_5	Sensor_6	Sensor_7	Sensor_8
0.0016222792935076669	-9.632266727677141e-05	0.0018381658884560892	-0.00015558663309667153	-0.0001335841992824438	0.004208140993362086	0.0007244545510032285	-0.0009265736324099993
0.0014350510948348827	-9.632266727677141e-05	0.0005275684977488204	-0.00021799603265426626	0.0003032815976198311	0.003209590600442125	0.00016276995498598623	9.56736095236721e-06
0.001372641695277288	-0.00015873206683481023	0.00034034029907603625	3.164156557611264e-05	0.0003032815976198311	0.002585496604867954	-0.0001492770428015433	-0.0007393454337372152
0.0014350510948348827	-0.00022114146639151677	-0.00040857249561310205	0.0004685073624781655	0.0005529191958495439	0.003396818799114909	-0.00027409584191673275	-5.2842038605227515e-05
0.0011854134966045038	-0.00015873206683481023	-0.0007830288929582263	0.00021886976424823068	0.0006777379949647333	0.0035216375982296544	-0.00046132404058907284	-0.0006769360341800645
0.0015598698939500721	-9.632266727677141e-05	-0.000845438292515821	0.0005309167620362043	0.0008649661936370734	0.0035216375982296544	-0.0003365052414738834	7.197676050996193e-05
0.00043650070191514345	-0.00022114146639151677	-0.0005333912947282915	0.00034368856336342013	0.00024087219806179228	0.0037088657969024386	-0.00046132404058907284	-0.0006769360341800645
0.00043650070191514345	-0.0002835508659491115	-0.0004709818951706968	-9.317723353907681e-05	5.364399938945219e-05	0.0038960939955747786	-0.00027409584191673275	7.197676050996193e-05
-6.277449454517026e-05	-3.3913267719620777e-05	0.0004651590981912257	-0.000280405432211861	-0.00025840299839763325	0.004457778591592465	3.795115587124087e-05	-0.0004897078355077245
-0.00012518389410276498	-0.00015873206683481023	0.00040274969863407506	-0.0007796806286715086	-0.0006328593957425355	0.004832234988937145	-2.4458243686353853e-05	0.00013438616006711257
-0.0011237342870222822	-0.0003459602655067062	0.0005275684977488204	-0.0013413652246887509	-0.001132134592202405	0.0047698255893795505	-0.0003365052414738834	-0.0006145266346220257
-0.00018759329365991562	9.090553139556867e-05	0.0007772060959791993	-0.0005924524299991685	-0.000508040596627346	0.00439536919203487	0.00010036055542839151	0.00038402375829749147
-0.0012485530861372496	-0.0007828260624092032	-0.0003461630960559514	-0.0013413652246887509	-0.0013193627908749672	0.0027103154039824773	-0.0010230086366063151	-0.0008017548332948099
0.0009981852979319417	0.00021572433051053608	9.070270084654553e-05	3.164156557611264e-05	0.0004905097962926153	0.002772724803540072	-2.4458243686353853e-05	0.000259204959182302
0.000311681902799954	-0.00040836966506430095	-0.000658210093843481	-3.0767833981482084e-05	0.00017846279850464164	0.001711765011062738	-0.0007733710383759362	-0.0007393454337372152
0.0011230040970475752	-0.00022114146639151677	-0.0011574852903031285	0.0005309167620362043	0.0009273755931946681	0.0016493556115051433	-0.00046132404058907284	0.0001967955596247073
0.0009981852979319417	-0.0002835508659491115	-0.0012198946898607232	0.00040609796292057077	0.0009273755931946681	0.001961402609292895	-0.0006485522392614129	-0.0005521172350653192
0.0013102322957201373	9.090553139556867e-05	-0.000845438292515821	0.0009053731593804404	0.0010521943923094135	0.003209590600442125	-0.00021168644235824985	0.00032161435873989674
-0.001810237682154714	-0.0006580072632946798	-0.0017815792858779655	-0.0005924524299991685	-0.00044563119707041743	0.0033344093995573143	-0.0013350556343938447	-0.0006145266346220257
-0.005866848653391488	-0.0008452354619667979	-0.003404223674372764	-0.0019030498207062152	-0.0016314097886624968	0.003022362401770007	-0.0030201094224460157	0.00032161435873989674
-0.009424184428168392	-0.0017813764553291644	-0.004402774067292725	-0.0035256942092005694	-0.0036285105745021973	0.0026479060044253266	-0.004580344411382775	-0.0008017548332948099
-0.009236956229496052	-0.0011572824597543274	-0.004028317669947823	-0.003213647211413484	-0.0033164635767144457	0.0034592281986725038	-0.004018659815365533	0.00038402375829749147
-0.01011068782330038	-0.001469329457541857	-0.004215545868620385	-0.0037753318074311704	-0.0038157387731745374	0.002772724803540072	-0.004705163210498409	-0.0003648890363929791
-0.00904972803082349	-0.0013445106584266675	-0.00427795526817798	-0.0030888284122982945	-0.0033164635767144457	0.001961402609292895	-0.004393116212710213	0.00032161435873989674
-0.008363224635691058	-0.001469329457541857	-0.00434036466773513	-0.0029016002136261765	-0.0029420071793697655	0.0008380334172575221	-0.004393116212710213	-0.0006769360341800645
-0.005554801655603958	-0.0009076448615239485	-0.0039034988708326335	-0.0015910028229191298	-0.0013193627908749672	0.00046357701991328604	-0.0034569752193482906	0.000259204959182302
-0.004244204264896245	-0.0009700542610819873	-0.00359145187304466	-0.0010293182269009993	-0.0009449063935305091	-0.0004101545738914858	-0.0030201094224460157	-0.0006769360341800645
-0.0014981906843676285	-0.00040836966506430095	-0.002904948477912672	9.405096513370736e-05	0.0003656909971769817	0.0012748992141604631	-0.0018343308308534922	0.000259204959182302
-0.001373371885252439	-0.0007204166628516084	-0.00234326388189543	-3.0767833981482084e-05	0.00017846279850464164	0.0016493556115051433	-0.0017095120317383028	-0.0008017548332948099
-0.0010613248874646874	-0.0002835508659491115	-0.0017815792858779655	0.0004685073624781655	0.0003656909971769817	0.0030847718013276015	-0.0010230086366063151	0.0001967955596247073
-0.001810237682154714	-0.0003459602655067062	-0.0013447134889759127	-0.0005300430304411297	-0.000508040596627346	0.004208140993362086	-0.0010854180361639099	-0.0004897078355077245
-3.650949875755316e-07	-9.632266727677141e-05	0.00015311210040414025	-0.00034281483176856753	-0.00032081239795500593	0.0058307853818568844	0.00016276995498598623	0.00013438616006711257
0.0027456484855421515	0.00040295252918287616	0.0025870786831461157	0.000156460364690858	0.00017846279850464164	0.007578248569466872	0.001910233142595752	-0.0005521172350653192
0.005741299664301147	0.0007774089265280004	0.0038976760738533844	0.0005933261615933549	0.0011146037918670082	0.008139933165484337	0.0032208305333027987	0.00013438616006711257
0.006240574860761239	0.0010270465247577132	0.004521770069427999	0.0011550107576108193	0.001364241390097165	0.007578248569466872	0.003345649332417988	-0.00042729843595012973
0.008112856847485972	0.0011518653238724585	0.004584179468985816	0.0019039235523006237	0.002425201182574277	0.008888845960173697	0.0038449245288776357	0.000259204959182302
0.008300085046158534	0.0008398183260853731	0.0038352666742957897	0.001654285954070911	0.0025500199816894664	0.016565202105744747	0.002721555336842929	-0.0008017548332948099
0.008736950843060365	0.0007774089265280004	0.0027743068818184558	0.0019039235523006237	0.0031741139772647475	0.012446181734950823	0.002347098939498471	9.56736095236721e-06
0.005616480865186402	0.00034054312962528144	0.0015885282902265985	0.001841514152743251	0.0023003823834595316	0.010511490348668495	0.001286139147020915	-0.0008017548332948099
0.006178165461203644	0.0006525901274132551	0.0015261188906690037	0.0022159705500881532	0.0027372481803615845	0.012258953536278039	0.0015357767452504056	0.00013438616006711257
0.002371192088196805	-9.632266727677141e-05	2.82933012889508e-05	0.0005933261615933549	0.0010521943923094135	0.014568101319905269	-0.0003365052414738834	-0.0007393454337372152
0.0018719168917369355	0.0001533149309531634	-0.00040857249561310205	-3.0767833981482084e-05	0.0008649661936370734	0.01987290028229194	-0.0005237334401462235	0.0001967955596247073
-3.650949875755316e-07	-0.0003459602655067062	-0.0005958006942858862	-0.0013413652246887509	-0.00038322179751260066	0.028298169222552794	-0.0015846932326240015	-0.0008641642328524046
0.0006237289005877056	-9.632266727677141e-05	-0.00022134429694076196	-0.0012165464255737835	-7.117479972484908e-05	0.03247959899290431	-0.0013974650339512174	9.56736095236721e-06
-0.00012518389410276498	-0.0002835508659491115	-0.0007206194934006316	-0.0019030498207062152	-0.0006952687953001302	0.03198032379644444	-0.001896740230411087	-0.0006769360341800645
0.0003740913023573267	-3.3913267719620777e-05	-0.0005958006942858862	-0.0012789558251313782	-8.765400167254356e-06	0.028859853818570036	-0.0015846932326240015	7.197676050996193e-05
-0.00025000269321706625	-0.00047077906462189567	-0.000845438292515821	-0.001091727626459038	-0.00038322179751260066	0.023492645456625993	-0.001896740230411087	-0.0008641642328524046
0.001372641695277288	-3.3913267719620777e-05	-0.0007830288929582263	-0.00015558663309667153	0.0009273755931946681	0.01818784649423999	-0.0010230086366063151	0.0001967955596247073
0.0006861383001444121	-0.0005331884641790463	-0.0014071228885330633	-0.0005924524299991685	0.0003656909971769817	0.01344473212787034	-0.0017095120317383028	-0.0008641642328524046
0.001372641695277288	0.0001533149309531634	-0.0009078476920731937	0.000780554360265695	0.0012394225909819756	0.012945456931410915	-0.0009605992370487204	0.00032161435873989674
0.0005613195010301109	-9.632266727677141e-05	-0.0013447134889759127	0.00021886976424823068	0.0008025567940799228	0.014318463721675112	-0.0013974650339512174	-0.0004897078355077245
0.0009981852979319417	-9.632266727677141e-05	-0.0014071228885330633	9.405096513370736e-05	0.0008025567940799228	0.01793820889600961	-0.001459874433508812	0.000259204959182302
-0.0003748214923322557	-0.00015873206683481023	-0.001282304089418318	-0.000467633630883979	5.364399938945219e-05	0.02280614206149356	-0.001896740230411087	-0.0004897078355077245
0.00018686310368476455	0.0001533149309531634	-0.0009702570916310105	-0.0005300430304411297	0.0003656909971769817	0.027362028229190427	-0.0015222838330659627	0.0005088425574122368
-0.0005620496910048178	-0.00022114146639151677	-0.0010950758907459779	-0.0013413652246887509	-0.0005704499961849407	0.029608766613260507	-0.002083968429083427	-0.0005521172350653192
-6.277449454517026e-05	-0.00015873206683481023	-0.0010326664911883832	-0.0011541370260161887	-0.0001335841992824438	0.03035767940795009	-0.0017719214312958975	0.0001967955596247073
-0.00031241209277554916	2.8496131837751904e-05	-0.0009078476920731937	-0.0013413652246887509	-0.00019599359884003853	0.028735035019454847	-0.0018343308308534922	-0.00030247963683538437
0.0008109570992596016	0.0002781337300681308	-0.0005958006942858862	-0.00034281483176856753	0.0006153285954071386	0.026238659037155942	-0.0012102368352782111	0.0005712519569698316
-0.0021222846799422435	-0.0005331884641790463	-0.00215603568322309	-0.0012165464255737835	-0.000508040596627346	0.021994819867246385	-0.002770471824215859	-0.0005521172350653192
-0.005804439253833893	-0.0008452354619667979	-0.004714821065079811	-0.0019030498207062152	-0.0010073157930872156	0.01837507469291233	-0.004642753810940814	0.0004464331578546421
-0.007489493041885842	-0.001219691859311478	-0.005526143259327432	-0.0022150968184939668	-0.0016938191882196474	0.01787579949645246	-0.0057661230029750765	-0.00030247963683538437
-0.007988768238345934	-0.0012821012588690728	-0.0062126466544598635	-0.0022775062180511174	-0.0016314097886624968	0.01993530968184931	-0.005890941802090266	0.00038402375829749147
-0.009361775028610797	-0.0019686046540019486	-0.007086378248264635	-0.003400875410086268	-0.0025675507820244192	0.02236927626459151	-0.007014310994125195	-0.0007393454337372152
-0.007739130640115999	-0.0011572824597543274	-0.0060254184557875234	-0.0024647344167239016	-0.0016938191882196474	0.027424437628748022	-0.006078170000762606	0.00038402375829749147
-0.008051177637903528	-0.001469329457541857	-0.005588552658884582	-0.0030888284122982945	-0.002193094384679739	0.031668276798657136	-0.006078170000762606	-0.0006145266346220257
-0.006490942648965881	-0.0011572824597543274	-0.0051516868619823075	-0.0030264190127407	-0.0016314097886624968	0.03466392797741635	-0.005641304203860331	0.00013438616006711257
-0.004993117059586716	-0.0011572824597543274	-0.0039034988708326335	-0.0027143720149533923	-0.0015065909895473073	0.0366610287632565	-0.004892391409170305	-0.0007393454337372152
-0.0026839692759594858	-0.000595597863736641	-0.002780129678797927	-0.0019030498207062152	-0.00044563119707041743	0.036848256961928394	-0.003519384618905441	0.00013438616006711257
-0.0023095128786148056	-0.0006580072632946798	-0.0022808544823382793	-0.00196545922026381	-0.00044563119707041743	0.033977424582284366	-0.0034569752193482906	-0.0006769360341800645
-0.001186143686579877	-0.0007204166628516084	-0.002093626283665495	-0.0014037746242463456	-7.117479972484908e-05	0.029483947814145317	-0.002957700022888643	-0.00017766083771997287
-0.001373371885252439	-0.0005331884641790463	-0.0018439886854357823	-0.001091727626459038	-8.765400167254356e-06	0.02449119584954551	-0.0026456530251011134	-0.0006145266346220257
0.0019343262912945303	9.090553139556867e-05	-0.0005958006942858862	3.164156557611264e-05	0.0013018319905395703	0.02112108827344117	-0.0010230086366063151	0.00032161435873989674
0.005117205668726532	0.0005901807278556603	0.0015261188906690037	0.0012798295567257867	0.0021131541847871915	0.019997719081406906	0.0007244545510032285	-0.0003648890363929791
0.007988038048371227	0.001276684122988092	0.002711897482260861	0.0024031987487600492	0.003423751575493794	0.02112108827344117	0.002284689539940876	0.0005088425574122368
0.0073639440527959454	0.0009646371252005626	0.002524669283588077	0.0019039235523006237	0.002862066979476774	0.023617464255741183	0.001660595544365595	-0.0003648890363929791
0.009048997840848116	0.001276684122988092	0.0032735820782785474	0.0024031987487600492	0.0035485703746089836	0.029858404211489997	0.0021598707408256868	0.00032161435873989674
0.007988038048371227	0.0009022277256429678	0.002899125680933645	0.001404648355840532	0.002862066979476774	0.03628657236591115	0.0014109579461361044	-0.0006145266346220257
0.007114306454566011	0.0012142747234304974	0.002524669283588077	0.0010926013580530025	0.002862066979476774	0.04271474052033253	0.0007868639505612673	0.0005088425574122368
0.004680339871824479	0.0007774089265280004	0.0017757564888989386	0.000156460364690858	0.0017386977874418452	0.04702098908979968	-0.0005861428397038182	-0.00030247963683538437
0.005304433867399316	0.0008398183260853731	0.0015261188906690037	-9.317723353907681e-05	0.00198833538567178	0.048518814679178845	-0.00046132404058907284	0.0001967955596247073
0.0014350510948348827	0.0001533149309531634	2.82933012889508e-05	-0.001091727626459038	0.0006777379949647333	0.0447742507057296	-0.002333606027313584	-0.00042729843595012973
0.0014350510948348827	2.8496131837751904e-05	-0.0002837536964983567	-0.0008420900282286592	0.000740147394522328	0.03953186114290075	-0.0022087872281983945	7.197676050996193e-05
0.0012478228961620985	9.090553139556867e-05	-0.0003461630960559514	-0.0007172712291139138	0.0008025567940799228	0.03241718959334672	-0.0019591496299686817	-0.0003648890363929791
0.002371192088196805	0.0004653619287404709	-3.4116098268199835e-05	0.0002812791638058254	0.0016138789883270999	0.025926612039368413	-0.0011478274357215046	0.0005712519569698316
0.0012478228961620985	0.00021572433051053608	-0.0003461630960559514	0.0002812791638058254	0.0009273755931946681	0.02162036346990126	-0.0013974650339512174	-0.00017766083771997287
0.0016846886930643734	0.00034054312962528144	-0.0004709818951706968	0.00040609796292057077	0.0015514695887695051	0.020684222476539116	-0.0010854180361639099	0.0004464331578546421
0.0004989101014725161	-0.0002835508659491115	-0.0009702570916310105	-0.00040522423132660634	0.0004281003967343544	0.022556504463264515	-0.0020215590295258323	-0.0006145266346220257
0.0006861383001444121	2.8496131837751904e-05	-0.0005958006942858862	-0.00015558663309667153	0.000740147394522328	0.02704998123140312	-0.0016471026321815962	0.000259204959182302
-0.0008116872892351967	-0.00022114146639151677	-0.00022134429694076196	-0.0012165464255737835	-0.0001335841992824438	0.02773648462653533	-0.001896740230411087	-0.0006769360341800645
-0.0004996402914474452	-0.00015873206683481023	-9.652549782579456e-05	-0.0013413652246887509	-0.0005704499961849407	0.025240108644236425	-0.0017719214312958975	0.0001967955596247073
-0.0003748214923322557	-9.632266727677141e-05	9.070270084654553e-05	-0.0009044994277862539	-0.00019599359884003853	0.0200601284809645	-0.001459874433508812	-0.0004897078355077245
0.0013102322957201373	-9.632266727677141e-05	-0.00015893489738338928	-0.00034281483176856753	0.0009273755931946681	0.013070275730525216	-0.0010854180361639099	0.000259204959182302
0.0005613195010301109	-0.00022114146639151677	2.82933012889508e-05	0.00021886976424823068	0.0008025567940799228	0.008826436560616324	-0.0012102368352782111	-0.0004897078355077245
0.0010605946974899805	0.0001533149309531634	0.00015311210040414025	0.000780554360265695	0.001177013191424603	0.007827886167696363	-0.00046132404058907284	0.0004464331578546421
-3.650949875755316e-07	-0.0003459602655067062	-0.0003461630960559514	-0.000280405432211861	0.00017846279850464164	0.007640657969024467	-0.0011478274357215046	-0.0005521172350653192
0.0008109570992596016	9.090553139556867e-05	0.00021552149996173497	3.164156557611264e-05	0.0004905097962926153	0.01169726894026124	-0.000835780437933531	0.00032161435873989674
-0.00018759329365991562	-0.00015873206683481023	-9.652549782579456e-05	-0.0006548618295567632	5.364399938945219e-05	0.0168772491035325	-0.001459874433508812	-0.0004897078355077245
0.0005613195010301109	2.8496131837751904e-05	-0.00040857249561310205	-0.00040522423132660634	0.0006153285954071386	0.023243007858396503	-0.0015846932326240015	0.00038402375829749147
-0.002808788075074675	-0.000595597863736641	-0.00215603568322309	-0.0013413652246887509	-0.0005704499961849407	0.02917190081635712	-0.0036442034180210747	-0.0005521172350653192
-0.007739130640115999	-0.001032463660639582	-0.005214096261539902	-0.002527143816280608	-0.0015065909895473073	0.03422706218051408	-0.006265398199435612	0.00038402375829749147
-0.00904972803082349	-0.001656557656213975	-0.0062126466544598635	-0.0037753318074311704	-0.002442731982910118	0.03834608255130845	-0.007763223788814777	-0.0006769360341800645
-0.00873768103303596	-0.0014069200579838181	-0.006150237254902269	-0.0034632848096434188	-0.002380322583352079	0.04152896192874045	-0.0074511767910274695	0.0001967955596247073
-0.009549003227283581	-0.001656557656213975	-0.006275056054017014	-0.0041497882047758505	-0.0026923695811396087	0.0398439081406885	-0.007825633188372816	-0.0006145266346220257
-0.008113587037461123	-0.0013445106584266675	-0.005838190257115183	-0.0037129224078735756	-0.0022555037842373338	0.03466392797741635	-0.006889492195010227	0.0001967955596247073
-0.007614311841001253	-0.001469329457541857	-0.005026868062867784	-0.0030264190127407	-0.0020682755855649937	0.027923712825208113	-0.006078170000762606	-0.0007393454337372152
-0.0054923922560468075	-0.0009700542610819873	-0.00427795526817798	-0.0020278686198211826	-0.0010073157930872156	0.02062181307698152	-0.004580344411382775	0.00038402375829749147
-0.0031832444724195774	-0.00040836966506430095	-0.00234326388189543	-0.0008420900282286592	-7.117479972484908e-05	0.015816289311055165	-0.002957700022888643	-0.00024007023727778964
-0.001810237682154714	-0.0003459602655067062	-0.0017191698863205929	-0.00040522423132660634	0.00017846279850464164	0.013694369726100497	-0.002083968429083427	0.00032161435873989674
-0.0016230094834823738	-0.00022114146639151677	-0.0011574852903031285	-0.00040522423132660634	0.00017846279850464164	0.014755329518577609	-0.0018343308308534922	-0.00030247963683538437
-0.0008740966887923474	-9.632266727677141e-05	-0.0010326664911883832	-0.00021799603265426626	0.0004281003967343544	0.018312665293354513	-0.0016471026321815962	0.00038402375829749147
-0.001810237682154714	-0.0002835508659491115	-0.0010950758907459779	-0.0006548618295567632	-0.0001335841992824438	0.02280614206149356	-0.0022087872281983945	-0.0004897078355077245
0.0017470980926219681	0.00040295252918287616	0.00021552149996173497	9.405096513370736e-05	0.0012394225909819756	0.02655070603494325	-0.0007109616388187856	0.0005712519569698316
0.004805158670939225	0.0005277713282980656	0.002087803486686024	0.000780554360265695	0.00180110718699944	0.03204273319600204	0.0002251793545433589	-0.0004897078355077245
0.007114306454566011	0.0009646371252005626	0.0032735820782785474	0.0014670577553981268	0.0027372481803615845	0.03354055878538165	0.0014109579461361044	0.000259204959182302
0.006989487655451265	0.0009646371252005626	0.0034608102769513316	0.0011550107576108193	0.002425201182574277	0.031543457999541946	0.0015357767452504056	-0.00042729843595012973
0.008861769642175998	0.0013390935225452427	0.004584179468985816	0.0019039235523006237	0.0031117045777067087	0.029421538414587722	0.002534327138170589	0.000259204959182302
0.007925628648813188	0.0010270465247577132	0.004584179468985816	0.0015918765545128721	0.0025500199816894664	0.026301068436713315	0.002347098939498471	-0.0006145266346220257
0.006989487655451265	0.001089455924315308	0.003585629076065633	0.0014670577553981268	0.0026748387808042118	0.023180598458838908	0.001910233142595752	0.00038402375829749147
0.005491662066071656	0.0006525901274132551	0.0030239444800481685	0.0010926013580530025	0.00198833538567178	0.02236927626459151	0.0010989109483485748	-0.0005521172350653192
0.0052420244678412775	0.0005901807278556603	0.002524669283588077	0.0011550107576108193	0.0021755635843447862	0.02455360524910355	0.0009740921492336074	0.000259204959182302
0.0018095074921795629	0.00034054312962528144	0.0005899778973064151	9.405096513370736e-05	0.0013018319905395703	0.026176249637598126	-0.0007733710383759362	-0.00024007023727778964
0.001996735690852125	0.00040295252918287616	0.00040274969863407506	0.00034368856336342013	0.0014266507896543157	0.029795994811932403	-0.0008981898374911257	0.0004464331578546421
0.0008109570992596016	0.0001533149309531634	-3.4116098268199835e-05	-0.00040522423132660634	0.0008025567940799228	0.03247959899290431	-0.001459874433508812	-0.0003648890363929791
0.0017470980926219681	0.0004653619287404709	0.00015311210040414025	-0.000280405432211861	0.0014266507896543157	0.033790196383612026	-0.0011478274357215046	0.0005088425574122368
0.0005613195010301109	-3.3913267719620777e-05	-3.4116098268199835e-05	-0.0005924524299991685	0.0005529191958495439	0.033290921187151934	-0.0016471026321815962	-0.0004897078355077245
0.0006237289005877056	-3.3913267719620777e-05	-0.0003461630960559514	-0.0005924524299991685	0.0006153285954071386	0.03135622980086916	-0.001459874433508812	0.00013438616006711257
0.0004989101014725161	-3.3913267719620777e-05	2.82933012889508e-05	-0.0008420900282286592	0.0004905097962926153	0.02836057862211039	-0.0013974650339512174	-0.0003648890363929791
0.0011230040970475752	0.0002781337300681308	0.00040274969863407506	-0.00015558663309667153	0.0009273755931946681	0.025926612039368413	-0.000835780437933531	0.00038402375829749147
6.204430457001919e-05	-3.3913267719620777e-05	-3.4116098268199835e-05	-0.0005300430304411297	0.00024087219806179228	0.02261891386282122	-0.0012726462348358059	-0.00042729843595012973
0.0009981852979319417	0.0001533149309531634	2.82933012889508e-05	-3.0767833981482084e-05	0.0008025567940799228	0.020184947280079246	-0.0007733710383759362	0.0004464331578546421
6.204430457001919e-05	9.090553139556867e-05	-9.652549782579456e-05	-0.00021799603265426626	0.00024087219806179228	0.018562302891584448	-0.0010854180361639099	-0.00024007023727778964
0.0006237289005877056	0.00021572433051053608	-0.0002837536964983567	3.164156557611264e-05	0.000740147394522328	0.01762616189822208	-0.0007733710383759362	0.0005712519569698316
0.00018686310368476455	0.00021572433051053608	-0.00022134429694076196	-3.0767833981482084e-05	0.0005529191958495439	0.017501343099107114	-0.0009605992370487204	-0.00017766083771997287
0.0007485476997020069	0.00034054312962528144	-3.4116098268199835e-05	0.00040609796292057077	0.0008025567940799228	0.01943603448538922	-0.0006485522392614129	0.0005712519569698316
-0.0003748214923322557	-0.0002835508659491115	-0.0004709818951706968	-0.0005924524299991685	0.00017846279850464164	0.02062181307698152	-0.0013350556343938447	-0.0005521172350653192
0.0004989101014725161	0.0001533149309531634	-0.00022134429694076196	-0.00021799603265426626	0.0006777379949647333	0.0234302360570684	-0.0008981898374911257	0.0004464331578546421
-0.0006244590905628566	-0.00047077906462189567	-0.0004709818951706968	-0.0008420900282286592	-0.0001335841992824438	0.02605143083848316	-0.0015846932326240015	-0.0008017548332948099
-3.650949875755316e-07	-0.00015873206683481023	-0.00040857249561310205	-0.0009044994277862539	0.0003656909971769817	0.02804853162432286	-0.0012726462348358059	7.197676050996193e-05
-0.003495291470207107	-0.0008452354619667979	-0.0017815792858779655	-0.00196545922026381	-0.001132134592202405	0.027549256427862767	-0.003144928221561205	-0.0007393454337372152
-0.008300815236133463	-0.0014069200579838181	-0.004402774067292725	-0.0030264190127407	-0.0022555037842373338	0.026301068436713315	-0.005142029007400684	0.00013438616006711257
-0.008488043434806025	-0.001469329457541857	-0.004652411665522216	-0.0033384660105286734	-0.002380322583352079	0.023867101853971118	-0.005391666605630396	-0.0004897078355077245
-0.008051177637903528	-0.001219691859311478	-0.004714821065079811	-0.0027143720149533923	-0.002005866186007399	0.021495544670786515	-0.005079619607842645	0.000259204959182302
-0.009486593827725986	-0.0015941482566568244	-0.005214096261539902	-0.0030888284122982945	-0.0026923695811396087	0.018999168688487167	-0.005516485404745586	-0.0006769360341800645
-0.007926358838788339	-0.0013445106584266675	-0.005026868062867784	-0.002589553215838203	-0.0018810473868922095	0.01762616189822208	-0.004705163210498409	0.000259204959182302
-0.007551902441443659	-0.0013445106584266675	-0.004402774067292725	-0.002402325017166307	-0.0018810473868922095	0.01762616189822208	-0.004455525612268252	-0.0006145266346220257
-0.0054923922560468075	-0.0007828260624092032	-0.0034666330739303586	-0.0015910028229191298	-0.0009449063935305091	0.01993530968184931	-0.0032697470206759505	0.000259204959182302
-0.004306613664454284	-0.0009700542610819873	-0.002780129678797927	-0.0018406404211486205	-0.0010073157930872156	0.021557954070344332	-0.0028328812237734535	-0.0005521172350653192
-0.0017478282825971192	9.090553139556867e-05	-0.0011574852903031285	-0.000467633630883979	0.00024087219806179228	0.024116739452201275	-0.0013974650339512174	0.0005088425574122368
-0.0023719222781724003	-0.0006580072632946798	-0.001282304089418318	-0.0013413652246887509	-0.0006328593957425355	0.023492645456625993	-0.0018343308308534922	-0.0007393454337372152
-0.0009989154879075368	-0.00022114146639151677	-0.0005958006942858862	-0.0008420900282286592	0.00017846279850464164	0.021807591668574045	-0.0010230086366063151	0.00032161435873989674
-0.001186143686579877	-0.00040836966506430095	-0.00015893489738338928	-0.0008420900282286592	-0.00019599359884003853	0.018437484092469703	-0.0010854180361639099	-0.0005521172350653192
0.00224637328908206	0.00021572433051053608	0.001214071892880808	0.0002812791638058254	0.000989784992752707	0.015753879911497126	0.0007868639505612673	0.00032161435873989674
0.006115756061646049	0.0009646371252005626	0.003772857274738417	0.0015918765545128721	0.0024876105821318717	0.013631960326542902	0.0028463741359576744	-0.00024007023727778964
0.0078008098496988865	0.0011518653238724585	0.004584179468985816	0.0023407893492033427	0.0031117045777067087	0.012758228732737908	0.0038449245288776357	0.0005088425574122368
0.007176715854123605	0.0008398183260853731	0.004521770069427999	0.0019039235523006237	0.0025500199816894664	0.013819188525215687	0.003345649332417988	-0.0006145266346220257
0.008861769642175998	0.0011518653238724585	0.005021045265888091	0.0023407893492033427	0.0033613421759366435	0.01756375249866471	0.0038449245288776357	0.00013438616006711257
0.007738400450140848	0.0011518653238724585	0.005021045265888091	0.002028742351415369	0.0027372481803615845	0.02280614206149356	0.0034704681315331776	-0.00042729843595012973
0.006053346662088455	0.0009646371252005626	0.003772857274738417	0.001404648355840532	0.0025500199816894664	0.027362028229190427	0.0024719177386132163	0.00032161435873989674
0.005054796269168937	0.0008398183260853731	0.0032735820782785474	0.000780554360265695	0.00198833538567178	0.031106592202640115	0.001660595544365595	-0.00030247963683538437
0.004493111673151695	0.0009022277256429678	0.0028367162813760505	0.0008429637598232897	0.0018635165865570347	0.03354055878538165	0.001473367345693699	0.00038402375829749147
0.0008733664988171963	-0.00022114146639151677	0.0009020248950937226	-0.0007172712291139138	0.0005529191958495439	0.0314186392004272	-0.00046132404058907284	-0.0006769360341800645
0.0016846886930643734	0.0002781337300681308	0.001026843694208912	-0.00015558663309667153	0.0009273755931946681	0.02904708201724282	-2.4458243686353853e-05	0.000259204959182302
0.000935775898374791	0.0002781337300681308	0.001276481292438847	-0.00021799603265426626	0.0005529191958495439	0.025364927443350727	3.795115587124087e-05	-0.00024007023727778964
0.0014350510948348827	0.00021572433051053608	0.0010892530937665068	-9.317723353907681e-05	0.000989784992752707	0.02074663187609671	0.0004124075532161431	0.00038402375829749147
0.0007485476997020069	-9.632266727677141e-05	0.0009020248950937226	-0.00040522423132660634	0.0005529191958495439	0.016502792706187597	0.00016276995498598623	-0.0005521172350653192
0.0008109570992596016	9.090553139556867e-05	0.001026843694208912	0.000156460364690858	0.000740147394522328	0.015192195315480328	0.0004748169527737378	0.00032161435873989674
0.00012445370412761392	9.090553139556867e-05	0.0006523872968640099	-0.00015558663309667153	0.0005529191958495439	0.014755329518577609	0.00010036055542839151	-0.0003648890363929791
0.0007485476997020069	-3.3913267719620777e-05	0.0002779308995193297	-3.0767833981482084e-05	0.0006777379949647333	0.015753879911497126	3.795115587124087e-05	0.0001967955596247073
-0.0003748214923322557	-0.0002835508659491115	0.00015311210040414025	-0.000280405432211861	0.00017846279850464164	0.01818784649423999	-0.00046132404058907284	-0.0006769360341800645
-0.00012518389410276498	-0.00022114146639151677	-0.00040857249561310205	-0.0006548618295567632	5.364399938945219e-05	0.019748081483177193	-0.0006485522392614129	-5.2842038605227515e-05
-0.0008116872892351967	-0.00040836966506430095	-0.0002837536964983567	-0.0007796806286715086	-0.00038322179751260066	0.020933860074769273	-0.0010230086366063151	-0.0007393454337372152
-0.00018759329365991562	-0.00015873206683481023	-0.0002837536964983567	-0.0005300430304411297	-8.765400167254356e-06	0.021058678873884462	-0.0006485522392614129	7.197676050996193e-05
-0.0006244590905628566	-0.00040836966506430095	-9.652549782579456e-05	-0.0010293182269009993	-0.00038322179751260066	0.019311215686274474	-0.0008981898374911257	-0.0008017548332948099
0.0003740913023573267	-3.3913267719620777e-05	0.0005899778973064151	-0.00015558663309667153	0.00024087219806179228	0.018000618295567206	-0.00021168644235824985	0.000259204959182302
-0.0008116872892351967	-0.00040836966506430095	0.00021552149996173497	-0.0007796806286715086	-0.00044563119707041743	0.01556665171282523	-0.0007733710383759362	-0.0007393454337372152
0.0004989101014725161	-9.632266727677141e-05	0.0006523872968640099	-0.000467633630883979	0.0004281003967343544	0.01400641672388847	-2.4458243686353853e-05	7.197676050996193e-05
-0.00025000269321706625	-0.0003459602655067062	0.000839615495536572	-0.000467633630883979	-8.765400167254356e-06	0.013819188525215687	-0.00027409584191673275	-0.0006769360341800645
-0.00012518389410276498	-3.3913267719620777e-05	0.0007147966964213825	-9.317723353907681e-05	0.0004905097962926153	0.0152546047150377	0.00010036055542839151	0.00032161435873989674
-0.0039945666666667545	-0.0007828260624092032	-0.0015943510872051814	-0.0016534122224762804	-0.0008824969939729144	0.014568101319905269	-0.0020215590295258323	-0.0006769360341800645
-0.007739130640115999	-0.0011572824597543274	-0.003778680071717444	-0.002339915617608712	-0.0019434567864500263	0.015504242313267635	-0.003769022217135598	0.00032161435873989674
-0.008675271633478365	-0.0014069200579838181	-0.00427795526817798	-0.002776781414510987	-0.002380322583352079	0.01693965850308965	-0.004268297413595912	-0.0005521172350653192
-0.0089249092317083	-0.0015941482566568244	-0.005214096261539902	-0.0030888284122982945	-0.0025051413824672686	0.01693965850308965	-0.004705163210498409	0.00013438616006711257
-0.009299365629053202	-0.001656557656213975	-0.004777230464637405	-0.002964009613183771	-0.0026923695811396087	0.01725170550087718	-0.004642753810940814	-0.0005521172350653192
-0.008363224635691058	-0.0015317388570992296	-0.004527592866407915	-0.0027143720149533923	-0.0022555037842373338	0.016502792706187597	-0.004143478614480722	9.56736095236721e-06
-0.0073646742427710965	-0.0014069200579838181	-0.00359145187304466	-0.002589553215838203	-0.0020682755855649937	0.015129785915922733	-0.003581794018463036	-0.0006769360341800645
-0.005367573456931618	-0.0009700542610819873	-0.0024056732814525805	-0.0017782310215914698	-0.0013193627908749672	0.01444328252079008	-0.0024584248264287734	9.56736095236721e-06
-0.004306613664454284	-0.0009700542610819873	-0.0016567604867634422	-0.0017782310215914698	-0.0013817721904321179	0.012945456931410915	-0.0019591496299686817	-0.0006769360341800645
-0.0018726470817123086	-0.0002835508659491115	-0.0002837536964983567	-0.0007172712291139138	-7.117479972484908e-05	0.012196544136720888	-0.0006485522392614129	0.000259204959182302
-0.0019350564812694593	-0.0002835508659491115	9.070270084654553e-05	-0.0005300430304411297	-0.00032081239795500593	0.011572450141145607	-0.0005861428397038182	-0.00042729843595012973
-0.0009989154879075368	-0.00015873206683481023	-3.4116098268199835e-05	-0.00015558663309667153	0.00024087219806179228	0.010885946746013175	-0.00021168644235824985	0.00032161435873989674
-0.0008740966887923474	-0.0002835508659491115	9.070270084654553e-05	-0.00021799603265426626	5.364399938945219e-05	0.010885946746013175	-0.000398914641031034	-0.00042729843595012973
0.002870467284656897	0.0005277713282980656	0.0017133470893408997	0.0010926013580530025	0.001364241390097165	0.014131235523002772	0.0015357767452504056	0.0005088425574122368
0.005616480865186402	0.0007774089265280004	0.0032111726787209527	0.0013422389562833814	0.0019259259861141853	0.017126886701762434	0.0026591459372857784	-0.0005521172350653192
0.007301534653238795	0.001089455924315308	0.004209723071640914	0.002028742351415369	0.0027372481803615845	0.02030976607919399	0.0036576963302057397	0.00032161435873989674
0.00686466885633652	0.0010270465247577132	0.004521770069427999	0.0017791047531854343	0.0023627917830166822	0.02261891386282122	0.0035328775310905502	-0.00042729843595012973
0.008487313244830874	0.0013390935225452427	0.005395501663232993	0.002091151750972964	0.003236523376821454	0.024116739452201275	0.004344199725337727	0.00032161435873989674
0.007488762851911357	0.0012142747234304974	0.0057699580605781176	0.001654285954070911	0.0026748387808042118	0.024116739452201275	0.0040945621271077925	-0.00042729843595012973
0.005866118463416559	0.0010270465247577132	0.004833817067215307	0.001404648355840532	0.0023627917830166822	0.02274373266193641	0.003408058731975361	0.00038402375829749147
0.004992386869611565	0.0007149995269699616	0.004396951270313698	0.0006557355611509497	0.0018635165865570347	0.01987290028229194	0.0027839647364005238	-0.0005521172350653192
0.004368292874036506	0.0007149995269699616	0.0038352666742957897	0.0009677825589380351	0.0018635165865570347	0.01793820889600961	0.0026591459372857784	0.00032161435873989674
0.0008109570992596016	-0.00015873206683481023	0.0018381658884560892	-9.317723353907681e-05	0.0004905097962926153	0.015753879911497126	0.0009740921492336074	-0.0007393454337372152
0.0017470980926219681	2.8496131837751904e-05	0.0013388906919962196	-3.0767833981482084e-05	0.000989784992752707	0.014692920119020458	0.001036501548790536	7.197676050996193e-05
0.0007485476997020069	-3.3913267719620777e-05	0.0011516624933241015	-3.0767833981482084e-05	0.0005529191958495439	0.014880148317692798	0.0009116827496760127	-0.0004897078355077245
0.0007485476997020069	-9.632266727677141e-05	0.0007147966964213825	-9.317723353907681e-05	0.0006777379949647333	0.016003517509727727	0.001036501548790536	7.197676050996193e-05
-3.650949875755316e-07	-0.00015873206683481023	0.0004651590981912257	-0.000467633630883979	0.0003656909971769817	0.016003517509727727	0.0005996357518884832	-0.0006769360341800645
0.0005613195010301109	0.00021572433051053608	0.0006523872968640099	-3.0767833981482084e-05	0.0006153285954071386	0.016065926909285322	0.0009116827496760127	0.000259204959182302
-0.0004996402914474452	-0.00015873206683481023	0.0004651590981912257	-0.0005924524299991685	5.364399938945219e-05	0.014817738918135648	0.00034999815365854836	-0.0006145266346220257
0.0005613195010301109	2.8496131837751904e-05	0.000839615495536572	-0.00015558663309667153	0.0005529191958495439	0.012945456931410915	0.0006620451514456338	0.0001967955596247073
-0.0004996402914474452	-0.0003459602655067062	0.0007147966964213825	-0.0005924524299991685	-0.00025840299839763325	0.010449080949111123	-2.4458243686353853e-05	-0.0007393454337372152
-6.277449454517026e-05	-0.0002835508659491115	0.0007147966964213825	-0.000280405432211861	-7.117479972484908e-05	0.00838957076371405	0.00016276995498598623	-5.2842038605227515e-05
-0.0004996402914474452	-0.000595597863736641	0.0004651590981912257	-0.0007172712291139138	-0.00038322179751260066	0.006080422980086819	-0.0003365052414738834	-0.0009265736324099993
0.0003740913023573267	9.090553139556867e-05	0.0009020248950937226	0.0002812791638058254	0.0003656909971769817	0.006392469977874127	0.00034999815365854836	0.00038402375829749147
-0.0003748214923322557	-0.0003459602655067062	0.00040274969863407506	-0.00034281483176856753	-0.00032081239795500593	0.006829335774776846	-0.0001492770428015433	-0.0006769360341800645
0.00043650070191514345	0.0001533149309531634	0.0005275684977488204	3.164156557611264e-05	0.0003032815976198311	0.009013664759288886	0.00034999815365854836	0.000259204959182302
-0.0008740966887923474	-0.00040836966506430095	9.070270084654553e-05	-0.00040522423132660634	-0.00038322179751260066	0.01169726894026124	-0.00021168644235824985	-0.0007393454337372152
-0.0004372308918898504	-0.0003459602655067062	-0.00015893489738338928	-0.0005300430304411297	-8.765400167254356e-06	0.014505691920348118	3.795115587124087e-05	9.56736095236721e-06
-0.0006244590905628566	-0.00015873206683481023	0.00034034029907603625	-0.000467633630883979	-7.117479972484908e-05	0.017126886701762434	3.795115587124087e-05	-0.0006145266346220257
-0.0009365060883499421	-0.00015873206683481023	0.00021552149996173497	-0.000467633630883979	0.00011605339894704692	0.018499893492027297	0.00010036055542839151	0.0001967955596247073
-0.005242754657816429	-0.001032463660639582	-0.0018439886854357823	-0.002152687418936372	-0.0014441815899901567	0.01594110811016991	-0.0020215590295258323	-0.0006769360341800645
-0.007614311841001253	-0.001219691859311478	-0.0030921766765850123	-0.0024647344167239016	-0.0019434567864500263	0.013756779125658092	-0.003144928221561205	0.00032161435873989674
-0.00880009043259311	-0.0014069200579838181	-0.0032794048752577964	-0.0026519626153962417	-0.0025675507820244192	0.011822087739375986	-0.003519384618905441	-0.00042729843595012973
-0.008488043434806025	-0.0014069200579838181	-0.0036538612726026987	-0.0026519626153962417	-0.0020682755855649937	0.009200892957961226	-0.003519384618905441	0.000259204959182302
-0.00873768103303596	-0.0015317388570992296	-0.0036538612726026987	-0.0028391908140685818	-0.002380322583352079	0.0075158391699092775	-0.0036442034180210747	-0.0005521172350653192
-0.007427083642328247	-0.001219691859311478	-0.002967357877470267	-0.0020278686198211826	-0.0016938191882196474	0.00876402716105873	-0.0026456530251011134	0.000259204959182302
-0.007302264843213946	-0.0012821012588690728	-0.0030297672770278616	-0.002527143816280608	-0.0018810473868922095	0.009200892957961226	-0.002520834225985924	-0.0005521172350653192
-0.0050555264591438664	-0.0009700542610819873	-0.00234326388189543	-0.0017158216220338751	-0.0010697251926448104	0.010823537346456469	-0.0015846932326240015	0.00013438616006711257
-0.004056976066224349	-0.0009700542610819873	-0.001469532288090658	-0.001528593423361091	-0.0009449063935305091	0.01288304753185332	-0.0008981898374911257	-0.0008017548332948099
-0.002621559876401891	-0.0007828260624092032	-0.0012198946898607232	-0.0012789558251313782	-0.00038322179751260066	0.013070275730525216	-0.0005237334401462235	-0.00024007023727778964
-0.001997465880827054	-0.000595597863736641	-0.0003461630960559514	-0.0007172712291139138	-0.00025840299839763325	0.012945456931410915	-8.686764324394858e-05	-0.0007393454337372152
-0.001373371885252439	-9.632266727677141e-05	-9.652549782579456e-05	-0.00034281483176856753	0.00011605339894704692	0.011385221942473267	0.00034999815365854836	0.00038402375829749147
-0.0009365060883499421	-0.00047077906462189567	0.0004651590981912257	-0.0005300430304411297	-0.00019599359884003853	0.008639208361944428	0.0002251793545433589	-0.0007393454337372152
0.003057695483329237	-3.3913267719620777e-05	0.0022126222858009914	0.0007181449607081003	0.0009273755931946681	0.007827886167696363	0.0019726425421533467	-0.00011525143816237815
0.005928527862973709	0.0007774089265280004	0.004459360669870849	0.0017791047531854343	0.00198833538567178	0.0077030673685811735	0.003595286930648145	-0.0004897078355077245
0.006739850057220886	0.0007149995269699616	0.004521770069427999	0.0017166953536280616	0.0021755635843447862	0.0070789733730067805	0.0038449245288776357	9.56736095236721e-06
0.006989487655451265	0.0007774089265280004	0.005270682864118026	0.0017791047531854343	0.0021131541847871915	0.008264751964599304	0.0040945621271077925	-0.0008017548332948099
0.008175266247043567	0.0010270465247577132	0.005645139261463372	0.002028742351415369	0.0026748387808042118	0.01057389974822609	0.004781065522240002	-5.2842038605227515e-05
0.0069270782558936705	0.0007774089265280004	0.005021045265888091	0.001404648355840532	0.0021755635843447862	0.011385221942473267	0.004156971526665387	-0.0008017548332948099
0.00492997747005397	0.00040295252918287616	0.0036480384756232276	0.0010926013580530025	0.0016138789883270999	0.012321362935835634	0.003158421133745648	-0.00011525143816237815
0.004243474074921538	0.0001533149309531634	0.0032735820782785474	0.0005933261615933549	0.0012394225909819756	0.012820638132295947	0.0028463741359576744	-0.0010513924315251888
0.003244923682001577	0.00034054312962528144	0.0023998504844737756	0.0005933261615933549	0.0012394225909819756	0.012758228732737908	0.0024095083390551775	9.56736095236721e-06
0.00043650070191514345	-0.00015873206683481023	0.0013388906919962196	-3.0767833981482084e-05	5.364399938945219e-05	0.012508591134508418	0.0011613203479061696	-0.0006769360341800645
0.0011230040970475752	9.090553139556867e-05	0.001276481292438847	0.00021886976424823068	0.000740147394522328	0.012508591134508418	0.0015981861448084445	0.00013438616006711257
0.0004989101014725161	-0.00015873206683481023	0.0014013000915538143	-0.000280405432211861	0.00017846279850464164	0.011572450141145607	0.0010989109483485748	-0.0006769360341800645
0.000935775898374791	-9.632266727677141e-05	0.0017757564888989386	3.164156557611264e-05	0.0004905097962926153	0.011634859540703646	0.0013485485465785096	9.56736095236721e-06
-0.0006244590905628566	-0.0005331884641790463	0.001026843694208912	-0.0009669088273438486	-0.00025840299839763325	0.010074624551765998	0.0005996357518884832	-0.0009265736324099993
0.0009981852979319417	-9.632266727677141e-05	0.0018381658884560892	-0.000280405432211861	0.0006777379949647333	0.009700168154421318	0.0012237297474633202	0.00013438616006711257
-0.0006244590905628566	-0.00047077906462189567	0.001463709491111409	-0.0005924524299991685	-0.0001335841992824438	0.009200892957961226	0.0006620451514456338	-0.0006769360341800645
0.0004989101014725161	-3.3913267719620777e-05	0.001463709491111409	-9.317723353907681e-05	0.0006153285954071386	0.008451980163271644	0.0012237297474633202	7.197676050996193e-05
-0.0003748214923322557	-0.0005331884641790463	0.0007147966964213825	-0.0005924524299991685	-8.765400167254356e-06	0.0070789733730067805	0.0005372263523308884	-0.0008017548332948099
0.000311681902799954	-0.00015873206683481023	0.0009644342946513174	3.164156557611264e-05	0.0005529191958495439	0.007890295567253958	0.0011613203479061696	0.00013438616006711257
-0.0008116872892351967	-0.000595597863736641	0.00034034029907603625	-0.0007172712291139138	-0.00032081239795500593	0.007578248569466872	0.0005372263523308884	-0.0008017548332948099
-0.0004372308918898504	-0.00040836966506430095	0.00021552149996173497	-0.00040522423132660634	-0.0001335841992824438	0.008139933165484337	0.0007244545510032285	-5.2842038605227515e-05
-0.0009989154879075368	-0.000595597863736641	0.0004651590981912257	-0.0005300430304411297	-0.00044563119707041743	0.00876402716105873	0.0004748169527737378	-0.0009265736324099993
0.00012445370412761392	2.8496131837751904e-05	0.0010892530937665068	-3.0767833981482084e-05	0.0004281003967343544	0.009762577553978913	0.0011613203479061696	0.000259204959182302
-0.0005620496910048178	-0.0002835508659491115	0.001276481292438847	-0.00040522423132660634	-0.0001335841992824438	0.009575349355306129	0.0005996357518884832	-0.0006145266346220257
-0.00018759329365991562	-0.00015873206683481023	0.001650937689783749	-0.00015558663309667153	0.00011605339894704692	0.010199443350881188	0.0009116827496760127	0.0001967955596247073
-0.0004372308918898504	-0.00015873206683481023	0.0018381658884560892	-0.0005300430304411297	0.00011605339894704692	0.009512939955748756	0.000849273350118418	-0.0004897078355077245
-0.0010613248874646874	-0.0002835508659491115	0.001276481292438847	-0.0005300430304411297	-8.765400167254356e-06	0.008951255359731292	0.0005372263523308884	0.000259204959182302
-0.00624130505073639	-0.001219691859311478	-0.001282304089418318	-0.00196545922026381	-0.0018186379873348368	0.006766926375219251	-0.001896740230411087	-0.0006769360341800645
-0.007739130640115999	-0.0011572824597543274	-0.0032169954757002017	-0.002402325017166307	-0.0018810473868922095	0.005269100785839642	-0.002708062424658264	0.00038402375829749147
-0.008675271633478365	-0.0014069200579838181	-0.00359145187304466	-0.002527143816280608	-0.002629960181582014	0.005393919584954832	-0.0030201094224460157	-0.0004897078355077245
-0.00904972803082349	-0.0013445106584266675	-0.00427795526817798	-0.002527143816280608	-0.002380322583352079	0.005768375982299512	-0.002895290623330604	0.00032161435873989674
-0.0089249092317083	-0.0013445106584266675	-0.00427795526817798	-0.002527143816280608	-0.0023179131837944844	0.005768375982299512	-0.0028328812237734535	-0.00030247963683538437
-0.007614311841001253	-0.0009700542610819873	-0.0037162706721602934	-0.0018406404211486205	-0.0018810473868922095	0.006142832379644414	-0.0021463778286410218	0.0005088425574122368
-0.007177446044098756	-0.0010948730601967327	-0.0030297672770278616	-0.00196545922026381	-0.0018186379873348368	0.005393919584954832	-0.0019591496299686817	-0.00030247963683538437
-0.004493841863126846	-0.00047077906462189567	-0.0016567604867634422	-0.001091727626459038	-0.0006952687953001302	0.0047698255893795505	-0.000835780437933531	0.0005088425574122368
-0.0033704726710914734	-0.0005331884641790463	-0.0004709818951706968	-0.0009669088273438486	-0.0007576781948577249	0.0041457315938047135	-0.00046132404058907284	-0.00042729843595012973
-0.002184694079499616	-0.0003459602655067062	9.070270084654553e-05	-0.0005300430304411297	-0.00038322179751260066	0.003396818799114909	3.795115587124087e-05	0.0005088425574122368
-0.0014357812848100338	9.090553139556867e-05	0.0009644342946513174	-9.317723353907681e-05	0.00017846279850464164	0.003022362401770007	0.0004124075532161431	-0.00011525143816237815
-0.0008116872892351967	0.0001533149309531634	0.0010892530937665068	0.00034368856336342013	0.0003656909971769817	0.003209590600442125	0.0006620451514456338	0.000696070756084799
-0.0005620496910048178	-9.632266727677141e-05	0.001214071892880808	3.164156557611264e-05	5.364399938945219e-05	0.0030847718013276015	0.0007244545510032285	-0.0003648890363929791
0.004118655275806349	0.0006525901274132551	0.0032111726787209527	0.001217420157168192	0.0016762883878846946	0.004957053788052335	0.0029087835355157132	0.00038402375829749147
0.005803709063859186	0.0007149995269699616	0.004584179468985816	0.0015918765545128721	0.00180110718699944	0.006891745174333996	0.004219380926222982	-0.0005521172350653192
0.006989487655451265	0.0009646371252005626	0.004521770069427999	0.0019663329518582184	0.0027996575799194012	0.009138483558404076	0.004843474921797597	0.00038402375829749147
0.007176715854123605	0.0010270465247577132	0.005645139261463372	0.0024031987487600492	0.0026748387808042118	0.01169726894026124	0.005217931319142499	-0.0004897078355077245
0.008612132043946064	0.0013390935225452427	0.005957186259250902	0.0025904269474328334	0.003049295178149558	0.012695819333180758	0.005904434714274487	0.00038402375829749147
0.006615031258106363	0.0010270465247577132	0.005707548661020079	0.0017791047531854343	0.0024876105821318717	0.012695819333180758	0.004843474921797597	-0.00042729843595012973
0.005554071465628807	0.0011518653238724585	0.005520320462348183	0.0017791047531854343	0.0023627917830166822	0.012633409933623163	0.004344199725337727	0.0006336613565272042
0.004680339871824479	0.0005277713282980656	0.005208273464560431	0.0010926013580530025	0.0014890601892123545	0.011572450141145607	0.0036576963302057397	-0.0005521172350653192
0.0031825142824444264	0.00040295252918287616	0.0038976760738533844	0.0006557355611509497	0.0014266507896543157	0.009325711757076416	0.0028463741359576744	0.000259204959182302
0.0009981852979319417	-0.00015873206683481023	0.002899125680933645	-3.0767833981482084e-05	0.0003656909971769817	0.008202342565041265	0.0017230049439229678	-0.0006769360341800645
0.0012478228961620985	0.0005277713282980656	0.00296153508049124	0.0007181449607081003	0.0010521943923094135	0.009512939955748756	0.0024719177386132163	0.0005088425574122368
0.0008109570992596016	0.00021572433051053608	0.002337441084916181	3.164156557611264e-05	0.000740147394522328	0.009076074158846481	0.0021598707408256868	-0.00030247963683538437
0.0011230040970475752	0.00034054312962528144	0.0021502128862436187	0.000156460364690858	0.0008025567940799228	0.009887396353093658	0.0024095083390551775	0.0005088425574122368
-0.0003748214923322557	-3.3913267719620777e-05	0.0017757564888989386	-0.00021799603265426626	0.00017846279850464164	0.009949805752651253	0.002097461341268092	-0.0004897078355077245
0.000311681902799954	-3.3913267719620777e-05	0.0013388906919962196	-9.317723353907681e-05	0.0006777379949647333	0.008951255359731292	0.002097461341268092	0.000259204959182302
-0.00031241209277554916	-0.0002835508659491115	0.0014013000915538143	-0.00021799603265426626	0.00011605339894704692	0.007391020370794088	0.0015981861448084445	-0.0006769360341800645
6.204430457001919e-05	-0.00022114146639151677	0.001276481292438847	-9.317723353907681e-05	0.0003032815976198311	0.005643557183184322	0.0015981861448084445	9.56736095236721e-06
-0.0008740966887923474	-0.0005331884641790463	0.0011516624933241015	-0.0005924524299991685	-0.00038322179751260066	0.0034592281986725038	0.0007244545510032285	-0.0008017548332948099
0.0006237289005877056	0.0001533149309531634	0.0017757564888989386	0.00034368856336342013	0.0004281003967343544	0.003022362401770007	0.001473367345693699	0.00032161435873989674
-0.0008116872892351967	-0.0003459602655067062	0.0010892530937665068	-0.00040522423132660634	-0.000508040596627346	0.0022110402075228297	0.0005996357518884832	-0.0005521172350653192
6.204430457001919e-05	-9.632266727677141e-05	0.0013388906919962196	-3.0767833981482084e-05	0.00011605339894704692	0.002585496604867954	0.0009116827496760127	0.00032161435873989674
-0.00025000269321706625	-3.3913267719620777e-05	0.001214071892880808	-0.00034281483176856753	-0.00019599359884003853	0.002959953002212412	0.000849273350118418	-0.0003648890363929791
-6.277449454517026e-05	-9.632266727677141e-05	0.0011516624933241015	-0.00015558663309667153	5.364399938945219e-05	0.004083322194247119	0.0010989109483485748	0.00013438616006711257
-0.0006868684901195632	-0.00047077906462189567	0.0007772060959791993	-0.0007172712291139138	-0.00025840299839763325	0.004083322194247119	0.0007244545510032285	-0.0006769360341800645
-6.277449454517026e-05	-9.632266727677141e-05	0.001026843694208912	-3.0767833981482084e-05	0.00017846279850464164	0.005269100785839642	0.0013485485465785096	7.197676050996193e-05
-0.0006244590905628566	-0.0003459602655067062	0.0010892530937665068	-0.000467633630883979	-0.0001335841992824438	0.005081872587167302	0.0011613203479061696	-0.0007393454337372152
-0.0013109624856948443	-0.00047077906462189567	0.0005275684977488204	-0.000467633630883979	-0.0001335841992824438	0.004832234988937145	0.000849273350118418	7.197676050996193e-05
-0.0069278084458683775	-0.0012821012588690728	-0.0018439886854357823	-0.00196545922026381	-0.0021306849851225884	0.003396818799114909	-0.0016471026321815962	-0.0006769360341800645
-0.007863949439231632	-0.001219691859311478	-0.0025929014801251427	-0.0022150968184939668	-0.0021306849851225884	0.003022362401770007	-0.0022087872281983945	0.00013438616006711257
