Sensor_1	Sensor_2	Sensor_3	Sensor_4	Sensor_5	Sensor_6	Sensor_7	Sensor_8
5.183724727242378e-05	-9.243144121495739e-05	-0.00015389845883895248	-0.00017671221484705235	0.00018751840238007134	0.0017705328221560013	-0.0001410296406503253	-0.0005411862287327818
0.0004887030441749207	0.0002196155565727942	0.000158148538948355	0.000197744182498516	0.0004995654001673788	0.0023322174181736877	0.0002958361562523937	0.0004573641641871795
-0.0008843037460899428	-0.0003420690394444481	-0.0002163078583965472	-0.0006759874113066999	-0.0004989849927519163	0.002020170420386158	-0.0003282578393226654	-0.0007284144274046778
-0.00013539095139947221	3.238735790023206e-05	-2.9079659723985074e-05	-0.0005511686121919546	2.902037081753406e-07	0.002457036217288433	-1.6210841535135856e-05	0.0002701359655148394
-0.0007594849469747533	3.238735790023206e-05	0.000158148538948355	-0.0003015310139617977	-0.00031175679407957624	0.002644264415961217	-0.0001410296406503253	-0.00029154863050284696
-0.0004474379491872238	3.238735790023206e-05	-0.00015389845883895248	-0.0002391216144037589	2.902037081753406e-07	0.002644264415961217	-0.0001410296406503253	0.00033254536507243415
-0.0005098473487452626	3.238735790023206e-05	-0.00015389845883895248	-0.000426349813076321	-6.211919584941938e-05	0.0027690832150757405	-0.00045307663843741075	-0.0004163674296175923
0.0005511124437327375	0.00034443435568753955	3.332973983360965e-05	0.00038497238117063404	0.0008116123979553524	0.003330767811093205	4.619855802245887e-05	0.0005197735637447742
-0.0004474379491872238	3.238735790023206e-05	-0.000465945456626482	0.00013533478294092127	0.00024992780193766606	0.0030187208133056753	-0.0005778954375523782	-0.00022913923094525224
0.0005511124437327375	0.00015720615701519947	-0.000465945456626482	0.00038497238117063404	0.0008116123979553524	0.003517996009765767	-0.0003282578393226654	0.00033254536507243415
-0.00013539095139947221	3.238735790023206e-05	-0.000465945456626482	0.000197744182498516	0.00043715600061000615	0.0038300430075532965	-0.0005778954375523782	-0.00022913923094525224
-0.0022573105363548063	9.479675745782679e-05	-0.0012148582513165085	-0.00017671221484705235	0.0001251090028224766	0.003954861806668042	-0.00126439883268481	0.0005197735637447742
-0.009309572686350798	-0.001028572434577324	-0.003836053032730824	-0.0022362224002439035	-0.0021216293812467146	0.0025818550164029563	-0.004135231212329504	-0.00022913923094525224
-0.009059935088121085	-0.0007165254367900165	-0.0037736436331732293	-0.0020489942015715634	-0.002059219981689564	0.0036428148088809564	-0.0038855936140991254	0.000582182963302369
-0.01055776067750025	-0.0013406194323644094	-0.004335328229190916	-0.00317236339360627	-0.0030577703746095253	0.0038300430075532965	-0.004696915808346747	-0.0004163674296175923
-0.009808847882810667	-0.0007165254367900165	-0.004023281231403386	-0.002548269398031433	-0.002433676379034244	0.004766184000915219	-0.004197640611887099	0.0007070017624173364
-0.009621619684137883	-0.0011533912336920693	-0.004210509430075726	-0.002797906996261368	-0.0028081327763791464	0.004329318204013388	-0.004447278210116368	-0.00029154863050284696
-0.007000424902723568	-0.00046688783855963756	-0.0035240060349432945	-0.0018617660028990013	-0.0016847635843446618	0.0044541370031281335	-0.0033863184176390337	0.0007694111619749311
-0.005252961715114024	-0.0006541160372319776	-0.003211959037155987	-0.0016121284046690665	-0.0013727165865571322	0.003330767811093205	-0.002949452620736759	-0.00022913923094525224
-0.0026317669336992644	-0.00046688783855963756	-0.002962321438925608	-0.0006759874113066999	-0.000374166193637393	0.002644264415961217	-0.0020133116273746143	0.0005197735637447742
-0.0011963507438772503	-0.00040447843900204283	-0.002400636842908588	-0.0003015310139617977	0.00018751840238007134	0.0023946268177308383	-0.0015764458304718953	-0.0003539580300604417
0.0007383406424052996	9.479675745782679e-05	-0.0017765428473337508	0.0005097911802853794	0.0010612499961857313	0.0033931772106505775	-0.0005778954375523782	0.0003949547646300289
-0.00026020975051466166	-0.0003420690394444481	-0.001963771046006091	-0.00011430281528945763	0.0004995654001673788	0.004329318204013388	-0.0011395800335693984	-0.00047877682917518705
0.0001142466468300185	-0.0002796596398868534	-0.0017765428473337508	-0.0003015310139617977	0.0004995654001673788	0.006700875387197769	-0.000827533035782313	0.0002077265659572447
0.002298575631342059	0.00034443435568753955	3.332973983360965e-05	7.292538338332655e-05	0.0009988405966276925	0.010445439360646791	0.00035824555580976636	-0.0003539580300604417
0.0064175960021364276	0.0009061189517052259	0.002030430525673088	0.0008842475776305037	0.0018725721904324644	0.01431482213321078	0.002292936942092094	0.0004573641641871795
0.0064175960021364276	0.0008437095521476312	0.0030289809185930494	0.0003225629816130393	0.0016229345922025296	0.016249513519493775	0.002542574540321585	-0.0003539580300604417
0.007416146395056389	0.001093347150377122	0.0034658467154955463	0.0008218381780729089	0.0019973909895472097	0.01706083571374095	0.0031042591363397154	0.0004573641641871795
0.008851562584877959	0.0012805753490499061	0.0044643971084150635	0.0013211133745330006	0.002371847386892556	0.01656156051728086	0.003790762531472147	-0.00029154863050284696
0.009850112977798142	0.001530212947279841	0.004339578309300318	0.001882797970550243	0.0031207601815825825	0.014626869130998532	0.004290037727931795	0.000582182963302369
0.006105549004349342	0.0008437095521476312	0.0028417527199202652	0.001258703974975628	0.0021222097886626212	0.010695076958877392	0.0026049839398796237	-0.0004163674296175923
0.006105549004349342	0.0011557565499351607	0.0023424775234603956	0.002070026169223027	0.0028711225833524257	0.008635566773480097	0.0028546215381093365	0.0006445923628597416
0.0053566362096588716	0.0008437095521476312	0.0019680211261154934	0.001633160372320086	0.0024966661860073014	0.007637016380560135	0.0022305275425344995	-0.00029154863050284696
0.0019865286335545296	0.0005940719539179184	0.0004077861371787339	0.0013211133745330006	0.0018725721904324644	0.00769942578011773	0.0010447489509424202	0.0005197735637447742
0.0001142466468300185	3.238735790023206e-05	-0.00027871725795369784	0.000197744182498516	0.0008116123979553524	0.00957170776684202	0.00023342675669479895	-0.00047877682917518705
0.0007383406424052996	0.0002196155565727942	3.332973983360965e-05	7.292538338332655e-05	0.0009988405966276925	0.012816996543831172	0.00042065495536780517	0.00014531716639964998
-0.0006346661478595639	-9.243144121495739e-05	-2.9079659723985074e-05	-0.0008008062104214453	2.902037081753406e-07	0.015001325528343212	-7.86202410918424e-05	-0.0007284144274046778
-0.0008843037460899428	-9.243144121495739e-05	-0.0002163078583965472	-0.00105044380865138	-0.00018693799496460883	0.016249513519493775	-7.86202410918424e-05	8.290776684249934e-05
-0.0013211695429924397	-9.243144121495739e-05	3.332973983360965e-05	-0.001300081406881537	-0.0004365755931943216	0.015563010124360899	-0.0003282578393226654	-0.0005411862287327818
5.183724727242378e-05	0.00034443435568753955	0.00047019553673544046	-0.0003639404135191704	0.0003747466010528555	0.013815546936751355	0.00035824555580976636	0.0005197735637447742
-1.0572152285170944e-05	0.0002196155565727942	0.0003453767376211392	-0.0003015310139617977	0.0003747466010528555	0.010383029961089196	0.0002958361562523937	-0.00022913923094525224
0.0006135218432901102	0.00034443435568753955	3.332973983360965e-05	0.000197744182498516	0.0009364311970700978	0.007449788181887351	0.00035824555580976636	0.000582182963302369
-1.0572152285170944e-05	3.238735790023206e-05	-0.00034112665751129256	0.00026015358205566663	0.0006243841992825683	0.006264009590295272	-1.6210841535135856e-05	-0.0004163674296175923
0.0005511124437327375	0.00015720615701519947	-0.0006531736552988221	0.0005722005798429741	0.0011860687953000326	0.007449788181887351	0.00035824555580976636	0.00033254536507243415
-0.0003226191500722564	9.479675745782679e-05	-0.0007779924544137895	0.00013533478294092127	0.0009364311970700978	0.010570258159761758	0.00017101735713764832	-0.0004163674296175923
-0.0005098473487452626	-0.00015484084077210802	-0.001090039452201319	-0.00011430281528945763	0.0007492029983977577	0.015001325528343212	0.0002958361562523937	0.0003949547646300289
-0.000821894346532348	0.00015720615701519947	-0.0005283548561840767	-0.0005511686121919546	0.0006243841992825683	0.019307574097810587	0.0006702925535972959	-0.00022913923094525224
-0.000821894346532348	9.479675745782679e-05	-0.0007155830548564168	-0.0009880344090942295	0.0004995654001673788	0.021554312481879778	0.0007951113527120413	0.00033254536507243415
-0.001445988342106741	-0.0002796596398868534	-0.0005907642557412274	-0.0015497190051114718	-0.0002493473945219815	0.021554312481879778	0.0004830643549249558	-0.0006660050278475271
-0.0006346661478595639	3.238735790023206e-05	-0.00015389845883895248	-0.0011128532082089748	0.0003747466010528555	0.019432392896925332	0.0009823395513848254	0.0002701359655148394
-0.0006346661478595639	3.238735790023206e-05	9.573913939120438e-05	-0.0009256250095361906	0.0003747466010528555	0.015063734927901251	0.0007327019531548906	-0.0004163674296175923
-0.0032558609292738794	-0.0002796596398868534	-0.0013396770504312538	-0.0009880344090942295	-0.0001245285954070141	0.00944688896772683	-0.000390667238879816	0.0004573641641871795
-0.009371982085908392	-0.0012782100328068147	-0.004210509430075726	-0.002361041199359093	-0.0019344011825743745	0.00308113021286327	-0.0031990902189671377	-0.0003539580300604417
-0.007562109498741254	-0.00040447843900204283	-0.003586415434500889	-0.0011128532082089748	-0.00081103199053989	0.0018953516212709687	-0.0025749962233918566	0.0007694111619749311
-0.009309572686350798	-0.0014030288319220041	-0.0047721940260929685	-0.0020489942015715634	-0.002059219981689564	0.0015833046234836612	-0.003760774814983936	-0.00029154863050284696
-0.008997525688562824	-0.0009037536354621345	-0.0047721940260929685	-0.0018617660028990013	-0.0015599447852294723	0.004142090005340382	-0.0035111372167546673	0.0004573641641871795
-0.008997525688562824	-0.0012782100328068147	-0.004647375226978001	-0.0021738130006863088	-0.0021216293812467146	0.007262559983214567	-0.003573546616311818	-0.0005411862287327818
-0.006938015503165973	-0.0009037536354621345	-0.0037112342336160786	-0.0020489942015715634	-0.0016847635843446618	0.00957170776684202	-0.002512586823834706	0.0003949547646300289
-0.006126693308918796	-0.001028572434577324	-0.0031495496375983922	-0.002548269398031433	-0.002059219981689564	0.009821345365072176	-0.002325358625162366	-0.0005411862287327818
-0.002756585732814454	-0.0002796596398868534	-0.0015893146486611887	-0.0011752626077665695	-0.00081103199053989	0.009821345365072176	-0.0007027142366671235	0.0004573641641871795
-0.0015083977416647798	-0.0002796596398868534	-0.000902811253528979	-0.0009880344090942295	-0.0002493473945219815	0.008385929175249718	-0.000390667238879816	-0.0003539580300604417
0.0001142466468300185	-3.0022041657584708e-05	-0.0005907642557412274	-0.0003639404135191704	0.0005619747997256397	0.007637016380560135	0.0002958361562523937	0.0003949547646300289
-0.0010091225452046881	-0.00046688783855963756	-0.0008404018539716063	-0.0006135780117491052	-0.0001245285954070141	0.007262559983214567	-0.00020343904020747594	-0.0006035956282894883
0.0003638842450599533	0.00015720615701519947	-0.0002163078583965472	1.0515983825731823e-05	0.0004995654001673788	0.008760385572594398	0.0007951113527120413	0.0006445923628597416
0.0032971260242620204	0.0004068437552451343	0.0010318801327531268	7.292538338332655e-05	0.0009988405966276925	0.010819895757991693	0.001918480544747192	-0.00022913923094525224
0.00735373699549835	0.0010309377508199713	0.002654524521247481	0.00144593217364819	0.0024342567864497067	0.01425241273365363	0.0038531719310288537	0.0005197735637447742
0.006729642999923957	0.0009685283512623766	0.002654524521247481	0.001258703974975628	0.0021222097886626212	0.015625419523918493	0.0038531719310288537	-0.00029154863050284696
0.008352287388418533	0.0011557565499351607	0.00290416211947786	0.001633160372320086	0.002808713183794609	0.01662396991683801	0.0045396753261612854	0.0004573641641871795
0.008789153185321252	0.0007813001525900365	0.0032162091172656115	0.0015707509727629354	0.002621484985122491	0.017185654512855697	0.004851722323948815	-0.0006660050278475271
0.009038790783550743	0.0011557565499351607	0.0034658467154955463	0.0019452073701080597	0.0031207601815825825	0.017372882711528037	0.005288588120851756	0.00014531716639964998
0.005044589211871564	0.0007188907530326638	0.002467296322575585	0.0008842475776305037	0.0021222097886626212	0.01606228532082099	0.0038531719310288537	-0.00047877682917518705
0.0051694080109865315	0.0009061189517052259	0.0027793433203631146	0.001258703974975628	0.002371847386892556	0.015875057122148428	0.004290037727931795	0.0003949547646300289
0.0036715824216069226	0.0005940719539179184	0.0025921151216907745	0.00026015358205566663	0.001747753391317719	0.01431482213321078	0.003353896734569206	-0.0004163674296175923
0.0006135218432901102	9.479675745782679e-05	0.0012815177309835057	-0.00011430281528945763	0.0010612499961857313	0.012629768345158832	0.0020432993438621594	0.00014531716639964998
5.183724727242378e-05	-3.0022041657584708e-05	0.0010318801327531268	-0.0003639404135191704	0.00043715600061000615	0.011194352155336817	0.0015440241474025118	-0.00047877682917518705
0.0008631594415196009	9.479675745782679e-05	0.0009694707331959762	-0.00017671221484705235	0.0009988405966276925	0.010008573563744516	0.001668842946516813	0.0002701359655148394
0.0003638842450599533	3.238735790023206e-05	0.0009070613336386035	-0.00011430281528945763	0.0006243841992825683	0.009134841969939744	0.0011695677500569435	-0.0005411862287327818
-7.298155184232158e-05	-0.00021725024033014684	0.00022055793850594974	-0.0003015310139617977	0.0003123372014948167	0.008885204371709587	0.0009199301518276748	8.290776684249934e-05
-0.0003226191500722564	9.479675745782679e-05	0.0005326049362934793	-0.00011430281528945763	0.0004995654001673788	0.009134841969939744	0.0011071583505000149	-0.00047877682917518705
0.0005511124437327375	9.479675745782679e-05	9.573913939120438e-05	7.292538338332655e-05	0.0007492029983977577	0.010070982963301667	0.001294386549172577	0.0004573641641871795
-0.0003226191500722564	9.479675745782679e-05	9.573913939120438e-05	1.0515983825731823e-05	0.00043715600061000615	0.01163121795223887	0.0012319771496149823	-0.0003539580300604417
-0.00019780035095795512	9.479675745782679e-05	-0.0002163078583965472	-0.00011430281528945763	0.000686793598840163	0.012941815342946583	0.0014192053482873224	0.0003949547646300289
-0.0006970755474176027	3.238735790023206e-05	-2.9079659723985074e-05	-0.0003015310139617977	0.0003747466010528555	0.01425241273365363	0.001294386549172577	-0.00029154863050284696
-0.0003226191500722564	9.479675745782679e-05	3.332973983360965e-05	-0.0002391216144037589	0.000686793598840163	0.015063734927901251	0.0015440241474025118	0.00033254536507243415
-0.0013211695429924397	-0.00021725024033014684	-9.148905928135775e-05	-0.0009256250095361906	0.0001251090028224766	0.01431482213321078	0.0010447489509424202	-0.00047877682917518705
-0.0003226191500722564	-9.243144121495739e-05	9.573913939120438e-05	-0.0006135780117491052	0.0003123372014948167	0.01362831873807857	0.0012319771496149823	0.00014531716639964998
-0.0007594849469747533	-9.243144121495739e-05	0.0003453767376211392	-0.0006135780117491052	0.00018751840238007134	0.011818446150911655	0.0011071583505000149	-0.0004163674296175923
-1.0572152285170944e-05	-9.243144121495739e-05	9.573913939120438e-05	-0.0004887592126343598	0.0005619747997256397	0.00957170776684202	0.0010447489509424202	0.0002077265659572447
-0.0007594849469747533	-0.00040447843900204283	-0.00015389845883895248	-0.0006135780117491052	-6.211919584941938e-05	0.008011472777904816	0.0006702925535972959	-0.0006660050278475271
0.0007383406424052996	0.0005316625543603237	0.0005326049362934793	0.0005097911802853794	0.001123659395742438	0.008697976173037691	0.001731252346074852	0.0007070017624173364
-0.0013211695429924397	-0.0003420690394444481	-0.0005907642557412274	-0.0006135780117491052	2.902037081753406e-07	0.008385929175249718	0.0005454737544825505	-0.0005411862287327818
-0.004316820721751213	-0.00015484084077210802	-0.0018389522468909014	-0.0006759874113066999	-0.00018693799496460883	0.009821345365072176	-0.0001410296406503253	0.0005197735637447742
-0.010308123079270759	-0.0015278476310371936	-0.004522556427862812	-0.002735497596703773	-0.0023088575799190547	0.00988375476462977	-0.002699815022507046	-0.0006035956282894883
-0.008935116289005895	-0.0009661630350192851	-0.004210509430075726	-0.002361041199359093	-0.0014975353856718776	0.011818446150911655	-0.0021381304264895817	0.0004573641641871795
-0.009996076081482785	-0.0013406194323644094	-0.004460147028305217	-0.0026106787975885837	-0.0021216293812467146	0.012567358945601681	-0.0026374056229494514	-0.0003539580300604417
-0.008997525688562824	-0.0009037536354621345	-0.004023281231403386	-0.0022986317998014982	-0.0014975353856718776	0.012192902548256557	-0.002325358625162366	0.000582182963302369
-0.008435841092546026	-0.0011533912336920693	-0.00364882483405804	-0.002735497596703773	-0.0019968105821319693	0.010445439360646791	-0.002699815022507046	-0.00029154863050284696
-0.006313921507590692	-0.001028572434577324	-0.003024730838483203	-0.0019865848020139687	-0.0014975353856718776	0.009197251369497339	-0.0021381304264895817	0.00033254536507243415
-0.005003324116883867	-0.0008413442359045398	-0.002150999244678875	-0.0017993566033414066	-0.0012478977874419428	0.007262559983214567	-0.0017636740291446795	-0.0004163674296175923
-0.0013835789425500344	-0.00015484084077210802	-0.000902811253528979	-0.0006759874113066999	6.269960326577007e-05	0.006576056588082579	-0.0003282578393226654	0.000582182963302369
-0.000821894346532348	-9.243144121495739e-05	-0.00034112665751129256	-0.0003639404135191704	0.0001251090028224766	0.007137741184100044	0.0001086079575800536	-0.00022913923094525224
-0.0006970755474176027	-0.0005292972381172323	-0.001090039452201319	-0.0006135780117491052	6.269960326577007e-05	0.00807388217746241	0.00035824555580976636	0.00014531716639964998
-0.00013539095139947221	0.00015720615701519947	-0.00034112665751129256	-0.00011430281528945763	0.000686793598840163	0.011007123956664033	0.0011695677500569435	-0.00016672983138743547
-1.0572152285170944e-05	-3.0022041657584708e-05	-0.000902811253528979	-0.0003015310139617977	0.0006243841992825683	0.013815546936751355	0.0015440241474025118	0.0005197735637447742
0.0034843542229343605	0.0002820249561299448	0.0009694707331959762	0.000197744182498516	0.0014981157930873401	0.01706083571374095	0.0032290779354540167	-0.0004163674296175923
0.007728193392843696	0.0011557565499351607	0.00290416211947786	0.0015707509727629354	0.0028711225833524257	0.019744439894712862	0.005288588120851756	0.000582182963302369
0.00666723360036614	0.0009685283512623766	0.0030289809185930494	0.0011962945754178111	0.0024966661860073014	0.01899552710002239	0.00491413172350641	-0.00029154863050284696
0.008601924986648468	0.001093347150377122	0.003777893713282632	0.00144593217364819	0.002995941382467393	0.01724806391241329	0.005413406919966501	0.0004573641641871795
0.010162159975585672	0.001717441145952625	0.005462947501335025	0.002319663767452962	0.0034952165789268186	0.015687828923476088	0.005975091515984188	2.0498367284904617e-05
0.008477106187533723	0.0011557565499351607	0.004526806507973102	0.0020076167696654323	0.0028711225833524257	0.01206808374914159	0.004976541123064004	0.0003949547646300289
0.0053566362096588716	0.0007813001525900365	0.0034034373159379516	0.0010714757763028437	0.001934981589990059	0.008510747974364907	0.0035411249332417682	-0.00016672983138743547
0.0057935020065611464	0.0011557565499351607	0.003528256115053141	0.001633160372320086	0.0024342567864497067	0.008385929175249718	0.0038531719310288537	0.0007070017624173364
0.0031098978255892362	0.0007813001525900365	0.002654524521247481	0.0010714757763028437	0.001560525192645379	0.008635566773480097	0.002979440337224082	-0.00016672983138743547
0.0009879782406347903	0.0005316625543603237	0.0010318801327531268	0.00044738178072822876	0.0012484781948576273	0.008448338574807313	0.002105708743419754	0.0006445923628597416
0.00042629364461754804	0.0004068437552451343	0.0008446519340807868	0.0003225629816130393	0.0008740217975129472	0.009758935965514581	0.0018560711451893752	-0.00016672983138743547
0.0013624346379796926	0.0009685283512623766	0.0013439271305402123	0.0010714757763028437	0.0016229345922025296	0.01156880855268172	0.0026049839398796237	0.0008318205615320817
-0.0004474379491872238	-0.00021725024033014684	0.00022055793850594974	-0.0003639404135191704	0.00018751840238007134	0.010320620561531602	0.0011071583505000149	-0.0005411862287327818
0.0005511124437327375	0.000656481353474625	0.0009070613336386035	0.0006346099794010129	0.0009988405966276925	0.010632667559319353	0.001731252346074852	0.0007694111619749311
-7.298155184232158e-05	0.0002196155565727942	0.0009694707331959762	-5.18934157318629e-05	0.0005619747997256397	0.009197251369497339	0.0010447489509424202	-0.00029154863050284696
0.00042629364461754804	-3.0022041657584708e-05	0.0007822425345234141	-0.00011430281528945763	0.00043715600061000615	0.008635566773480097	0.0007951113527120413	0.0002701359655148394
-0.0003226191500722564	3.238735790023206e-05	0.0010942895323107216	-5.18934157318629e-05	0.0001251090028224766	0.008822794972151993	0.0005454737544825505	-0.0004163674296175923
0.00042629364461754804	0.0005940719539179184	0.0013439271305402123	0.00044738178072822876	0.0009988405966276925	0.009322070168612084	0.0011071583505000149	0.0006445923628597416
-0.0011339413443196555	-0.0003420690394444481	0.0004077861371787339	-0.0009256250095361906	-0.00031175679407957624	0.008822794972151993	0.00017101735713764832	-0.0005411862287327818
-0.0007594849469747533	-0.0003420690394444481	0.000158148538948355	-0.0004887592126343598	0.0001251090028224766	0.010632667559319353	0.0006702925535972959	0.00014531716639964998
-0.0013211695429924397	-0.00021725024033014684	0.000158148538948355	-0.0006135780117491052	0.0001251090028224766	0.01138158035400938	0.0011695677500569435	-0.00047877682917518705
0.0003014748455023586	0.0002196155565727942	0.00022055793850594974	-0.0002391216144037589	0.0010612499961857313	0.01144398975356653	0.002105708743419754	0.0003949547646300289
-0.0005722567483019692	-9.243144121495739e-05	-2.9079659723985074e-05	-0.0003015310139617977	0.0005619747997256397	0.011506399153124569	0.0019808899443047867	-0.0005411862287327818
-0.00013539095139947221	-3.0022041657584708e-05	-9.148905928135775e-05	-0.0002391216144037589	0.0008740217975129472	0.011069533356221628	0.002292936942092094	0.0002701359655148394
-7.298155184232158e-05	9.479675745782679e-05	0.0004077861371787339	1.0515983825731823e-05	0.0008740217975129472	0.010383029961089196	0.002355346341649689	-0.0003539580300604417
0.0004887030441749207	-3.0022041657584708e-05	0.0004077861371787339	-5.18934157318629e-05	0.0009988405966276925	0.009509298367284869	0.0021681181429769047	0.0002701359655148394
-0.0015708071412219304	-0.00021725024033014684	9.573913939120438e-05	-0.0006135780117491052	0.00018751840238007134	0.008760385572594398	0.0011695677500569435	-0.0005411862287327818
-0.005502599313343959	-0.00046688783855963756	-0.0013396770504312538	-0.0012376720073239422	-0.000561394392309511	0.008261110376134528	-0.0005154860379950055	0.0005197735637447742
-0.009933666681925635	-0.0010909818341349187	-0.003211959037155987	-0.0024858599984733942	-0.0021840387808043094	0.007324969382772384	-0.002699815022507046	-0.00047877682917518705
-0.008311022293430836	-0.0006541160372319776	-0.0028375026398108627	-0.002111403601129158	-0.0013103071869990934	0.007324969382772384	-0.0021381304264895817	0.0005197735637447742
-0.009621619684137883	-0.0012782100328068147	-0.003586415434500889	-0.002797906996261368	-0.002433676379034244	0.006201600190737677	-0.0032614996185242884	-0.00047877682917518705
-0.009434391485465987	-0.0010909818341349187	-0.003836053032730824	-0.0022986317998014982	-0.0021216293812467146	0.005827143793392775	-0.0030742714198519483	0.0003949547646300289
-0.007624518898298405	-0.0006541160372319776	-0.0032743684367133596	-0.001924175402456374	-0.0015599447852294723	0.004142090005340382	-0.0023877680247195165	-4.191103227269011e-05
-0.005190552315556429	-0.0006541160372319776	-0.002962321438925608	-0.0012376720073239422	-0.0009358507896541912	0.00308113021286327	-0.00163885523002949	0.0005197735637447742
-0.004816095918211083	-0.0010909818341349187	-0.002962321438925608	-0.0014873096055543211	-0.0013727165865571322	0.002644264415961217	-0.0015764458304718953	-0.0006660050278475271
-0.0015708071412219304	-0.00021725024033014684	-0.001714133447776378	-0.000426349813076321	-0.00018693799496460883	0.004079680605782787	-0.0002658484397646266	0.00033254536507243415
-0.0015083977416647798	-0.0005917066376743829	-0.0014644958495457772	-0.0005511686121919546	-0.000561394392309511	0.005140640398260565	-0.0002658484397646266	-0.0006035956282894883
0.00017665604638761323	9.479675745782679e-05	-0.0004035360570688873	1.0515983825731823e-05	0.0004995654001673788	0.007387378782329979	0.0007327019531548906	0.0004573641641871795
-0.0007594849469747533	-3.0022041657584708e-05	-0.00015389845883895248	-0.0005511686121919546	-6.211919584941938e-05	0.008635566773480097	0.00023342675669479895	-0.00016672983138743547
0.0008631594415196009	0.0004068437552451343	0.0007822425345234141	7.292538338332655e-05	0.0004995654001673788	0.010882305157549732	0.0011071583505000149	0.0006445923628597416
0.0045453140154121385	0.0007188907530326638	0.0027793433203631146	0.0007594287785157583	0.0014357063935301895	0.012380130746928897	0.0026673933394369964	-0.00010432043182984074
0.007853012191958442	0.0012805753490499061	0.004152350110627534	0.001633160372320086	0.0026838943846796415	0.012317721347371302	0.0042276283283742	0.0007070017624173364
0.007291327595941199	0.0012181659494927555	0.004401987708857913	0.0016955697718776808	0.0024966661860073014	0.01188085555046925	0.0042276283283742	2.0498367284904617e-05
0.00922601898222375	0.0016550317463948083	0.004838853505759966	0.0023820731670101125	0.0033079883802544785	0.01206808374914159	0.005475816319524096	0.0007070017624173364
0.009912522377355737	0.0014053941481650956	0.005150900503547495	0.0021948449683377724	0.0033703977798120732	0.010819895757991693	0.005975091515984188	-0.00029154863050284696
0.008477106187533723	0.0014053941481650956	0.0044643971084150635	0.002319663767452962	0.0033079883802544785	0.010445439360646791	0.005850272716868998	0.000582182963302369
0.0045453140154121385	0.0005940719539179184	0.00271693392080552	0.0008842475776305037	0.001934981589990059	0.00925966076905449	0.0042276283283742	-0.0004163674296175923
0.0051694080109865315	0.0005940719539179184	0.0027793433203631146	0.001258703974975628	0.0022470285877778107	0.009696526565957209	0.004290037727931795	8.290776684249934e-05
0.001487253437094882	-0.00015484084077210802	0.001406336530098251	0.00026015358205566663	0.0008116123979553524	0.008822794972151993	0.0024801651407648784	-0.0009780520256348346
0.0006759312428477049	9.479675745782679e-05	0.0011566989318683163	7.292538338332655e-05	0.0009364311970700978	0.008261110376134528	0.0020432993438621594	0.0002701359655148394
0.0003638842450599533	0.0002196155565727942	0.001655974128328408	-5.18934157318629e-05	0.000686793598840163	0.0081987009765776	0.0014192053482873224	-0.0003539580300604417
0.0009255688410771956	0.0005940719539179184	0.002092839925230683	0.0006346099794010129	0.0010612499961857313	0.008385929175249718	0.001668842946516813	0.000582182963302369
0.0003014748455023586	0.0002820249561299448	0.0019680211261154934	1.0515983825731823e-05	0.0006243841992825683	0.006576056588082579	0.0009823395513848254	-0.00016672983138743547
0.0009255688410771956	0.0005316625543603237	0.0019680211261154934	0.00044738178072822876	0.0009988405966276925	0.005577506195162396	0.0010447489509424202	0.0006445923628597416
-0.00013539095139947221	9.479675745782679e-05	0.0014687459296556238	1.0515983825731823e-05	0.0003123372014948167	0.005265459197375311	0.0006702925535972959	-0.00029154863050284696
0.0007383406424052996	0.00034443435568753955	0.0014687459296556238	0.00044738178072822876	0.0009988405966276925	0.0061391907911800825	0.001481614747844917	0.0004573641641871795
-0.0005722567483019692	-0.00021725024033014684	0.00028296733806354446	-0.0004887592126343598	2.902037081753406e-07	0.00645123778896739	0.0009823395513848254	-0.00047877682917518705
0.00042629364461754804	0.0005316625543603237	0.0009070613336386035	0.0006346099794010129	0.001123659395742438	0.00907243257038215	0.002292936942092094	0.0006445923628597416
-0.0013211695429924397	-0.00040447843900204283	-0.0004035360570688873	-0.0007383968108638506	-6.211919584941938e-05	0.00925966076905449	0.0012319771496149823	-0.00047877682917518705
-7.298155184232158e-05	0.000469253154802729	0.0004077861371787339	0.00026015358205566663	0.0009364311970700978	0.010944714557106439	0.0020432993438621594	0.000582182963302369
-0.0009467131456470934	0.0002196155565727942	0.00047019553673544046	7.292538338332655e-05	0.0004995654001673788	0.010445439360646791	0.001668842946516813	-0.00010432043182984074
0.0009255688410771956	0.000656481353474625	0.001406336530098251	0.00038497238117063404	0.0013732969939725947	0.00944688896772683	0.0022305275425344995	0.0007694111619749311
-7.298155184232158e-05	0.000469253154802729	0.0015311553292132185	0.000197744182498516	0.0007492029983977577	0.008011472777904816	0.0014192053482873224	-4.191103227269011e-05
-0.00019780035095795512	-0.00015484084077210802	0.0009070613336386035	-0.00011430281528945763	0.0003747466010528555	0.006014371992065781	0.0009199301518276748	0.0002701359655148394
-0.00019780035095795512	-0.00021725024033014684	0.0010318801327531268	-0.0004887592126343598	0.00018751840238007134	0.004079680605782787	0.0004830643549249558	-0.0005411862287327818
0.0007383406424052996	0.00034443435568753955	0.0013439271305402123	0.000197744182498516	0.0008740217975129472	0.003954861806668042	0.0010447489509424202	0.0005197735637447742
-0.0020076729381246494	3.238735790023206e-05	0.0004077861371787339	-0.000426349813076321	2.902037081753406e-07	0.003767633607995702	0.0001086079575800536	-0.00029154863050284696
-0.006563559105821071	-0.00046688783855963756	-0.0022134086442360257	-0.0014873096055543211	-0.0011230789883267533	0.002207398619058498	-0.0015140364309151888	0.0005197735637447742
-0.009746438483253073	-0.0014030288319220041	-0.004210509430075726	-0.0024858599984733942	-0.0023712669794770935	0.0010840294270237916	-0.0030742714198519483	-0.0006035956282894883
-0.008373431692988431	-0.001028572434577324	-0.004085690630960981	-0.001924175402456374	-0.001622354184786623	0.0010216200274659748	-0.002512586823834706	0.0003949547646300289
-0.009247163286793203	-0.0011533912336920693	-0.004272918829633321	-0.0022362224002439035	-0.0019968105821319693	0.0005847542305636999	-0.0030118620202947977	-0.00029154863050284696
-0.008560659891660771	-0.0008413442359045398	-0.003960871831845791	-0.0014873096055543211	-0.001622354184786623	0.0012712576256961317	-0.0027622244220641967	0.0005197735637447742
-0.007125243701838757	-0.0006541160372319776	-0.003024730838483203	-0.0015497190051114718	-0.0015599447852294723	0.001396076424810877	-0.0026374056229494514	-0.00010432043182984074
-0.00419200192263669	-0.00021725024033014684	-0.0015893146486611887	-0.0008008062104214453	-0.0004365755931943216	0.002644264415961217	-0.0015764458304718953	0.0006445923628597416
-0.004691277119096338	-0.001028572434577324	-0.0016517240482185613	-0.0016121284046690665	-0.0015599447852294723	0.004079680605782787	-0.002325358625162366	-0.0006035956282894883
-0.0013211695429924397	-0.0002796596398868534	3.332973983360965e-05	-0.0006135780117491052	-0.00018693799496460883	0.006888103585870109	-0.0005778954375523782	0.00033254536507243415
-0.0010715319447622829	-0.00021725024033014684	0.00047019553673544046	-0.0009256250095361906	-0.0002493473945219815	0.007574606981002541	-0.000390667238879816	-0.00029154863050284696
0.00017665604638761323	0.00015720615701519947	0.0010942895323107216	-0.0003015310139617977	0.0005619747997256397	0.009384479568169679	0.0006702925535972959	0.0005197735637447742
-0.0005098473487452626	0.00034443435568753955	0.001219108331425911	-0.0003639404135191704	0.0003747466010528555	0.009634117166399392	0.0009199301518276748	2.0498367284904617e-05
0.0016120722362096274	0.0002196155565727942	0.001219108331425911	7.292538338332655e-05	0.0009988405966276925	0.009197251369497339	0.001918480544747192	0.0004573641641871795
0.005481455008774061	0.0007188907530326638	0.00290416211947786	0.0011962945754178111	0.0019973909895472097	0.008822794972151993	0.0039155813305868925	-0.00022913923094525224
0.00791542159151648	0.0009685283512623766	0.0034658467154955463	0.0016955697718776808	0.0028711225833524257	0.0072001505836576385	0.005101359922179194	0.0004573641641871795
0.0074785557946135395	0.0011557565499351607	0.0038403031128400045	0.0019452073701080597	0.0026838943846796415	0.006638465987640174	0.005038950522621377	-0.00016672983138743547
0.009850112977798142	0.001530212947279841	0.004838853505759966	0.002943757763027799	0.003620035378042008	0.007075331784542449	0.006099910315098489	0.000582182963302369
0.009662884779126024	0.001093347150377122	0.004963672304874711	0.0021948449683377724	0.002995941382467393	0.005951962592507742	0.005413406919966501	-0.00047877682917518705
0.007603374593728951	0.001093347150377122	0.004526806507973102	0.0020076167696654323	0.002746303784237236	0.006388828389410017	0.004477265926604135	0.00033254536507243415
0.004233267017623943	0.00034443435568753955	0.003528256115053141	0.0008842475776305037	0.0013732969939725947	0.007075331784542449	0.002792212138552186	-0.0007284144274046778
0.005106998611429159	0.0007813001525900365	0.003777893713282632	0.0010714757763028437	0.0018725721904324644	0.007886653978789626	0.0029170309376669312	0.0002701359655148394
0.0009879782406347903	-3.0022041657584708e-05	0.002092839925230683	-0.0002391216144037589	0.00043715600061000615	0.006513647188525207	0.0009823395513848254	-0.0006660050278475271
0.0003014748455023586	0.00015720615701519947	0.001655974128328408	1.0515983825731823e-05	0.0004995654001673788	0.006638465987640174	0.0007951113527120413	0.0002701359655148394
0.00023906544594520795	0.00015720615701519947	0.001655974128328408	-5.18934157318629e-05	0.0004995654001673788	0.005452687396048095	0.0007951113527120413	-0.0005411862287327818
0.0006759312428477049	0.0002820249561299448	0.0010942895323107216	0.0003225629816130393	0.000686793598840163	0.004017271206225637	0.0010447489509424202	0.00033254536507243415
5.183724727242378e-05	-0.00015484084077210802	0.0008446519340807868	1.0515983825731823e-05	0.00043715600061000615	0.00270667381551859	0.0009199301518276748	-0.0005411862287327818
0.0008007500419620062	0.0005316625543603237	0.0010942895323107216	0.00044738178072822876	0.0010612499961857313	0.0023946268177308383	0.0015440241474025118	0.0005197735637447742
-0.0005098473487452626	-3.0022041657584708e-05	0.0005326049362934793	0.00013533478294092127	0.0001251090028224766	0.0025818550164029563	0.0009199301518276748	-0.00047877682917518705
0.0004887030441749207	0.0002196155565727942	0.0009694707331959762	0.0005722005798429741	0.0008740217975129472	0.0035804054093229176	0.001481614747844917	0.0003949547646300289
-0.00026020975051466166	-0.00015484084077210802	0.0008446519340807868	-0.00017671221484705235	0.0001251090028224766	0.0036428148088809564	0.0007327019531548906	-0.0006035956282894883
-0.00013539095139947221	0.00015720615701519947	0.0011566989318683163	0.00013533478294092127	0.0004995654001673788	0.0053902779964905	0.0007951113527120413	0.0003949547646300289
-0.0004474379491872238	0.00034443435568753955	0.001843202327000304	7.292538338332655e-05	0.00043715600061000615	0.00645123778896739	0.0007951113527120413	-0.00010432043182984074
0.00017665604638761323	0.0002196155565727942	0.0017183835278860027	-5.18934157318629e-05	0.0006243841992825683	0.006076781391622488	0.000857520752269636	0.000582182963302369
-0.0005098473487452626	0.00015720615701519947	0.001843202327000304	-0.00011430281528945763	0.0003747466010528555	0.005639915594719991	0.0006078831540401453	-0.00022913923094525224
0.0006135218432901102	0.0004068437552451343	0.0019680211261154934	0.00038497238117063404	0.0009988405966276925	0.004766184000915219	0.0013567959487297276	0.0007070017624173364
-0.0003850285496298511	-0.00021725024033014684	0.0010942895323107216	-0.0003639404135191704	0.0003123372014948167	0.002644264415961217	0.0006702925535972959	-0.00047877682917518705
0.0003014748455023586	0.00015720615701519947	0.0010318801327531268	0.0003225629816130393	0.000686793598840163	0.0028314926146333352	0.0013567959487297276	0.0002701359655148394
-0.0005098473487452626	-0.0002796596398868534	0.0004077861371787339	-0.0003639404135191704	0.00018751840238007134	0.0019577610208285634	0.0010447489509424202	-0.0006660050278475271
0.0007383406424052996	0.00034443435568753955	0.0005950143358506299	0.00038497238117063404	0.0008740217975129472	0.002644264415961217	0.001731252346074852	0.0003949547646300289
-0.0030062233310443887	-0.0005917066376743829	-0.000902811253528979	-0.0008008062104214453	-0.0006238037918671058	0.0025818550164029563	0.0001086079575800536	-0.0006660050278475271
-0.007624518898298405	-0.000778934836346945	-0.0027126838406961173	-0.0015497190051114718	-0.0011854883878847922	0.001832942221713596	-0.0017012646295870848	0.0003949547646300289
-0.009309572686350798	-0.0012782100328068147	-0.0032743684367133596	-0.0022986317998014982	-0.0021840387808043094	0.0014584858243684717	-0.0030742714198519483	-0.00047877682917518705
-0.008498250492103177	-0.001215800633249664	-0.0028999120393684574	-0.0020489942015715634	-0.0017471729839018124	0.002020170420386158	-0.003136680819409543	0.0002077265659572447
-0.009559210284580733	-0.0013406194323644094	-0.003024730838483203	-0.0026730881971461784	-0.002433676379034244	0.0011464388265813863	-0.004010412413214315	-0.00047877682917518705
-0.008311022293430836	-0.0013406194323644094	-0.0028375026398108627	-0.0022986317998014982	-0.002059219981689564	0.0006471636301217387	-0.0038231842145415307	0.0002077265659572447
-0.007000424902723568	-0.001028572434577324	-0.0020885898451212803	-0.001924175402456374	-0.0016847635843446618	0.00077198242923604	-0.003136680819409543	-0.0004163674296175923
-0.004691277119096338	-0.0008413442359045398	-0.001714133447776378	-0.0014249002059962823	-0.000998260189211786	0.0009592106279083801	-0.002075721026931987	0.00033254536507243415
-0.0030062233310443887	-0.00015484084077210802	-0.0006531736552988221	-0.0007383968108638506	-0.0004989849927519163	0.002269808018616093	-0.0009523518348975024	-0.00010432043182984074
-0.0010091225452046881	-3.0022041657584708e-05	-0.0002163078583965472	-0.0002391216144037589	0.00018751840238007134	0.0036428148088809564	0.0002958361562523937	0.0006445923628597416
-0.0011339413443196555	-0.0002796596398868534	-0.000465945456626482	-0.0006759874113066999	-0.00031175679407957624	0.003330767811093205	0.0002958361562523937	-0.0003539580300604417
0.0006135218432901102	0.0004068437552451343	0.00047019553673544046	0.0005097911802853794	0.0008116123979553524	0.004516546402685728	0.0014192053482873224	0.0007694111619749311
-0.0003850285496298511	9.479675745782679e-05	0.0003453767376211392	0.00013533478294092127	0.00024992780193766606	0.003705224208438107	0.000857520752269636	-0.00016672983138743547
0.002548213229572438	0.00034443435568753955	0.0013439271305402123	0.0005722005798429741	0.0010612499961857313	0.003330767811093205	0.001731252346074852	0.000582182963302369
0.005731092607003996	0.0004068437552451343	0.0032786185168232063	0.0011962945754178111	0.0014981157930873401	0.004142090005340382	0.0026673933394369964	-0.0005411862287327818
0.007728193392843696	0.0012181659494927555	0.004339578309300318	0.0019452073701080597	0.0024966661860073014	0.0048910028000304084	0.0036659437323569577	0.0005197735637447742
0.007291327595941199	0.000656481353474625	0.004339578309300318	0.0013835227740905953	0.0020598003891048045	0.004017271206225637	0.0032290779354540167	-0.00047877682917518705
0.009974931776913332	0.0014678035477222462	0.005462947501335025	0.0024444825665681513	0.0030583507820249878	0.005577506195162396	0.004602084725719324	0.0005197735637447742
0.00922601898222375	0.0012805753490499061	0.0055253569008923975	0.002257254367895367	0.002746303784237236	0.005889553192950148	0.0045396753261612854	-0.00029154863050284696
0.006916871198596519	0.0011557565499351607	0.004027531311512789	0.0016955697718776808	0.0024966661860073014	0.004516546402685728	0.003790762531472147	0.0005197735637447742
0.004857361013199224	0.0009061189517052259	0.003341027916380357	0.0013211133745330006	0.0018725721904324644	0.004329318204013388	0.0032290779354540167	-0.00016672983138743547
0.00541904560921691	0.0009685283512623766	0.003341027916380357	0.001633160372320086	0.0023094379873345172	0.004516546402685728	0.0036659437323569577	0.0004573641641871795
0.0006135218432901102	0.00015720615701519947	0.0013439271305402123	0.00026015358205566663	0.0007492029983977577	0.002457036217288433	0.001481614747844917	-0.0003539580300604417
0.0008631594415196009	0.00034443435568753955	0.0015935647287708132	0.0008218381780729089	0.001123659395742438	0.0028314926146333352	0.0015440241474025118	0.00033254536507243415
0.0003014748455023586	-3.0022041657584708e-05	0.0015935647287708132	0.000197744182498516	0.00043715600061000615	0.002269808018616093	0.0009199301518276748	-0.00047877682917518705
0.0009879782406347903	0.0005316625543603237	0.002217658724345428	0.0007594287785157583	0.0009988405966276925	0.0032059490119784595	0.0012319771496149823	0.0006445923628597416
-1.0572152285170944e-05	0.0002196155565727942	0.002280068123903023	0.00044738178072822876	0.0004995654001673788	0.003892452407110447	0.0007951113527120413	-0.0003539580300604417
0.0008631594415196009	0.000656481353474625	0.00252970572213318	0.0007594287785157583	0.0009988405966276925	0.004578955802242435	0.0010447489509424202	0.0007070017624173364
-0.0006970755474176027	-0.00040447843900204283	0.0015935647287708132	-0.0006135780117491052	-0.00031175679407957624	0.0038300430075532965	-7.86202410918424e-05	-0.0005411862287327818
0.0008631594415196009	0.0005316625543603237	0.00252970572213318	0.0005097911802853794	0.0008740217975129472	0.005327868596932905	0.0009823395513848254	0.0004573641641871795
-0.0005098473487452626	-0.00015484084077210802	0.0015935647287708132	-0.0003639404135191704	6.269960326577007e-05	0.0044541370031281335	0.0002958361562523937	-0.0005411862287327818
0.0003638842450599533	0.00034443435568753955	0.0017807929274431533	0.00026015358205566663	0.0007492029983977577	0.003892452407110447	0.0010447489509424202	0.0003949547646300289
-0.0011339413443196555	-0.0006541160372319776	0.0004077861371787339	-0.0006759874113066999	-0.00031175679407957624	0.002207398619058498	0.00017101735713764832	-0.0007908238269622725
0.0003638842450599533	0.00034443435568753955	0.0011566989318683163	0.00044738178072822876	0.0009364311970700978	0.0014584858243684717	0.0014192053482873224	0.0004573641641871795
-0.0006970755474176027	-0.0002796596398868534	0.0003453767376211392	-0.00017671221484705235	2.902037081753406e-07	-0.00016415856412632657	0.0007327019531548906	-0.0007284144274046778
0.00042629364461754804	3.238735790023206e-05	0.0007822425345234141	0.0005097911802853794	0.0006243841992825683	-0.00016415856412632657	0.001294386549172577	0.0002077265659572447
0.0001142466468300185	0.0002820249561299448	0.0012815177309835057	0.00044738178072822876	0.0008116123979553524	-3.933976501113712e-05	0.0011695677500569435	-0.00022913923094525224
-1.0572152285170944e-05	-0.00021725024033014684	0.0008446519340807868	0.00013533478294092127	0.0003747466010528555	0.0010216200274659748	0.000857520752269636	0.0002077265659572447
-0.0003850285496298511	-0.00021725024033014684	0.001219108331425911	-0.00011430281528945763	0.00018751840238007134	0.0027690832150757405	0.0006078831540401453	-0.0006035956282894883
0.0003014748455023586	3.238735790023206e-05	0.0013439271305402123	-0.00017671221484705235	0.0005619747997256397	0.003767633607995702	0.0006702925535972959	0.0002701359655148394
