Sensor_1	Sensor_2	Sensor_3	Sensor_4	Sensor_5	Sensor_6	Sensor_7	Sensor_8
0.008460252529183254	0.0014573655756469073	0.004395930876630816	0.0022026711070415317	0.0024882877241168	0.003970548409247376	0.0042461077515831835	0.0005567760967422064
0.004778097955291161	0.0005836339818419134	0.0032101522850387365	0.0005800267185471775	0.000803233936064629	0.0026599510185396635	0.00268587276264598	-0.0005665930952927223
0.005589420149538782	0.0010204997787441883	0.003771836881056201	0.0010793019150072691	0.0011776903334095312	0.002784769817654853	0.0031851479591056275	0.0004943666971846117
0.0022817219729915905	0.0002715869840546059	0.00264846768902105	0.00014316092164490257	0.00011673054093219726	0.0015989912260625516	0.0017497317692836134	-0.0005665930952927223
0.0009711245822840997	0.00033399638361220063	0.0014626890974287488	8.075152208730785e-05	0.0002415493400478308	0.0009748972304877146	0.0010632283741511817	0.0003071384985122716
0.0009711245822840997	0.0002715869840546059	0.0013378702983140034	0.0002055703212020532	0.0002415493400478308	0.0008500784313725251	0.0007511813763638742	-0.00031695549706256543
0.001532809178301564	0.000458815182726946	0.0011506420996412192	0.0009544831158923017	0.0010528715342947859	0.0009748972304877146	0.0009384095750364363	0.0005567760967422064
0.0011583527809568839	0.00033399638361220063	0.000776185702296317	0.0007048455176619228	0.0009280527351798185	0.0007876690318153745	0.00043913437857590054	-0.00019213669794782007
0.001532809178301564	0.0005836339818419134	0.0005265481040663822	0.0013913489127943546	0.0013649185320823154	0.0008500784313725251	0.0006263625772486847	0.0007440042954149906
0.00034703058670970677	8.435878538182173e-05	0.0001520917067210359	0.0005176173189895827	0.0006160057373922889	0.00047562203402762293	-6.014081788374703e-05	-0.0002545460975049707
0.0011583527809568839	0.00033399638361220063	0.0005265481040663822	0.0007672549172195176	0.0008656433356222237	0.0009124878309301199	0.0005015437781334953	0.00043195729762746105
3.498358892195519e-05	0.00020917758449701118	0.0006513669031815716	0.0002055703212020532	5.432114137504662e-05	0.000662850232699963	0.00018949678034640982	-0.0002545460975049707
9.739298847954991e-05	0.0005212245822843187	0.0010882327000838465	0.00033038912031768675	0.00017913994048956994	0.0009748972304877146	0.0006263625772486847	0.0007440042954149906
-0.0008387480048832607	2.1949385824227008e-05	0.0010258233005258077	-0.0006057518730451239	-0.0008194104524297252	0.000662850232699963	6.467798123166446e-05	-0.00037936489662016015
-0.00046429160753747034	0.00020917758449701118	0.0010258233005258077	-0.0003561142748151891	-0.000444954055084823	0.0007876690318153745	0.0003767249790187499	0.0004943666971846117
-0.0015252514000152484	-0.00041491641107782584	0.00027691050583622534	-0.0009802082703900261	-0.0011314574502176988	0.00016357503624053749	-0.000497006614786466	-0.000629002494850317
0.0005342587853816028	0.000458815182726946	0.0007137763027387223	0.00014316092164490257	0.00011673054093219726	0.00109971602960246	0.0003767249790187499	0.0006191854962998011
-0.00021465400930797962	-4.046001373292363e-05	-9.754589150845483e-05	1.8342122529713123e-05	-7.049765774014283e-05	0.0006004408331423683	-0.0002473690165560871	-0.00037936489662016015
0.0005342587853816028	8.435878538182173e-05	-0.0006592304875256971	0.0003927985198748374	0.0007408245365079225	0.0007876690318153745	-0.00012255021744134176	0.0003695478980698663
0.0006590775844967922	0.00014676818493941646	-0.0007840492866408866	0.0005800267185471775	0.000803233936064629	0.0010373066300448652	-0.00030977841611368184	-0.00019213669794782007
0.0012207621805144786	0.00020917758449701118	-0.0007840492866408866	0.0010793019150072691	0.00124009973296757	0.0012869442282752441	-6.014081788374703e-05	0.0004943666971846117
-0.0009011574044399673	-4.046001373292363e-05	-0.0012209150835433835	0.00014316092164490257	0.0003039587396047594	0.0010373066300448652	-0.0008090536125735515	-0.00037936489662016015
-0.005519452971694427	-0.0006021446097501659	-0.0031556064698252673	-0.0011674364690623662	-0.0011938668497752936	-0.0003357001602195542	-0.002618926199740468	0.0004943666971846117
-0.009638473342488796	-0.0012886480048830418	-0.0041541568627452286	-0.0025404432593272297	-0.002941330037384393	-0.0013342505531395155	-0.004303979987792861	-0.0004417742961773108
-0.008827151148241175	-0.0011014198062102576	-0.003654881666285359	-0.002665262058442419	-0.002754101838712053	-0.0008349753566794238	-0.003804704791332769	0.0002447290989548989
-0.010137748538948665	-0.001663104402227722	-0.004029338063630483	-0.003538993652247191	-0.003815061631189387	-0.0012718411535819207	-0.004616026985579946	-0.0006914118944079117
-0.009139198146028704	-0.0012886480048830418	-0.0039045192645152937	-0.00291489965667191	-0.0032533770351721447	-0.001022203555351986	-0.004179161188677671	0.0001823196993973042
-0.008764741748684024	-0.0015382856031125325	-0.004091747463187634	-0.0032269466544592174	-0.0033157864347292954	-0.0013342505531395155	-0.00455361758602324	-0.0006914118944079117
-0.0052698153734642705	-0.0005397352101925712	-0.0029059688715957765	-0.001417074067292301	-0.0014435044480045622	-0.00021088136110480882	-0.0029309731975279973	0.0004943666971846117
-0.004520902578774688	-0.0008517822079801007	-0.0030931970702676725	-0.0013546646677347063	-0.0013810950484471896	-0.00046051895933474363	-0.003055791996643187	-0.0005041836957349055
-0.0014628420004576537	-0.0007893728084229501	-0.002781150072480143	-0.000792980071717686	-0.00032013525596963355	0.00010116563668294276	-0.002182060402838415	0.00011991029983970947
-0.00046429160753747034	-0.00047732581063586466	-0.0018450090791184426	1.8342122529713123e-05	-8.088258182992192e-06	0.0008500784313725251	-0.0016827852063785453	-0.0006914118944079117
-8.983521019279017e-05	-0.00022768821240548576	-0.0015953714808880637	0.00033038912031768675	0.00042877753871994884	0.0014117630273899895	-0.0013083288090336431	0.0001823196993973042
-0.0005891104066526598	-0.0003525070115206752	-0.0013457338826581289	-0.00029370487525759437	-0.00013290705729773755	0.0020982664225224212	-0.0013707382085912378	-0.0005041836957349055
0.0008463057831695764	-0.00016527881284789103	-0.0005968210879681024	-0.00010647667658481019	-7.049765774014283e-05	0.003159226214999755	-0.0006842348134588061	0.0001823196993973042
0.0039667757610439836	8.435878538182173e-05	0.0016499172961010888	8.075152208730785e-05	0.0003663681391623541	0.004969098802166894	0.0008760001754788416	-0.0006914118944079117
0.006650379942016116	0.0008332715800714041	0.0032101522850387365	0.0009544831158923017	0.0013649185320823154	0.006654152590219287	0.0023738257648584504	0.0002447290989548989
0.006088695345998429	0.000458815182726946	0.0030229240863659523	0.0006424361181047722	0.000803233936064629	0.006342105592431757	0.001999369367513548	-0.0006914118944079117
0.009021937125200052	0.0013949561760890905	0.004208702677958698	0.0018282147096968515	0.0024258783245594273	0.007527884184023614	0.003559604356450752	0.0003071384985122716
0.009271574723430431	0.001082909178301339	0.004208702677958698	0.0017033959105821062	0.0024258783245594273	0.007153427786679378	0.0034347855573360064	-0.0004417742961773108
0.00808579613183813	0.001082909178301339	0.0032725616845963312	0.002140261707484825	0.002675515922789584	0.0064669243915465024	0.0029355103608759148	0.0002447290989548989
0.005152554352636063	0.0005212245822843187	0.0017123266956586836	0.0013289395132367599	0.001864193728542407	0.005530783398184136	0.0014376847714958618	-0.0005665930952927223
0.006463151743343332	0.0008332715800714041	0.0018995548943310236	0.0017658053101397009	0.002675515922789584	0.006404514991988908	0.0018745505683983588	0.0001823196993973042
0.0020320843747616557	-0.00010286941329051835	0.00033931990539382006	0.0005176173189895827	0.0010528715342947859	0.005655602197299769	-0.00012255021744134176	-0.0007538212939650624
0.0011583527809568839	0.00020917758449701118	0.0001520917067210359	0.0005800267185471775	0.0011776903334095312	0.006716561989776437	-0.0001849596169984924	0.0002447290989548989
9.739298847954991e-05	-0.00022768821240548576	2.727290760673462e-05	-0.00048093307393037854	0.00011673054093219726	0.007403065384908425	-0.0008714630121311462	-0.0006914118944079117
0.0004094399862673015	8.435878538182173e-05	0.0005265481040663822	-0.00016888607614240492	0.0003039587396047594	0.008713662775616138	-0.0004345972152279831	0.0001823196993973042
-0.0009011574044399673	-0.00010286941329051835	0.0004017293049514148	-0.0011050270695047715	-0.0005073634546424177	0.008963300373846073	-0.0008714630121311462	-0.0005665930952927223
-0.0001522446097503849	0.00014676818493941646	0.0007137763027387223	-0.0006681612726024966	5.432114137504662e-05	0.009337756771191197	-0.0004345972152279831	0.0003695478980698663
-0.0007139292057678492	-0.00010286941329051835	0.00033931990539382006	-0.0008553894712752808	-0.00032013525596963355	0.00833920637827168	-0.0008090536125735515	-0.0004417742961773108
0.00028462118715211204	0.00014676818493941646	8.968230716432934e-05	-0.0003561142748151891	0.00042877753871994884	0.007527884184023614	-0.0004345972152279831	0.0003071384985122716
9.739298847954991e-05	0.0002715869840546059	-9.754589150845483e-05	-4.406727702765956e-05	0.0004911869382775436	0.006279696192874162	-0.0006218254139007673	-0.00037936489662016015
0.0005342587853816028	0.00020917758449701118	-0.0004095928892957623	0.0005176173189895827	0.0009904621347371911	0.005530783398184136	-0.00030977841611368184	0.00043195729762746105
0.00028462118715211204	0.00020917758449701118	-0.0005344116884109518	0.0003927985198748374	0.0008656433356222237	0.005343555199511574	-0.0005594160143436167	-0.0002545460975049707
0.0005342587853816028	8.435878538182173e-05	-0.0008464586861984813	0.0005176173189895827	0.0010528715342947859	0.00590523979552926	-0.0005594160143436167	0.0003695478980698663
-0.0007139292057678492	-0.00016527881284789103	-0.001096096284428194	-4.406727702765956e-05	0.0003039587396047594	0.006966199588006372	-0.001121100610360859	-0.00031695549706256543
0.0004094399862673015	0.00020917758449701118	-0.0005968210879681024	8.075152208730785e-05	0.000803233936064629	0.00940016617074857	-0.000497006614786466	0.0004943666971846117
-0.0007763386053252219	-0.00010286941329051835	-0.0006592304875256971	-0.0006057518730451239	-7.049765774014283e-05	0.010835582360570806	-0.0010586912108032642	-0.0004417742961773108
-0.0005267010070959532	2.1949385824227008e-05	-0.0006592304875256971	-0.0006057518730451239	5.432114137504662e-05	0.01245822674906516	-0.0008714630121311462	0.0003695478980698663
-0.000963566803997562	-0.00010286941329051835	-0.0005344116884109518	-0.0011050270695047715	-0.00038254465552722827	0.013394367742427749	-0.0011835100099184537	-0.0005041836957349055
-0.00046429160753747034	-4.046001373292363e-05	-0.00047200228885335704	-0.000792980071717686	-0.00013290705729773755	0.013768824139772429	-0.0008090536125735515	0.0003695478980698663
-0.0025862111924928044	-0.00022768821240548576	-0.0009712774853132267	-0.0011674364690623662	-0.0005073634546424177	0.01270786434729576	-0.0014955570077055391	-0.0004417742961773108
-0.0067676409628443235	-0.00047732581063586466	-0.003467653467612797	-0.0019787586633099874	-0.001256276249332	0.00996185076676559	-0.003243020195315749	0.0006191854962998011
-0.009139198146028704	-0.0014134668039977871	-0.004965479056992406	-0.0027276714579991257	-0.0021924172426948108	0.007465474784466464	-0.004740845784695136	-0.0005665930952927223
-0.007953419554436403	-0.0009141916075376955	-0.0047782508583196215	-0.0017915304646376473	-0.0013186856488895948	0.007215837186236529	-0.003991932990005331	0.00043195729762746105
-0.009201607545586299	-0.0014134668039977871	-0.005589573052567687	-0.0026028526588848244	-0.0018803702449072812	0.006404514991988908	-0.004803255184252508	-0.0004417742961773108
-0.007891010154879252	-0.0011638292057678523	-0.005464754253452497	-0.002041168062867138	-0.001505913847562601	0.007652702983138804	-0.004491208186465645	0.0003071384985122716
-0.007266916159303971	-0.001226238605325003	-0.004965479056992406	-0.0022283962615397	-0.0014435044480045622	0.009524984969863759	-0.004054342389563148	-0.0005665930952927223
-0.005457043572136833	-0.0009141916075376955	-0.004216566262302823	-0.0019163492637523927	-0.00106904805065966	0.01195895155260529	-0.003243020195315749	0.0003071384985122716
-0.004770540177004845	-0.0010390104066526629	-0.003592472266727764	-0.002290805661097295	-0.0014435044480045622	0.013956052338444769	-0.0028685637979708467	-0.0005041836957349055
-0.0015252514000152484	8.435878538182173e-05	-0.0018450090791184426	-0.0009802082703900261	-8.088258182992192e-06	0.016514837720302156	-0.0009962818112456695	0.0005567760967422064
-0.0019621171969175233	-0.0005397352101925712	-0.0017825996795601817	-0.0016667116655224579	-0.0008194104524297252	0.016015562523842064	-0.0013707382085912378	-0.000629002494850317
-0.0007763386053252219	-0.0002900976119633025	-0.0014081432822157236	-0.0011050270695047715	-0.00038254465552722827	0.015017012130922547	-0.0008090536125735515	0.0001823196993973042
-0.0012756138017850915	-0.0005397352101925712	-0.0013457338826581289	-0.0012922552681775556	-0.0005697728541997904	0.01239581734950801	-0.0010586912108032642	-0.000629002494850317
0.0019072655756469103	0.00020917758449701118	-0.00015995529106604955	-0.00010647667658481019	0.0006784151369498836	0.010773172961012767	0.0003767249790187499	0.0003695478980698663
0.0056518295490961545	0.0006460433813995081	0.0018995548943310236	0.0012041207141220145	0.0017393749294269956	0.00989944136720844	0.001999369367513548	-0.00037936489662016015
0.007898567933165568	0.001082909178301339	0.00264846768902105	0.0020154429083696357	0.002737925322347179	0.00940016617074857	0.003122738559548255	0.0004943666971846117
0.007586520935378482	0.0009580903791870377	0.00264846768902105	0.001953033508812041	0.0026131065232319894	0.00977462256809325	0.0029355103608759148	-0.0002545460975049707
0.009583621721217739	0.0012077279774165284	0.0034597898832682272	0.002577127504386878	0.003299609918364199	0.012895092545967657	0.004121288952467994	0.0003695478980698663
0.008834708926527712	0.0012077279774165284	0.003709427481498384	0.0020154429083696357	0.0029875629205766696	0.016265200122072	0.004121288952467994	-0.0004417742961773108
0.0067127893415732665	0.0009580903791870377	0.00264846768902105	0.0012665301136796092	0.0026131065232319894	0.019448079499504445	0.003497194956892713	0.0002447290989548989
0.004278822758831291	0.0007708621805142535	0.0023364206912330765	0.0006424361181047722	0.0018017843289848123	0.022381321278706068	0.00306032915999066	-0.00037936489662016015
0.004778097955291161	0.0008332715800714041	0.0023988300907911153	0.0003927985198748374	0.0021138313267718978	0.02412878446631561	0.0032475573586634443	0.0003695478980698663
0.00047184938582400804	0.00014676818493941646	0.0008385951018539117	-0.0007305706721596472	0.0006160057373922889	0.022381321278706068	0.001624912970168646	-0.0004417742961773108
0.00047184938582400804	0.0003964057831689072	0.000588957503624199	-0.00048093307393037854	0.0008656433356222237	0.020009764095521243	0.0015000941710532345	0.00043195729762746105
0.0006590775844967922	0.0003964057831689072	0.000776185702296317	-0.00023129547569999964	0.0010528715342947859	0.016265200122072	0.001624912970168646	-6.731789883263062e-05
0.0010959433813997332	0.000458815182726946	0.0005265481040663822	0.00033038912031768675	0.0013649185320823154	0.01227099855039282	0.001624912970168646	0.0006815948958573959
0.0009711245822840997	0.0007084527809566588	0.000776185702296317	0.000892073716334485	0.0014897373311970608	0.009524984969863759	0.0016873223697260187	0.00011991029983970947
0.001782446776531721	0.001082909178301339	0.000776185702296317	0.0012665301136796092	0.0021138313267718978	0.008526434576943576	0.002061778767071143	0.0011808700923170434
0.00047184938582400804	0.0005212245822843187	0.0002145011062790747	0.0007672549172195176	0.00124009973296757	0.009712213168535655	0.0013128659723806724	0.00011991029983970947
0.0011583527809568839	0.0009580903791870377	0.0004641387045090095	0.0010168925154496744	0.0018017843289848123	0.013644005340657683	0.002061778767071143	0.0011184606927598928
-8.983521019279017e-05	0.0007708621805142535	0.0007137763027387223	0.00014316092164490257	0.0011776903334095312	0.0166396565194169	0.001812141168840764	0.0003695478980698663
-0.00046429160753747034	0.0005212245822843187	0.000588957503624199	-0.00029370487525759437	0.00042877753871994884	0.01707652231631962	0.0015625035706110513	0.0008064136949721412
-0.0014628420004576537	-4.046001373292363e-05	0.000776185702296317	-0.0010426176699471768	-0.0006321822537573851	0.01470496513313524	0.001000818974593587	-0.0004417742961773108
0.00022221178759473936	0.0005836339818419134	0.001213051499198814	-0.0003561142748151891	0.0003039587396047594	0.010024260166323185	0.0013128659723806724	0.0006815948958573959
-0.00027706340886557435	-0.00022768821240548576	0.0004017293049514148	-0.00048093307393037854	0.00011673054093219726	0.004345004806592057	0.00025190617990400455	-0.0004417742961773108
0.0012831715800716292	0.0005836339818419134	0.001213051499198814	0.0010793019150072691	0.0015521467307546555	0.0017862194247348917	0.0011256377737087764	0.0008064136949721412
3.498358892195519e-05	8.435878538182173e-05	0.0005265481040663822	0.00033038912031768675	0.0006160057373922889	-0.0007725659571218291	0.0003767249790187499	-0.00031695549706256543
0.0009711245822840997	0.00014676818493941646	0.000588957503624199	0.0005800267185471775	0.0006784151369498836	0.00028839383535572694	0.0009384095750364363	0.00043195729762746105
0.00022221178759473936	0.00014676818493941646	0.0004641387045090095	0.00014316092164490257	0.0004911869382775436	0.003658501411459625	0.001000818974593587	-0.00031695549706256543
0.00028462118715211204	0.00020917758449701118	2.727290760673462e-05	8.075152208730785e-05	0.0007408245365079225	0.009150528572518857	0.0013752753719387112	0.00043195729762746105
-0.003272714587624792	-0.00047732581063586466	-0.0014081432822157236	-0.0011050270695047715	-0.00038254465552722827	0.01408087113756018	0.00018949678034640982	-0.0005041836957349055
-0.008327875951781527	-0.0008517822079801007	-0.004091747463187634	-0.0023532150606548896	-0.0013186856488895948	0.017201341115434365	-0.001557966407263578	0.00043195729762746105
-0.009076788746471554	-0.0008517822079801007	-0.00446620386053298	-0.0026028526588848244	-0.0015683232471197517	0.020571448691539373	-0.0018076040054937348	-0.00019213669794782007
-0.008951969947356364	-0.0008517822079801007	-0.0045910226596477255	-0.002478033859769635	-0.0015683232471197517	0.02206927428091876	-0.001745194605935696	0.0006191854962998011
-0.009950520340275881	-0.001226238605325003	-0.00502788845655	-0.003351765453574407	-0.0022548266422521834	0.019822535896848903	-0.002618926199740468	-0.00031695549706256543
-0.008203057152666338	-0.0009766010070957343	-0.00446620386053298	-0.0027900808575567204	-0.0018179608453496865	0.01657724711985975	-0.002369288601510755	0.0004943666971846117
-0.007142097360188782	-0.0011638292057678523	-0.003842109864957699	-0.0025404432593272297	-0.0019427796444644319	0.012146179751278074	-0.0023068792019531603	-0.0004417742961773108
-0.00470813077744725	-0.0006645540093077607	-0.0030931970702676725	-0.0016043022659648631	-0.0010066386511025094	0.007839931181811588	-0.0016203758068209506	0.0005567760967422064
-0.003272714587624792	-0.00047732581063586466	-0.00234428427557809	-0.0011050270695047715	-0.0007570010528721305	0.0047818706034945535	-0.0013083288090336431	-0.0002545460975049707
-0.00046429160753747034	-0.00016527881284789103	-0.0014081432822157236	-4.406727702765956e-05	0.0002415493400478308	0.004969098802166894	-6.014081788374703e-05	0.0005567760967422064
-0.0006515198062102545	-0.0002900976119633025	-0.0013457338826581289	-0.0003561142748151891	-8.088258182992192e-06	0.0060300585946440055	6.467798123166446e-05	-0.0002545460975049707
0.0004094399862673015	0.00033399638361220063	-0.0007216398870832919	0.00026797972075964793	0.0006784151369498836	0.009712213168535655	0.0010632283741511817	0.0005567760967422064
-0.0012756138017850915	-0.0003525070115206752	-0.0012833244831009782	-0.0006681612726024966	-0.0002577258564120388	0.012333407949950415	0.0006263625772486847	-0.0004417742961773108
0.002593768970779342	0.0003964057831689072	0.0004017293049514148	0.00014316092164490257	0.00124009973296757	0.015890743724727763	0.002249006965743483	0.00043195729762746105
0.006088695345998429	0.0008956809796294429	0.002710877088578645	0.0011417113145648639	0.0021762407263294925	0.01863675730525638	0.003996470153353249	-0.00019213669794782007
0.0067127893415732665	0.0007084527809566588	0.002835695887693168	0.0010168925154496744	0.0021762407263294925	0.01807507270923958	0.004121288952467994	0.0002447290989548989
0.006837608140688012	0.0007708621805142535	0.0035221992828256	0.000892073716334485	0.0021762407263294925	0.01657724711985975	0.0040588795529108435	-0.0005665930952927223
0.009583621721217739	0.0012077279774165284	0.0048952060730906855	0.001953033508812041	0.0030499723201342643	0.015453877927824378	0.005182248744945106	0.00043195729762746105
0.008709890127412745	0.001270137376974123	0.005020024872205431	0.001953033508812041	0.002925153521019963	0.01445532753490486	0.005182248744945106	-0.00019213669794782007
0.006962426939803201	0.0014573655756469073	0.004208702677958698	0.001953033508812041	0.002925153521019963	0.013831233539330023	0.004807792347600426	0.0007440042954149906
0.004653279156175971	0.0008332715800714041	0.0030229240863659523	0.0011417113145648639	0.0019266031281000018	0.014143280537117331	0.0038092419546806866	-0.0002545460975049707
0.005277373151751252	0.001082909178301339	0.0027732864881362396	0.001516167711909544	0.0025506971236746168	0.016140381322957253	0.004495745349812674	0.0005567760967422064
-8.983521019279017e-05	8.435878538182173e-05	0.00027691050583622534	-0.00023129547569999964	0.000803233936064629	0.016140381322957253	0.002436235164416045	-0.0005041836957349055
0.0005966681849391975	0.0006460433813995081	0.0005265481040663822	0.0005800267185471775	0.0014897373311970608	0.018574347905699673	0.0032475573586634443	0.0004943666971846117
-0.00033947280842316907	-0.00010286941329051835	-0.00015995529106604955	-0.0005433424734870851	0.0005535963378351383	0.017825435111009202	0.0025610539635307905	-0.0005665930952927223
0.0005342587853816028	0.00020917758449701118	8.968230716432934e-05	-0.00010647667658481019	0.0011776903334095312	0.01676447531853209	0.00268587276264598	0.0003071384985122716
-0.0005267010070959532	0.00020917758449701118	0.00033931990539382006	-0.00016888607614240492	0.0006160057373922889	0.015079421530479697	0.0021241881666287377	-0.0002545460975049707
0.00028462118715211204	0.00020917758449701118	0.0005265481040663822	-0.00010647667658481019	0.0009280527351798185	0.012520636148623199	0.002061778767071143	0.00043195729762746105
-0.00033947280842316907	0.00014676818493941646	0.000776185702296317	-0.0003561142748151891	0.0004911869382775436	0.01008666956588078	0.0013128659723806724	-0.00037936489662016015
0.00022221178759473936	0.00020917758449701118	0.0009634139009691012	8.075152208730785e-05	0.0007408245365079225	0.009088119172960818	0.0013128659723806724	0.0003695478980698663
-0.00046429160753747034	-4.046001373292363e-05	0.0008385951018539117	-0.0004185236743727838	0.0003663681391623541	0.0077151123826963985	0.0009384095750364363	-0.0005665930952927223
0.00022221178759473936	0.00020917758449701118	0.0007137763027387223	-4.406727702765956e-05	0.0007408245365079225	0.007964749980926555	0.0011256377737087764	0.00043195729762746105
-0.00046429160753747034	8.435878538182173e-05	0.000776185702296317	1.8342122529713123e-05	0.0004911869382775436	0.009212937972076007	0.0010632283741511817	-0.00031695549706256543
-0.00027706340886557435	0.00014676818493941646	8.968230716432934e-05	-4.406727702765956e-05	0.0006160057373922889	0.010211488364995747	0.001188047173266371	0.0003695478980698663
-0.0012756138017850915	-0.00041491641107782584	-0.0004095928892957623	-0.0006681612726024966	-7.049765774014283e-05	0.011147629358358557	0.0007511813763638742	-0.0005041836957349055
-0.0001522446097503849	0.00020917758449701118	-3.5136491950860105e-05	1.8342122529713123e-05	0.0006784151369498836	0.013331958342870154	0.001624912970168646	0.0003071384985122716
-0.0006515198062102545	0.00014676818493941646	2.727290760673462e-05	-0.00023129547569999964	0.0004911869382775436	0.01420568993667537	0.0015000941710532345	-0.0002545460975049707
-0.00027706340886557435	0.00014676818493941646	-3.5136491950860105e-05	-0.00010647667658481019	0.0005535963378351383	0.015141830930037292	0.0015625035706110513	0.0003695478980698663
-0.0006515198062102545	0.00014676818493941646	0.0004641387045090095	-0.00023129547569999964	0.0005535963378351383	0.015641106126497162	0.001624912970168646	-0.0002545460975049707
9.739298847954991e-05	0.0002715869840546059	0.0004641387045090095	-0.0003561142748151891	0.000803233936064629	0.015141830930037292	0.0017497317692836134	0.0004943666971846117
-0.0033975333867399815	-0.00041491641107782584	-0.0007216398870832919	-0.0012922552681775556	-0.0006321822537573851	0.013706414740215722	0.00018949678034640982	-0.0004417742961773108
-0.009014379346913515	-0.0009141916075376955	-0.0033428346684976074	-0.0023532150606548896	-0.0017555514457920918	0.010835582360570806	-0.001994832204165631	0.0003695478980698663
-0.008951969947356364	-0.0013510574044406365	-0.0039045192645152937	-0.0028524902571147592	-0.002130007843136994	0.008776072175173733	-0.002556516800183317	-0.000629002494850317
-0.008140647753108743	-0.0009766010070957343	-0.003966928664072444	-0.0021659868619823275	-0.0016307326466769023	0.008588843976500948	-0.0021196510032808202	0.0004943666971846117
-0.009326426344700822	-0.0012886480048830418	-0.004528613260090131	-0.0026028526588848244	-0.002130007843136994	0.007964749980926555	-0.002369288601510755	-0.0005041836957349055
-0.00751655375753435	-0.0009766010070957343	-0.00446620386053298	-0.0022283962615397	-0.0014435044480045622	0.00821438757915649	-0.0018700134050513295	0.00043195729762746105
-0.006954869161516664	-0.0011014198062102576	-0.0041541568627452286	-0.002041168062867138	-0.0016307326466769023	0.009524984969863759	-0.0014955570077055391	-0.00037936489662016015
-0.004333674380102348	-0.0006021446097501659	-0.003405244068055202	-0.0014794834668498957	-0.0006321822537573851	0.011085219958800518	-0.0004345972152279831	0.0004943666971846117
-0.0025238017929352097	-0.0003525070115206752	-0.0020322372777907827	-0.0012922552681775556	-0.0002577258564120388	0.012146179751278074	0.00018949678034640982	-0.0002545460975049707
-0.0005267010070959532	8.435878538182173e-05	-0.0009088680857556319	-0.00029370487525759437	0.0004911869382775436	0.013581595941100089	0.0010632283741511817	0.0006815948958573959
-0.0009011574044399673	-0.00047732581063586466	-0.0009088680857556319	-0.0011674364690623662	-0.00019531645685533228	0.012021360952162885	0.00043913437857590054	-0.000629002494850317
0.00022221178759473936	-0.00041491641107782584	-0.00047200228885335704	-0.0008553894712752808	5.432114137504662e-05	0.01039871656366853	0.00043913437857590054	0.00011991029983970947
-0.00046429160753747034	-0.00041491641107782584	-9.754589150845483e-05	-0.0007305706721596472	-0.00032013525596963355	0.008776072175173733	6.467798123166446e-05	-0.0005041836957349055
0.0037171381628136047	0.00033399638361220063	0.0015875078965439382	0.0004552079194324321	0.0011152809338523806	0.0080895687800413	0.001812141168840764	0.0003695478980698663
0.0067127893415732665	0.0007084527809566588	0.0032101522850387365	0.0012665301136796092	0.001864193728542407	0.008027159380483706	0.00306032915999066	-0.0004417742961773108
0.007149655138475541	0.0010204997787441883	0.0034597898832682272	0.0017658053101397009	0.002301059525444682	0.00833920637827168	0.003746832555123092	0.0003071384985122716
0.007149655138475541	0.0007708621805142535	0.0035846086823834167	0.0014537583123523934	0.0021762407263294925	0.009524984969863759	0.0040588795529108435	-0.0005041836957349055
0.009146755924315242	0.0011453185778593777	0.004271112077515848	0.002140261707484825	0.0030499723201342643	0.01245822674906516	0.005431886343175485	0.0002447290989548989
0.007461702136263293	0.0009580903791870377	0.004083883878843508	0.0018282147096968515	0.0026131065232319894	0.015017012130922547	0.0053070675440602955	-0.000629002494850317
0.005277373151751252	0.0007708621805142535	0.002835695887693168	0.0010793019150072691	0.0022386501258870872	0.015765924925612573	0.004682973548485236	0.0001823196993973042
0.004091594560158951	0.0007708621805142535	0.002835695887693168	0.000892073716334485	0.001864193728542407	0.016826884718089685	0.004183698352025145	-0.0004417742961773108
0.00421641335927414	0.0008956809796294429	0.0029605146868088017	0.0011417113145648639	0.0021138313267718978	0.01676447531853209	0.004308517151140778	0.0004943666971846117
0.0001598023880369226	0.0002715869840546059	0.0014626890974287488	-0.00029370487525759437	0.000803233936064629	0.01320713954375563	0.0023114163653008557	-0.00031695549706256543
0.0010335339818416944	0.0005836339818419134	0.0017123266956586836	0.0005176173189895827	0.0013025091325247207	0.011709313954375578	0.0023738257648584504	0.0006191854962998011
0.0001598023880369226	0.00033399638361220063	0.0014626890974287488	0.0002055703212020532	0.0007408245365079225	0.009649803768978504	0.001812141168840764	-0.00012972729839022534
0.0010959433813997332	0.000458815182726946	0.0014002796978715981	0.0003927985198748374	0.0013025091325247207	0.007964749980926555	0.002061778767071143	0.0005567760967422064
9.739298847954991e-05	0.0003964057831689072	0.0013378702983140034	0.0002055703212020532	0.0009280527351798185	0.008276796978714085	0.001812141168840764	-0.00012972729839022534
-8.983521019279017e-05	0.00020917758449701118	0.000776185702296317	0.0002055703212020532	0.0009280527351798185	0.00940016617074857	0.0019369599679559535	0.00043195729762746105
-2.7425810635639536e-05	0.0002715869840546059	0.0009010045014115065	-4.406727702765956e-05	0.0009904621347371911	0.010648354161898022	0.0021241881666287377	-0.0002545460975049707
0.00022221178759473936	0.00020917758449701118	0.000588957503624199	0.00014316092164490257	0.0010528715342947859	0.01220858915083567	0.0023114163653008557	0.0005567760967422064
-0.000963566803997562	8.435878538182173e-05	0.00033931990539382006	-0.00029370487525759437	0.0004911869382775436	0.012583045548180571	0.0019369599679559535	-0.00031695549706256543
0.00028462118715211204	0.0005836339818419134	0.0008385951018539117	0.00033038912031768675	0.00124009973296757	0.01239581734950801	0.0023114163653008557	0.0006191854962998011
-0.0008387480048832607	-4.046001373292363e-05	0.0005265481040663822	-0.00016888607614240492	0.0003663681391623541	0.010648354161898022	0.0013752753719387112	-0.00037936489662016015
-0.00021465400930797962	0.00033399638361220063	0.000776185702296317	0.0002055703212020532	0.0007408245365079225	0.009212937972076007	0.0014376847714958618	0.0006191854962998011
-0.00046429160753747034	-0.00010286941329051835	0.0009634139009691012	-0.00029370487525759437	0.00017913994048956994	0.007527884184023614	0.0006887719768062794	-0.00037936489662016015
0.0001598023880369226	0.00033399638361220063	0.0011506420996412192	0.00033038912031768675	0.0006160057373922889	0.0077151123826963985	0.001000818974593587	0.0004943666971846117
-0.0004018822079803197	0.00014676818493941646	0.0011506420996412192	-4.406727702765956e-05	0.0003039587396047594	0.007777521782253771	0.0008760001754788416	-0.00019213669794782007
3.498358892195519e-05	0.00014676818493941646	0.000776185702296317	-0.00016888607614240492	0.0005535963378351383	0.008401615777828386	0.0010632283741511817	0.00043195729762746105
-0.0007139292057678492	0.00014676818493941646	0.0008385951018539117	-0.00023129547569999964	0.00017913994048956994	0.01008666956588078	0.001188047173266371	-0.00031695549706256543
-0.0005891104066526598	8.435878538182173e-05	0.00027691050583622534	-0.00029370487525759437	0.0005535963378351383	0.011147629358358557	0.0016873223697260187	0.0003071384985122716
-0.004271264980544753	-0.00041491641107782584	-0.0014705526817733183	-0.0012298458686195168	-0.0005697728541997904	0.01033630716411138	0.0003143155794611552	-0.00037936489662016015
-0.009076788746471554	-0.0009766010070957343	-0.0039045192645152937	-0.0021659868619823275	-0.0016307326466769023	0.008651253376058543	-0.001557966407263578	0.00043195729762746105
-0.008764741748684024	-0.0010390104066526629	-0.0039045192645152937	-0.0024156244602124843	-0.0018179608453496865	0.007465474784466464	-0.0016827852063785453	-0.0002545460975049707
-0.007891010154879252	-0.0008517822079801007	-0.00377970046539966	-0.001853939864194798	-0.0014435044480045622	0.006279696192874162	-0.001557966407263578	0.00043195729762746105
-0.009451245143816456	-0.001663104402227722	-0.00446620386053298	-0.0027900808575567204	-0.002566873640039269	0.004282595407034462	-0.0028685637979708467	-0.0007538212939650624
-0.006892459761959069	-0.0010390104066526629	-0.003405244068055202	-0.0021035774624247328	-0.0013810950484471896	0.004032957808804527	-0.001994832204165631	0.0003071384985122716
-0.006143546967269264	-0.0011014198062102576	-0.0029059688715957765	-0.0021035774624247328	-0.0017555514457920918	0.004032957808804527	-0.0023068792019531603	-0.0005665930952927223
-0.004208855580987159	-0.0007893728084229501	-0.002406693675135685	-0.0016043022659648631	-0.0011314574502176988	0.005281145799953979	-0.001557966407263578	0.0003071384985122716
-0.0025238017929352097	-0.0006021446097501659	-0.0012209150835433835	-0.001417074067292301	-0.0008194104524297252	0.0060300585946440055	-0.0009338724116885189	-0.00037936489662016015
-0.0009011574044399673	-0.00047732581063586466	-0.0009712774853132267	-0.0010426176699471768	-0.000444954055084823	0.006841380788891627	-0.000497006614786466	0.0001823196993973042
-0.0004018822079803197	0.00020917758449701118	0.0001520917067210359	-0.00023129547569999964	0.0002415493400478308	0.008027159380483706	0.00043913437857590054	-0.00019213669794782007
9.739298847954991e-05	2.1949385824227008e-05	-0.00034718348973838964	-0.0003561142748151891	0.0002415493400478308	0.006342105592431757	0.0005015437781334953	0.00043195729762746105
-2.7425810635639536e-05	8.435878538182173e-05	-9.754589150845483e-05	-4.406727702765956e-05	0.00011673054093219726	0.005655602197299769	0.0006263625772486847	-0.0002545460975049707
0.0039667757610439836	0.0005836339818419134	0.0015250984969858994	0.0011417113145648639	0.0014273279316399101	0.006217286793316568	0.002436235164416045	0.0004943666971846117
0.006650379942016116	0.0008956809796294429	0.003147742885481142	0.0016409865110247335	0.002051421927214747	0.007028608987563967	0.003684423155565497	-0.00031695549706256543
0.0069000175402456065	0.0009580903791870377	0.0033973804837106325	0.0018906241092544462	0.0022386501258870872	0.007777521782253771	0.003934060753795654	0.00043195729762746105
0.007711339734492784	0.0011453185778593777	0.0044583402761884106	0.001953033508812041	0.0024882877241168	0.00927534737163338	0.004433335950255524	-0.0002545460975049707
0.009583621721217739	0.001270137376974123	0.00526966247043581	0.0022026711070415317	0.0030499723201342643	0.011210038757915708	0.005182248744945106	0.0003071384985122716
0.007898567933165568	0.00151977497520428	0.005581709468223117	0.002140261707484825	0.002675515922789584	0.01320713954375563	0.004932611146715615	-0.00019213669794782007
0.005277373151751252	0.001082909178301339	0.004271112077515848	0.0013289395132367599	0.0022386501258870872	0.013082320744639997	0.0040588795529108435	0.0006191854962998011
0.004653279156175971	0.001082909178301339	0.004271112077515848	0.0011417113145648639	0.0021138313267718978	0.012770273746852467	0.0038716513542380593	-0.00012972729839022534
0.0035299099641417087	0.0008956809796294429	0.0035221992828256	0.0010793019150072691	0.0019890125276567083	0.01270786434729576	0.0036220137560079024	0.0005567760967422064
-0.00027706340886557435	0.0002715869840546059	0.0017123266956586836	-4.406727702765956e-05	0.000803233936064629	0.00996185076676559	0.002249006965743483	-0.00031695549706256543
0.0010959433813997332	0.0005836339818419134	0.0015875078965439382	0.0004552079194324321	0.0014897373311970608	0.008651253376058543	0.0027482821622035747	0.0004943666971846117
-8.983521019279017e-05	0.00014676818493941646	0.0012754608987564087	0.00014316092164490257	0.000803233936064629	0.008151978179598895	0.002436235164416045	-0.0004417742961773108
0.0007838963836115376	0.000458815182726946	0.001213051499198814	0.0003927985198748374	0.0014897373311970608	0.007839931181811588	0.0028106915617607253	0.00043195729762746105
-0.00021465400930797962	-4.046001373292363e-05	0.0006513669031815716	-0.00016888607614240492	0.0006160057373922889	0.007153427786679378	0.0018745505683983588	-0.0005665930952927223
-0.0004018822079803197	-0.0002900976119633025	0.0004017293049514148	-0.00016888607614240492	0.0005535963378351383	0.007777521782253771	0.0015625035706110513	5.750090028255883e-05
-0.0004018822079803197	-0.00010286941329051835	0.0009634139009691012	-0.0003561142748151891	0.00042877753871994884	0.007964749980926555	0.0013128659723806724	-0.000629002494850317
0.00022221178759473936	0.00020917758449701118	0.001213051499198814	1.8342122529713123e-05	0.0007408245365079225	0.007902340581368517	0.001188047173266371	0.0003071384985122716
-0.000963566803997562	8.435878538182173e-05	0.001213051499198814	-0.00016888607614240492	0.00017913994048956994	0.006966199588006372	0.00043913437857590054	-0.0004417742961773108
0.00047184938582400804	0.0005212245822843187	0.0015875078965439382	0.00033038912031768675	0.0009280527351798185	0.005780420996414071	0.0008135907759208028	0.0005567760967422064
-0.0009011574044399673	-0.00010286941329051835	0.0008385951018539117	-0.0003561142748151891	-0.00019531645685533228	0.0035336826123444354	-0.0002473690165560871	-0.0005041836957349055
-0.00033947280842316907	2.1949385824227008e-05	0.0008385951018539117	0.00014316092164490257	0.0003039587396047594	0.003221635614556906	0.00025190617990400455	0.0003071384985122716
-0.0008387480048832607	-0.00022768821240548576	0.00033931990539382006	-0.0004185236743727838	-0.00019531645685533228	0.002597541618982069	-6.014081788374703e-05	-0.000629002494850317
0.00028462118715211204	0.00033399638361220063	0.0006513669031815716	0.0003927985198748374	0.0006160057373922889	0.0041577766079197165	0.0009384095750364363	0.00043195729762746105
-0.0013380232013426863	-0.00047732581063586466	-0.0002223646906232002	-0.0005433424734870851	-0.00038254465552722827	0.005031508201724488	0.0003767249790187499	-0.0008162306935226571
-2.7425810635639536e-05	8.435878538182173e-05	0.0002145011062790747	-4.406727702765956e-05	0.00042877753871994884	0.006716561989776437	0.0013752753719387112	0.0002447290989548989
-0.0010259762035556008	-0.0003525070115206752	2.727290760673462e-05	-0.00048093307393037854	-0.00032013525596963355	0.008027159380483706	0.0008760001754788416	-0.0007538212939650624
-0.000963566803997562	-0.00010286941329051835	0.0002145011062790747	-0.00016888607614240492	0.0002415493400478308	0.008900890974288478	0.0010632283741511817	0.0003071384985122716
-0.005457043572136833	-0.0006645540093077607	-0.0012833244831009782	-0.0016043022659648631	-0.00106904805065966	0.006654152590219287	-0.0008714630121311462	-0.0005665930952927223
-0.008827151148241175	-0.0011638292057678523	-0.0030931970702676725	-0.002290805661097295	-0.0020675984435796213	0.004844280003052148	-0.002806154398412808	0.00011991029983970947
-0.008951969947356364	-0.0014758762035553818	-0.002968378271152927	-0.0026028526588848244	-0.0024420548409245235	0.003845729610131965	-0.0031182013962003374	-0.0008162306935226571
-0.008327875951781527	-0.0014134668039977871	-0.003467653467612797	-0.002665262058442419	-0.0020675984435796213	0.0022230852216369446	-0.003055791996643187	-4.9084992750358936e-06
-0.008827151148241175	-0.0015382856031125325	-0.0033428346684976074	-0.002665262058442419	-0.002317236041809778	0.001723810025177297	-0.0033678389944309384	-0.0007538212939650624
-0.006954869161516664	-0.0009141916075376955	-0.0029059688715957765	-0.0019787586633099874	-0.0014435044480045622	0.0026599510185396635	-0.0022444698023955656	0.0003695478980698663
-0.0057066811703672116	-0.0009766010070957343	-0.0025315124742504302	-0.002041168062867138	-0.0013186856488895948	0.0022854946211952054	-0.0018076040054937348	-0.0004417742961773108
-0.004396083779659943	-0.0009766010070957343	-0.002593921873807581	-0.0016043022659648631	-0.0011314574502176988	0.0032840450141149446	-0.0013083288090336431	0.00011991029983970947
-0.0027110299916075498	-0.0007893728084229501	-0.0016577808804456584	-0.0012922552681775556	-0.0006945916533152019	0.00378332021057437	-0.0002473690165560871	-0.0006914118944079117
-0.00033947280842316907	-0.00022768821240548576	-0.0005968210879681024	-0.0004185236743727838	0.0003663681391623541	0.004469823605706802	0.0006263625772486847	0.0003695478980698663
-0.0007763386053252219	-0.0002900976119633025	-0.00015995529106604955	-0.00029370487525759437	5.432114137504662e-05	0.004844280003052148	0.0003767249790187499	-0.0005665930952927223
-0.0001522446097503849	-0.00016527881284789103	2.727290760673462e-05	-0.00023129547569999964	0.00011673054093219726	0.004532233005264397	0.0003143155794611552	0.0001823196993973042
0.00028462118715211204	-4.046001373292363e-05	0.0010258233005258077	-0.00010647667658481019	0.0002415493400478308	0.004906689402609299	0.0003767249790187499	-0.00037936489662016015
0.004154003959716102	0.00020917758449701118	0.0023364206912330765	0.0007048455176619228	0.0009904621347371911	0.006342105592431757	0.001624912970168646	5.750090028255883e-05
0.006151104745556024	0.000458815182726946	0.003896655680170724	0.0009544831158923017	0.0014897373311970608	0.007340655985351718	0.0025610539635307905	-0.000629002494850317
0.007274473937590953	0.001082909178301339	0.004395930876630816	0.0016409865110247335	0.0023634689250018326	0.008838481574731327	0.0033723761577784117	0.0005567760967422064
0.007399292736705698	0.0008956809796294429	0.004832796673533091	0.0015785771114669167	0.0021138313267718978	0.009462575570306164	0.003684423155565497	-0.0005041836957349055
0.009521212321660144	0.0015821843747618747	0.005519300068665078	0.002327489906156721	0.0031747911192490097	0.010461125963225681	0.005119839345387955	0.0004943666971846117
0.0069000175402456065	0.0008956809796294429	0.004520749675745561	0.0015785771114669167	0.002301059525444682	0.009524984969863759	0.004308517151140778	-0.0005041836957349055
0.004778097955291161	0.0007708621805142535	0.0033973804837106325	0.0013913489127943546	0.002051421927214747	0.008776072175173733	0.003934060753795654	0.0003071384985122716
0.0044036415579464805	0.0006460433813995081	0.0033349710841530378	0.0010793019150072691	0.0018017843289848123	0.006966199588006372	0.0038092419546806866	-0.0005665930952927223
0.003030634767681173	0.000458815182726946	0.00246123949034871	0.000892073716334485	0.0016145561303122502	0.005343555199511574	0.0032475573586634443	0.0002447290989548989
-0.0001522446097503849	8.435878538182173e-05	0.0015250984969858994	0.00026797972075964793	0.0004911869382775436	0.003908139009689338	0.001812141168840764	-0.0005665930952927223
0.0010335339818416944	8.435878538182173e-05	0.0015875078965439382	0.00033038912031768675	0.0008656433356222237	0.0024727228198673235	0.0016873223697260187	0.0001823196993973042
0.0001598023880369226	-0.00016527881284789103	0.0015875078965439382	-4.406727702765956e-05	0.0003663681391623541	0.001973447623407676	0.0010632283741511817	-0.0008162306935226571
0.00047184938582400804	-4.046001373292363e-05	0.0014002796978715981	0.0002055703212020532	0.0007408245365079225	0.0030968168154421605	0.0011256377737087764	0.00011991029983970947
-0.00033947280842316907	-0.00016527881284789103	0.0013378702983140034	-0.0003561142748151891	0.0002415493400478308	0.00359609201190203	0.00043913437857590054	-0.0006914118944079117
9.739298847954991e-05	-0.00010286941329051835	0.0010882327000838465	-0.00048093307393037854	0.0002415493400478308	0.004657051804379586	0.0003767249790187499	0.0001823196993973042
-0.0009011574044399673	2.1949385824227008e-05	0.001213051499198814	-0.0003561142748151891	0.00011673054093219726	0.005842830395971665	0.0003767249790187499	-0.00037936489662016015
0.0001598023880369226	0.00020917758449701118	0.0012754608987564087	1.8342122529713123e-05	0.0007408245365079225	0.004844280003052148	0.0007511813763638742	0.0002447290989548989
-0.0005267010070959532	8.435878538182173e-05	0.0009010045014115065	1.8342122529713123e-05	0.0003039587396047594	0.0034712732127872847	0.0003767249790187499	-0.00037936489662016015
-0.0005267010070959532	-0.00010286941329051835	0.0004017293049514148	-0.00010647667658481019	0.0002415493400478308	0.0020982664225224212	0.0005015437781334953	5.750090028255883e-05
-0.0009011574044399673	-0.00041491641107782584	0.0004641387045090095	-0.0004185236743727838	-0.00013290705729773755	0.0009124878309301199	0.0003143155794611552	-0.0006914118944079117
-0.00046429160753747034	0.0002715869840546059	0.0008385951018539117	0.0005176173189895827	0.0003663681391623541	0.0018486288242924864	0.0008760001754788416	0.00043195729762746105
3.498358892195519e-05	8.435878538182173e-05	0.0012754608987564087	0.00033038912031768675	0.0003663681391623541	0.002347904020752578	0.0010632283741511817	-0.00031695549706256543
0.0001598023880369226	0.00014676818493941646	0.0011506420996412192	0.00033038912031768675	0.00042877753871994884	0.00378332021057437	0.0009384095750364363	0.00043195729762746105
-0.0008387480048832607	-0.0002900976119633025	0.0011506420996412192	-0.00023129547569999964	-0.00019531645685533228	0.005031508201724488	0.00025190617990400455	-0.000629002494850317
0.0001598023880369226	0.0002715869840546059	0.0017123266956586836	8.075152208730785e-05	0.0004911869382775436	0.006841380788891627	0.0009384095750364363	0.0005567760967422064
-0.0005267010070959532	2.1949385824227008e-05	0.0017123266956586836	-0.0004185236743727838	0.00011673054093219726	0.007153427786679378	0.0005015437781334953	-0.00037936489662016015
-0.0007763386053252219	0.00033399638361220063	0.0016499172961010888	-4.406727702765956e-05	0.0004911869382775436	0.007652702983138804	0.0006263625772486847	0.0006815948958573959
-0.006518003364614389	-0.0007893728084229501	-0.0009712774853132267	-0.0017915304646376473	-0.0013186856488895948	0.004469823605706802	-0.001745194605935696	-0.00037936489662016015
-0.007703781956206246	-0.0006645540093077607	-0.0020322372777907827	-0.0017915304646376473	-0.0010066386511025094	0.002535132219424474	-0.001994832204165631	0.0006815948958573959
-0.008078238353552036	-0.0010390104066526629	-0.0024691030746932796	-0.002041168062867138	-0.0016931420462349411	0.001536581826504957	-0.0021196510032808202	-0.0002545460975049707
-0.008140647753108743	-0.001226238605325003	-0.0033428346684976074	-0.0022283962615397	-0.0016931420462349411	-0.0007101565575642343	-0.002182060402838415	0.0003695478980698663
-0.008140647753108743	-0.0014134668039977871	-0.0035300628671703915	-0.0022283962615397	-0.0019427796444644319	-0.0017087069504844177	-0.0024316980010681277	-0.0005041836957349055
-0.006330775165942049	-0.0008517822079801007	-0.003030787670710522	-0.0013546646677347063	-0.0013810950484471896	-0.0010846129549095807	-0.0018076040054937348	0.0003695478980698663
-0.0057066811703672116	-0.0011014198062102576	-0.0026563312733653976	-0.0016667116655224579	-0.0015683232471197517	-0.0015838881513694503	-0.0021196510032808202	-0.0005041836957349055
-0.0033975333867399815	-0.00041491641107782584	-0.0016577808804456584	-0.000792980071717686	-0.0006321822537573851	0.00010116563668294276	-0.0014331476081479444	0.0005567760967422064
-0.0020869359960327127	-0.00047732581063586466	-0.0007216398870832919	-0.0009177988708324314	-0.0008194104524297252	0.0018486288242924864	-0.0011835100099184537	-0.00037936489662016015
-0.0006515198062102545	-4.046001373292363e-05	-3.5136491950860105e-05	-0.0003561142748151891	-0.00013290705729773755	0.0033464544136720953	-0.0005594160143436167	0.00043195729762746105
-0.00027706340886557435	2.1949385824227008e-05	0.000588957503624199	-0.0004185236743727838	-0.00013290705729773755	0.0037209108110167755	-0.000497006614786466	-0.00019213669794782007
-0.00027706340886557435	8.435878538182173e-05	0.00027691050583622534	-0.00029370487525759437	-7.049765774014283e-05	0.0034712732127872847	-0.000497006614786466	0.0005567760967422064
0.00047184938582400804	-0.00010286941329051835	0.0006513669031815716	-0.00029370487525759437	-8.088258182992192e-06	0.002160675822079572	-0.0001849596169984924	-0.0004417742961773108
0.005339782551308403	0.0005836339818419134	0.0025236488899058607	0.0012665301136796092	0.0014897373311970608	0.0028471792172124477	0.002186597566185444	0.0003695478980698663
0.006463151743343332	0.0007708621805142535	0.0033973804837106325	0.0016409865110247335	0.0017393749294269956	0.0030968168154421605	0.0031851479591056275	-0.0004417742961773108
0.007087245738918391	0.0009580903791870377	0.0035221992828256	0.0018282147096968515	0.0021138313267718978	0.002784769817654853	0.0038092419546806866	0.0003695478980698663
0.007586520935378482	0.0006460433813995081	0.004146293278400659	0.0018906241092544462	0.001864193728542407	0.003658501411459625	0.004121288952467994	-0.0007538212939650624
0.009521212321660144	0.0014573655756469073	0.005581709468223117	0.002764355703059218	0.0029875629205766696	0.005343555199511574	0.005369476943617446	0.0004943666971846117
0.0067127893415732665	0.0008332715800714041	0.0048952060730906855	0.0016409865110247335	0.0021138313267718978	0.004594642404821991	0.0040588795529108435	-0.0005665930952927223
0.004715688555733566	0.0005836339818419134	0.004395930876630816	0.001516167711909544	0.001864193728542407	0.005468373998626763	0.0032475573586634443	0.0003071384985122716
0.004590869756618821	0.0008956809796294429	0.00514484367132062	0.001516167711909544	0.0019890125276567083	0.006654152590219287	0.0031851479591056275	-0.0002545460975049707
0.002344131372548741	0.00033399638361220063	0.0035846086823834167	0.0005176173189895827	0.0013025091325247207	0.00590523979552926	0.002061778767071143	0.0003071384985122716
0.0001598023880369226	0.0003964057831689072	0.0030229240863659523	0.00026797972075964793	0.0007408245365079225	0.005842830395971665	0.001188047173266371	-0.00031695549706256543
0.00047184938582400804	0.00014676818493941646	0.0025236488899058607	0.00014316092164490257	0.0008656433356222237	0.0054059645990691685	0.0013128659723806724	0.0002447290989548989
-0.0001522446097503849	-0.0002900976119633025	0.001837145494773429	-0.00048093307393037854	0.00042877753871994884	0.0030344074158845658	0.0008760001754788416	-0.0007538212939650624
0.0005966681849391975	-4.046001373292363e-05	0.0016499172961010888	0.00033038912031768675	0.0008656433356222237	0.0029095886167693763	0.0015000941710532345	0.0002447290989548989
-0.00033947280842316907	-0.00010286941329051835	0.0011506420996412192	-4.406727702765956e-05	0.00042877753871994884	0.001536581826504957	0.001188047173266371	-0.000629002494850317
0.0001598023880369226	-0.00016527881284789103	0.0008385951018539117	0.00014316092164490257	0.0006160057373922889	0.0007876690318153745	0.001188047173266371	0.00011991029983970947
-0.0001522446097503849	0.0002715869840546059	0.0013378702983140034	0.0004552079194324321	0.0004911869382775436	0.0010373066300448652	0.001188047173266371	-0.0002545460975049707
3.498358892195519e-05	-4.046001373292363e-05	0.0010258233005258077	0.0002055703212020532	0.0004911869382775436	0.0007252596322577798	0.0008760001754788416	0.0001823196993973042
-0.0007139292057678492	-4.046001373292363e-05	0.001213051499198814	-4.406727702765956e-05	5.432114137504662e-05	0.00109971602960246	0.0003143155794611552	-0.0004417742961773108
-8.983521019279017e-05	0.00014676818493941646	0.0014002796978715981	0.00033038912031768675	0.0003039587396047594	0.0026599510185396635	0.0003767249790187499	0.00043195729762746105
-0.0005267010070959532	0.0002715869840546059	0.0017747360952162783	8.075152208730785e-05	0.0002415493400478308	0.00340886381322969	0.0003767249790187499	-0.00019213669794782007
-8.983521019279017e-05	0.0002715869840546059	0.0017123266956586836	8.075152208730785e-05	0.0004911869382775436	0.00378332021057437	0.0003767249790187499	0.0005567760967422064
-0.00046429160753747034	2.1949385824227008e-05	0.0017123266956586836	-0.00023129547569999964	0.00011673054093219726	0.004095367208362122	0.00025190617990400455	-0.0004417742961773108
3.498358892195519e-05	8.435878538182173e-05	0.0016499172961010888	1.8342122529713123e-05	0.0006784151369498836	0.0037209108110167755	0.0006887719768062794	0.00043195729762746105
-0.00027706340886557435	0.00014676818493941646	0.0015250984969858994	-0.00010647667658481019	0.0003663681391623541	0.003159226214999755	0.0007511813763638742	-0.00031695549706256543
9.739298847954991e-05	2.1949385824227008e-05	0.0012754608987564087	8.075152208730785e-05	0.0005535963378351383	0.0028471792172124477	0.0011256377737087764	0.0003071384985122716
-2.7425810635639536e-05	0.00020917758449701118	0.0014626890974287488	1.8342122529713123e-05	0.0004911869382775436	0.0019110382238500812	0.0012504565728239658	-0.0002545460975049707
