Sensor_1	Sensor_2	Sensor_3	Sensor_4	Sensor_5	Sensor_6	Sensor_7	Sensor_8
0.0002092899214163335	-0.00025022736705593296	-0.0005228628290225856	-0.0007793311360342337	3.966117342102393e-06	0.023226538017852905	-0.0015338545357439504	-0.000661720622568529
0.0008957933165483212	-6.299916838314878e-05	-0.0003980440299076182	-0.0008417405355913843	0.0003160131151294099	0.02447472600900258	-0.001221807537956865	0.00014960157167909216
-0.0006020322728317318	-0.0005622743648427964	-0.0008973192263677099	-0.0016530627298390055	-0.0004953090791177672	0.02391304141298578	-0.002033129732204042	-0.0009737676203551704
0.00027169932097392824	-0.0005622743648427964	-0.0007100910276949257	-0.0010913781338217632	-0.00012085268177308706	0.02291449102006582	-0.001845901533531702	-0.00028726422522318273
-0.0008516698710610004	-0.0008119119630727312	-0.0012717756237128341	-0.0014034251316092927	-0.0006201278782327346	0.02060534323643859	-0.0024075861295491663	-0.0010361770199132092
0.00033410872053152296	-0.0004998649652852016	-0.0012093662241550174	-0.0009665593347070178	0.0003784225146870046	0.018670651850156483	-0.0019707203326473355	-0.00016244542610843737
0.0002092899214163335	-0.0008119119630727312	-0.00108454742504005	-0.0009041499351494231	6.637551689925303e-05	0.01698559806210409	-0.0021579485313192315	-0.0010361770199132092
2.2061722743771384e-05	-0.0007495025635155805	-0.001521413221942547	-0.0005921029373621156	0.0003784225146870046	0.016548732265201815	-0.0019707203326473355	-0.0002248548256660321
2.2061722743771384e-05	-0.00031263676661330564	-0.0015838226215001416	-0.0005296935378045209	0.0005032413138021941	0.018046557854581646	-0.0019083109330897408	-0.0007241300221261238
2.2061722743771384e-05	-0.0004374555657284951	-0.001521413221942547	-0.00046728413824692616	0.00044083191424459933	0.022040759426260825	-0.002282767330434421	2.47827725643468e-05
-0.0009140792706190393	-0.0008119119630727312	-0.001958279018845266	-0.0014034251316092927	-0.0002456714808882765	0.024162679011214827	-0.0028444519264516632	-0.0009113582207984638
-0.00022757587548616343	-0.00025022736705593296	-0.001708641420614887	-0.0009041499351494231	0.0003784225146870046	0.02728314898908968	-0.002469995529106761	0.00014960157167909216
-0.0006020322728317318	-0.00025022736705593296	-0.0011469568245976447	-0.0009665593347070178	0.0001287849164566257	0.029030612176699444	-0.0023451767299915716	-0.0004744924238955228
-0.0003523946746013529	-6.299916838314878e-05	-0.0010221380254824552	-0.0009665593347070178	0.0003160131151294099	0.029280249774929823	-0.002220357930876826	0.000399239169909249
-0.0008516698710610004	-0.0004998649652852016	-0.0012093662241550174	-0.0016530627298390055	-0.00018326208133068178	0.02747037718776224	-0.002657223727779323	-0.0005993112230109343
0.00027169932097392824	6.181963073159658e-05	-0.0005228628290225856	-0.0006545123369188222	0.0005032413138021941	0.025223638803692605	-0.0017834921339745513	0.00046164856946639965
-0.0004148040741589476	-0.00012540856794052146	-0.0007100910276949257	-0.0009041499351494231	0.00019119431601488657	0.021042209033340864	-0.0019083109330897408	-0.00028726422522318273
-0.001787810864423811	-0.0003750461661704563	-0.001958279018845266	-0.0009665593347070178	3.966117342102393e-06	0.016236685267414064	-0.0027196331273364738	0.00046164856946639965
-0.007903932021057436	-0.001498415358205163	-0.005078748996719229	-0.0025267943236442214	-0.0021179534676125655	0.011493570901045302	-0.005590465506981168	-0.0004744924238955228
-0.007279838025482155	-0.001311187159533267	-0.005640433592736915	-0.002152337926298875	-0.0015562688715955453	0.011056705104142583	-0.005465646707866423	0.0003368297703516543
-0.0077791132219420245	-0.001498415358205163	-0.0058276617914092554	-0.0024643849240866267	-0.0018683158693826307	0.012554530693522636	-0.006027331303883221	-0.0004120830243383722
-0.007841522621499841	-0.0013735965590904176	-0.005890071190966406	-0.00221474732585647	-0.0017434970702678854	0.017048007461661685	-0.006027331303883221	0.00027442037079405956
-0.008278388418402116	-0.0018728717555505092	-0.006264527588311308	-0.003213297718776431	-0.0023675910658427224	0.02185353122758804	-0.006651425299458946	-0.0007241300221261238
-0.006406106431677827	-0.0012487777599756722	-0.005265977195391791	-0.0029012507209884575	-0.0016810876707098465	0.02778242418554977	-0.00596492190432607	0.00046164856946639965
-0.005657193636987801	-0.001061549561302888	-0.004267426802472052	-0.0028388413214308628	-0.0016810876707098465	0.032088672755016034	-0.005465646707866423	-0.0004120830243383722
-0.0034104552529181653	-0.0006246837644003911	-0.0034561046082244307	-0.002401975524529032	-0.0008697654764626694	0.033960954741741434	-0.004404686915388867	0.00027442037079405956
-0.0022870860608832366	-0.0006246837644003911	-0.002519963614862508	-0.00221474732585647	-0.0006825372777903294	0.032463129152361825	-0.003905411718928775	-0.0004120830243383722
-0.0006020322728317318	-0.0001878179674981162	-0.0016462320210577364	-0.0012161969329365085	0.00019119431601488657	0.028968202777141627	-0.002657223727779323	0.00046164856946639965
-0.0006020322728317318	-0.0004374555657284951	-0.001708641420614887	-0.0012161969329365085	0.00019119431601488657	0.02341376621652569	-0.0025324049286641337	-0.0004120830243383722
0.0008333839169913926	-0.0001878179674981162	-0.0013965944228278016	-0.000280055939574142	0.0009401071107042469	0.01898269884794379	-0.0019083109330897408	0.0003368297703516543
0.002580847104600714	0.0001242290302891913	-2.3587632562493965e-05	0.0006560850537877805	0.0014393823071641165	0.017609692057678927	-0.0007225323414967733	-0.0002248548256660321
0.006949505073624573	0.0009979606240944072	0.0019111037537191677	0.001841863645380304	0.00318684549477366	0.01941956464484651	0.00152420604257264	0.0005864673685815891
0.006949505073624573	0.0009355512245368125	0.0029720635461967237	0.001841863645380304	0.00299961729610132	0.02266485342183544	0.0018986624399175422	-0.00016244542610843737
0.006699867475395083	0.0011227794232087085	0.0036585669413293775	0.0017794542458227092	0.0029372078965437254	0.02597255159838263	0.00239793763637719	0.0005240579690239944
0.006575048676280337	0.000623504226749283	0.004345070336461587	0.0004688568551154404	0.0016266105058364566	0.024911591805905742	0.002335528236820039	-0.0007241300221261238
0.00782323666742979	0.0013100076218814927	0.005031573731593797	0.0015298166475929964	0.0025003420996416725	0.022852081620508224	0.0033340786297400005	0.0003368297703516543
0.005763726482032272	0.0005610948271916882	0.003284110543983809	0.0007809038529027479	0.0020634763027389535	0.016611141664758966	0.0017738436408023528	-0.0005993112230109343
0.006575048676280337	0.0003738666285195702	0.002722425947966345	0.0012801790493626175	0.0029372078965437254	0.012055255497062545	0.00152420604257264	2.47827725643468e-05
0.004328310292210702	0.00043627602807627675	0.0025976071488518215	0.0017170448462651144	0.002188295101854143	0.010744658106354832	0.0013369778438998559	-0.0004744924238955228
0.0017071155107959424	0.00018663842984678602	0.000600506363011899	0.0007184944533453752	0.001127335309376587	0.009059604318302883	8.878985275040385e-05	0.00046164856946639965
0.0006461557183186084	-0.00031263676661330564	0.0002884593652245915	-0.00046728413824692616	3.966117342102393e-06	0.008997194918745732	-0.0007849417410548121	-0.0005993112230109343
0.001582296711680753	0.00018663842984678602	0.0008501439612422779	-9.282774090202395e-05	0.0006280601129169394	0.011930436697947355	-0.00028566654459449836	0.0003368297703516543
2.2061722743771384e-05	-0.00031263676661330564	0.0001012311665522514	-0.0006545123369188222	6.637551689925303e-05	0.014489222079804964	-0.0010969887388416755	-0.000661720622568529
0.0007709745174337979	-6.299916838314878e-05	-0.0006476816281377751	-0.00021764654001654726	0.0005656507133593447	0.018358604852368954	-0.001409035736629649	0.00027442037079405956
-0.00022757587548616343	-0.00031263676661330564	-0.0007725004272525204	-0.000280055939574142	0.0003784225146870046	0.023101719218737715	-0.0019707203326473355	-0.0005993112230109343
0.00014688052185896083	-0.0001878179674981162	-0.0008973192263677099	-0.0003424653391317367	0.0008776977111468742	0.0280944711833373	-0.0019707203326473355	0.00021201097123668688
-0.0004148040741589476	-0.0004998649652852016	-0.0012717756237128341	-0.0014658345311664434	0.00019119431601488657	0.03133975996032645	-0.0027820425268945126	-0.0007865394216832744
-0.0001651664759285687	-0.0004374555657284951	-0.0010221380254824552	-0.001341015732051254	0.0001287849164566257	0.03333686074616615	-0.002469995529106761	2.47827725643468e-05
-0.0008516698710610004	-0.0004998649652852016	-0.0009597286259253046	-0.001777881528954195	-0.00018326208133068178	0.03202626335545844	-0.0025324049286641337	-0.0007241300221261238
0.00014688052185896083	-6.299916838314878e-05	-0.0007100910276949257	-0.0011537875333789138	0.00044083191424459933	0.02815688058289445	-0.0019083109330897408	0.0003368297703516543
-0.0007892604715036278	-0.0005622743648427964	-0.0009597286259253046	-0.0012161969329365085	-0.00012085268177308706	0.022290397024490538	-0.0020955391317616368	-0.000661720622568529
0.000521336919203419	-0.00012540856794052146	-0.0006476816281377751	-0.0003424653391317367	0.0007528789120316848	0.01698559806210409	-0.0010969887388416755	0.000399239169909249
2.2061722743771384e-05	-0.0004374555657284951	-0.0006476816281377751	-0.0006545123369188222	0.00025360371557181516	0.012492121293965264	-0.0013466263370720544	-0.0005993112230109343
0.00027169932097392824	-6.299916838314878e-05	-0.0003356346303500235	0.00021921925688594968	0.0005656507133593447	0.01180561789883261	-0.0007225323414967733	0.000399239169909249
-0.0003523946746013529	-0.00025022736705593296	-0.0007725004272525204	-0.00040487473868933144	0.0003160131151294099	0.012367302494850074	-0.0011593981383992702	-0.00034967362478077746
0.00045892751964582423	-0.00012540856794052146	-0.00046045342946521295	3.19910582131655e-05	0.0008152883115892795	0.015612591271839227	-0.0009097605401695574	0.0003368297703516543
-0.0011013074692913793	-0.0005622743648427964	-0.0010221380254824552	-0.0006545123369188222	3.966117342102393e-06	0.019045108247501386	-0.0019707203326473355	-0.000661720622568529
-0.003098408255130858	-0.0006870931639579858	-0.0024575542153049135	-0.0014658345311664434	-0.0003704902800025778	0.021291846631570577	-0.003094089524681598	0.00027442037079405956
-0.008840073014419803	-0.0019352811551076599	-0.005265977195391791	-0.003400525917448549	-0.002617228664072213	0.020792571435110485	-0.0061521501029988546	-0.000661720622568529
-0.007654294422827279	-0.0013735965590904176	-0.005016339597161634	-0.0029636601205464963	-0.0021179534676125655	0.02160389362935855	-0.005652874906538763	0.00021201097123668688
-0.008777663614862208	-0.0018728717555505092	-0.005265977195391791	-0.0037125729152365228	-0.002866866262302148	0.019669202243076223	-0.0061521501029988546	-0.0005993112230109343
-0.008278388418402116	-0.0016232341573203524	-0.005203567795834196	-0.003400525917448549	-0.002679638063629808	0.017672101457236522	-0.00596492190432607	0.00014960157167909216
-0.00796634142061503	-0.0019352811551076599	-0.005016339597161634	-0.003400525917448549	-0.0027420474631878466	0.015550181872281632	-0.005715284306096136	-0.0008489488212408691
-0.005719603036544951	-0.0014360059586480123	-0.004329836202029647	-0.0027140225223165615	-0.0016810876707098465	0.014364403280689775	-0.004779143312733991	8.719217212149744e-05
-0.004970690241855369	-0.0014360059586480123	-0.0034561046082244307	-0.002152337926298875	-0.0015562688715955453	0.015175725474936952	-0.004342277515831272	-0.0007241300221261238
-0.002411904859998426	-0.0009991401617452933	-0.002707191813534404	-0.0012161969329365085	-0.0006201278782327346	0.017360054459449437	-0.003094089524681598	2.47827725643468e-05
-0.0012261262684061247	-0.0008119119630727312	-0.0022079166170749787	-0.001341015732051254	-0.0002456714808882765	0.01916992704661613	-0.0027196331273364738	-0.000661720622568529
-0.0004148040741589476	-0.0004998649652852016	-0.001521413221942547	-0.0006545123369188222	0.00019119431601488657	0.02185353122758804	-0.002033129732204042	0.00021201097123668688
-0.0014757638666360595	-0.0008119119630727312	-0.0016462320210577364	-0.0012786063324941033	-0.0003704902800025778	0.02278967222095063	-0.0023451767299915716	-0.000661720622568529
8.447112230114406e-05	-0.0004998649652852016	-0.0012093662241550174	-0.0009665593347070178	0.00044083191424459933	0.022602444022278068	-0.001596263935301545	8.719217212149744e-05
0.002206390707255812	-0.00025022736705593296	0.0006629157625694937	-0.00021764654001654726	0.0008776977111468742	0.022540034622720917	-0.00022325714503734773	-0.0007241300221261238
0.006263001678492364	0.00043627602807627675	0.0025976071488518215	0.0007809038529027479	0.0023131139009688884	0.021915940627145636	0.0018362530403599475	2.47827725643468e-05
0.006013364080262651	0.0001242290302891913	0.003346519943541404	0.0004688568551154404	0.001938657503623764	0.01948197404440344	0.0020234812390327317	-0.0008489488212408691
0.007074323872739763	0.000623504226749283	0.003970613939116685	0.0014674072480351796	0.0024379327000838558	0.01810896725413902	0.0027099846341647194	-3.7626626993247925e-05
0.007386370870527514	0.0004986854276343156	0.004469889135576333	0.0013425884489206563	0.0024379327000838558	0.016174275867856913	0.003022031631952249	-0.0008489488212408691
0.008010464866102351	0.000623504226749283	0.004345070336461587	0.0014674072480351796	0.00262516089875664	0.014489222079804964	0.0030844410315096216	-0.0002248548256660321
0.004702766689555382	0.00018663842984678602	0.003096882345311913	0.0008433132524605647	0.0014393823071641165	0.013116215289539657	0.00152420604257264	-0.0009737676203551704
0.005014813687343134	0.00043627602807627675	0.0025976071488518215	0.0012801790493626175	0.001938657503623764	0.013677899885557787	0.0016490248416876074	2.47827725643468e-05
0.003017712901503433	-6.299916838314878e-05	0.0017238755550466056	0.00040644745555784567	0.0010649259098194364	0.014114765682459396	0.0004008368505374893	-0.0009113582207984638
0.0010830215152211053	-6.299916838314878e-05	0.0005380969634547483	0.00034403805600069504	0.0006904695124749782	0.015924638269626534	-0.00047289474326728254	0.00014960157167909216
8.447112230114406e-05	-0.0004998649652852016	-8.599703212008869e-05	-0.000716921736476861	3.966117342102393e-06	0.017547282658121777	-0.0013466263370720544	-0.0009113582207984638
0.0008957933165483212	-0.00031263676661330564	0.00016364056610940203	-0.00040487473868933144	0.0005032413138021941	0.020418115037766027	-0.0012842169375144596	-3.7626626993247925e-05
-0.0001651664759285687	-0.0003750461661704563	0.0002884593652245915	-0.0006545123369188222	0.0001287849164566257	0.022477625223162878	-0.0014714451361872438	-0.000661720622568529
0.0003965181200882295	-0.0003750461661704563	0.0001012311665522514	-0.0009041499351494231	0.0005032413138021941	0.022602444022278068	-0.0013466263370720544	-3.7626626993247925e-05
-0.00022757587548616343	-0.0004998649652852016	0.0003508687647821862	-0.0010913781338217632	3.966117342102393e-06	0.022040759426260825	-0.0017210827344169566	-0.0007241300221261238
-4.034767681382334e-05	-0.0004998649652852016	0.0003508687647821862	-0.0009041499351494231	0.0001287849164566257	0.020792571435110485	-0.0013466263370720544	-0.00010003602655084265
-0.0001651664759285687	-0.0006870931639579858	0.00016364056610940203	-0.0012161969329365085	3.966117342102393e-06	0.017921739055466457	-0.001409035736629649	-0.0007865394216832744
0.0007709745174337979	-0.00025022736705593296	0.0003508687647821862	-0.00046728413824692616	0.0006280601129169394	0.01598704766918413	-0.0008473511406119627	0.00014960157167909216
-0.000726851071946033	-0.0007495025635155805	-0.00021081583123527814	-0.0007793311360342337	-0.00012085268177308706	0.014863678477149644	-0.0012842169375144596	-0.0008489488212408691
0.0002092899214163335	-0.00031263676661330564	-0.00027322523079287286	-0.0003424653391317367	0.0006280601129169394	0.015362953673609736	-0.0007849417410548121	0.00014960157167909216
-0.0011013074692913793	-0.0008119119630727312	-0.0008973192263677099	-0.0009041499351494231	-0.00018326208133068178	0.016049457068741724	-0.001596263935301545	-0.0009113582207984638
-0.0006644416723884383	-0.0006246837644003911	-0.0008349098268101152	-0.0007793311360342337	0.0001287849164566257	0.01829619545281136	-0.0013466263370720544	-0.00016244542610843737
-0.00116371686884853	-0.0008119119630727312	-0.0008349098268101152	-0.0011537875333789138	-0.0002456714808882765	0.019981249240863308	-0.0017210827344169566	-0.0009113582207984638
-0.0004148040741589476	-0.0004374555657284951	-0.00046045342946521295	-0.000716921736476861	0.0001287849164566257	0.02147907483024336	-0.0012842169375144596	2.47827725643468e-05
-0.0009764886701757458	-0.0004998649652852016	-0.00021081583123527814	-0.0010289687342641685	-0.00012085268177308706	0.02073016203555378	-0.0013466263370720544	-0.0005369018234531175
0.0002092899214163335	-0.0001878179674981162	0.0001012311665522514	-0.0006545123369188222	0.0003160131151294099	0.018483423651484143	-0.0009097605401695574	0.00027442037079405956
-0.0010388980697333405	-0.0005622743648427964	0.0001012311665522514	-0.0010289687342641685	-0.00030808088044498305	0.015050906675821762	-0.0013466263370720544	-0.0005369018234531175
-0.0035352740520329107	-0.0004998649652852016	-0.0013341850232702068	-0.0012161969329365085	-0.000557718478675362	0.01080706750591287	-0.0021579485313192315	0.00046164856946639965
-0.008028750820172181	-0.0015608247577627576	-0.0038929704051264835	-0.002776431921874156	-0.0023675910658427224	0.005751906141756136	-0.004654324513619246	-0.0004744924238955228
-0.007279838025482155	-0.001498415358205163	-0.004017789204242117	-0.0022771567254140646	-0.0019307252689402254	0.004940583947508959	-0.004342277515831272	0.00027442037079405956
-0.008715254215304613	-0.0018104623559929145	-0.004704292599374549	-0.0027140225223165615	-0.002617228664072213	0.005564677943083796	-0.005028780910964148	-0.0005369018234531175
-0.0075918850232701285	-0.001311187159533267	-0.004641883199816954	-0.0022771567254140646	-0.0018683158693826307	0.008560329121843013	-0.004716733913175952	0.000399239169909249
-0.00796634142061503	-0.0015608247577627576	-0.004517064400702209	-0.002589203723201372	-0.002430000465400317	0.012180074296177734	-0.004903962111848514	-0.0004120830243383722
-0.005532374837872611	-0.0011863683604176334	-0.003830561005569777	-0.002152337926298875	-0.0014938594720375065	0.015612591271839227	-0.003967821118486814	0.0003368297703516543
-0.00472105264362499	-0.0011863683604176334	-0.0030192388113226	-0.00221474732585647	-0.0014314500724801338	0.017609692057678927	-0.0036557741206992844	-0.0004120830243383722
-0.0019126296635385565	-0.0005622743648427964	-0.0015838226215001416	-0.0010913781338217632	-0.0004953090791177672	0.019232336446173726	-0.002220357930876826	0.00046164856946639965
-0.0012885356679637194	-0.00031263676661330564	-0.0008349098268101152	-0.0010289687342641685	-0.00018326208133068178	0.018046557854581646	-0.0015338545357439504	-0.00016244542610843737
-4.034767681382334e-05	-6.299916838314878e-05	-0.00014840643167768341	-0.00046728413824692616	0.0003160131151294099	0.01629909466697166	-0.0008473511406119627	0.0006488767681391838
-0.0006644416723884383	-0.00025022736705593296	0.0001012311665522514	-0.00046728413824692616	6.637551689925303e-05	0.01430199388113218	-0.0007849417410548121	-0.0002248548256660321
0.00027169932097392824	-0.0001878179674981162	-2.3587632562493965e-05	-0.00040487473868933144	0.0005656507133593447	0.012679349492637826	-0.0003480759441520931	0.000399239169909249
0.003516988097963525	6.181963073159658e-05	0.0019735131532769845	0.00040644745555784567	0.0013145635080493712	0.013615490485999748	0.0011497496452279599	-0.0005369018234531175
0.006762276874952233	0.0009355512245368125	0.0038457951400014956	0.001841863645380304	0.00281238909742898	0.016423913466086626	0.0032716692301824057	0.0003368297703516543
0.005950954680705056	0.0005610948271916882	0.0035961575417715608	0.0010929508506902774	0.0024379327000838558	0.017422463859006587	0.002834803433279909	-0.0005993112230109343
0.007511189669642704	0.000810732425421623	0.004220251537346176	0.001841863645380304	0.0029372078965437254	0.019794021042190968	0.003396488029296707	0.00027442037079405956
0.007698417868315044	0.0011227794232087085	0.0049067549324786075	0.0020915012436097946	0.00299961729610132	0.022103168825818198	0.003833353826199648	-0.0004120830243383722
0.007760827267872195	0.0010603700236515579	0.004657117334249117	0.0019042730449378986	0.0031244360952160655	0.02197835002670301	0.0037085350270846806	0.000399239169909249
0.004889994888227944	0.0006859136263068777	0.0035961575417715608	0.0011553602502478721	0.0020634763027389535	0.020106068039978497	0.002335528236820039	-0.00034967362478077746
0.005202041886015474	0.0008731418249787737	0.003533748142213966	0.001404997848477807	0.0022507045014117377	0.018795470649271007	0.002522756435491935	0.0005240579690239944
0.003017712901503433	0.00043627602807627675	0.002909654146639129	0.0005936756542301858	0.0014393823071641165	0.01573741007095464	0.00152420604257264	-0.0002248548256660321
0.001582296711680753	0.00043627602807627675	0.0019735131532769845	0.0005312662546730351	0.0010649259098194364	0.013303443488212219	0.0008377026474404303	0.0006488767681391838
0.0006461557183186084	-5.897688255540601e-07	0.001661466155489455	3.19910582131655e-05	0.0005656507133593447	0.011680799099717643	0.0004008368505374893	-0.00028726422522318273
0.0012702497138938895	0.00018663842984678602	0.001411828557259076	0.00015680985732791086	0.0008776977111468742	0.011181523903257773	0.0005256556496526787	0.00046164856946639965
0.00014688052185896083	-0.0001878179674981162	0.0012870097581447748	-0.00021764654001654726	0.0003160131151294099	0.011368752101930557	8.878985275040385e-05	-0.0005369018234531175
0.0006461557183186084	0.00018663842984678602	0.0011621909590295854	0.00021921925688594968	0.0009401071107042469	0.012616940093080231	0.0005880650492102735	0.00046164856946639965
2.2061722743771384e-05	-0.0001878179674981162	0.0007253251621270884	-0.00040487473868933144	0.0006280601129169394	0.013053805889982062	0.00015119925230799858	-0.0004120830243383722
0.000521336919203419	-5.897688255540601e-07	0.0007253251621270884	9.440045777031614e-05	0.0008152883115892795	0.014863678477149644	0.0004008368505374893	0.0003368297703516543
-0.0005396228732732489	-0.0004998649652852016	0.0001012311665522514	-0.000716921736476861	0.00019119431601488657	0.015238134874494547	-0.00028566654459449836	-0.0005993112230109343
0.0003965181200882295	-0.00031263676661330564	0.00022604996566699675	-0.00040487473868933144	0.0006280601129169394	0.015799819470512233	8.878985275040385e-05	0.00021201097123668688
-0.0005396228732732489	-0.00025022736705593296	0.0004132781643395589	-0.00040487473868933144	0.00019119431601488657	0.01629909466697166	-0.00022325714503734773	-0.0004744924238955228
-0.00028998527504375815	-0.00025022736705593296	0.00022604996566699675	-0.0005296935378045209	0.0003784225146870046	0.015799819470512233	-9.843834592238032e-05	0.0003368297703516543
-0.0006644416723884383	-0.00031263676661330564	0.0004132781643395589	-0.0009041499351494231	3.966117342102393e-06	0.014364403280689775	-0.0004104853437096878	-0.00034967362478077746
-0.0001651664759285687	-0.0001878179674981162	0.0006629157625694937	-0.00040487473868933144	0.0003160131151294099	0.013490671686885003	2.6380453192809128e-05	0.00027442037079405956
-0.0008516698710610004	-0.0003750461661704563	0.0004132781643395589	-0.000716921736476861	-5.844328221593642e-05	0.011743208499275015	-0.00022325714503734773	-0.0004744924238955228
0.0002092899214163335	-0.00012540856794052146	0.000600506363011899	-0.00040487473868933144	0.00044083191424459933	0.010182973510337812	8.878985275040385e-05	0.0003368297703516543
-0.000726851071946033	-0.00031263676661330564	0.000600506363011899	-0.000280055939574142	3.966117342102393e-06	0.009246832516975445	-9.843834592238032e-05	-0.0004120830243383722
0.0002092899214163335	-6.299916838314878e-05	0.0002884593652245915	-3.0418341344429223e-05	0.0005032413138021941	0.008435510322728046	0.0002136086518651492	0.00046164856946639965
-0.0010388980697333405	-0.00031263676661330564	-0.00014840643167768341	-0.00040487473868933144	-0.00012085268177308706	0.0076865975280384635	-0.0005353041428239891	-0.0004120830243383722
-0.004409005645838127	-0.0006870931639579858	-0.0022079166170749787	-0.0010913781338217632	-0.0008697654764626694	0.007000094132906032	-0.002033129732204042	0.00046164856946639965
-0.008403207217517306	-0.0015608247577627576	-0.004267426802472052	-0.0025267943236442214	-0.0023675910658427224	0.006313590737773822	-0.004155049317159154	-0.0004120830243383722
-0.007467066224154939	-0.0011863683604176334	-0.003955379804684522	-0.0020899285267417245	-0.0018683158693826307	0.008061053925383366	-0.0038430023193711804	0.00046164856946639965
-0.008715254215304613	-0.0016232341573203524	-0.004392245601587019	-0.002776431921874156	-0.0025548192645150625	0.009309241916533262	-0.0044670963149464615	-0.0004120830243383722
-0.008028750820172181	-0.0013735965590904176	-0.0041426080033573065	-0.002776431921874156	-0.002242772266727755	0.010557429907682492	-0.004279868116273677	0.0003368297703516543
-0.007841522621499841	-0.001498415358205163	-0.0033312858091096853	-0.0028388413214308628	-0.0024924098649574677	0.011493570901045302	-0.004092639917601337	-0.0004744924238955228
-0.00578201243610299	-0.0008743213626303259	-0.0022079166170749787	-0.0018402909285113456	-0.0014314500724801338	0.012367302494850074	-0.0028444519264516632	0.0005864673685815891
-0.004346596246280532	-0.0011239589608604827	-0.0016462320210577364	-0.0020275191271841297	-0.0012442218738082378	0.011056705104142583	-0.0024075861295491663	-0.00034967362478077746
-0.002037448462653302	-0.0006870931639579858	-0.00046045342946521295	-0.0010289687342641685	-0.00030808088044498305	0.011056705104142583	-0.0010969887388416755	0.00027442037079405956
-0.0019126296635385565	-0.0006246837644003911	-0.00027322523079287286	-0.0008417405355913843	-0.0004328996795601725	0.01080706750591287	-0.0007849417410548121	-0.0004744924238955228
-0.00010275707637141807	-0.0001878179674981162	-2.3587632562493965e-05	-0.000280055939574142	0.0005032413138021941	0.01080706750591287	0.00027601805142274394	0.00046164856946639965
-0.0006644416723884383	-0.0003750461661704563	-8.599703212008869e-05	-0.0003424653391317367	6.637551689925303e-05	0.011368752101930557	0.00015119925230799858	-0.0002248548256660321
0.000708565117875759	0.0001242290302891913	0.0005380969634547483	0.00015680985732791086	0.0010025165102618416	0.013490671686885003	0.0012121590447846664	0.0005864673685815891
0.0033921692988483354	0.00024904782940438075	0.002035922552834357	0.0006560850537877805	0.001751429304951868	0.015550181872281632	0.00239793763637719	-0.00034967362478077746
0.007011914473182612	0.0011851888227667473	0.0042826609369039925	0.0019666824444950493	0.00318684549477366	0.017672101457236522	0.004395038422216668	0.0007112861676967785
0.0058885452811474615	0.000810732425421623	0.004407479736018738	0.001404997848477807	0.0025003420996416725	0.01679836986343175	0.004082991424429139	-0.0002248548256660321
0.007885646066987384	0.0011851888227667473	0.0053436207293815485	0.0019042730449378986	0.003249254894331255	0.015487772472724481	0.0047694948195615705	0.0005864673685815891
0.008447330663004182	0.0016220546196692442	0.00634217112230151	0.002653185839627481	0.0033740736934466664	0.013740309285114494	0.0052063606164642895	2.47827725643468e-05
0.007448780270084665	0.0011227794232087085	0.005406030128938255	0.0020915012436097946	0.002874798496987019	0.010182973510337812	0.004519857221331858	0.00046164856946639965
0.005202041886015474	0.0008731418249787737	0.004469889135576333	0.0015298166475929964	0.0020634763027389535	0.00687527533379062	0.003209259830624811	-0.00010003602655084265
0.0057013170824755655	0.0009355512245368125	0.004220251537346176	0.0019666824444950493	0.0023131139009688884	0.00581431554131373	0.003458897428854746	0.0005864673685815891
0.002643256504158309	0.00043627602807627675	0.0026600165484094163	0.0008433132524605647	0.0010649259098194364	0.0047533557488366185	0.0018986624399175422	-0.0002248548256660321
0.001769524910353093	0.0005610948271916882	0.0015990567559318603	0.0008433132524605647	0.001127335309376587	0.00593913434042892	0.00152420604257264	0.0007736955672539292
0.0005837463187610137	0.00024904782940438075	0.0010997815594719906	0.0004688568551154404	0.0005032413138021941	0.007998644525825771	0.0009625214465551757	-0.00010003602655084265
0.0010206121156639547	0.0003738666285195702	0.0007877345616846831	0.0002816286564431003	0.0008152883115892795	0.010058154711222844	0.0010249308461127704	0.0005240579690239944
0.0002092899214163335	-5.897688255540601e-07	0.0009749627603570232	-9.282774090202395e-05	0.0003160131151294099	0.011743208499275015	0.0006504744487678682	-0.00028726422522318273
0.00033410872053152296	6.181963073159658e-05	0.0010997815594719906	0.00015680985732791086	0.0006280601129169394	0.012991396490424911	0.0008377026474404303	0.000399239169909249
2.2061722743771384e-05	-0.00012540856794052146	0.0013494191577019254	-0.00040487473868933144	0.0003784225146870046	0.012180074296177734	0.0007128838483247968	-0.00034967362478077746
0.0006461557183186084	-0.0001878179674981162	0.0017238755550466056	-0.00015523714045939663	0.0006904695124749782	0.011243933302814924	0.000900112046997581	0.00021201097123668688
-0.0004148040741589476	-0.0004374555657284951	0.0017862849546042003	-0.00046728413824692616	6.637551689925303e-05	0.010245382909895406	0.0006504744487678682	-0.0004744924238955228
0.0008333839169913926	0.00024904782940438075	0.002035922552834357	0.00021921925688594968	0.0010649259098194364	0.009496470115205824	0.00152420604257264	0.0007736955672539292
2.2061722743771384e-05	-5.897688255540601e-07	0.0017862849546042003	-9.282774090202395e-05	0.0005032413138021941	0.008622738521400608	0.0010249308461127704	-0.0002248548256660321
-0.0003523946746013529	-0.0003750461661704563	0.0011621909590295854	-0.00021764654001654726	0.0003784225146870046	0.008997194918745732	0.0009625214465551757	0.000399239169909249
-0.00022757587548616343	0.0003114572289619755	0.0013494191577019254	3.19910582131655e-05	0.0008152883115892795	0.009746107713435315	0.0012745684443427052	8.719217212149744e-05
0.00014688052185896083	-5.897688255540601e-07	0.0008501439612422779	3.19910582131655e-05	0.0006904695124749782	0.010058154711222844	0.0013369778438998559	0.00046164856946639965
-0.0009140792706190393	-0.0004374555657284951	0.0005380969634547483	-0.00046728413824692616	0.00019119431601488657	0.010245382909895406	0.000900112046997581	-0.0004744924238955228
-4.034767681382334e-05	-5.897688255540601e-07	0.000600506363011899	9.440045777031614e-05	0.0008152883115892795	0.010370201709010596	0.0013369778438998559	0.00046164856946639965
-0.0009140792706190393	-0.0004998649652852016	0.0005380969634547483	-0.000280055939574142	6.637551689925303e-05	0.009371651316090635	0.0006504744487678682	-0.0005993112230109343
8.447112230114406e-05	-0.00012540856794052146	0.0011621909590295854	0.00015680985732791086	0.0006280601129169394	0.008809966720073392	0.0010249308461127704	0.000399239169909249
-0.0014757638666360595	-0.00031263676661330564	0.0009749627603570232	-0.00046728413824692616	-5.844328221593642e-05	0.007249731731136189	0.0003384274509798946	-0.0002248548256660321
-0.005345146639200049	-0.0009367307621883647	-0.0012093662241550174	-0.001528243930724038	-0.0013066312733649443	0.0047533557488366185	-0.0017834921339745513	0.0003368297703516543
-0.008715254215304613	-0.0018104623559929145	-0.0030192388113226	-0.0028388413214308628	-0.0028044568627449973	0.002756254962996918	-0.0036557741206992844	-0.0005993112230109343
-0.00734224742503975	-0.0012487777599756722	-0.0028320106126498157	-0.0022771567254140646	-0.001993134668497376	0.0030058925612266307	-0.0031564989242391928	0.00046164856946639965
-0.008777663614862208	-0.0015608247577627576	-0.0033312858091096853	-0.0026516131227589668	-0.002617228664072213	0.0030058925612266307	-0.003718183520256435	-0.00028726422522318273
-0.008153569619287815	-0.0014360059586480123	-0.0035185140077820254	-0.0024643849240866267	-0.0023675910658427224	0.003567577157244095	-0.003343727122911755	0.0003368297703516543
-0.00721742862592456	-0.001498415358205163	-0.0032688764095520906	-0.0025267943236442214	-0.0021179534676125655	0.004004442954146592	-0.0029692707255668527	-0.0004744924238955228
-0.005407556038757644	-0.0009367307621883647	-0.002519963614862508	-0.0014658345311664434	-0.0013066312733649443	0.005439859143968828	-0.0017834921339745513	0.00046164856946639965
-0.004409005645838127	-0.0009367307621883647	-0.001708641420614887	-0.001341015732051254	-0.0009945842755778589	0.005876724940871325	-0.0010969887388416755	-0.00028726422522318273
-0.0017254014648662164	-0.0007495025635155805	-0.0008349098268101152	-0.0007793311360342337	-0.0003704902800025778	0.006376000137330973	-0.000160847745479753	0.00027442037079405956
-0.0021622672617684913	-0.0008119119630727312	-0.00021081583123527814	-0.000716921736476861	-0.0006825372777903294	0.006750456534676097	8.878985275040385e-05	-0.0005993112230109343
-0.00047721347371609824	-0.00031263676661330564	0.00047568756389737565	-9.282774090202395e-05	0.00025360371557181516	0.007187322331578594	0.000900112046997581	0.000399239169909249
-0.0012885356679637194	-0.0006870931639579858	0.00047568756389737565	-0.0007793311360342337	-0.0003704902800025778	0.007000094132906032	0.00027601805142274394	-0.000661720622568529
0.000521336919203419	-0.00025022736705593296	0.001474237956817115	-3.0418341344429223e-05	0.0003784225146870046	0.00812346332494096	0.0013369778438998559	0.00027442037079405956
0.003704216296635421	0.00024904782940438075	0.0034089293430987766	0.0004688568551154404	0.0013769729076069659	0.008997194918745732	0.002959622232394654	-0.0004744924238955228
0.007199142671855174	0.0009355512245368125	0.005156392530708986	0.001592226047150369	0.00281238909742898	0.00962128891432057	0.004644676020447047	0.00046164856946639965
0.005576498283360376	0.00043627602807627675	0.004781936133363862	0.0012177696498050228	0.0018762481040670576	0.008622738521400608	0.0039581726253148375	-0.000661720622568529
0.008010464866102351	0.0011227794232087085	0.005593258327611039	0.002278729442282579	0.003249254894331255	0.00812346332494096	0.0052063606164642895	0.000399239169909249
0.007948055466544757	0.000810732425421623	0.005468439528496294	0.0021539106431673893	0.00281238909742898	0.00687527533379062	0.004956723018234355	-0.0005993112230109343
0.006762276874952233	0.0006859136263068777	0.004657117334249117	0.0021539106431673893	0.0024379327000838558	0.006688047135118502	0.00458226662088923	8.719217212149744e-05
0.004390719691768297	0.0003114572289619755	0.0036585669413293775	0.0010929508506902774	0.0015017917067217113	0.00612636253910126	0.003396488029296707	-0.000661720622568529
0.005326860685130219	0.0008731418249787737	0.004157842137789025	0.0019042730449378986	0.0020634763027389535	0.008061053925383366	0.004020582024871988	0.0003368297703516543
0.0012078403143358507	-0.00025022736705593296	0.002223150751506253	0.0002816286564431003	0.0003784225146870046	0.007436959929808529	0.001711434241244758	-0.000661720622568529
0.0010206121156639547	-5.897688255540601e-07	0.0019111037537191677	0.00015680985732791086	0.0005032413138021941	0.007561778728923274	0.0015866154421300127	0.00014960157167909216
