Sensor_1	Sensor_2	Sensor_3	Sensor_4	Sensor_5	Sensor_6	Sensor_7	Sensor_8
0.0011705288548105042	0.00020635980010674793	-0.00028041791409183503	0.0009133927672235753	0.0009802363546196347	0.003109398550392495	-5.147527275473074e-05	-9.891889829849454e-05
0.001232938254368099	0.0003935879987795321	-0.00040523671320680243	0.0007885739681086079	0.0010426457541770073	0.0040455395437553054	0.0001357529259178314	0.0005875844968339372
0.00029679726100573234	0.00026876919966434265	0.00015644788280999578	0.00010207057297639821	0.00023132355992938614	0.004544814740214731	-5.147527275473074e-05	-0.00016132829785564518
-7.765913633916988e-05	0.0001439504005491532	0.00015644788280999578	-0.00020997642481090928	-0.00020554223697222263	0.005231318135347607	-0.00011388467231232546	0.00046276569771919185
-0.0013882565270466607	-0.000417734195467645	-3.078031586190022e-05	-0.0012709362172884653	-0.0010792738307778826	0.005293727534904313	-0.0005507504692146004	-0.0006606034943157368
-0.0008265719310296404	-0.00016809659723837633	0.0002188572823680346	-0.0010212986190580864	-0.0008296362325475037	0.0061050497291519346	-0.0004259316700989668	0.00015071869993188436
-0.0010762095292591312	-0.00029291539635289965	0.00034367608148277995	-0.0011461174181732758	-0.0009544550316626932	0.005793002731364405	-0.0004883410696574497	-0.0005981940947585862
-1.5249736782019241e-05	1.913160143440784e-05	3.1629083695694504e-05	-0.0005220234225979947	-0.00014313283741551608	0.0048568617380024826	-0.0001762940718694761	0.0002755374990466297
-0.0003272967345695488	-0.000417734195467645	-0.00040523671320680243	-0.0005844328221560335	-0.0003303610360874121	0.0034214455481800243	-0.0007379786678869404	-0.0007854222934309263
0.0005464348592352231	-0.00010568719768055956	-0.0005924649118791425	0.00022688937209114357	0.0005433705577173598	0.0025477139543752525	-0.00023870347142707082	0.00015071869993188436
0.00035920666056332706	-0.000417734195467645	-0.0010917401083392342	-0.00014756702525331455	0.0004185517586021703	0.001611572961012886	-0.0008003880674445352	-0.0007230128938733316
-0.0003897061341266994	-0.000417734195467645	-0.0015286059052419532	0.00016447997253399294	0.00048096115815976503	0.0014243447623403238	-0.0011124350652318427	2.589990081669491e-05
-0.006381008491645579	-0.0012290563897157103	-0.0039625724879834845	-0.0014581644159608054	-0.0015785490272370861	0.00011374737163327708	-0.003546401647974262	-0.00041096589608558
-0.007254740085450351	-0.0007297811932551745	-0.0043994382848864255	-0.0016453926146333675	-0.0015161396276799355	0.0010498883649956436	-0.003796039246203753	0.0005875844968339372
-0.008440518677042652	-0.001291465789272861	-0.004274619485771236	-0.0025191242084381393	-0.002889146417944577	0.0015491635614555133	-0.0042953144426638445	-0.00041096589608558
-0.009314250270847202	-0.0012290563897157103	-0.004586666483558766	-0.0029559900053404142	-0.003076374616617139	0.00198602935835801	-0.004357723842221439	0.00033794689860422444
-0.009938344266422261	-0.0018531503852901032	-0.004711485282673955	-0.0037673121995875913	-0.003887696810864316	0.001611572961012886	-0.004856999038681531	-0.0007854222934309263
-0.007691605882352626	-0.0011666469901581156	-0.003900163088426334	-0.00276876180666763	-0.0029515558175021717	0.001611572961012886	-0.003796039246203753	0.0002755374990466297
-0.006693055489432664	-0.0010418281910429261	-0.003463297291523837	-0.002394305409323394	-0.002452280621042302	0.0011122977645527943	-0.003359173449301922	-0.00041096589608558
-0.0037598137102310414	-0.0006049623941404292	-0.002839203295949222	-0.0012709362172884653	-0.0010792738307778826	0.0006754319676502973	-0.0023606230563817387	0.0004003562981615971
-0.0017627129243911188	-0.00035532479591093846	-0.0018406529030294827	-0.00020997642481090928	-0.00026795163652981735	0.0007378413672078921	-0.0015493008621345616	-0.0002237376974132399
-0.0001400685358967646	1.913160143440784e-05	-0.0015910153047991038	0.0005389363698786731	0.0006681893568321051	0.000987478965438049	-0.0008627974670021299	0.0005875844968339372
-0.00045211553368385005	-0.00035532479591093846	-0.0017782435034712218	3.9661173418803486e-05	0.0003561423590445756	0.001174707164110389	-0.001424482063018928	-0.00047337529564339675
0.00010956906233317021	8.154100099200257e-05	-0.0010293307087818615	0.0007261645685510132	0.0007930081559477387	0.003046989150835122	-0.000613159868771751	0.0005875844968339372
0.0005464348592352231	0.00020635980010674793	-0.0002180085145342403	0.0005389363698786731	0.0006681893568321051	0.005106499336232417	1.0934126802641941e-05	-0.00016132829785564518
0.004727864629587186	0.0007680443961244343	0.0021535486686501404	0.0009758021667813921	0.0016667397497520664	0.008039741115434484	0.0020080349126425645	0.00046276569771919185
0.004290998832684911	0.0010176819943543691	0.003901011856259684	0.0012254397650111049	0.0014171021515221316	0.028822071168078	0.0020080349126425645	-0.00034855649652798526
0.007037012413213972	0.0009552725947963303	0.0032145084611276964	-0.00033479522392609873	0.0016667397497520664	0.03556228632028646	0.0016335785152976623	0.0002755374990466297
0.007286650011444573	0.0007680443961244343	0.0034017366597995924	-2.2748226138569194e-05	0.001729149149309217	0.03462614532692432	0.0015711691157400676	-0.0006606034943157368
0.00828520040436409	0.0013297289921414546	0.004213058854047658	0.001412667963683445	0.002790108941786995	0.029945440360112485	0.0026945383077749963	0.0002755374990466297
0.006662556015869736	0.0010800913939119638	0.003276917860685291	0.0015374867627986344	0.0024780619439992435	0.022331493614099696	0.0020080349126425645	-0.00041096589608558
0.006912193614099227	0.0007056349965668396	0.0016542734721900487	0.0017871243610287912	0.00285251834134459	0.015404050263218005	0.0013839409170677275	0.000213128099489035
0.006412918417639579	0.0004559973983371268	0.001404635873960558	0.001599896162356007	0.0026652901426718056	0.013094902479590775	0.0010094845197226032	-0.0007230128938733316
0.0027931732433048584	0.00026876919966434265	-0.00015559911497708967	0.0013502585641258502	0.0020411961470965245	0.01471754686808513	-0.00023870347142707082	0.00033794689860422444
0.001420166453040883	-0.00010568719768055956	-0.0007796931105519267	0.00047652697032152247	0.0012298739528493474	0.019273433035781995	-0.001424482063018928	-0.0005981940947585862
0.0017322134508277465	0.0001439504005491532	-0.00046764611276439716	0.0002892987716487383	0.001105055153734602	0.02638810458533558	-0.001237253864347032	0.0002755374990466297
-0.00026488733501195405	-0.00016809659723837633	-0.0006548743114367372	-0.0011461174181732758	-0.00014313283741551608	0.03225458814373949	-0.002048576058594209	-0.0006606034943157368
0.00010956906233317021	0.00020635980010674793	-0.00028041791409183503	-0.0011461174181732758	4.4095361256824006e-05	0.03606156151674633	-0.001674119661249529	0.00033794689860422444
-0.0005769343327990395	1.913160143440784e-05	-0.00040523671320680243	-0.0016453926146333675	-0.0005175892347599742	0.03574951451895925	-0.0019237572594790198	-0.0002861470969708346
0.0007960724574651579	0.0005808161974518722	-3.078031586190022e-05	-0.0010837080186156811	0.0004185517586021703	0.03225458814373949	-0.0011124350652318427	0.0005875844968339372
-0.0003897061341266994	-0.00048014359502523973	-0.00046764611276439716	-0.0014581644159608054	-0.0004551798352026015	0.024890278995955972	-0.0018613478599223132	-0.0006606034943157368
0.00098330065613772	0.0001439504005491532	-0.00040523671320680243	-0.00014756702525331455	0.0009178269550620399	0.01815006384374751	-0.0009252068665595026	0.00046276569771919185
0.0009208912565807914	-0.00016809659723837633	-0.0009669213092242668	-0.000272385824368504	0.0007930081559477387	0.011909123887998474	-0.001424482063018928	-0.0005357846952009915
0.001607394651712779	-0.00010568719768055956	-0.000717283710994332	0.0006637551689938626	0.0013546927519645369	0.011285029892423637	-0.0011748444647894374	0.0002755374990466297
0.0005464348592352231	8.154100099200257e-05	-0.0009669213092242668	0.00047652697032152247	0.001105055153734602	0.013531768276493272	-0.001424482063018928	-0.0002237376974132399
0.0011705288548105042	0.0003935879987795321	-0.0010917401083392342	0.0006013457694362678	0.001541920950636877	0.01939825183489674	-0.0014868914625765228	0.0007124032959491267
4.7159662775575484e-05	0.00026876919966434265	-0.0008421025101095214	-2.2748226138569194e-05	0.0007305987563896998	0.028634842969405216	-0.002048576058594209	-9.891889829849454e-05
0.00010956906233317021	0.00026876919966434265	-0.0009669213092242668	-0.0006468422217134062	0.0006057799572749545	0.0369977025101087	-0.002110985458151804	0.0005875844968339372
-0.0006393437323566342	0.00020635980010674793	-0.0010917401083392342	-0.0014581644159608054	4.4095361256824006e-05	0.042302501472495146	-0.002735079453726641	-9.891889829849454e-05
-0.0003272967345695488	8.154100099200257e-05	-0.0010917401083392342	-0.0014581644159608054	0.00010650476081486282	0.04404996466010469	-0.0027974888532837916	0.00033794689860422444
-0.0008265719310296404	8.154100099200257e-05	-0.0010293307087818615	-0.0016453926146333675	-0.00014313283741551608	0.04161599807736316	-0.0027974888532837916	-0.0002861470969708346
-0.0016378941252768175	-0.00016809659723837633	-0.0018406529030294827	-0.0017078020141905181	-8.072343785792135e-05	0.034938192324711626	-0.00317194525062936	0.00033794689860422444
-0.007129921286335161	-0.0011042375906000768	-0.004586666483558766	-0.00276876180666763	-0.0019530054245826545	0.025139916594185907	-0.005668321232928708	-0.00041096589608558
-0.006817874288547854	-0.0008545999923708081	-0.005085941680018413	-0.0020198490119780477	-0.0012665020294497786	0.018087654444189694	-0.0053562742351414006	0.0005875844968339372
-0.007754015281910442	-0.0012290563897157103	-0.005522807476921132	-0.0022694866102082045	-0.0017033678263522756	0.013157311879147926	-0.005730730632486303	-0.0002861470969708346
-0.007629196482795031	-0.0010418281910429261	-0.005522807476921132	-0.0018326208133057076	-0.0014537302281227849	0.0126580366826885	-0.005543502433813741	0.0005251750972767866
-0.008066062279698416	-0.001291465789272861	-0.005710035675593472	-0.002144667811093237	-0.0017657772259098703	0.015216822064545221	-0.005855549431601048	-0.0002861470969708346
-0.006193780292973239	-0.0007921905928127693	-0.004898713481345851	-0.001770211413748557	-0.0010792738307778826	0.02139535262073644	-0.005106636636911022	0.0005251750972767866
-0.006193780292973239	-0.0008545999923708081	-0.0043994382848864255	-0.002144667811093237	-0.0014537302281227849	0.028073158373387974	-0.005231455436026211	-0.0002861470969708346
-0.0037598137102310414	-0.0005425529945828345	-0.003463297291523837	-0.001957439612420897	-0.0006424080338753857	0.034501326527808907	-0.004357723842221439	0.00046276569771919185
-0.0024492163195235506	-0.000230505996795749	-0.002215109300373941	-0.0017078020141905181	-0.0003303610360874121	0.038745165697718464	-0.003733629846646158	-0.0002237376974132399
-0.001325847127489066	-4.327779812296484e-05	-0.0018406529030294827	-0.0012709362172884653	4.4095361256824006e-05	0.039930944289310766	-0.0032967640497438833	0.00046276569771919185
-0.0014506659266040334	-0.00010568719768055956	-0.0016534247043566985	-0.0016453926146333675	4.4095361256824006e-05	0.037621796505683536	-0.0032967640497438833	-0.0002237376974132399
-0.0001400685358967646	0.0001439504005491532	-0.0009669213092242668	-0.0007716610208285957	0.0007305987563896998	0.0340644607309073	-0.002485441855496706	0.0006499938963915319
0.0008584818570231967	1.913160143440784e-05	-0.00015559911497708967	-0.00033479522392609873	0.0007930081559477387	0.029883030960555557	-0.0017989384603647185	-0.0002861470969708346
0.006225690218967239	0.0012049101930262651	0.0021535486686501404	0.001412667963683445	0.003039746540016486	0.027199426779583202	0.0010094845197226032	0.0007748126955067214
0.0074114688105593185	0.0010176819943543691	0.0032145084611276964	0.0017247149614711965	0.00285251834134459	0.02420377560082354	0.0016335785152976623	-0.00034855649652798526
0.007661106408789253	0.0012049101930262651	0.0034017366597995924	0.0021615807583739155	0.0031645653391316753	0.023454862806133958	0.0022576725108724993	0.0004003562981615971
0.007723515808346404	0.0010176819943543691	0.003963421255817279	0.001599896162356007	0.00285251834134459	0.021957037216753905	0.002569719508659807	-0.00047337529564339675
0.008534838002593581	0.001454547791256644	0.005086790447851985	0.002223990157930622	0.0029773371404597793	0.02002234583047202	0.0034434511024650227	0.00046276569771919185
0.005664005622949775	0.0008928631952391797	0.0037761930571451607	0.0012878491645686996	0.001729149149309217	0.01677705705348287	0.002320081910429872	-0.00047337529564339675
0.006412918417639579	0.0011425007934691145	0.0033393272602419977	0.001599896162356007	0.0027276995422294004	0.013968634073395547	0.0022576725108724993	0.00046276569771919185
0.0059136432211792656	0.000830453795681585	0.0032145084611276964	0.0016623055619138238	0.0026652901426718056	0.013157311879147926	0.0017583973144126297	-0.0002861470969708346
0.0025435356450753677	0.0003935879987795321	0.0012798170748453686	0.0010382115663387648	0.0019163773479822233	0.014655137468527979	0.0001357529259178314	0.0002755374990466297
0.0007960724574651579	8.154100099200257e-05	0.0004684948805979694	-8.515762569571983e-05	0.0006681893568321051	0.0172139228503847	-0.0009876162661166532	-0.00047337529564339675
0.0016698040512701517	0.0003935879987795321	0.0008429512779428716	3.9661173418803486e-05	0.0007930081559477387	0.020584030426489264	-0.0007379786678869404	0.00046276569771919185
0.0004216160601209218	0.0001439504005491532	0.0005933136797131588	-0.000896479819943341	-1.831403830032663e-05	0.02214426541542669	-0.001237253864347032	-0.0002861470969708346
0.0016698040512701517	0.0007056349965668396	0.0009677700770580611	-0.00020997642481090928	0.0009178269550620399	0.022331493614099696	-0.0006755692683297898	0.0006499938963915319
0.0009208912565807914	0.0005184067978938334	0.0004684948805979694	-2.2748226138569194e-05	0.0006057799572749545	0.020708849225604453	-0.0011124350652318427	8.830930037428963e-05
0.0014825758525975896	0.0007056349965668396	-9.318971541949495e-05	0.0005389363698786731	0.0011674645532921968	0.019772708232242087	-0.0011124350652318427	0.0008996314946214667
0.0008584818570231967	0.00020635980010674793	-0.00034282731364942975	0.0003517081712067771	0.0010426457541770073	0.020271983428701956	-0.001674119661249529	-0.00016132829785564518
0.0005464348592352231	0.00026876919966434265	-0.000717283710994332	0.0005389363698786731	0.0009178269550620399	0.023392453406576363	-0.0019237572594790198	0.00046276569771919185
0.00029679726100573234	0.0001439504005491532	-0.000717283710994332	-0.000272385824368504	0.0007305987563896998	0.027948339574272785	-0.0022358042572665493	-0.0002237376974132399
0.0007960724574651579	0.0005184067978938334	-0.00028041791409183503	-0.000272385824368504	0.001105055153734602	0.032753863340199585	-0.002110985458151804	0.0008372220950643161
-0.0006393437323566342	0.0001439504005491532	-0.00034282731364942975	-0.000896479819943341	0.00023132355992938614	0.03612397091630393	-0.0026726700541694903	-9.891889829849454e-05
-1.5249736782019241e-05	0.00020635980010674793	-0.0006548743114367372	-0.0010212986190580864	0.0006057799572749545	0.03687288371099351	-0.0026102606546114515	0.0005251750972767866
-0.00026488733501195405	-0.00010568719768055956	-0.0005300555123219919	-0.0012709362172884653	0.00023132355992938614	0.03418927953002204	-0.002922307652398981	-0.00047337529564339675
0.00035920666056332706	0.0001439504005491532	-0.0002180085145342403	-0.0005220234225979947	0.0006681893568321051	0.030444715556572355	-0.0021733948577093987	0.0004003562981615971
-0.0003272967345695488	-0.000417734195467645	-0.000717283710994332	-0.0011461174181732758	0.00016891416037201346	0.023766909803921266	-0.0022358042572665493	-0.0006606034943157368
0.0009208912565807914	1.913160143440784e-05	-0.00015559911497708967	-0.00033479522392609873	0.0009178269550620399	0.01889897663843687	-0.0013620726634622216	0.0002755374990466297
-7.765913633916988e-05	-4.327779812296484e-05	-3.078031586190022e-05	-0.00014756702525331455	0.00048096115815976503	0.015903325459678097	-0.001424482063018928	-0.00041096589608558
-0.002137169321736243	-0.000417734195467645	-0.0017158341039138492	-0.0007716610208285957	-1.831403830032663e-05	0.013906224673837952	-0.002298213656824144	0.000213128099489035
-0.008003652880139933	-0.0012290563897157103	-0.004337028885328831	-0.0023318960097657992	-0.0019530054245826545	0.013344540077820488	-0.005231455436026211	-0.00047337529564339675
-0.008003652880139933	-0.0009170093919277367	-0.004773894682230662	-0.0020198490119780477	-0.0017657772259098703	0.01683946645304002	-0.005418683634698551	0.00046276569771919185
-0.008440518677042652	-0.0011666469901581156	-0.004898713481345851	-0.002643943007553329	-0.002015414824139805	0.01983511763179968	-0.005855549431601048	-0.0002861470969708346
-0.008627746875715214	-0.0011042375906000768	-0.005210760479133825	-0.0027063524071100353	-0.0021402336232549946	0.0220194466163115	-0.006167596429388134	0.00046276569771919185
-0.008690156275272809	-0.001291465789272861	-0.0050235322804610405	-0.003018399404898009	-0.0023898712214847073	0.022456312413213997	-0.006230005828946172	-0.00034855649652798526
-0.006381008491645579	-0.0007921905928127693	-0.0039625724879834845	-0.0025191242084381393	-0.0015161396276799355	0.021582580819409225	-0.005044227237353871	0.0005251750972767866
-0.005944142694743082	-0.0009170093919277367	-0.0031512502937363074	-0.00220707721065061	-0.0017033678263522756	0.01946066123445478	-0.0047321802395661194	-0.00034855649652798526
-0.0033229479133287665	-0.00048014359502523973	-0.002027881101701823	-0.0012709362172884653	-0.0005799986343175689	0.017276332249942294	-0.0032343546501867326	0.00033794689860422444
-0.0018875317235063083	-0.00048014359502523973	-0.001154149507897051	-0.0012085268177304265	-0.0003303610360874121	0.01453031866941279	-0.0026102606546114515	-0.0005981940947585862
-0.0007017531319142289	-0.00010568719768055956	-0.0005300555123219919	-0.00033479522392609873	0.0003561423590445756	0.014779956267643168	-0.0017365290608066797	0.0002755374990466297
-0.001325847127489066	-0.00010568719768055956	-0.0005300555123219919	-0.0004596140230412882	0.00016891416037201346	0.01652741945525249	-0.0019237572594790198	-0.00034855649652798526
-0.00045211553368385005	-0.000230505996795749	-0.0009669213092242668	-0.0006468422217134062	0.0005433705577173598	0.01871174843976431	-0.0019237572594790198	0.000213128099489035
0.0011705288548105042	-0.00010568719768055956	0.00034367608148277995	-0.00020997642481090928	0.0006057799572749545	0.02308040640878839	-0.001237253864347032	-0.0005981940947585862
0.005476777424276769	0.0010800913939119638	0.00246559566643767	0.0012254397650111049	0.0024780619439992435	0.02782352077515804	0.001071893919280198	0.00046276569771919185
0.006849784214541632	0.0012049101930262651	0.0034017366597995924	0.001412667963683445	0.0027276995422294004	0.02900929936675034	0.001695987914855035	-0.0002861470969708346
0.007661106408789253	0.0013297289921414546	0.0037761930571451607	0.0017871243610287912	0.0031021559395740805	0.028260386572060314	0.002320081910429872	0.0005251750972767866
0.007973153406576783	0.0013297289921414546	0.0044626964522773704	0.001599896162356007	0.0029149277409017404	0.025139916594185907	0.0026945383077749963	-0.00034855649652798526
0.008909294399939371	0.0017041853894868009	0.004899562249179645	0.0020991713588158767	0.003476612336919427	0.02164499021896682	0.0034434511024650227	0.0005875844968339372
0.0061632808194096445	0.0012049101930262651	0.004213058854047658	0.0016623055619138238	0.002415652544441649	0.017838016845959537	0.002507310109102212	-0.0002237376974132399
0.0059136432211792656	0.0013297289921414546	0.0035889648584723766	0.0017247149614711965	0.002540471343556616	0.014967184466315508	0.0023824913099874667	0.0006499938963915319
0.0046654552300295915	0.000830453795681585	0.0031520990615701017	0.0009758021667813921	0.001978786747539818	0.012907674280917991	0.0015087597161822508	-0.0002861470969708346
0.002293898046845211	0.0007680443961244343	0.0019663204699775783	0.0009133927672235753	0.0014171021515221316	0.013344540077820488	0.00044779992370491684	0.0007124032959491267
0.0011081194552533535	0.0003935879987795321	0.0012174076752877738	0.0002892987716487383	0.0008554175555044452	0.014779956267643168	-0.0004259316700989668	-0.0002237376974132399
0.0019818510490576813	0.0007680443961244343	0.0012174076752877738	0.0006013457694362678	0.001541920950636877	0.01715151345082755	1.0934126802641941e-05	0.0007748126955067214
0.0008584818570231967	0.0005184067978938334	0.0009053606775004663	0.00016447997253399294	0.0007930081559477387	0.0192110236362244	-0.0007379786678869404	-3.6509498740899815e-05
0.0015449852521551843	0.0007056349965668396	0.0009677700770580611	0.00022688937209114357	0.0014171021515221316	0.020958486823833944	-0.0003635222705422603	0.0007748126955067214
0.0005464348592352231	0.00020635980010674793	0.0007181324788276822	-0.00020997642481090928	0.0006057799572749545	0.02152017141985163	-0.0011124350652318427	-0.00016132829785564518
0.001232938254368099	0.0008928631952391797	0.0012798170748453686	0.0005389363698786731	0.0014171021515221316	0.02251872181277159	-0.00023870347142707082	0.0008996314946214667
0.0004216160601209218	0.0003935879987795321	0.0009053606775004663	-0.0005220234225979947	0.0006681893568321051	0.020708849225604453	-0.0009252068665595026	-3.6509498740899815e-05
0.0012953476539252495	0.000830453795681585	0.0017166828717476434	0.0003517081712067771	0.0012298739528493474	0.02014716462958721	-0.00023870347142707082	0.001024450293736212
-0.00020247793545435933	0.00026876919966434265	0.0010925888761728064	-0.000272385824368504	0.00048096115815976503	0.01802524504463232	-0.0007379786678869404	-3.6509498740899815e-05
0.00098330065613772	0.0005184067978938334	0.0010925888761728064	-8.515762569571983e-05	0.0010426457541770073	0.015840916060120502	-0.0001762940718694761	0.0007124032959491267
0.00035920666056332706	0.0004559973983371268	0.0012174076752877738	0.00016447997253399294	0.0009178269550620399	0.01421827167162526	-0.00030111287098466555	0.00015071869993188436
0.0005464348592352231	0.0006432255970092449	0.0008429512779428716	0.00041411757076392774	0.0010426457541770073	0.013906224673837952	1.0934126802641941e-05	0.0008372220950643161
0.00029679726100573234	0.00026876919966434265	0.0004060854810403747	-2.2748226138569194e-05	0.0007930081559477387	0.013406949477378083	-0.00030111287098466555	-3.6509498740899815e-05
0.0006712536583504125	0.0004559973983371268	0.00034367608148277995	0.0003517081712067771	0.0009802363546196347	0.014779956267643168	-0.00011388467231232546	0.0005875844968339372
-0.0007017531319142289	-0.00016809659723837633	-3.078031586190022e-05	-0.0004596140230412882	0.00023132355992938614	0.015965734859235692	-0.0007379786678869404	-0.0005357846952009915
0.0004216160601209218	0.00020635980010674793	0.0002188572823680346	-0.00020997642481090928	0.0009178269550620399	0.01765078864728764	-0.00023870347142707082	0.00046276569771919185
-0.0010138001297019805	-0.00016809659723837633	3.1629083695694504e-05	-0.0008340704203861904	-1.831403830032663e-05	0.01833729204241963	-0.0009876162661166532	-0.0005357846952009915
-0.003572585511558257	-0.00048014359502523973	-0.0014037871061267637	-0.0015829832150757728	-0.0007048174334323143	0.01696428525215521	-0.0021733948577093987	0.0002755374990466297
-0.008565337476157842	-0.0011042375906000768	-0.0037753442893107003	-0.0028935806057828195	-0.0022026430228123672	0.01321972127870552	-0.0045449520408942234	-0.0002861470969708346
-0.00756678708323788	-0.0008545999923708081	-0.003463297291523837	-0.00220707721065061	-0.001828186625467465	0.011285029892423637	-0.004170495643548655	0.0005251750972767866
-0.008939793873502744	-0.001478693987945201	-0.004212210086213863	-0.0028935806057828195	-0.002701918219272237	0.007914922316319517	-0.004981817837796276	-0.0005981940947585862
-0.008253290478370312	-0.0011042375906000768	-0.004337028885328831	-0.0024567148088805446	-0.0022026430228123672	0.005418546334019503	-0.004669770840008969	0.0004003562981615971
-0.008066062279698416	-0.001478693987945201	-0.004087391287098674	-0.002394305409323394	-0.0023274618219275567	0.0042327677424276455	-0.0045449520408942234	-0.0005981940947585862
-0.006131370893415644	-0.0007297811932551745	-0.0035257066910814316	-0.0015829832150757728	-0.001391320828564746	0.005168908735790012	-0.0034839922484166674	0.0005251750972767866
-0.005320048699168245	-0.0007297811932551745	-0.002776793896391183	-0.001520573815518178	-0.0012665020294497786	0.007228418921187307	-0.0030471264515141705	-0.0002861470969708346
-0.003010900915541459	-0.000230505996795749	-0.0017158341039138492	-0.0005844328221560335	-0.0003927704356450068	0.011160211093308448	-0.0017365290608066797	0.0005251750972767866
-0.0025116257190815894	-0.00029291539635289965	-0.0012789683070120184	-0.0010212986190580864	-0.0003927704356450068	0.013594177676050867	-0.0016117102616919343	-0.00034855649652798526
-0.0009513907301439417	8.154100099200257e-05	-0.0002180085145342403	-0.00039720462348369345	0.0005433705577173598	0.01652741945525249	-0.0007379786678869404	0.0005251750972767866
-0.0016378941252768175	1.913160143440784e-05	0.00015644788280999578	-0.0005844328221560335	0.00010650476081486282	0.017838016845959537	-0.0008003880674445352	-0.0002237376974132399
-0.0003897061341266994	8.154100099200257e-05	0.00034367608148277995	-0.0005844328221560335	0.0006057799572749545	0.017089104051269954	-0.0003635222705422603	0.0004003562981615971
0.002044260448615276	0.0001439504005491532	0.0020911392690927677	-0.00014756702525331455	0.0008554175555044452	0.016340191256579928	0.0007598469214928905	-0.00047337529564339675
0.00610087141985205	0.0010176819943543691	0.004275468253604808	0.0016623055619138238	0.0024780619439992435	0.016277781857022777	0.0030689947051196764	0.0004003562981615971
0.006724965415426887	0.0009552725947963303	0.004525105851834521	0.0014750773632414838	0.002540471343556616	0.013968634073395547	0.003381041702907428	-0.00041096589608558
0.008160381605249345	0.0013921383916990493	0.005086790447851985	0.002223990157930622	0.0031645653391316753	0.01328213067826356	0.00412995449759701	0.00046276569771919185
0.008035562806134156	0.0013921383916990493	0.005523656244754038	0.0023488089570458115	0.003039746540016486	0.013906224673837952	0.004379592095826945	-0.00034855649652798526
0.008534838002593581	0.0017041853894868009	0.00527401864652477	0.0024112183566034062	0.003663840535591767	0.014904775066757914	0.00462922969405688	0.0005875844968339372
0.005601596223392402	0.0010800913939119638	0.0040258306553748735	0.001412667963683445	0.002353243144884498	0.015591278461890345	0.0030689947051196764	-0.0002237376974132399
0.005414368024719618	0.0011425007934691145	0.0037761930571451607	0.0015374867627986344	0.002540471343556616	0.01796283564507517	0.002944175906004931	0.00046276569771919185
0.0034796766384377342	0.000830453795681585	0.0030272802624549122	0.0007261645685510132	0.0018539679484246285	0.01815006384374751	0.0019456255130849698	-0.0002237376974132399
0.0014825758525975896	0.0004559973983371268	0.0016542734721900487	0.0002892987716487383	0.0010426457541770073	0.0172139228503847	0.0006974375219352957	0.00033794689860422444
0.0011705288548105042	0.0004559973983371268	0.0019039110704199835	0.00016447997253399294	0.0010426457541770073	0.016215372457465183	0.000635028122377701	-0.0002237376974132399
0.0015449852521551843	0.0003935879987795321	0.0017790922713052382	0.00016447997253399294	0.0010426457541770073	0.014093452872510293	0.000635028122377701	0.00046276569771919185
0.00098330065613772	0.00020635980010674793	0.0019663204699775783	0.00010207057297639821	0.0006057799572749545	0.011784305088883507	0.0005102093232625116	-0.00034855649652798526
0.0011081194552533535	0.00026876919966434265	0.001591864072632898	0.00022688937209114357	0.0007305987563896998	0.009599976104371688	0.0005726187228205504	0.0004003562981615971
0.0008584818570231967	0.0003935879987795321	0.0017166828717476434	0.00022688937209114357	0.0007305987563896998	0.008039741115434484	0.0005726187228205504	-0.0002237376974132399
0.0009208912565807914	0.0003311785992219374	0.001404635873960558	0.0003517081712067771	0.0007305987563896998	0.008102150514991635	0.000635028122377701	0.0006499938963915319
0.00035920666056332706	0.00026876919966434265	0.0012174076752877738	0.00010207057297639821	0.00048096115815976503	0.008975882108796407	0.00044779992370491684	-0.0002237376974132399
0.0010457100556953147	0.0006432255970092449	0.001154998275730179	0.00041411757076392774	0.0012298739528493474	0.01034888889906127	0.000822256321049819	0.0008372220950643161
-0.0003897061341266994	0.00020635980010674793	0.0007181324788276822	0.00016447997253399294	0.0004185517586021703	0.011597076890211166	0.00019816232547542612	-9.891889829849454e-05
0.00048402545967762833	0.0005184067978938334	0.0007181324788276822	0.00022688937209114357	0.0010426457541770073	0.012720446082246095	0.000635028122377701	0.0005875844968339372
-0.0003272967345695488	0.0003311785992219374	0.0005309042801553421	-0.00014756702525331455	0.00048096115815976503	0.012907674280917991	1.0934126802641941e-05	-9.891889829849454e-05
0.00029679726100573234	0.0004559973983371268	0.0007181324788276822	0.0002892987716487383	0.0007305987563896998	0.013344540077820488	0.0005102093232625116	0.0006499938963915319
4.7159662775575484e-05	0.00020635980010674793	0.0008429512779428716	-0.00020997642481090928	0.00048096115815976503	0.012345989684900749	0.00026057172503302084	-0.0002237376974132399
0.00023438786144835966	-0.00010568719768055956	0.0007805418783852769	-0.00033479522392609873	0.0005433705577173598	0.011721895689325912	0.00019816232547542612	0.0002755374990466297
-0.00020247793545435933	0.0004559973983371268	0.0014670452735177086	0.00016447997253399294	0.0006681893568321051	0.012283580285343598	0.0005726187228205504	-9.891889829849454e-05
-7.765913633916988e-05	-4.327779812296484e-05	0.0009677700770580611	-0.00033479522392609873	0.00048096115815976503	0.01072334529640595	0.0003853905241477662	0.00015071869993188436
-0.000888981330586347	-0.00010568719768055956	0.0007181324788276822	-0.0007716610208285957	0.00016891416037201346	0.008913472709239256	0.0001357529259178314	-0.00034855649652798526
-0.004508726504921068	-0.0005425529945828345	-0.0010293307087818615	-0.0014581644159608054	-0.0009544550316626932	0.008851063309681662	-0.001674119661249529	0.0004003562981615971
-0.008565337476157842	-0.0009794187914853314	-0.0031512502937363074	-0.0024567148088805446	-0.002077824223697178	0.007103600122071896	-0.0034839922484166674	-0.00034855649652798526
-0.00750437768368073	-0.0009794187914853314	-0.0035881160906388043	-0.002144667811093237	-0.001640958426795125	0.0061050497291519346	-0.003546401647974262	0.0004003562981615971
-0.008877384473945149	-0.0012290563897157103	-0.0039625724879834845	-0.002394305409323394	-0.002265052422369962	0.005293727534904313	-0.00410808624399106	-0.00041096589608558
-0.008752565674830404	-0.001478693987945201	-0.004711485282673955	-0.002581533607995734	-0.002452280621042302	0.004107948943312456	-0.00423290504310625	-3.6509498740899815e-05
-0.008378109277485501	-0.0015411033875027957	-0.004337028885328831	-0.0024567148088805446	-0.002701918219272237	0.004295177141984352	-0.00423290504310625	-0.0007854222934309263
-0.006256189692530834	-0.0010418281910429261	-0.003650525490196399	-0.0018950302128633023	-0.0017657772259098703	0.005231318135347607	-0.0032343546501867326	8.830930037428963e-05
-0.0051952299000535	-0.0009794187914853314	-0.0025271562981614704	-0.0018950302128633023	-0.001640958426795125	0.006229868528267124	-0.002735079453726641	-0.0005357846952009915
-0.0023868069199664	-0.000417734195467645	-0.0006548743114367372	-0.0008340704203861904	-0.0005799986343175689	0.00853901631189391	-0.0011124350652318427	0.000213128099489035
-0.0024492163195235506	-0.0005425529945828345	-9.318971541949495e-05	-0.0010212986190580864	-0.0006424080338753857	0.009412747905699126	-0.0009876162661166532	-0.0006606034943157368
-0.000514524933242333	-0.00010568719768055956	0.0006557230792705315	-0.0007092516212705569	0.000293732959487647	0.009350338506141309	-0.0001762940718694761	0.0002755374990466297
-0.001513075326161628	-0.00048014359502523973	0.0007805418783852769	-0.0010837080186156811	-0.0004551798352026015	0.008975882108796407	-0.000613159868771751	-0.0005981940947585862
4.7159662775575484e-05	0.00020635980010674793	0.0014670452735177086	0.00010207057297639821	0.0006057799572749545	0.009974432501716368	0.0005726187228205504	0.0004003562981615971
0.003105220241092832	0.0005808161974518722	0.00265282386511001	0.0006013457694362678	0.0014795115510797263	0.01034888889906127	0.0018208067139697803	-0.00034855649652798526
0.006662556015869736	0.0010800913939119638	0.004275468253604808	0.0019743525597011313	0.0027276995422294004	0.012283580285343598	0.003755498100252108	0.0005251750972767866
0.006849784214541632	0.001454547791256644	0.004899562249179645	0.0021615807583739155	0.00285251834134459	0.013781405874723651	0.004379592095826945	-3.6509498740899815e-05
0.00809797220569175	0.0015793665903718335	0.005086790447851985	0.0023488089570458115	0.003414202937361832	0.014967184466315508	0.004816457892729442	0.0005251750972767866
0.007473878210116913	0.0011425007934691145	0.00496197164873724	0.0019119431601435366	0.0026652901426718056	0.0154664596627756	0.004379592095826945	-0.00047337529564339675
0.007536287609674064	0.0012049101930262651	0.005024381048294391	0.0019119431601435366	0.0029773371404597793	0.01534164086366041	0.004691639093614253	0.000213128099489035
0.004790274029144781	0.000830453795681585	0.004150649454489619	0.0010382115663387648	0.001978786747539818	0.01321972127870552	0.0032562229037924606	-0.00041096589608558
0.005227139826047278	0.000830453795681585	0.004088240054932468	0.0013502585641258502	0.002166014946211714	0.011659486289768317	0.0034434511024650227	0.000213128099489035
0.0023563074464023614	0.00020635980010674793	0.0029648708628977616	0.00022688937209114357	0.0010426457541770073	0.007914922316319517	0.0020080349126425645	-0.0007230128938733316
0.0015449852521551843	1.913160143440784e-05	0.0019039110704199835	3.9661173418803486e-05	0.0008554175555044452	0.004794452338444888	0.0012591221179529821	2.589990081669491e-05
0.00029679726100573234	-0.00010568719768055956	0.0017166828717476434	-2.2748226138569194e-05	0.00010650476081486282	0.0032342173495076842	0.0007598469214928905	-0.0007230128938733316
0.0009208912565807914	0.0001439504005491532	0.0013422264744029633	0.00022688937209114357	0.0006057799572749545	0.002422895155260507	0.0010094845197226032	0.000213128099489035
0.0008584818570231967	0.0003311785992219374	0.0012798170748453686	0.0003517081712067771	0.0006057799572749545	0.002672532753489998	0.0008846657206078579	-0.0002861470969708346
0.0011705288548105042	0.0005184067978938334	0.0013422264744029633	0.0009133927672235753	0.0010426457541770073	0.005044089936674823	0.0013215315175096887	0.0005875844968339372
0.00035920666056332706	0.0005184067978938334	0.0009053606775004663	0.0003517081712067771	0.0005433705577173598	0.007041190722514301	0.0007598469214928905	-9.891889829849454e-05
0.0008584818570231967	0.0006432255970092449	0.0010925888761728064	0.0005389363698786731	0.0009178269550620399	0.009724794903486433	0.001071893919280198	0.0006499938963915319
