Sensor_1	Sensor_2	Sensor_3	Sensor_4	Sensor_5	Sensor_6	Sensor_7	Sensor_8
-0.010045067460135781	-0.0008872962767985104	-0.004540074746318679	-0.002086895429923352	-0.0020952177233539704	0.00012322111848583894	-0.003920776913099555	0.0005592225452051292
-0.009296154665446199	-0.0009497056763565492	-0.004540074746318679	-0.0017748484321356006	-0.0019079895246816303	0.00012322111848583894	-0.0038583675135419604	-0.00018969024948489732
-0.007361463279163649	-0.0009497056763565492	-0.004914531143663581	-0.0015876202334632605	-0.001346304928664388	0.0002480399176010284	-0.003546320515755097	0.00030958494697519434
-0.005863637689784262	-0.0010745244754712946	-0.004165618348973998	-0.0013379826352333257	-0.0012214861295491986	0.0008097245136182707	-0.0031718641184099727	-0.0005017372472724269
-0.0029303959105821953	-0.0008872962767985104	-0.003167067956054259	-0.0008387074387732341	-0.0006598015335319563	0.002182731303883134	-0.0019236761272598546	0.00012235674830285426
-0.0018070267185472666	-0.0005752492790112029	-0.0021061081635771473	-0.0009635262378884235	-0.0006598015335319563	0.0036181474937055924	-0.001237172732127867	-0.0006265560463871722
-0.0005588387273973705	-0.00045043047989645757	-0.0012323765697719313	-0.0007138886396580446	-0.00041016393530157735	0.004928744884412639	-0.0003634411383230951	0.00012235674830285426
-0.0009332951247424948	-0.0005128398794536082	-0.0007955107728698785	-0.001275573235675731	-0.0008470297322047404	0.005927295277332378	-0.00017621293965075502	-0.0005641466468291334
0.00012766466773461715	-1.3564682994182675e-05	-0.0003586449759671595	-0.0009011168383303847	-0.000285345136186832	0.006988255069809934	0.0004478810559245261	0.00037199434653278907
0.0019375372549017555	-0.00013838348210937212	0.0008895430151825146	-0.0005890698405432993	-0.0001605263370718646	0.007487530266270026	0.0010719750514995852	-0.0005641466468291334
0.00786643021286304	0.0007977575112534385	0.002886643801021993	0.001033574547951055	0.0017741650492104633	0.008798127656976629	0.0033187134355687764	0.0004344037460903838
0.008802571206225851	0.000485710513465909	0.0030114626001371825	0.0008463463492787149	0.0015869368505381232	0.007487530266270026	0.0031314852368964363	-0.0005641466468291334
0.0104876249942778	0.001109804509040746	0.0036355565957124636	0.0021569437399859837	0.002835124841687353	0.007050664469367085	0.003880398031586463	0.0004968131456475344
0.011923041184100258	0.0014218515068278315	0.004197241191729262	0.002718628336003448	0.003521628236819563	0.00680102687113715	0.0043796732280465545	-0.00031450904860008677
0.012547135179674651	0.0012346233081559355	0.0038851941939417323	0.002968265934233605	0.003708856435492569	0.006551389272907215	0.004442082627603705	0.00037199434653278907
0.008428114808880727	0.0009225763103684059	0.002886643801021993	0.002281762539101173	0.0027727154421299804	0.006551389272907215	0.0032563040360116258	-0.0003769184481572374
0.006493423422598621	0.000485710513465909	0.0018880934081020317	0.0014080309452964013	0.0021486214465553655	0.0073627114671546146	0.002819438239108907	5.994734874525953e-05
0.004933188433661417	0.00023607291523597418	0.002075321606774816	0.0005967087510487801	0.0013372992523077443	0.00929740285343672	0.002757028839551756	-0.0007513748455019176
0.0011262150606541343	0.00036089171435071954	0.00138881821164194	0.00015984295414672722	0.0007132052567329072	0.01079522844281633	0.0021953442435340698	0.0002471755474175996
-0.0007460669260701547	-1.3564682994182675e-05	0.0009519524147403313	-0.0008387074387732341	-0.00022293573662923727	0.012230644632638787	0.0018832972457467623	-0.0005017372472724269
-0.00012197293049487357	0.00036089171435071954	0.001014361814297704	-0.0007762980392156393	0.00015152066071522086	0.013104376226443115	0.002132934843976475	0.00037199434653278907
-0.0009332951247424948	-7.597408255133331e-05	0.0007647242160675471	-0.0009635262378884235	-0.00041016393530157735	0.012293054032195938	0.001508840848402082	-0.0005017372472724269
-0.00012197293049487357	-1.3564682994182675e-05	0.00032785841916527225	-0.0005266604409861486	0.00033874885938756094	0.010545590844586394	0.0015712502479596768	0.00030958494697519434
-0.00043401992828262514	4.8844716563190005e-05	1.5811421377742718e-05	-0.00021461344319795295	0.0004635676585027504	0.007924396063171857	0.0010719750514995852	-0.0003769184481572374
0.0006269398641947088	0.00023607291523597418	-0.00010900737773722469	0.0005967087510487801	0.0012748898527503716	0.006364161074234653	0.0011967938506145526	0.0004344037460903838
0.0005645304646373361	-1.3564682994182675e-05	-0.00048346377508234895	0.00040948055237644	0.0011500710536351821	0.005365610681315136	0.0010095656519419904	-0.00031450904860008677
0.0010638056610969837	0.00023607291523597418	-0.0003586449759671595	0.0009087557488363096	0.0016493462500952738	0.006988255069809934	0.001321612649729298	0.0004968131456475344
-0.0008084763256277494	-0.0003256116807812681	-0.0009203295719848459	-2.738524452605695e-05	0.0005883864576183839	0.00911017465476438	0.0008223374532692063	-0.0005017372472724269
-0.000246791729610063	4.8844716563190005e-05	-0.00048346377508234895	-2.738524452605695e-05	0.0010252522545204368	0.012979557427328814	0.0015712502479596768	0.00030958494697519434
-0.0016822079194325212	-7.597408255133331e-05	-0.0003586449759671595	-0.0008387074387732341	2.6701861600919585e-05	0.01610002740520322	0.0011967938506145526	-0.0005017372472724269
-0.001307751522087841	0.00011125411612100677	0.00014063022049293217	-0.0007762980392156393	8.911126115851431e-05	0.018596403387502347	0.0018208878461889455	0.00037199434653278907
-0.001744617318990116	-7.597408255133331e-05	0.00014063022049293217	-0.0015252108339056658	-0.0005349827344167668	0.01815953759059985	0.0011967938506145526	-0.00031450904860008677
-0.000683657526513004	0.00023607291523597418	0.0005150866178371682	-0.0008387074387732341	2.6701861600919585e-05	0.016037618005645626	0.0013840220492868927	0.0004968131456475344
-0.0011829327229726516	-0.00038802108033886284	-4.659797817962996e-05	-0.0010883450370031689	-0.0004725733348591721	0.011169684840161453	0.0005102904554821208	-0.0006265560463871722
0.0006893492637523035	0.0001736635156786015	1.5811421377742718e-05	-2.738524452605695e-05	0.0007132052567329072	0.0067386174715795555	0.0008223374532692063	0.0004344037460903838
0.00031489286640695724	-7.597408255133331e-05	-0.00029623557640956477	0.00022225235370432195	0.0006507958571753125	0.0029940534981303113	0.0001358340581372186	-0.0005017372472724269
-0.0018694361181048613	-7.597408255133331e-05	-0.0016692423666746503	0.0004718899519340347	0.0007132052567329072	0.0018706843060956047	-0.0003634411383230951	0.0004968131456475344
-0.009857839261463441	-0.0015113902723737915	-0.005101759342336365	-0.001899667231250568	-0.0015959425268938787	0.0017458655069806372	-0.0034215017166394635	-0.0006265560463871722
-0.009795429861906069	-0.0007624774776837651	-0.004727302944991241	-0.001275573235675731	-0.0010342579308766364	0.007612349065384771	-0.0024229513237199463	0.0007464507438776913
-0.011917349446860515	-0.0011369338750288893	-0.00541380634012345	-0.0024613518272675883	-0.0020328083237968197	0.013229195025558305	-0.002734998321507476	-0.00012728084992708055
-0.010981208453498148	-0.0008872962767985104	-0.0049769405432211755	-0.002773398825055562	-0.0018455801251242576	0.018721222186617537	-0.0019236761272598546	0.0006840413443200966
-0.011230846051728083	-0.0010745244754712946	-0.004727302944991241	-0.003335083421072804	-0.0026569023193714347	0.02177928276493435	-0.002048494926375044	-0.00018969024948489732
-0.009108926466773859	-0.0007624774776837651	-0.004290437148089188	-0.00296062702372768	-0.001970398924239225	0.022216148561836624	-0.0013619915312428343	0.0005592225452051292
-0.006550141084916472	-0.00038802108033886284	-0.002979839757381475	-0.002336533028153287	-0.0012214861295491986	0.01965736317997946	-0.000800306935225148	0.00012235674830285426
-0.00280557711146745	-0.00020079288166607867	-0.0021061081635771473	-0.0012131638361181363	-0.00041016393530157735	0.014976658213167848	-5.139414053556557e-05	0.000808860143435286
-0.0007460669260701547	0.00011125411612100677	-0.0012323765697719313	-0.0004018416418705151	0.00033874885938756094	0.009359812252994315	0.0001358340581372186	-2.4620508123351925e-06
0.0013134432593266965	0.0002984823147935689	-0.0007955107728698785	0.0005342993514911853	0.0012124804531927769	0.005303201281757541	0.0005726998550397155	0.0008712695429924366
0.0008141680628666048	0.0002984823147935689	-0.000670691973754689	0.0005342993514911853	0.0009004334554056914	0.004055013290607423	0.00032306225680933665	0.0001847661478600049
0.0015630808575570754	0.0002984823147935689	-0.000670691973754689	0.0007839369497215642	0.0013372992523077443	0.006301751674677503	0.0008847468528272451	0.0006840413443200966
0.003497772243838959	0.00036089171435071954	0.000390267818722867	0.0009087557488363096	0.0014621180514229337	0.011481731837949205	0.0017584784466315728	-0.00012728084992708055
0.008552933607995472	0.0014218515068278315	0.0028242344014648424	0.0021569437399859837	0.0030223530403601373	0.018970859784847027	0.004504492027160856	0.0009336789425500314
0.008740161806668256	0.0013594421072706808	0.0034483283970396794	0.0015952591439687414	0.0027103060425723857	0.023526745952543893	0.004941357824063575	5.994734874525953e-05
0.009489074601357839	0.0014218515068278315	0.0040724223926145164	0.0015328497444111466	0.002835124841687353	0.025586256137941188	0.005378223620966072	0.0006840413443200966
0.010050759197375081	0.0012346233081559355	0.0048837445868616935	0.0011583933470662444	0.0023982590447853003	0.02452529634546341	0.005565451819638856	-0.00031450904860008677
0.011049309590295042	0.001546670305943021	0.0053206103837644125	0.0017824873426415255	0.003084762439917732	0.020219047775997145	0.005939908216983758	0.0006216319447627239
0.007491973815518138	0.0010473951094831513	0.0040724223926145164	0.001220802746623617	0.002273440245670555	0.012854738628213846	0.00419244502937377	-6.487145036948583e-05
0.007055108018615863	0.0007977575112534385	0.003510737796597274	0.0015952591439687414	0.0025854872434576404	0.0071754832684822745	0.003880398031586463	0.0004344037460903838
0.005806920027465745	0.0007977575112534385	0.003136281399252372	0.0015328497444111466	0.0023358496452272615	0.0035557380941475536	0.0033187134355687764	-0.00012728084992708055
0.0028112688487067494	0.0007353481116953997	0.0018880934081020317	0.0015952591439687414	0.0021486214465553655	0.0031188722972455007	0.0026322100404365667	0.0007464507438776913
0.00031489286640695724	-1.3564682994182675e-05	0.0007647242160675471	0.00040948055237644	0.000775614656290502	0.004741516685739855	0.0017584784466315728	-0.00043932784771483213
0.0011262150606541343	0.0006729387121386932	0.001014361814297704	0.0005967087510487801	0.0014621180514229337	0.008860537056534223	0.002757028839551756	0.0007464507438776913
-0.00030920112916765774	0.0002984823147935689	0.0007647242160675471	0.00015984295414672722	0.0008380240558480967	0.013104376226443115	0.0024449818417644487	-0.00018969024948489732
-0.00018438233005335647	0.0002984823147935689	0.00026544901960767753	9.74335545891325e-05	0.000962842854962842	0.016536893202105496	0.002569800640879194	0.0004968131456475344
-0.0014325703212021423	-0.00020079288166607867	-0.0004210543755247542	-0.0009011168383303847	0.00040115825894559975	0.017535443595025013	0.0018208878461889455	-0.0005641466468291334
-0.00043401992828262514	-1.3564682994182675e-05	-4.659797817962996e-05	-0.00033943224231336444	0.000775614656290502	0.01840917518883023	0.002132934843976475	0.00030958494697519434
-0.000683657526513004	-1.3564682994182675e-05	7.822082093533744e-05	-0.0004642510414285539	0.0005259770580601231	0.017535443595025013	0.0017584784466315728	-0.00025209964904249205
6.525526817702243e-05	0.000485710513465909	0.00026544901960767753	-2.738524452605695e-05	0.0010252522545204368	0.015850389806973064	0.0017584784466315728	0.0006216319447627239
-0.0009332951247424948	-1.3564682994182675e-05	1.5811421377742718e-05	-0.0004018416418705151	0.00021393006027281558	0.013354013824673494	0.0008223374532692063	-0.00031450904860008677
-0.000246791729610063	0.0001736635156786015	1.5811421377742718e-05	-0.0001522040436412464	0.0005883864576183839	0.011544141237506356	0.0009471562523843957	0.00037199434653278907
-0.0009957045243000895	-0.0003256116807812681	-0.00029623557640956477	-0.0004642510414285539	0.00015152066071522086	0.010046315648126303	0.00032306225680933665	-0.0005017372472724269
0.00019007406729221188	0.0002984823147935689	0.00014063022049293217	0.0004718899519340347	0.0009004334554056914	0.010857637842374368	0.0010095656519419904	0.0005592225452051292
-0.000496429327840664	4.8844716563190005e-05	-0.0001714167772948194	3.5024155031537774e-05	0.0005259770580601231	0.011294503639276421	0.0008847468528272451	-0.00025209964904249205
6.525526817702243e-05	0.00023607291523597418	-0.00010900737773722469	0.00022225235370432195	0.0010252522545204368	0.012854738628213846	0.0012592032501721473	0.0006216319447627239
-0.0006212481269549652	0.00036089171435071954	0.00014063022049293217	0.00022225235370432195	0.0007132052567329072	0.015226295811398227	0.0014464314488444874	-6.487145036948583e-05
2.845868619427705e-06	0.00036089171435071954	1.5811421377742718e-05	9.74335545891325e-05	0.0010252522545204368	0.016911349599450398	0.0020081160448617297	0.0006840413443200966
-0.0009332951247424948	0.0002984823147935689	-4.659797817962996e-05	-0.0004018416418705151	0.0006507958571753125	0.01778508119325517	0.0016336596475163834	-6.487145036948583e-05
-0.004428221499962248	-0.0002632022812236734	-0.0014196047684440494	-0.0010259356374455741	-3.570753795667514e-05	0.017410624795910268	0.0006351092545968662	0.0004968131456475344
-0.011106027252613337	-0.0015737996719313863	-0.004290437148089188	-0.003147855222400464	-0.002157627122911565	0.014414973617150828	-0.002235723125047606	-0.0005641466468291334
-0.010169886259250971	-0.0007624774776837651	-0.003915980750744064	-0.002336533028153287	-0.0014087143282215386	0.014290154818035417	-0.0019236761272598546	0.0004968131456475344
-0.01204216824597526	-0.001636209071488537	-0.0049769405432211755	-0.0032726740215156536	-0.0025320835202562453	0.012417872831311128	-0.0031718641184099727	-0.0005641466468291334
-0.009920248661021036	-0.0010745244754712946	-0.004352846547646783	-0.0023989424277099936	-0.001533533127336728	0.011668960036621545	-0.002235723125047606	0.00030958494697519434
-0.009795429861906069	-0.0015737996719313863	-0.004852121744106652	-0.00296062702372768	-0.0022200365224687157	0.009983906248569152	-0.0027974077210646264	-0.0005641466468291334
-0.007361463279163649	-0.0009497056763565492	-0.003915980750744064	-0.001899667231250568	-0.001159076729992048	0.010483181445029022	-0.001611629129472325	0.0002471755474175996
-0.005863637689784262	-0.001012115075914144	-0.003603933752956312	-0.0018372578316931953	-0.0010342579308766364	0.010608000244143989	-0.0011747633325698281	-0.0005641466468291334
-0.0023063019150073583	-0.00045043047989645757	-0.0024181551613640107	-0.0008387074387732341	2.6701861600919585e-05	0.012230644632638787	0.00026065285725196397	0.00037199434653278907
-0.0018070267185472666	-0.00045043047989645757	-0.001731651766232023	-0.0007762980392156393	8.911126115851431e-05	0.013853289021133586	0.0007599280537116115	-0.00043932784771483213
2.845868619427705e-06	-7.597408255133331e-05	-0.0010451483710995912	-0.00033943224231336444	0.000775614656290502	0.015663161608300724	0.0016336596475163834	0.0004344037460903838
-0.0007460669260701547	-0.0005128398794536082	-0.0010451483710995912	-0.0009635262378884235	-3.570753795667514e-05	0.016349665003432712	0.0010719750514995852	-0.0005641466468291334
0.0005021210650795194	4.8844716563190005e-05	-0.0005458731746394996	-0.0004642510414285539	0.0005883864576183839	0.017160987197680333	0.0015712502479596768	0.00030958494697519434
0.003560181643396554	0.00011125411612100677	0.001014361814297704	-0.00021461344319795295	0.0009004334554056914	0.01666171200122024	0.0022577536430916645	-0.0005017372472724269
0.008615343007553067	0.0006729387121386932	0.003073871999694777	0.0011583933470662444	0.0020862120469975487	0.016349665003432712	0.0037555792324717174	0.0001847661478600049
0.008677752407110662	0.0008601669108108112	0.003573147196154869	0.0014080309452964013	0.0021486214465553655	0.01404051721980637	0.003817988632028424	-0.0003769184481572374
0.010300396795605904	0.0009849857099260007	0.003947603593499549	0.0017200779430834867	0.0027103060425723857	0.011294503639276421	0.00419244502937377	0.00037199434653278907
0.011361356588082572	0.0014218515068278315	0.005070972785534034	0.0024689907377739573	0.003084762439917732	0.01079522844281633	0.00487894842450598	-0.00025209964904249205
0.010799671992065552	0.0012970327077135302	0.004446878789959641	0.0024689907377739573	0.0032095812390324774	0.010857637842374368	0.005003767223620947	0.0004344037460903838
0.006493423422598621	0.0007353481116953997	0.003073871999694777	0.0014080309452964013	0.002273440245670555	0.011356913038834016	0.003880398031586463	-0.0003769184481572374
0.00586932942702334	0.0008601669108108112	0.0028242344014648424	0.0015328497444111466	0.0023982590447853003	0.014851839414053547	0.0043796732280465545	0.00037199434653278907
0.003497772243838959	0.0005481199130235037	0.0021377310063324106	0.0005967087510487801	0.0017117556496528685	0.017597852994582608	0.004067626230258803	-0.00031450904860008677
0.001001396261539389	0.0006729387121386932	0.0012639994125276388	0.0002846617532614726	0.0015245274509800844	0.019532544380864714	0.0035059416342413385	0.0005592225452051292
-0.0007460669260701547	-1.3564682994182675e-05	0.0005774960173952071	-0.0004642510414285539	0.0006507958571753125	0.02015663837643955	0.0026946194399941614	-0.0003769184481572374
6.525526817702243e-05	0.0002984823147935689	0.0007647242160675471	-0.00021461344319795295	0.0011500710536351821	0.01965736317997946	0.0028818476386665015	0.00037199434653278907
-0.0008708857251853441	-0.0003256116807812681	0.000390267818722867	-0.0008387074387732341	0.00040115825894559975	0.016412074402990307	0.0017584784466315728	-0.0008137842450595123
-0.00018438233005335647	0.00011125411612100677	0.0004526772182804617	-0.00027702284275599176	0.0008380240558480967	0.013603651422903207	0.0018208878461889455	0.0001847661478600049
-0.000683657526513004	-1.3564682994182675e-05	0.000390267818722867	-0.00027702284275599176	0.0007132052567329072	0.010046315648126303	0.001321612649729298	-0.0005017372472724269
0.00019007406729221188	0.0001736635156786015	0.000390267818722867	3.5024155031537774e-05	0.0010252522545204368	0.007924396063171857	0.001321612649729298	0.0004344037460903838
-0.0005588387273973705	-7.597408255133331e-05	0.00032785841916527225	-2.738524452605695e-05	0.0005883864576183839	0.008049214862287046	0.0012592032501721473	-0.0005017372472724269
-0.00043401992828262514	-1.3564682994182675e-05	-0.0001714167772948194	-2.738524452605695e-05	0.000775614656290502	0.009359812252994315	0.001508840848402082	0.0002471755474175996
-0.0014325703212021423	-0.00020079288166607867	-0.00029623557640956477	-0.0004018416418705151	0.0004635676585027504	0.01179377883573629	0.0011967938506145526	-0.0006265560463871722
-0.0007460669260701547	0.00042330111390831426	7.822082093533744e-05	0.00022225235370432195	0.0010252522545204368	0.01560075220874313	0.0020081160448617297	0.0004968131456475344
-0.0018070267185472666	-0.0003256116807812681	-0.00048346377508234895	-0.0009635262378884235	-3.570753795667514e-05	0.01622484620431841	0.0011343844510565138	-0.0006265560463871722
-0.0006212481269549652	0.00023607291523597418	0.00014063022049293217	-0.00027702284275599176	0.0007132052567329072	0.01678653080033521	0.0016336596475163834	0.0004344037460903838
-0.001307751522087841	-0.0002632022812236734	1.5811421377742718e-05	-0.0007762980392156393	8.911126115851431e-05	0.014914248813610698	0.0009471562523843957	-0.0006265560463871722
-0.00030920112916765774	4.8844716563190005e-05	0.0002030396200500828	-0.00033943224231336444	0.0004635676585027504	0.012043416433966225	0.0010095656519419904	0.0002471755474175996
-0.0006212481269549652	4.8844716563190005e-05	0.0004526772182804617	-0.0004018416418705151	0.0002763394598304103	0.00929740285343672	0.0005102904554821208	-0.00043932784771483213
2.845868619427705e-06	-1.3564682994182675e-05	0.00032785841916527225	-2.738524452605695e-05	0.0004635676585027504	0.0077995772640571115	0.0008223374532692063	0.0001847661478600049
-0.0014949797207601812	-0.0003256116807812681	-0.00023382617685197005	-0.000651479240100894	-9.811693751426986e-05	0.0067386174715795555	0.00019824345769436924	-0.0006265560463871722
-0.005551590691996955	-0.0008248868772413598	-0.0021061081635771473	-0.0013379826352333257	-0.000909439131761447	0.006925845670251896	-0.0009875351338979321	-6.487145036948583e-05
-0.011542893049515834	-0.001636209071488537	-0.004664893545433868	-0.00296062702372768	-0.0024696741206986506	0.007737167864499073	-0.0028598171206226652	-0.0009386030441744797
-0.011418074250400867	-0.0016986184710461316	-0.0053513969405663	-0.003210264621958059	-0.0023448553215843493	0.009859087449454407	-0.002672588921949881	-0.00018969024948489732
-0.011792530647745325	-0.00138657147325838	-0.00516416874189396	-0.0030230364232852747	-0.0022824459220263105	0.012355463431753533	-0.0024229513237199463	-0.0006265560463871722
-0.010419523857480906	-0.0010745244754712946	-0.004914531143663581	-0.0025861706263827777	-0.001533533127336728	0.013603651422903207	-0.0016740385290299198	0.0001847661478600049
-0.009733020462348474	-0.0015737996719313863	-0.004852121744106652	-0.003210264621958059	-0.0020952177233539704	0.011918597634851036	-0.0021733137254900114	-0.0007513748455019176
-0.007174235080491753	-0.00119934327458604	-0.003915980750744064	-0.002336533028153287	-0.0014087143282215386	0.010732819043259179	-0.0016740385290299198	-6.487145036948583e-05
-0.0056140000915541055	-0.0013241620737012294	-0.0030422491569390697	-0.002149304829480503	-0.001533533127336728	0.008236443060959164	-0.001611629129472325	-0.0008137842450595123
-0.0015573891203173318	-0.0005128398794536082	-0.0014820141680023102	-0.0010883450370031689	-0.0001605263370718646	0.007050664469367085	-0.00048825993743784046	0.00012235674830285426
-0.001307751522087841	-0.0008872962767985104	-0.0012323765697719313	-0.0012131638361181363	-0.0007846203326471457	0.006239342275119908	-0.000800306935225148	-0.0010634218432896692
0.00012766466773461715	-0.0002632022812236734	-0.000670691973754689	-0.0005266604409861486	8.911126115851431e-05	0.006925845670251896	0.0001358340581372186	0.00012235674830285426
-0.0008708857251853441	-0.0009497056763565492	-0.001294785969329526	-0.0014628014343485152	-0.0007222109330891069	0.006676208072022405	-0.0005506693369954352	-0.0010634218432896692
0.0005021210650795194	-0.0002632022812236734	-0.0005458731746394996	-0.0004642510414285539	2.6701861600919585e-05	0.00929740285343672	0.0004478810559245261	-2.4620508123351925e-06
0.0036850004425115213	4.8844716563190005e-05	0.0009519524147403313	9.74335545891325e-05	0.0007132052567329072	0.011169684840161453	0.0018832972457467623	-0.0008137842450595123
0.008552933607995472	0.0006105293125810984	0.0025745968032349076	0.001220802746623617	0.0020862120469975487	0.012355463431753533	0.0037555792324717174	-6.487145036948583e-05
0.00830329600976576	0.0006105293125810984	0.003073871999694777	0.0013456215457388065	0.002023802647439954	0.012355463431753533	0.003942807431143613	-0.0006265560463871722
0.01017557799649027	0.001109804509040746	0.0038851941939417323	0.0020321249408712383	0.00289753424124517	0.012293054032195938	0.004816539024948385	0.0002471755474175996
0.010986900190737892	0.0011722139085978966	0.004821335187304543	0.0021569437399859837	0.0029599436408025426	0.012542691630426317	0.0051909954222932875	-0.0006265560463871722
0.009738712199588218	0.0009849857099260007	0.004322059990844451	0.0019073061417560488	0.002647896643015235	0.013041966826886409	0.00487894842450598	0.00012235674830285426
0.005994148226138751	0.0007353481116953997	0.003510737796597274	0.001033574547951055	0.0018989838483252086	0.012854738628213846	0.003817988632028424	-0.0005017372472724269
0.005931738826581379	0.0007977575112534385	0.003510737796597274	0.0010959839475086497	0.0020862120469975487	0.014102926619363076	0.003942807431143613	0.0001847661478600049
0.002936087647821939	0.00036089171435071954	0.002512187403677313	0.00034707115281884526	0.0010876616540784756	0.014477383016707979	0.003006666437781691	-0.0005017372472724269
0.0007517586633098983	0.00036089171435071954	0.0012639994125276388	-2.738524452605695e-05	0.0010876616540784756	0.013416423224230645	0.002382572442206854	0.00037199434653278907
-0.00030920112916765774	-1.3564682994182675e-05	0.0007647242160675471	-0.0004018416418705151	0.0004635676585027504	0.012105825833523598	0.0018208878461889455	-0.0006265560463871722
0.0002524834668498066	0.0002984823147935689	0.0007647242160675471	0.00022225235370432195	0.0011500710536351821	0.011356913038834016	0.002382572442206854	0.00037199434653278907
-5.956353093772293e-05	4.8844716563190005e-05	0.00026544901960767753	-0.00021461344319795295	0.0008380240558480967	0.008860537056534223	0.001945706645304357	-0.0005641466468291334
0.00019007406729221188	4.8844716563190005e-05	0.00014063022049293217	0.00022225235370432195	0.0010876616540784756	0.007861986663614262	0.0020705254444193244	0.0002471755474175996
-0.0008708857251853441	-7.597408255133331e-05	0.00014063022049293217	-8.979464408365168e-05	0.0005883864576183839	0.0071754832684822745	0.0016960690470744222	-0.0003769184481572374
0.00037730226596455196	0.00023607291523597418	0.0005774960173952071	0.00022225235370432195	0.0012124804531927769	0.00711307386892468	0.002132934843976475	0.00030958494697519434
-0.000246791729610063	0.0001736635156786015	0.0009519524147403313	9.74335545891325e-05	0.000775614656290502	0.008111624261844419	0.0018208878461889455	-0.00031450904860008677
-0.000246791729610063	0.00036089171435071954	0.0007023148165099524	0.0002846617532614726	0.0010876616540784756	0.009359812252994315	0.001945706645304357	0.0006840413443200966
-0.0009332951247424948	-1.3564682994182675e-05	0.0007023148165099524	-0.0004018416418705151	0.0005259770580601231	0.009484631052109505	0.001321612649729298	-0.0003769184481572374
-0.000683657526513004	-7.597408255133331e-05	0.0005150866178371682	-0.00021461344319795295	0.00040115825894559975	0.010171134447241936	0.0010719750514995852	0.00030958494697519434
-0.0012453421225302463	4.8844716563190005e-05	0.0006399054169523577	-0.0004018416418705151	0.00040115825894559975	0.010046315648126303	0.0009471562523843957	-0.00025209964904249205
6.525526817702243e-05	0.00011125411612100677	0.0007647242160675471	-8.979464408365168e-05	0.000775614656290502	0.008860537056534223	0.0011343844510565138	0.0004968131456475344
-0.00030920112916765774	0.000485710513465909	0.0009519524147403313	0.0002846617532614726	0.0005883864576183839	0.007986805462729452	0.0011343844510565138	-6.487145036948583e-05
-0.00018438233005335647	4.8844716563190005e-05	0.000390267818722867	0.00015984295414672722	0.0005883864576183839	0.006488979873349843	0.0010095656519419904	0.0004344037460903838
-0.0006212481269549652	-7.597408255133331e-05	7.822082093533744e-05	-0.00021461344319795295	0.0002763394598304103	0.0054904294804303255	0.0006975186541544609	-0.00031450904860008677
0.0005021210650795194	0.000485710513465909	0.0005774960173952071	0.0007839369497215642	0.0010876616540784756	0.007050664469367085	0.0016960690470744222	0.0006216319447627239
-0.001931845517662234	-0.00020079288166607867	-0.0004210543755247542	-0.0004018416418705151	0.00015152066071522086	0.00711307386892468	0.0008223374532692063	-0.0003769184481572374
-0.005988456488899452	-0.00038802108033886284	-0.0020436987640195525	-0.0012131638361181363	-0.0005349827344167668	0.00711307386892468	-0.0005506693369954352	0.0004344037460903838
-0.010981208453498148	-0.00119934327458604	-0.0037287525520715015	-0.0023989424277099936	-0.0020952177233539704	0.006988255069809934	-0.0024229513237199463	-0.00043932784771483213
-0.010606752056153468	-0.001012115075914144	-0.003853571351186691	-0.0022117142290380976	-0.0015959425268938787	0.007050664469367085	-0.0021109043259324167	0.0005592225452051292
-0.011168436652170488	-0.00138657147325838	-0.004228027748531593	-0.0028358082246131566	-0.0022200365224687157	0.005740067078659816	-0.002922226520180038	-0.00043932784771483213
-0.009608201663233285	-0.0009497056763565492	-0.003603933752956312	-0.0020244860303657575	-0.0016583519264519175	0.005989704676890417	-0.002298132524604757	0.00037199434653278907
-0.00917133586633101	-0.0010745244754712946	-0.0037287525520715015	-0.0023989424277099936	-0.0019079895246816303	0.00461669788662511	-0.002672588921949881	-0.00043932784771483213
-0.007049416281376564	-0.00119934327458604	-0.003603933752956312	-0.002086895429923352	-0.0014711237277791334	0.004117422690165018	-0.002298132524604757	0.00012235674830285426
-0.005301953093766576	-0.0007624774776837651	-0.00235574576180686	-0.0014628014343485152	-0.0009718485313190417	0.005615248279544627	-0.0014868103303580238	-0.00043932784771483213
-0.0018070267185472666	-7.597408255133331e-05	-0.0013571953688866767	-0.0005266604409861486	0.00015152066071522086	0.006863436270694745	7.342465857962388e-05	0.0005592225452051292
-0.0014949797207601812	-0.00045043047989645757	-0.001107557770657186	-0.0009011168383303847	-0.000285345136186832	0.007612349065384771	-5.139414053556557e-05	-0.0005017372472724269
-0.00043401992828262514	-0.0002632022812236734	-0.0008579201724272512	-0.00033943224231336444	0.0002763394598304103	0.009047765255206786	0.0006975186541544609	0.00030958494697519434
-0.000246791729610063	4.8844716563190005e-05	-0.00029623557640956477	-0.0004018416418705151	0.00021393006027281558	0.008673308857862327	0.0008223374532692063	-0.0003769184481572374
0.0009389868619817943	-0.0002632022812236734	1.5811421377742718e-05	-0.00021461344319795295	0.00040115825894559975	0.008174033661402236	0.0009471562523843957	5.994734874525953e-05
0.0046835508354310385	0.00011125411612100677	0.0018880934081020317	0.0005342993514911853	0.0010876616540784756	0.008486080659189543	0.0022577536430916645	-0.0007513748455019176
0.009489074601357839	0.0007977575112534385	0.0038227847943843596	0.001657668543525892	0.0025854872434576404	0.008361261860074354	0.003942807431143613	0.00012235674830285426
0.008864980605782558	0.0007977575112534385	0.0040724223926145164	0.0015952591439687414	0.00221103084611296	0.007861986663614262	0.003443532234683966	-0.00043932784771483213
0.010237987396047421	0.0009225763103684059	0.004696516388189131	0.0020321249408712383	0.0027103060425723857	0.008548490058747138	0.00419244502937377	0.00030958494697519434
0.01067485319295014	0.0010473951094831513	0.005008563385976439	0.0017824873426415255	0.0025854872434576404	0.008798127656976629	0.004254854428931365	-0.0007513748455019176
0.009426665201800244	0.0009849857099260007	0.004509288189516791	0.0018448967421986762	0.0025854872434576404	0.009484631052109505	0.00419244502937377	0.0001847661478600049
0.00537005423056347	0.0005481199130235037	0.0034483283970396794	0.0009711651483939043	0.0016493462500952738	0.009921496849011557	0.0031314852368964363	-0.0006265560463871722
0.00586932942702334	0.0008601669108108112	0.0031986907988093005	0.001220802746623617	0.00221103084611296	0.010233543846799087	0.0036931698329141227	0.00037199434653278907
0.0023119936522466578	0.00011125411612100677	0.0017632746089877305	0.00022225235370432195	0.0009004334554056914	0.009359812252994315	0.002569800640879194	-0.0006889654459443229
0.0005021210650795194	0.0001736635156786015	0.0008895430151825146	0.00015984295414672722	0.0008380240558480967	0.008486080659189543	0.0022577536430916645	0.0001847661478600049
0.00031489286640695724	0.0002984823147935689	0.001201590012970044	0.00015984295414672722	0.000962842854962842	0.007549939665827177	0.0021953442435340698	-0.0003769184481572374
0.00031489286640695724	-7.597408255133331e-05	0.0006399054169523577	0.00015984295414672722	0.0007132052567329072	0.006988255069809934	0.0017584784466315728	0.00012235674830285426
0.0005021210650795194	0.0001736635156786015	0.0009519524147403313	0.00022225235370432195	0.0008380240558480967	0.007612349065384771	0.0017584784466315728	-0.0005017372472724269
-0.0008084763256277494	-0.00045043047989645757	7.822082093533744e-05	-0.0004018416418705151	0.00033874885938756094	0.005552838879987032	0.0008847468528272451	-6.487145036948583e-05
-0.0006212481269549652	-1.3564682994182675e-05	0.0007647242160675471	-0.0001522040436412464	0.00033874885938756094	0.006426570473792026	0.0009471562523843957	-0.0005017372472724269
-0.00037161052872525246	-0.00013838348210937212	0.0004526772182804617	-0.00021461344319795295	0.0004635676585027504	0.006676208072022405	0.0007599280537116115	5.994734874525953e-05
-0.000683657526513004	-0.00013838348210937212	0.0006399054169523577	-0.0005266604409861486	0.00015152066071522086	0.00661379867246481	0.0004478810559245261	-0.0006265560463871722
-0.0010581139238576842	-0.0002632022812236734	0.00026544901960767753	-0.00027702284275599176	0.00021393006027281558	0.006988255069809934	0.00032306225680933665	-6.487145036948583e-05
-0.0014949797207601812	-0.00038802108033886284	0.00014063022049293217	-0.0005890698405432993	-3.570753795667514e-05	0.005927295277332378	1.1015259022029156e-05	-0.0007513748455019176
-0.0006212481269549652	-0.00020079288166607867	7.822082093533744e-05	-0.00021461344319795295	0.00033874885938756094	0.0050535636835276065	0.0005102904554821208	5.994734874525953e-05
-0.0018070267185472666	-0.0005128398794536082	-0.00010900737773722469	-0.00033943224231336444	-0.00022293573662923727	0.004554288487067071	7.342465857962388e-05	-0.0006889654459443229
0.00012766466773461715	-1.3564682994182675e-05	0.0004526772182804617	0.00015984295414672722	0.0006507958571753125	0.004117422690165018	0.0010095656519419904	0.0001847661478600049
-0.000496429327840664	-0.00045043047989645757	0.0002030396200500828	-0.00033943224231336444	2.6701861600919585e-05	0.003992603891050273	0.00038547165636737546	-0.0007513748455019176
-0.0005588387273973705	-0.0002632022812236734	0.000390267818722867	9.74335545891325e-05	0.00040115825894559975	0.004491879087510364	0.0006351092545968662	5.994734874525953e-05
-0.000496429327840664	-0.00020079288166607867	0.0006399054169523577	-0.00027702284275599176	0.00015152066071522086	0.004866335484855044	0.0004478810559245261	-0.0006265560463871722
-0.00043401992828262514	-0.0005128398794536082	0.00032785841916527225	-0.0005266604409861486	8.911126115851431e-05	0.005989704676890417	0.00019824345769436924	-2.4620508123351925e-06
-0.002368711314564953	-0.0002632022812236734	0.000390267818722867	-0.000651479240100894	-0.00022293573662923727	0.00730030206759702	-0.00017621293965075502	-0.0006265560463871722
-0.0071118256809341585	-0.0008872962767985104	-0.001981289364461958	-0.0018372578316931953	-0.0012838955291063492	0.0054904294804303255	-0.002048494926375044	5.994734874525953e-05
-0.010918799053940997	-0.0013241620737012294	-0.0034791149538415667	-0.0025861706263827777	-0.0023448553215843493	0.004055013290607423	-0.003483911116197058	-0.0005641466468291334
-0.010918799053940997	-0.0012617526741436347	-0.003915980750744064	-0.002336533028153287	-0.0020328083237968197	0.003680556893262743	-0.0032342735179675675	0.0001847661478600049
-0.011168436652170488	-0.0014489808728164189	-0.004477665346761084	-0.002710989425497967	-0.0022824459220263105	0.0016210467078658919	-0.0034215017166394635	-0.00043932784771483213
-0.009608201663233285	-0.0013241620737012294	-0.004352846547646783	-0.0022117142290380976	-0.0018455801251242576	0.0011217715114060223	-0.0028598171206226652	0.0001847661478600049
-0.008859288868543702	-0.0011369338750288893	-0.003853571351186691	-0.0019620766308081627	-0.0017831707255664409	0.0011217715114060223	-0.002485360723277097	-0.0005017372472724269
-0.006612550484474067	-0.0010745244754712946	-0.003603933752956312	-0.0016500296330208553	-0.0012214861295491986	0.000747315114060676	-0.0017364479285875145	0.0002471755474175996
-0.004677859098191739	-0.0009497056763565492	-0.0024805645609220495	-0.0011507544365607636	-0.0009718485313190417	0.002182731303883134	-0.001237172732127867	-0.0006265560463871722
-0.0018694361181048613	-0.00045043047989645757	-0.001294785969329526	-0.0005890698405432993	-9.811693751426986e-05	0.003992603891050273	-0.00023862233920790565	0.0001847661478600049
-0.0014949797207601812	-0.0007000680781261703	-0.0008579201724272512	-0.0010883450370031689	-0.00041016393530157735	0.004679107286182704	-0.0005506693369954352	-0.0006889654459443229
-0.00018438233005335647	-0.0002632022812236734	0.00014063022049293217	-0.0001522040436412464	0.0002763394598304103	0.00730030206759702	1.1015259022029156e-05	0.0002471755474175996
-0.001120523323415057	-0.0007000680781261703	-4.659797817962996e-05	-0.0009635262378884235	-0.0005973921339743615	0.006364161074234653	-0.0008627163347827427	-0.0006889654459443229
0.0019999466544591282	0.0001736635156786015	0.0011391806134124494	-0.00021461344319795295	0.000775614656290502	0.005428020080872731	0.0005102904554821208	0.00037199434653278907
0.0051204166323337574	0.00036089171435071954	0.002699415602349209	0.0008463463492787149	0.001399708651865339	0.006551389272907215	0.0018208878461889455	-0.00043932784771483213
0.008677752407110662	0.0006729387121386932	0.003947603593499549	0.0019073061417560488	0.0023358496452272615	0.006301751674677503	0.0033187134355687764	0.0002471755474175996
0.008989799404898191	0.0006105293125810984	0.003510737796597274	0.001470440344853996	0.002023802647439954	0.003306100495917841	0.0032563040360116258	-0.0006889654459443229
0.010300396795605904	0.0007977575112534385	0.0040724223926145164	0.0021569437399859837	0.0025854872434576404	0.004117422690165018	0.00419244502937377	-2.4620508123351925e-06
0.010425215594720205	0.0007353481116953997	0.004696516388189131	0.0021569437399859837	0.002647896643015235	0.004991154283970234	0.00469172022583364	-0.0006889654459443229
0.008989799404898191	0.0006105293125810984	0.0038851941939417323	0.0017824873426415255	0.0023358496452272615	0.004866335484855044	0.00431726382848896	5.994734874525953e-05
0.005806920027465745	0.00042330111390831426	0.0032611001983673393	0.0012832121461814339	0.0016493462500952738	0.005740067078659816	0.0032563040360116258	-0.0005641466468291334
0.006056557625695902	0.0007353481116953997	0.0034483283970396794	0.0015328497444111466	0.002273440245670555	0.0073627114671546146	0.003630760433356528	0.00030958494697519434
0.002062356054016723	0.0002984823147935689	0.002512187403677313	0.0004718899519340347	0.000962842854962842	0.007487530266270026	0.0020081160448617297	-0.0006265560463871722
0.0007517586633098983	4.8844716563190005e-05	0.0017632746089877305	0.00015984295414672722	0.0008380240558480967	0.007549939665827177	0.0013840220492868927	0.00030958494697519434
0.00037730226596455196	0.0002984823147935689	0.0019505028076600706	3.5024155031537774e-05	0.000775614656290502	0.006925845670251896	0.0012592032501721473	-0.0003769184481572374
0.00012766466773461715	-0.00038802108033886284	0.0011391806134124494	-0.0004018416418705151	0.0004635676585027504	0.005428020080872731	0.0006351092545968662	-6.487145036948583e-05
-0.000496429327840664	-0.0002632022812236734	0.001201590012970044	-0.00021461344319795295	0.0002763394598304103	0.005240791882199947	0.0006975186541544609	-0.0006889654459443229
0.0004397116655221467	0.00036089171435071954	0.0011391806134124494	0.0002846617532614726	0.0010876616540784756	0.004242241489279985	0.0012592032501721473	0.0002471755474175996
-0.0010581139238576842	-0.0005128398794536082	0.0002030396200500828	-0.0005890698405432993	2.6701861600919585e-05	0.002682006500343226	0.00038547165636737546	-0.000876193644617107
-0.00018438233005335647	-7.597408255133331e-05	0.0005774960173952071	0.0002846617532614726	0.0006507958571753125	0.0038053756923779325	0.0012592032501721473	0.00012235674830285426
-0.00043401992828262514	-1.3564682994182675e-05	0.0005774960173952071	-8.979464408365168e-05	0.00033874885938756094	0.002682006500343226	0.0009471562523843957	-0.0005017372472724269
-0.00043401992828262514	-7.597408255133331e-05	7.822082093533744e-05	3.5024155031537774e-05	0.00033874885938756094	0.0025571877012275923	0.0007599280537116115	0.0001847661478600049
-0.0010581139238576842	-0.00020079288166607867	0.00032785841916527225	-2.738524452605695e-05	0.00015152066071522086	0.002432368902113069	0.0005102904554821208	-0.0003769184481572374
2.845868619427705e-06	0.0001736635156786015	0.0006399054169523577	0.00034707115281884526	0.0005883864576183839	0.002182731303883134	0.0006351092545968662	0.00037199434653278907
-0.0012453421225302463	-0.0003256116807812681	0.0004526772182804617	-0.00021461344319795295	-0.000285345136186832	0.0024947783016702196	-0.00023862233920790565	-0.0005017372472724269
2.845868619427705e-06	0.00011125411612100677	0.0009519524147403313	0.00022225235370432195	0.00033874885938756094	0.0034309192950328082	0.0001358340581372186	0.00037199434653278907
-0.0007460669260701547	-1.3564682994182675e-05	0.0009519524147403313	-0.00021461344319795295	2.6701861600919585e-05	0.003493328694590403	-0.00023862233920790565	-0.00043932784771483213
-0.0005588387273973705	-0.00020079288166607867	0.0006399054169523577	-0.00021461344319795295	2.6701861600919585e-05	0.004117422690165018	-0.0003010317387650563	0.00012235674830285426
-0.0008084763256277494	-1.3564682994182675e-05	0.001014361814297704	-0.0001522040436412464	2.6701861600919585e-05	0.004866335484855044	7.342465857962388e-05	-0.00043932784771483213
6.525526817702243e-05	4.8844716563190005e-05	0.0005774960173952071	-2.738524452605695e-05	0.0005259770580601231	0.004741516685739855	0.0006351092545968662	0.00030958494697519434
-0.002743167711909855	-0.0002632022812236734	-0.0004210543755247542	-0.000651479240100894	-0.00034775453574464876	0.004367060288395175	1.1015259022029156e-05	-0.00043932784771483213
-0.007798329076066146	-0.0008248868772413598	-0.002792611558709135	-0.0014628014343485152	-0.0012838955291063492	0.0027444158999003765	-0.0015492197299156185	0.00030958494697519434
-0.010544342656595651	-0.0012617526741436347	-0.003915980750744064	-0.002336533028153287	-0.0020952177233539704	0.0009969527122906108	-0.0026101795223922863	-0.00043932784771483213
-0.010544342656595651	-0.0013241620737012294	-0.004228027748531593	-0.0019620766308081627	-0.0020328083237968197	0.0004976775158311852	-0.002672588921949881	0.00030958494697519434
-0.010856389654383403	-0.0014489808728164189	-0.004352846547646783	-0.0024613518272675883	-0.0022824459220263105	-0.0010625574731060183	-0.003296682917524718	-0.0006889654459443229
-0.00917133586633101	-0.0013241620737012294	-0.003978390150301658	-0.002086895429923352	-0.0018455801251242576	-0.00137460447089377	-0.0031718641184099727	0.00012235674830285426
-0.008672060669870918	-0.0013241620737012294	-0.003167067956054259	-0.0019620766308081627	-0.0019079895246816303	6.081171892824422e-05	-0.0030470453192952274	-0.0006265560463871722
-0.0060508658884566024	-0.001012115075914144	-0.002542973960479644	-0.0015252108339056658	-0.0009718485313190417	0.001184180910963173	-0.0023605419241627956	0.0001847661478600049
-0.004553040299076994	-0.0007624774776837651	-0.001731651766232023	-0.0016500296330208553	-0.0010342579308766364	0.002432368902113069	-0.0021109043259324167	-0.0005017372472724269
-0.0018070267185472666	-0.0005128398794536082	-0.000670691973754689	-0.0008387074387732341	-0.00022293573662923727	0.00461669788662511	-0.0009251257343403374	0.0002471755474175996
-0.0016822079194325212	-0.0005128398794536082	-0.0004210543755247542	-0.0009635262378884235	-0.0004725733348591721	0.004304650888838024	-0.0008627163347827427	-0.0005017372472724269
0.00031489286640695724	-7.597408255133331e-05	-4.659797817962996e-05	-0.00021461344319795295	0.0004635676585027504	0.0033685098954752135	0.0001358340581372186	0.0004344037460903838
-0.00030920112916765774	-0.00013838348210937212	-0.0001714167772948194	3.5024155031537774e-05	8.911126115851431e-05	0.002245140703440729	0.0001358340581372186	-0.00031450904860008677
0.002436812451361847	0.000485710513465909	0.0004526772182804617	0.0007839369497215642	0.000962842854962842	0.001371409109635513	0.001321612649729298	0.0006216319447627239
0.00661824222171381	0.0005481199130235037	0.0023249592050047507	0.0015328497444111466	0.0015245274509800844	0.0016210467078658919	0.002819438239108907	-0.0003769184481572374
