Sensor_1	Sensor_2	Sensor_3	Sensor_4	Sensor_5	Sensor_6	Sensor_7	Sensor_8
0.00029046270695043397	-1.1317944609734454e-05	0.00022649931334406403	0.0003767468223088155	0.0004309743495842788	4.8507705805889145e-05	-3.438133821620504e-05	-0.0005241203784236426
0.0009769661020828657	5.109145494786027e-05	-0.00027277588311558354	0.0006263844205391944	0.0009302495460443705	4.8507705805889145e-05	-9.679073777379976e-05	0.00016238301670878919
4.082510872049916e-05	-0.0003233649423968199	-0.0005848228809031131	0.00043915622186641023	0.0005557931486999124	-0.00020112989242404566	-0.0005336565346760747	-0.0007113485770955386
0.000914556702525271	0.00017591025406282768	-0.00014795708400083818	0.0008760220187686851	0.001055068345160004	0.0003605547035936407	9.043746089898441e-05	0.00034961121538157336
-0.0005832688868538938	-0.00044818374151200935	-0.0005848228809031131	-0.00030975657282361624	-6.83008468751467e-05	-7.631109330885621e-05	-0.0005336565346760747	-0.0007113485770955386
4.082510872049916e-05	0.0002383196536199783	0.00022649931334406403	0.0002519280231938481	0.00024374615091193874	0.0006101923018240196	0.00034007505912914127	0.0005992488136115082
-0.000333631288624181	0.00011350085450523295	0.0006633651102463389	-0.00030975657282361624	-0.00031793844510530356	0.0006726017013807262	0.00027766565957110245	-0.0003993015793084531
-8.39936903942462e-05	0.00030072905317757304	0.0007257745098039337	-0.0002473471732655774	-0.00013071024643274143	0.0008598299000530663	0.0005273032578014814	0.0005368394140539134
-0.0006456782864114885	0.00011350085450523295	0.0006633651102463389	-0.00043457537193813955	-0.0005675760433352384	0.0006726017013807262	0.00015284686045613505	-0.00027448278019370775
0.00010323450827809388	0.0002383196536199783	0.0004137275120168482	-6.011897459368143e-05	-5.891447317551979e-06	0.0007350111009383209	0.00034007505912914127	0.0005368394140539134
-2.1584290837095566e-05	-1.1317944609734454e-05	0.00028890871290165876	-0.00030975657282361624	-6.83008468751467e-05	0.0005477829022659808	-3.438133821620504e-05	-0.00046171097886604784
-0.00039604068818177574	0.00036313845273516776	-0.00033518528267317826	0.0003767468223088155	0.0004309743495842788	0.0005477829022659808	-3.438133821620504e-05	0.0006616582131688808
-0.006886618242160303	-0.0010098683375292516	-0.003393245860990435	-0.0015579445639732903	-0.0015661264362551996	-0.0018237742809183999	-0.003217260715648207	-0.0005241203784236426
-0.00894612842755782	-0.0015091435339891213	-0.005015890249484789	-0.0021196291599909767	-0.002127811032272442	-0.002884734073395734	-0.004465448706797659	-2.48451819635509e-05
-0.00863408142977029	-0.0013219153353167812	-0.004516615053024697	-0.0018699915617608198	-0.002127811032272442	-0.0025726870756079823	-0.004465448706797659	-0.0005241203784236426
-0.009008537827114749	-0.0011970965362020358	-0.004828662050812449	-0.002057219760433382	-0.0022526298313871873	-0.0025102776760512757	-0.004403039307240508	0.00028720181582397863
-0.009882269420919965	-0.0015091435339891213	-0.0047038432516974815	-0.002681313756007997	-0.0030015426260772138	-0.0025726870756079823	-0.004839905104142561	-0.0005241203784236426
-0.007885168635080264	-0.0011970965362020358	-0.003954930457007677	-0.0023068573586633168	-0.002564676829174717	-0.002011002479591184	-0.003966173510337789	0.00016238301670878919
-0.007261074639505427	-0.0010722777370872905	-0.003081198863202683	-0.0024940855573352128	-0.002751905027847279	-0.0014493178835737197	-0.003654126512550482	-0.00046171097886604784
-0.004515061058975922	-0.0005105931410696041	-0.0020202390707255713	-0.0015579445639732903	-0.0018781734340427292	-0.0005131768902111311	-0.00240593852140103	0.0004120206149391681
-0.002830007270923973	-0.0005105931410696041	-0.0011465074769207995	-0.0012458975661857608	-0.001503717036697605	-1.390169375126149e-05	-0.0017818445258257487	-0.0003993015793084531
-0.0007080876859695273	-1.1317944609734454e-05	-0.0005848228809031131	-0.0004969847714961784	-0.0005675760433352384	0.0006101923018240196	-0.0009705223315785716	0.0004120206149391681
-0.0005208594872971872	-7.372734416755122e-05	-0.0007096416800183025	-0.00043457537193813955	-0.0003803478446631203	0.00042296410315123545	-0.0009705223315785716	-0.0003368921797513025
0.0004152815060656234	-7.372734416755122e-05	-0.000834460479133492	0.00018951862363669747	0.0004309743495842788	0.0006726017013807262	-0.0005336565346760747	0.0004120206149391681
0.0018506976958876376	0.00030072905317757304	-0.0002103664835584329	0.000688793820096345	0.001055068345160004	0.0012966956969560073	-3.438133821620504e-05	-0.00014966398107829626
0.006593812062257287	0.0006751854505226973	0.0011626403067064306	0.0018121630121310517	0.00230325633630879	0.002607293087663498	0.0017130818493933386	0.00028720181582397863
0.007405134256504464	0.00036313845273516776	0.001911553101396457	0.0016873442130158622	0.0021784375371944886	0.0031065682841231457	0.00202512884718109	-0.0006489391775383879
0.008778141046769328	0.0014865076447698744	0.0030973316929887584	0.002436257007706333	0.003176987930114006	0.004541984473944716	0.0032109074387733916	0.0006616582131688808
0.009589463241016505	0.001361688845655129	0.004283110284580838	0.0023114382085911434	0.002740122133211509	0.005290897268635186	0.00377259203479019	-0.00014966398107829626
0.010463194834821277	0.0016737358434426586	0.005219251277943204	0.002561075806820634	0.0032393973296720446	0.006351857061112298	0.004708733028153	0.0007864770122840703
0.007717181254291772	0.0014865076447698744	0.004657566681925518	0.0016249348134582675	0.0022408469367520834	0.006039810063324769	0.003585363836118294	-2.48451819635509e-05
0.005470442870222136	0.0009248230487524101	0.003409378690776066	0.00112565961699862	0.0015543435416196516	0.005290897268635186	0.0025868134431983325	0.0004744300144963187
0.0050335770733196394	0.0009872324483100048	0.0036590162890055566	0.0011880690165559926	0.0014919341420616128	0.0056653536659798664	0.0023371758449686197	-0.0003368921797513025
0.002225154093232984	0.0005503666514079519	0.0017867343022812676	0.00043915622186641023	0.0009302495460443705	0.0047292126726175	0.0008393502555890109	0.0004744300144963187
0.0006649191042957803	0.0002383196536199783	0.0011626403067064306	0.0003143374227512208	0.0005557931486999124	0.004105118677042663	-3.438133821620504e-05	-0.0003993015793084531
0.0008521473029676763	0.00017591025406282768	0.0005385463111315936	0.00043915622186641023	0.0008054307469296251	0.003917890478370323	-0.0001592001373305063	0.00028720181582397863
0.0007897379034100815	0.0004255478522927625	0.0006633651102463389	0.0005015656214235609	0.0009302495460443705	0.004042709277485068	-0.0001592001373305063	-0.00014966398107829626
0.0014138318989858067	0.0006751854505226973	0.0006633651102463389	0.0010632502174410252	0.0014295247425044622	0.004292346875715669	2.8028061341389687e-05	0.0007240676127264756
-0.00014640308995139684	0.00030072905317757304	0.0001640899137864693	0.0003767468223088155	0.0006806119478144357	0.004105118677042663	-0.0006584753337910421	-0.00014966398107829626
0.0007897379034100815	0.0004879572518503572	0.00028890871290165876	0.0005639750209811556	0.0011174777447167106	0.004978850270847879	-0.0002216095368889892	0.0005992488136115082
-8.39936903942462e-05	0.0002383196536199783	0.00047613691157355476	2.2904249639132956e-06	0.0003061555504690894	0.004916440871290284	-0.0005336565346760747	-0.0003368921797513025
0.0001656439078356886	0.0005503666514079519	0.0006633651102463389	2.2904249639132956e-06	0.0004309743495842788	0.005540534866864677	-0.0002216095368889892	0.0007240676127264756
-0.0005832688868538938	0.00036313845273516776	0.0008505933089189011	-0.00030975657282361624	-5.891447317551979e-06	0.005540534866864677	-0.0003464283360032905	-2.48451819635509e-05
-8.39936903942462e-05	0.0004879572518503572	0.0005385463111315936	-0.00018493777370887088	0.00011892735179674929	0.0052284878690775916	-0.0002216095368889892	0.0006616582131688808
-0.0008953158846418674	-0.0001361367437249239	-0.00014795708400083818	-0.0007466223697256691	-0.00031793844510530356	0.0039802998779279175	-0.0008457035324633821	-0.0003368921797513025
0.00022805330739328333	0.00011350085450523295	-0.00033518528267317826	6.469982452150802e-05	0.0004933837491416515	0.0036058434805832373	-0.0005960659342336694	0.00034961121538157336
0.0004776909056229961	0.00030072905317757304	-0.00027277588311558354	0.0005639750209811556	0.0009302495460443705	0.003418615281910453	-0.0004088377355613293	-8.725458152070154e-05
0.0011641943007556499	0.0004879572518503572	-0.0005848228809031131	0.0010632502174410252	0.0015543435416196516	0.003668252880140388	-0.0002216095368889892	0.0007240676127264756
-2.1584290837095566e-05	-0.00026095554284011335	-0.0013337356755931395	6.469982452150802e-05	0.0006806119478144357	0.003855481078812728	-0.0012201599298080623	-0.0005865297779803491
0.0010393755016404604	0.0006127760509646585	-0.0005848228809031131	0.0009384314183262799	0.0014919341420616128	0.006227038261997553	-0.0004088377355613293	0.0006616582131688808
-8.39936903942462e-05	0.00017591025406282768	-0.000397594682230773	2.2904249639132956e-06	0.0007430213473720304	0.007724863851376718	-0.0007832941329057874	-0.00021207338063611303
-0.0020810944762339467	-0.0001361367437249239	-0.0011465074769207995	-0.0007466223697256691	-0.00013071024643274143	0.008973051842526836	-0.0015946163271538527	0.00034961121538157336
-0.00875890022888548	-0.0008226401388569116	-0.003143608262760278	-0.002681313756007997	-0.002127811032272442	0.008473776646067188	-0.003966173510337789	-0.0003993015793084531
-0.009757450621804997	-0.0008226401388569116	-0.0038925210574503044	-0.003305407751583278	-0.0024398580300599715	0.008411367246509593	-0.004403039307240508	0.0005992488136115082
-0.010069497619592305	-0.0013219153353167812	-0.0040797492561228665	-0.003492635950255174	-0.0030015426260772138	0.007287998054474665	-0.004652676905470665	-0.00046171097886604784
-0.009632631822689808	-0.0010722777370872905	-0.004142158655680461	-0.0029309513542377097	-0.002377448630502821	0.0054781254673079705	-0.004215811108568168	0.0004120206149391681
-0.009570222423132657	-0.001384324734874376	-0.004828662050812449	-0.003118179552910494	-0.0026270862287323116	0.002420064888990714	-0.004652676905470665	-0.0003993015793084531
-0.006200114847028315	-0.0005730025406271988	-0.003954930457007677	-0.0014331257648581008	-0.0009420324406799185	0.0011094674982836672	-0.003217260715648207	0.0007240676127264756
-0.005638430251010629	-0.0011970965362020358	-0.004142158655680461	-0.0013083069657433555	-0.0010044418402375133	-0.0005131768902111311	-0.0033420795147629523	-0.00046171097886604784
-0.0018314568780037899	0.00017591025406282768	-0.0026443330663004083	0.0003767468223088155	0.0008678401464872199	0.0011718768978408178	-0.0016570257267105593	0.0008488864118412209
-0.0011449534828715802	-0.0003857743419544146	-0.0023946954680704735	6.469982452150802e-05	0.0003061555504690894	0.002607293087663498	-0.0017818445258257487	-0.0003368921797513025
-0.00020881248950987974	5.109145494786027e-05	-0.0017706014724956365	0.00012710922407910275	0.0005557931486999124	0.005727763065537461	-0.0010329317311361663	0.0005992488136115082
-0.0006456782864114885	5.109145494786027e-05	-0.0009592792782484594	-0.0003721659723809889	0.00018133675135434402	0.008723414244296679	-0.0009081129320209769	-2.48451819635509e-05
-0.000770497085526678	0.00017591025406282768	-0.0007096416800183025	-0.0006842129701685185	-0.00019311964599033615	0.01090774322880872	-0.0007208847333481927	0.0005992488136115082
0.0005401003051808129	-1.1317944609734454e-05	0.0001640899137864693	-0.0010586693675131986	-0.00031793844510530356	0.012218340619516432	-0.0002216095368889892	-0.0003993015793084531
0.005782489868009222	0.0010496418478671554	0.002535647096971294	0.00043915622186641023	0.0014295247425044622	0.01340411921110829	0.002274766445411025	0.0006616582131688808
0.006593812062257287	0.0009872324483100048	0.003159741092545687	0.0008136126192110904	0.0015543435416196516	0.01165665602349919	0.00252440404364096	-0.00027448278019370775
0.008154047051194047	0.0012368700465399396	0.003409378690776066	0.001749753612573901	0.002677712733653914	0.009597145838101673	0.003273316838330542	0.0005368394140539134
0.010151147837033747	0.001361688845655129	0.004283110284580838	0.002373847608148294	0.003301806729228751	0.007974501449607097	0.004022229633020569	-0.00027448278019370775
0.010650423033493617	0.0014240982452122797	0.004220700885023243	0.0031227604028383205	0.003925900724804032	0.007412816853589632	0.00433427663080832	0.0005368394140539134
0.007342724856946425	0.001174460646982789	0.0030349222934311637	0.002373847608148294	0.003114578530556855	0.007600045052262416	0.003335726237888137	-0.00027448278019370775
0.005969718066682228	0.0010496418478671554	0.00234841889829851	0.0019369818112462411	0.002740122133211509	0.00934750823987196	0.0027740416418706726	0.0004744300144963187
0.004908758274204894	0.00073759485008007	0.0022236000991835425	0.001312887815671182	0.002116028137636894	0.01190629362172868	0.0025868134431983325	-0.0003993015793084531
0.001101784901197611	0.0004879572518503572	0.0007881839093615284	0.00018951862363669747	0.0011798871442743053	0.013528938010223923	0.001463444251163848	0.0004744300144963187
-0.0008329064850842727	-1.1317944609734454e-05	0.0003513181124592535	-0.0008714411688408585	0.00011892735179674929	0.014340260204470656	0.0007145314564733773	-0.0005241203784236426
-8.39936903942462e-05	0.0002383196536199783	0.0007257745098039337	-0.0005593941710537731	0.0004309743495842788	0.014527488403143662	0.0012762160524910637	0.00034961121538157336
-0.00020881248950987974	0.0006127760509646585	0.0011002309071488359	-0.00043457537193813955	0.0006806119478144357	0.012655206416418707	0.001463444251163848	-2.48451819635509e-05
0.00010323450827809388	0.00017591025406282768	0.0005385463111315936	-0.00043457537193813955	0.0005557931486999124	0.00934750823987196	0.001026578454261351	0.0004120206149391681
4.082510872049916e-05	0.00011350085450523295	0.0007881839093615284	-6.011897459368143e-05	0.0006806119478144357	0.006164628862439958	0.0008393502555890109	-0.0003993015793084531
0.0008521473029676763	5.109145494786027e-05	0.00047613691157355476	0.0003143374227512208	0.0011174777447167106	0.0036058434805832373	0.0009641690547037562	0.00034961121538157336
0.0004776909056229961	-0.0001361367437249239	0.00028890871290165876	0.0002519280231938481	0.0008054307469296251	0.002420064888990714	0.00034007505912914127	-0.00046171097886604784
0.0007897379034100815	0.00030072905317757304	0.00028890871290165876	0.0008760220187686851	0.0013047059433892727	0.003668252880140388	0.0007769408560309721	0.0005992488136115082
4.082510872049916e-05	0.00011350085450523295	0.0001640899137864693	0.0002519280231938481	0.0008054307469296251	0.005415716067750376	0.0004648938582438866	-0.00021207338063611303
0.00022805330739328333	0.00036313845273516776	0.0001640899137864693	0.00043915622186641023	0.0009926589456019652	0.008099320248722064	0.0007145314564733773	0.0005992488136115082
-0.000770497085526678	0.00036313845273516776	0.00022649931334406403	-0.00012252837415127615	0.0004309743495842788	0.010158830434119581	0.0004648938582438866	3.7564217594043825e-05
-0.00014640308995139684	0.0004879572518503572	0.0005385463111315936	-0.00018493777370887088	0.0007430213473720304	0.01146942782482685	0.0009641690547037562	0.0007864770122840703
-0.0008329064850842727	5.109145494786027e-05	0.0007257745098039337	-0.0006218035706109237	-0.00013071024643274143	0.01053328683146404	0.0006521220569162267	-0.00014966398107829626
-0.00020881248950987974	0.0004879572518503572	0.0009754121080340905	-0.0002473471732655774	0.0003685649500271282	0.009097870641642025	0.0010889878538182796	0.0006616582131688808
-0.0006456782864114885	-7.372734416755122e-05	0.0007257745098039337	-0.0008090317692832638	-0.00013071024643274143	0.005914991264210023	0.0005273032578014814	-0.0003368921797513025
0.0008521473029676763	0.0002383196536199783	0.0009754121080340905	0.0002519280231938481	0.0008678401464872199	0.004042709277485068	0.001026578454261351	0.0004120206149391681
-2.1584290837095566e-05	5.109145494786027e-05	0.0006633651102463389	0.00018951862363669747	0.0006806119478144357	0.002357655489433119	0.0007145314564733773	-0.00021207338063611303
-0.0016442286793314498	-7.372734416755122e-05	-0.0005224134813459624	-0.00018493777370887088	0.0003685649500271282	0.0012966956969560073	2.8028061341389687e-05	0.0004744300144963187
-0.00844685323109795	-0.000947458937972101	-0.00333083646143284	-0.001807582162203225	-0.0017533546349275397	-0.0003259486915392351	-0.0026555761196305205	-0.0003368921797513025
-0.008509262630655101	-0.0010098683375292516	-0.0038925210574503044	-0.0018699915617608198	-0.0016285358358123503	0.0006101923018240196	-0.002530757320515331	0.0005368394140539134
-0.008883719028000225	-0.0010722777370872905	-0.0040797492561228665	-0.0021820385595481273	-0.0018781734340427292	0.0016711520943006875	-0.0028428043183028606	-0.0003368921797513025
-0.00907094722667301	-0.0012595059357596305	-0.004516615053024697	-0.0021196291599909767	-0.0018157640344849124	0.0027321118867780214	-0.002967623117418272	0.00028720181582397863
-0.009320584824902722	-0.0012595059357596305	-0.004641433852139887	-0.0024940855573352128	-0.0020654016327152913	0.0037930716792555774	-0.0030924419165334616	-0.00027448278019370775
-0.00626252424658591	-0.0003857743419544146	-0.0032684270618752453	-0.0013707163653009502	-0.0008172136415656173	0.006227038261997553	-0.001719435126268154	0.0007240676127264756
-0.0061377054474707204	-0.0008226401388569116	-0.0032060176623178727	-0.001807582162203225	-0.0013788982375828596	0.007287998054474665	-0.0020938915236132782	-0.0003368921797513025
-0.004203014061188615	-0.000947458937972101	-0.0026443330663004083	-0.0019324009613181925	-0.0011916700389105195	0.00816172964827988	-0.0016570257267105593	9.997361715163855e-05
-0.0019562756771187573	-0.00019854614328207454	-0.0009592792782484594	-0.001183488166628388	-0.0005675760433352384	0.00934750823987196	-0.0007208847333481927	-0.00027448278019370775
-0.00014640308995139684	0.00030072905317757304	-0.00014795708400083818	-0.0002473471732655774	0.0003061555504690894	0.009597145838101673	0.00015284686045613505	0.0007240676127264756
-0.0010825440833142075	-0.00044818374151200935	-0.0006472322804607078	-0.0010586693675131986	-0.0004427572442200489	0.007412816853589632	-0.0006584753337910421	-0.0003993015793084531
0.0008521473029676763	0.00030072905317757304	0.00010168051422931867	0.00018951862363669747	0.0006806119478144357	0.00653908525978486	0.00015284686045613505	0.0005992488136115082
0.002225154093232984	-1.1317944609734454e-05	0.0004137275120168482	0.0002519280231938481	0.000618202548256841	0.005353306668192781	0.0004648938582438866	-0.00046171097886604784
0.007405134256504464	0.0006751854505226973	0.0024108282978563267	0.0016249348134582675	0.0023656657358668287	0.006414266460669671	0.002898860440985418	0.00034961121538157336
0.00721790605783168	0.0005503666514079519	0.002722875295643634	0.0015625254139011169	0.0021784375371944886	0.006975951056687579	0.0030236792401010515	-0.0005865297779803491
0.008341275249866609	0.0012368700465399396	0.0036590162890055566	0.002373847608148294	0.0030521691309992605	0.00947232703898715	0.004396686030365471	0.0004744300144963187
0.009339825642786126	0.0011120512474251942	0.004407929083696027	0.0018745724116884244	0.0029897597314416657	0.01146942782482685	0.00502078002594053	-0.0003993015793084531
0.009776691439688845	0.0014240982452122797	0.00484479488059808	0.002186619409475954	0.0034890349279010913	0.013716166208896041	0.005644874021514923	0.0004120206149391681
0.005470442870222136	0.0006751854505226973	0.0035341974898912554	0.0008136126192110904	0.0019912093385214824	0.01340411921110829	0.004209457831693131	-0.0005241203784236426
0.005345624071106947	0.0009248230487524101	0.003409378690776066	0.0008760220187686851	0.0023656657358668287	0.013341709811551139	0.00433427663080832	0.0005368394140539134
0.004659120675974515	0.0008624136491952594	0.00359660688944885	0.0008136126192110904	0.0019912093385214824	0.012467978217746367	0.003959820233462974	-0.00021207338063611303
0.0016010600976577027	0.0009248230487524101	0.0022236000991835425	0.0007512032196539398	0.001679162340734397	0.009784374036774457	0.0029612698405434568	0.0007864770122840703
0.0009769661020828657	0.0005503666514079519	0.001724324902724117	6.469982452150802e-05	0.0011798871442743053	0.00666390405890005	0.002087538246738241	-2.48451819635509e-05
0.0012266037003132446	0.0004255478522927625	0.0013498685053783266	0.0006263844205391944	0.0013671153429468674	0.0056653536659798664	0.0019627194476234955	0.0005368394140539134
0.0001656439078356886	0.0002383196536199783	0.0009754121080340905	0.0003767468223088155	0.0007430213473720304	0.004978850270847879	0.0015258536507214426	-0.00027448278019370775
0.000914556702525271	0.0004255478522927625	0.0008505933089189011	0.0005639750209811556	0.0012422965438319	0.005353306668192781	0.0019003100480661228	0.0005368394140539134
-0.00014640308995139684	0.00011350085450523295	0.0006009557106887442	0.0003767468223088155	0.0008054307469296251	0.006351857061112298	0.0014010348516062532	-0.0003368921797513025
0.0004152815060656234	0.00036313845273516776	0.0006009557106887442	0.0005015656214235609	0.0011174777447167106	0.007787273250934756	0.0017754912489507113	0.0005992488136115082
-0.00039604068818177574	0.00011350085450523295	0.0006009557106887442	-0.00018493777370887088	0.0004933837491416515	0.008286548447394848	0.0012762160524910637	-0.0003368921797513025
-0.00014640308995139684	0.00011350085450523295	0.0006009557106887442	2.2904249639132956e-06	0.0005557931486999124	0.008286548447394848	0.001213806652933913	0.00034961121538157336
-0.0010201346837566128	-0.0003233649423968199	0.0003513181124592535	-0.0007466223697256691	-6.83008468751467e-05	0.00685113225757239	0.00034007505912914127	-0.0005865297779803491
-0.00014640308995139684	5.109145494786027e-05	0.0007881839093615284	-0.0003721659723809889	0.00024374615091193874	0.005852581864652429	0.0005273032578014814	0.00034961121538157336
-0.0010201346837566128	-0.0005105931410696041	0.0006009557106887442	-0.0005593941710537731	-0.00031793844510530356	0.004042709277485068	-0.0001592001373305063	-0.0007737579766531333
0.00022805330739328333	0.00011350085450523295	0.0009754121080340905	2.2904249639132956e-06	0.0004933837491416515	0.0032937964827954858	0.0004024844586862919	0.00034961121538157336
-0.000333631288624181	-0.00019854614328207454	0.0006633651102463389	-0.0003721659723809889	-5.891447317551979e-06	0.0027321118867780214	-3.438133821620504e-05	-0.0005241203784236426
-0.00020881248950987974	-0.00026095554284011335	0.0003513181124592535	-6.011897459368143e-05	0.00018133675135434402	0.00422993747615763	0.00021525626001372977	9.997361715163855e-05
-0.0013321816815443643	-0.0006978213397419442	-0.00033518528267317826	-0.0008090317692832638	-0.0004427572442200489	0.005602944266422272	-3.438133821620504e-05	-0.0008985767757683227
-0.00014640308995139684	-0.00026095554284011335	-8.554768444324345e-05	-0.00030975657282361624	0.0003685649500271282	0.00822413904783681	0.0008393502555890109	-2.48451819635509e-05
-0.001394591081101959	-0.0006354119401843494	-0.0005224134813459624	-0.0008714411688408585	-0.00013071024643274143	0.010096421034561542	0.0007145314564733773	-0.0008985767757683227
-0.0032044636682686534	-0.0001361367437249239	-0.0010840980773632047	-0.0008714411688408585	5.6517952240042746e-05	0.01090774322880872	0.000589712657358632	0.0004120206149391681
-0.01000708822003471	-0.0012595059357596305	-0.0038925210574503044	-0.002681313756007997	-0.0019405828336001019	0.008473776646067188	-0.0022187103227282456	-0.0003993015793084531
-0.009008537827114749	-0.0011970965362020358	-0.0038301116578927097	-0.0024940855573352128	-0.0017533546349275397	0.00703836045624473	-0.002156300923170651	0.00028720181582397863
-0.009008537827114749	-0.0014467341344319706	-0.0036428834592199255	-0.0029309513542377097	-0.0020029922331576966	0.004666803273060349	-0.0026555761196305205	-0.0006489391775383879
-0.009382994224460317	-0.0014467341344319706	-0.0040797492561228665	-0.002681313756007997	-0.002127811032272442	0.002607293087663498	-0.0030924419165334616	0.0002247924162663839
-0.00894612842755782	-0.0015091435339891213	-0.0036428834592199255	-0.002618904356450402	-0.0022526298313871873	0.0012966956969560073	-0.003217260715648207	-0.0006489391775383879
-0.005888067849240786	-0.0010722777370872905	-0.0029563800640874938	-0.0019324009613181925	-0.0013164888380248208	0.0006101923018240196	-0.002343529121842991	0.00034961121538157336
-0.005888067849240786	-0.0013219153353167812	-0.0030187894636450885	-0.0021820385595481273	-0.0018157640344849124	0.0006726017013807262	-0.00259316672007337	-0.0007737579766531333
-0.002455550873578627	-0.00044818374151200935	-0.0015209638742659237	-0.0006842129701685185	-0.0004427572442200489	0.0031689776836807404	-0.0007832941329057874	0.00034961121538157336
-0.0015194098802167044	-0.0003233649423968199	-0.00102168867780561	-0.0007466223697256691	-0.00031793844510530356	0.004479575074388009	-0.0004088377355613293	-0.00027448278019370775
-0.0005832688868538938	-0.0003233649423968199	-0.00102168867780561	-0.0003721659723809889	5.6517952240042746e-05	0.005852581864652429	2.8028061341389687e-05	0.00016238301670878919
-0.0010201346837566128	-0.0003857743419544146	-0.0007720510795756752	-0.0006218035706109237	-0.00025552904554770883	0.006476675860227488	2.8028061341389687e-05	-0.0005241203784236426
-8.39936903942462e-05	-0.00026095554284011335	-0.0005224134813459624	-0.0004969847714961784	0.00011892735179674929	0.00685113225757239	0.00027766565957110245	0.00016238301670878919
0.0029116574883654156	-1.1317944609734454e-05	0.0013498685053783266	0.0003767468223088155	0.0007430213473720304	0.00816172964827988	0.001463444251163848	-0.0005865297779803491
0.0067186308613720325	0.0006127760509646585	0.0028476940947583795	0.0010632502174410252	0.001866390539406737	0.008598595445182378	0.0029612698405434568	9.997361715163855e-05
0.006468993263142098	0.00036313845273516776	0.003409378690776066	0.0008136126192110904	0.0015543435416196516	0.008099320248722064	0.0028364510414282673	-0.0007113485770955386
0.008278865850309236	0.0009872324483100048	0.004532747882811217	0.0018745724116884244	0.002552893934539169	0.00903546124208443	0.0038974108339053792	0.00016238301670878919
0.009027778644998818	0.0008000042496376647	0.00515684187838561	0.0016249348134582675	0.0023656657358668287	0.008848233043411868	0.004396686030365471	-0.0007737579766531333
0.008902959845883629	0.00073759485008007	0.004719976081483335	0.0015625254139011169	0.0026153033340967635	0.008598595445182378	0.0044590954299226215	-8.725458152070154e-05
0.0050335770733196394	0.0004255478522927625	0.0035341974898912554	0.0008760220187686851	0.0015543435416196516	0.007849682650491907	0.003335726237888137	-0.0007737579766531333
0.004659120675974515	0.00030072905317757304	0.002785284695201229	0.0008760220187686851	0.0018039811398491423	0.007787273250934756	0.003522954436560921	-0.00014966398107829626
0.0035981608834974033	0.0002383196536199783	0.0024108282978563267	0.0005639750209811556	0.0014295247425044622	0.007662454451820011	0.0031484980392153528	-0.0007113485770955386
0.000727328503853375	0.00036313845273516776	0.0012250497062640253	0.0006263844205391944	0.0012422965438319	0.007225588654916848	0.00252440404364096	0.00028720181582397863
-0.0002712218890665863	-0.00019854614328207454	0.0006633651102463389	-0.00018493777370887088	0.000618202548256841	0.0062894476615551476	0.0017754912489507113	-0.0007737579766531333
0.0006649191042957803	5.109145494786027e-05	0.0009754121080340905	0.00012710922407910275	0.0009926589456019652	0.006414266460669671	0.00202512884718109	0.00016238301670878919
-0.00039604068818177574	-0.00019854614328207454	0.0009754121080340905	-0.00012252837415127615	0.0003685649500271282	0.006039810063324769	0.0013386254520486585	-0.0007113485770955386
0.0001656439078356886	5.109145494786027e-05	0.0012250497062640253	-6.011897459368143e-05	0.0008054307469296251	0.005540534866864677	0.0013386254520486585	9.997361715163855e-05
-0.0010825440833142075	-0.0006978213397419442	0.0007257745098039337	-0.0008714411688408585	-0.00025552904554770883	0.004292346875715669	9.043746089898441e-05	-0.0009609861753256954
-0.00014640308995139684	-0.00019854614328207454	0.0011002309071488359	-0.0002473471732655774	0.00018133675135434402	0.004541984473944716	0.0004024844586862919	-2.48451819635509e-05
-0.0005832688868538938	-0.0003857743419544146	0.0009754121080340905	-0.0006218035706109237	-0.00019311964599033615	0.003481024681468048	2.8028061341389687e-05	-0.0009609861753256954
-0.000333631288624181	-0.0003857743419544146	0.0007881839093615284	-0.00030975657282361624	0.00011892735179674929	0.0031689776836807404	2.8028061341389687e-05	-2.48451819635509e-05
-0.0011449534828715802	-0.0005105931410696041	0.0004137275120168482	-0.0005593941710537731	-0.0003803478446631203	0.0029817494850079562	-0.00028401893644613985	-0.0007737579766531333
-8.39936903942462e-05	-1.1317944609734454e-05	0.0005385463111315936	6.469982452150802e-05	0.0004933837491416515	0.0036058434805832373	0.0004648938582438866	0.00016238301670878919
-0.0010201346837566128	-0.00019854614328207454	0.00028890871290165876	-0.0002473471732655774	-5.891447317551979e-06	0.00422993747615763	0.00021525626001372977	-0.00046171097886604784
-0.000333631288624181	-0.00026095554284011335	0.00010168051422931867	-0.00012252837415127615	0.00024374615091193874	0.005290897268635186	0.000589712657358632	-2.48451819635509e-05
-0.0013321816815443643	-0.0005730025406271988	-8.554768444324345e-05	-0.0008714411688408585	-0.00025552904554770883	0.005914991264210023	0.00021525626001372977	-0.000836167376210728
-0.0004584500877391484	-0.00019854614328207454	0.00028890871290165876	-0.00018493777370887088	0.00024374615091193874	0.007412816853589632	0.0008393502555890109	9.997361715163855e-05
-0.0010825440833142075	-0.0003233649423968199	0.0006009557106887442	-0.0005593941710537731	-5.891447317551979e-06	0.007662454451820011	0.0006521220569162267	-0.0007737579766531333
4.082510872049916e-05	-7.372734416755122e-05	0.0009130027084767178	-0.00043457537193813955	0.0005557931486999124	0.007537635652704822	0.001026578454261351	0.00016238301670878919
-0.0010825440833142075	-0.00019854614328207454	0.0009754121080340905	-0.0005593941710537731	-6.83008468751467e-05	0.00703836045624473	0.0005273032578014814	-0.0005865297779803491
-0.004203014061188615	-0.0003857743419544146	-0.0005224134813459624	-0.0011210787670707933	-0.0004427572442200489	0.0050412596704052515	-0.0005336565346760747	0.00034961121538157336
-0.00994467882047756	-0.0014467341344319706	-0.0032684270618752453	-0.002868541954680781	-0.002377448630502821	0.0014839238956283474	-0.003404488914320547	-0.0006489391775383879
-0.00863408142977029	-0.0013219153353167812	-0.00333083646143284	-0.0023692667582209115	-0.0020029922331576966	0.000922239299610661	-0.0030924419165334616	3.7564217594043825e-05
-0.009632631822689808	-0.0017587811322192781	-0.0040797492561228665	-0.0028061325551231864	-0.002751905027847279	0.00011091710536348387	-0.0034668983138776976	-0.0007737579766531333
-0.008883719028000225	-0.0011970965362020358	-0.0040797492561228665	-0.0023692667582209115	-0.0018781734340427292	0.00017332650492085655	-0.0030300325169754228	0.00016238301670878919
-0.00894612842755782	-0.0016963717326621275	-0.004329386854352801	-0.002618904356450402	-0.002315039230944782	0.0006101923018240196	-0.003217260715648207	-0.000836167376210728
-0.006699390043488185	-0.001384324734874376	-0.0038925210574503044	-0.0021196291599909767	-0.001690945235370389	0.0014839238956283474	-0.00240593852140103	-8.725458152070154e-05
-0.005201564454108354	-0.0011346871366448852	-0.0028315612649727484	-0.0017451727626456304	-0.0013164888380248208	0.0022952460898759686	-0.0019066633249409382	-0.000836167376210728
-0.002892416670481568	-0.0011970965362020358	-0.0021450578698407607	-0.0014955351644161397	-0.001066851239795108	0.0025448836881052372	-0.0014697975280382192	-0.0003368921797513025
-0.0018938662775613846	-0.0008226401388569116	-0.0008968698786908647	-0.0012458975661857608	-0.0007548042420075785	0.0022952460898759686	-0.0012201599298080623	-0.0008985767757683227
-0.0005832688868538938	-0.000760230739299983	-0.000397594682230773	-0.0009338505683980092	-0.0005051666437776436	0.001983199092088439	-0.0009705223315785716	-8.725458152070154e-05
-0.0008329064850842727	-0.00026095554284011335	0.00022649931334406403	-0.0004969847714961784	-0.0005051666437776436	0.001795970893415877	-0.001095341130693761	-0.0007113485770955386
0.0003528721065080287	-0.0003233649423968199	0.00047613691157355476	-0.0003721659723809889	-6.83008468751467e-05	0.0014215144960707526	-0.0007208847333481927	0.00016238301670878919
0.003910207881285377	0.00036313845273516776	0.00234841889829851	0.000688793820096345	0.0008678401464872199	0.0028569306858927668	0.0008393502555890109	-0.0003993015793084531
0.00703067785915934	0.0004879572518503572	0.003346969291218471	0.001312887815671182	0.001679162340734397	0.004854031471732689	0.002461994644082921	0.00016238301670878919
0.006219355664911719	0.0004879572518503572	0.003409378690776066	0.0010632502174410252	0.0016167529411768022	0.006164628862439958	0.002711632242313522	-0.0007113485770955386
0.008216456450751641	0.00073759485008007	0.003971063286793308	0.0016873442130158622	0.0023656657358668287	0.00816172964827988	0.0038350014343482286	9.997361715163855e-05
0.008965369245441668	0.0009248230487524101	0.004782385481040929	0.0018745724116884244	0.002740122133211509	0.009909192835889202	0.004833551827267746	-0.0007737579766531333
0.008278865850309236	0.0009872324483100048	0.004470338483253178	0.0018121630121310517	0.0028649409323266983	0.010158830434119581	0.004958370626382713	3.7564217594043825e-05
0.004347073678187208	0.0002383196536199783	0.003222150492103726	0.0007512032196539398	0.0014295247425044622	0.008723414244296679	0.0033981356374457317	-0.0008985767757683227
0.004971167673762045	0.0006127760509646585	0.0034717880903336606	0.0011880690165559926	0.002053618738079077	0.007787273250934756	0.0037101826352334832	3.7564217594043825e-05
0.0029740668879225662	0.00017591025406282768	0.002972512893873569	0.0003143374227512208	0.0013671153429468674	0.0056653536659798664	0.0025868134431983325	-0.0007113485770955386
0.0006649191042957803	5.109145494786027e-05	0.001911553101396457	0.0002519280231938481	0.0006806119478144357	0.00422993747615763	0.0014010348516062532	-2.48451819635509e-05
4.082510872049916e-05	-1.1317944609734454e-05	0.001911553101396457	6.469982452150802e-05	0.000618202548256841	0.003481024681468048	0.001026578454261351	-0.0005865297779803491
0.0003528721065080287	-0.0003857743419544146	0.0014122779049363654	-0.00030975657282361624	0.0004309743495842788	0.002170427290760779	0.000589712657358632	-0.00014966398107829626
-0.0002712218890665863	-0.0003233649423968199	0.0014122779049363654	-0.0004969847714961784	0.00011892735179674929	0.002607293087663498	0.0004024844586862919	-0.0007737579766531333
4.082510872049916e-05	0.00017591025406282768	0.0016619155031665223	0.00018951862363669747	0.0008054307469296251	0.004042709277485068	0.001213806652933913	0.0002247924162663839
-0.0008329064850842727	-0.00026095554284011335	0.0007257745098039337	-0.0006218035706109237	0.00011892735179674929	0.0032937964827954858	0.0005273032578014814	-0.0006489391775383879
0.00022805330739328333	-0.0003233649423968199	0.0006633651102463389	-6.011897459368143e-05	0.000618202548256841	0.0037930716792555774	0.0009017596551461615	-8.725458152070154e-05
-0.0005832688868538938	-0.0003233649423968199	0.0004137275120168482	-0.00030975657282361624	0.0003061555504690894	0.003418615281910453	0.0007769408560309721	-0.0007113485770955386
0.00010323450827809388	-7.372734416755122e-05	0.0007881839093615284	0.00012710922407910275	0.000618202548256841	0.003418615281910453	0.0009641690547037562	0.00016238301670878919
-0.000770497085526678	-0.00019854614328207454	0.0007257745098039337	6.469982452150802e-05	0.00011892735179674929	0.0027321118867780214	0.00034007505912914127	-0.0005241203784236426
0.0001656439078356886	0.00011350085450523295	0.0009754121080340905	0.00018951862363669747	0.000618202548256841	0.0024824742885478646	0.0004648938582438866	0.00034961121538157336
-0.0011449534828715802	-0.0003857743419544146	0.0007257745098039337	-0.0004969847714961784	-0.00025552904554770883	0.0022952460898759686	-0.0005336565346760747	-0.0006489391775383879
-8.39936903942462e-05	-7.372734416755122e-05	0.0011626403067064306	0.00012710922407910275	0.00024374615091193874	0.003481024681468048	-0.0001592001373305063	0.00028720181582397863
-0.000333631288624181	0.0002383196536199783	0.001724324902724117	6.469982452150802e-05	0.0003685649500271282	0.0037930716792555774	2.8028061341389687e-05	-0.0003368921797513025
-0.00020881248950987974	5.109145494786027e-05	0.0012250497062640253	-0.0003721659723809889	0.00011892735179674929	0.003668252880140388	-0.0002216095368889892	0.00034961121538157336
-0.0010201346837566128	-0.00044818374151200935	0.0010378215075912411	-0.0006842129701685185	-0.0003803478446631203	0.004105118677042663	-0.00028401893644613985	-0.0006489391775383879
-2.1584290837095566e-05	0.00011350085450523295	0.0011626403067064306	-6.011897459368143e-05	0.0004933837491416515	0.0044171656748304144	0.0007145314564733773	0.00034961121538157336
-0.0011449534828715802	-0.00026095554284011335	0.00028890871290165876	-0.0005593941710537731	5.6517952240042746e-05	0.003044158884565551	0.00027766565957110245	-0.0005865297779803491
-0.005388792652781138	-0.0008226401388569116	-0.0020202390707255713	-0.0013707163653009502	-0.000879623041123212	0.0010470580987260725	-0.001095341130693761	9.997361715163855e-05
-0.00994467882047756	-0.0016339623331045328	-0.0040797492561228665	-0.0027437231555655917	-0.002315039230944782	-0.0011996802853435629	-0.0030924419165334616	-0.0007737579766531333
-0.008072396833753048	-0.0011346871366448852	-0.0037052928587779643	-0.0018699915617608198	-0.0018157640344849124	-0.0010748614862283734	-0.0026555761196305205	0.00016238301670878919
-0.009507813023574618	-0.0017587811322192781	-0.004204568055237612	-0.0024940855573352128	-0.002502267429617122	-0.0017613648813608052	-0.003654126512550482	-0.0009609861753256954
-0.00882130962844263	-0.0013219153353167812	-0.004017339856565272	-0.0023068573586633168	-0.0020029922331576966	-0.001386908484016125	-0.003591717112993331	0.00016238301670878919
-0.00875890022888548	-0.0017587811322192781	-0.0038925210574503044	-0.0027437231555655917	-0.002751905027847279	-0.0004507674906535364	-0.004278220508125763	-0.0008985767757683227
-0.006200114847028315	-0.0010722777370872905	-0.0025819236667432577	-0.0018699915617608198	-0.0018157640344849124	0.001359105096513158	-0.003154851316090612	3.7564217594043825e-05
-0.005451202052338289	-0.0013219153353167812	-0.002082648470283166	-0.002431676157777618	-0.0020654016327152913	0.0011718768978408178	-0.0033420795147629523	-0.0007737579766531333
-0.002018685076676574	-0.0006354119401843494	-0.0005848228809031131	-0.0012458975661857608	-0.0009420324406799185	0.002357655489433119	-0.0018442539253833434	3.7564217594043825e-05
-0.002018685076676574	-0.0008226401388569116	-0.00027277588311558354	-0.0010586693675131986	-0.001066851239795108	0.0019207896925308443	-0.001719435126268154	-0.000836167376210728
0.00022805330739328333	-0.00019854614328207454	0.00028890871290165876	-0.0002473471732655774	0.00024374615091193874	0.0011718768978408178	-0.0005336565346760747	0.00016238301670878919
-0.0008953158846418674	-0.0008226401388569116	-0.00027277588311558354	-0.0007466223697256691	-0.0005051666437776436	0.00011091710536348387	-0.0009705223315785716	-0.000836167376210728
0.000914556702525271	-0.00019854614328207454	0.0003513181124592535	6.469982452150802e-05	0.0004309743495842788	0.0010470580987260725	0.00027766565957110245	9.997361715163855e-05
0.0041598454795144235	-1.1317944609734454e-05	0.0019739625009536077	0.00043915622186641023	0.0009302495460443705	0.0027321118867780214	0.001650672449836188	-0.0007737579766531333
0.00721790605783168	0.0004879572518503572	0.0032845598916613206	0.0016249348134582675	0.0019912093385214824	0.0047292126726175	0.0030236792401010515	3.7564217594043825e-05
0.0067186308613720325	0.0004879572518503572	0.0037214256885631514	0.0013752972152287768	0.001866390539406737	0.005353306668192781	0.002898860440985418	-0.0007113485770955386
0.009090188044556413	0.0012368700465399396	0.005406479476615544	0.0022490288090335486	0.0029897597314416657	0.00685113225757239	0.004022229633020569	0.0002247924162663839
0.008840550446326034	0.00073759485008007	0.005718526474403296	0.0016873442130158622	0.0022408469367520834	0.006975951056687579	0.003585363836118294	-0.0006489391775383879
0.008154047051194047	0.001174460646982789	0.005780935873960891	0.001999391210803614	0.002740122133211509	0.00685113225757239	0.0038350014343482286	0.00028720181582397863
0.004846348874647299	0.00073759485008007	0.004595157282368367	0.0009384314183262799	0.0016167529411768022	0.004916440871290284	0.002461994644082921	-0.00046171097886604784
0.0050335770733196394	0.0006751854505226973	0.004407929083696027	0.001312887815671182	0.0019912093385214824	0.004541984473944716	0.0027740416418706726	0.0002247924162663839
0.0024747916914624746	0.0004255478522927625	0.003346969291218471	0.0007512032196539398	0.0013671153429468674	0.0031065682841231457	0.002087538246738241	-0.00046171097886604784
0.0010393755016404604	0.0004255478522927625	0.001911553101396457	0.0005015656214235609	0.0012422965438319	0.0019207896925308443	0.0017130818493933386	0.0004744300144963187
0.00022805330739328333	0.00017591025406282768	0.001474687304493738	0.0003767468223088155	0.0007430213473720304	0.001983199092088439	0.0015258536507214426	-0.0003368921797513025
0.0011641943007556499	0.0005503666514079519	0.0014122779049363654	0.0007512032196539398	0.0013047059433892727	0.002420064888990714	0.0019003100480661228	0.0005992488136115082
-2.1584290837095566e-05	5.109145494786027e-05	0.0008505933089189011	0.0002519280231938481	0.000618202548256841	0.002170427290760779	0.001026578454261351	-0.0003993015793084531
0.0003528721065080287	0.00030072905317757304	0.0010378215075912411	0.0007512032196539398	0.0009302495460443705	0.0031065682841231457	0.001026578454261351	0.0004744300144963187
-0.00020881248950987974	0.00017591025406282768	0.0012250497062640253	0.0002519280231938481	0.0004309743495842788	0.0025448836881052372	0.0004024844586862919	-0.00021207338063611303
0.0006025097047381855	0.00036313845273516776	0.0016619155031665223	0.0005015656214235609	0.0008054307469296251	0.0024824742885478646	0.0004024844586862919	0.0005992488136115082
-0.0005208594872971872	-7.372734416755122e-05	0.0015370967040513328	-0.00012252837415127615	-5.891447317551979e-06	0.0020456084916455897	-0.00047124713511847993	-0.0003993015793084531
0.00022805330739328333	0.00030072905317757304	0.0018491437018384183	0.0002519280231938481	0.0005557931486999124	0.0018583802929732496	-9.679073777379976e-05	0.0005368394140539134
-0.0008329064850842727	-0.00044818374151200935	0.00128745910582162	-0.0004969847714961784	-0.00025552904554770883	0.00042296410315123545	-0.0010329317311361663	-0.0007737579766531333
-0.00014640308995139684	-0.0001361367437249239	0.0012250497062640253	2.2904249639132956e-06	0.00018133675135434402	0.0005477829022659808	-0.0005336565346760747	9.997361715163855e-05
-0.000770497085526678	-0.00019854614328207454	0.0011002309071488359	-0.00018493777370887088	-6.83008468751467e-05	0.0004853735027088302	-0.0005336565346760747	-0.0005865297779803491
4.082510872049916e-05	-0.00019854614328207454	0.0007257745098039337	-0.00012252837415127615	0.00018133675135434402	0.0011094674982836672	-3.438133821620504e-05	3.7564217594043825e-05
-0.0008953158846418674	-0.0003233649423968199	0.0006633651102463389	-0.00018493777370887088	-5.891447317551979e-06	0.001983199092088439	9.043746089898441e-05	-0.0005865297779803491
4.082510872049916e-05	5.109145494786027e-05	0.0007257745098039337	6.469982452150802e-05	0.0004933837491416515	0.002607293087663498	0.000589712657358632	0.00034961121538157336
-0.0005832688868538938	-0.0001361367437249239	0.0009754121080340905	2.2904249639132956e-06	0.00018133675135434402	0.0026697024872208708	0.00034007505912914127	-0.0005241203784236426
0.00029046270695043397	5.109145494786027e-05	0.0013498685053783266	0.0003767468223088155	0.000618202548256841	0.0026697024872208708	0.0006521220569162267	0.0004120206149391681
