Sensor_1	Sensor_2	Sensor_3	Sensor_4	Sensor_5	Sensor_6	Sensor_7	Sensor_8
-0.000100903517204598	0.0004159555275806692	0.0007450902189671815	-0.00011657451743340985	-0.00016111298542731411	0.0019101800946059733	0.0003711518196385377	8.140370031295419e-05
-0.00022572231632023154	0.00047836492713781986	0.001057137216754489	-0.00024139331654771112	-0.0004107505836570269	0.0014109048981458816	0.0007456082169827738	0.0008303164950029807
-0.0009122257114522192	0.00047836492713781986	0.0012443654154272732	-0.0007406685130078028	-0.0006603881818874058	0.0007868109025710446	0.0006207894178680284	0.0001438130998705489
2.3915281910147357e-05	0.00047836492713781986	0.0013691842145420186	-0.00030380271610574994	-0.0003483411841000983	0.0003499451056687697	0.0008704270160984073	0.0007679070954453859
-0.0006001787136642456	0.00010390852979291765	0.0008074996185245542	-0.0004910309147783121	-0.000597978782329811	-0.0004613770885784074	0.0001839236209655315	-0.0002306432974747974
0.0007104186770430232	0.0002287273289081071	0.0002458150225073119	0.00019547248035456377	0.00046298101014730086	-0.00021173949034847261	0.0002463330205231262	0.00045586009765807844
0.0003359622796976769	-8.331966887897835e-05	-0.0003782789730675251	0.00013306308079696905	0.0003381622110321114	-0.00014933009079132198	-0.00037776097505193285	-0.00035546209658954275
0.0015217408712902003	0.0002911367284657018	-0.00044068837262511984	0.0010692040741588915	0.0013991220035098895	0.0007868109025710446	5.910482185078614e-05	0.0005182694972152291
-0.0004753599145495002	4.149913023576701e-05	-0.0013768293659874864	0.0005699288776990219	0.0008374374074926472	0.0008492203021286393	-0.0009394455710691751	-4.3415098801791174e-05
-0.00540570247959149	-0.0008322324635694489	-0.004122842946517213	-0.0008030779125653975	-0.001034844579232086	-0.0008982428854809044	-0.0033734121538111506	0.0003934506981004837
-0.0080893066605634	-0.001206688860914129	-0.004809346341649201	-0.002176084702830261	-0.0024078513694969494	-0.001397518081940996	-0.004184734348058772	-0.0004178714961471375
-0.007839669062333021	-0.0008946418631270436	-0.004185252346074808	-0.002363312901503045	-0.0024702607690541	-0.0010854710841536885	-0.003747868551156275	0.0006430882963304185
-0.009899179247730316	-0.0013939170595866912	-0.004372480544747148	-0.003237044495307817	-0.003780858159761369	-0.001834383878843271	-0.0042471437476163665	-0.00035546209658954275
-0.008838219455252982	-0.0008946418631270436	-0.003935614747844651	-0.003049816296635033	-0.003343992362859316	-0.0015847462806133361	-0.003498230952925896	0.0007054976958877912
-0.007527622064545936	-0.0007698230640114101	-0.0029994737544818406	-0.0027377692988477254	-0.002907126565957041	-0.001397518081940996	-0.0029989557564660263	8.140370031295419e-05
-0.0054681118791486405	-0.00033295726710935725	-0.0026250173571376045	-0.001551990707255424	-0.0017837573739218904	-0.0011478804837108392	-0.0023124523613335946	0.0008303164950029807
-0.003845467490653842	-0.00033295726710935725	-0.00256260795758001	-0.001115124910352927	-0.0009724351796744912	-0.0009606522850384991	-0.002062814763103882	8.140370031295419e-05
-0.000100903517204598	0.0002911367284657018	-0.0015016481651020097	0.0005075194781414272	0.0007750280079350524	0.000287535706111397	-0.0008770361715115804	0.0008303164950029807
-0.00041295051499212754	-2.09102693222718e-05	-0.0016888763637747939	0.0005699288776990219	0.0005877998092629344	0.0003499451056687697	-0.0011266737697410711	-0.0001058244983593859
0.0007728280765997297	0.0002287273289081071	-0.0015016481651020097	0.0009443852750441462	0.0013991220035098895	0.0012236766994735415	-0.0005649891737242729	0.0007054976958877912
8.632468146774208e-05	0.00010390852979291765	-0.0013144199664298917	0.0006947476768142113	0.000650209208819863	0.001535723697261071	-0.0008146267719539857	-0.0001058244983593859
0.002021016067749848	0.0005407743266954146	0.00018340562294971718	0.0011316134737164862	0.0011494844052797326	0.0029087304875254905	0.0006207894178680284	0.0007054976958877912
0.0042053450522616664	0.0009152307240405388	0.0021805064087891957	0.0011316134737164862	0.0013991220035098895	0.004468965476463138	0.002181024406805232	-4.3415098801791174e-05
0.007325815030136074	0.0015393247196149318	0.00436483539330168	0.0018805262684062907	0.002148034798199916	0.005966791065842747	0.004053306393529965	0.0007054976958877912
0.006077627038987066	0.0011648683222702516	0.0045520635919740204	0.0010067946746012968	0.001087075005723026	0.005405106469825505	0.0035540311970703176	-0.0002306432974747974
0.008074727824826544	0.001726552918287716	0.005613023384451354	0.001818116868848918	0.0022728535973151054	0.006216428664072682	0.0048022191882195475	0.0006430882963304185
0.007762680827039015	0.0015393247196149318	0.005737842183566544	0.0018805262684062907	0.002085625398642099	0.005654744068054995	0.004427762790874867	-0.0001058244983593859
0.007200996231021328	0.0013520965209430358	0.004614472991531171	0.00200534506752148	0.0022104441977575107	0.004843421873807818	0.0038036687952995862	0.0005806788967728238
0.005640761242084125	0.001102458922713101	0.003366285000381719	0.0015684792706189832	0.0020232159990845044	0.003844871480888301	0.002617890203707729	-0.0001058244983593859
0.006826539833676204	0.0013520965209430358	0.0032414662012669737	0.0025046202639809056	0.002772128793774531	0.004094509079117792	0.0027427090028229184	0.0007054976958877912
0.0025202912642101616	0.00047836492713781986	0.000869909018082371	0.001381251071946643	0.0014615314030674842	0.0025342740901805882	0.0007456082169827738	-0.0002306432974747974
0.0029571570611122144	0.0007904119249257935	0.00030822442206490663	0.0015684792706189832	0.001960806599527354	0.002971139887083085	0.0006831988174256232	0.0008303164950029807
0.0021458348668645932	0.0006031837262530093	0.0002458150225073119	0.001194022873273859	0.001274303204394922	0.002971139887083085	0.0003711518196385377	1.899430075535946e-05
0.001396922072175455	0.0003535461280230745	5.8586823834971824e-05	0.0007571570763718061	0.0008998468070502419	0.003220777485313464	0.0003087424200804989	0.0005182694972152291
0.0004607810788126443	0.00016631792935029033	0.00012099622339212246	-0.00017898391699100458	-9.870358586971939e-05	0.0030959586861982746	5.910482185078614e-05	-0.0004178714961471375
0.0007728280765997297	0.0002287273289081071	0.0006202714198519921	-0.00011657451743340985	2.611521324547006e-05	0.003408005683985582	0.0006207894178680284	0.0003934506981004837
-0.0003505411154345328	0.00010390852979291765	0.0006826808194095868	-0.0008030779125653975	-0.0006603881818874058	0.00303354928664068	0.0002463330205231262	-0.0002930526970323921
0.0005855998779278337	0.0003535461280230745	0.001057137216754489	-0.0005534403143359068	-0.00016111298542731411	0.00303354928664068	0.0006831988174256232	0.0005182694972152291
-0.000537769314107539	-2.09102693222718e-05	0.0007450902189671815	-0.0007406685130078028	-0.0007852069810025952	0.0022846364919510975	-3.304577706808587e-06	-0.0002306432974747974
0.0005231904783704611	0.0005407743266954146	0.0007450902189671815	0.00013306308079696905	0.00046298101014730086	0.002409455291065843	0.00043356121919568835	0.0005806788967728238
0.00027355288014008217	4.149913023576701e-05	5.8586823834971824e-05	-0.00017898391699100458	8.852461280306478e-05	0.0017853612954910059	-0.00037776097505193285	-0.00035546209658954275
0.0009600562752725139	0.0004159555275806692	-3.822575722622901e-06	0.0008195664759289567	0.0008998468070502419	0.0020349988937211627	5.910482185078614e-05	0.0007054976958877912
0.0003359622796976769	0.0002287273289081071	-0.0005655071717403093	0.0005075194781414272	0.0007750280079350524	0.0019101800946059733	-0.00031535157549389403	-0.0001058244983593859
0.0012721032730598214	0.0002911367284657018	-0.0006279165712974599	0.0008195664759289567	0.001087075005723026	0.002409455291065843	-0.00012812337682110986	0.0005806788967728238
0.0004607810788126443	0.00016631792935029033	-0.0005030977721827146	0.0006323382772570607	0.0005877998092629344	0.0024718646906234376	-0.00031535157549389403	-0.0002306432974747974
0.0006480092774854285	0.0004159555275806692	-0.00025346017395277975	0.0006947476768142113	0.0007126186083774577	0.00284632108796834	0.0001839236209655315	0.0007054976958877912
-0.00016331291676174864	0.0002911367284657018	5.8586823834971824e-05	7.065368123937432e-05	2.611521324547006e-05	0.00284632108796834	-3.304577706808587e-06	-4.3415098801791174e-05
0.00021114348058293153	0.0005407743266954146	0.0007450902189671815	0.00013306308079696905	8.852461280306478e-05	0.0030959586861982746	0.0005583800183108778	0.0008303164950029807
-0.003034145296406665	-0.0002081384679941678	-0.00044068837262511984	-0.0014271719081402345	-0.0014093009765769882	0.0017853612954910059	-0.0009394455710691751	-0.0002306432974747974
-0.0073403938658729295	-0.0005201854657821414	-0.002687426756694755	-0.002363312901503045	-0.002532670168611695	-0.00014933009079132198	-0.0029989557564660263	0.0007679070954453859
-0.008650991256580642	-0.0010818700617989396	-0.0036235677500571217	-0.0027377692988477254	-0.003156764164186532	-0.001210289883268434	-0.004059915548943582	-0.0002306432974747974
-0.007839669062333021	-0.0009570512626841943	-0.0043100711451895535	-0.002363312901503045	-0.0024078513694969494	-0.001397518081940996	-0.004122324948501177	0.0006430882963304185
-0.008463763057908302	-0.0011442794613565344	-0.004996574540321541	-0.0022384941023878557	-0.0024702607690541	-0.001834383878843271	-0.004684009544518419	-0.0001058244983593859
-0.007090756267643439	-0.0010818700617989396	-0.005308621538109515	-0.0014895813076982733	-0.001658938574807367	-0.0015223368810552973	-0.004309553147173073	0.0005182694972152291
-0.006154615274281072	-0.0011442794613565344	-0.005308621538109515	-0.001551990707255424	-0.0014093009765769882	-0.0010230616845956497	-0.0042471437476163665	-0.0004178714961471375
-0.004282333287556339	-0.0006450042648966647	-0.004372480544747148	-0.00042862151522027325	-0.000597978782329811	0.0003499451056687697	-0.0031237745555812158	0.0005182694972152291
-0.003658239291981502	-0.0006450042648966647	-0.0034363395513847816	-0.0006158497138930574	-0.0007852069810025952	0.001348495498588731	-0.0024996805600059346	-0.0002930526970323921
-0.0014739103074690174	-0.0002081384679941678	-0.0020009233615623234	-0.0003662121156631226	-0.0002859317845422815	0.002783911688410745	-0.0011266737697410711	0.0003934506981004837
-0.001785957305256991	-0.0003953666666665079	-0.0010023729686428062	-0.0009903061112381817	-0.0010972539787894586	0.003220777485313464	-0.0010642643701843646	-0.0004802808957047322
-0.0016611385061418016	4.149913023576701e-05	-0.00019105077439518503	-0.0008030779125653975	-0.0009724351796744912	0.0037200526817731117	-0.00031535157549389403	0.0005182694972152291
-0.001973185503929109	-0.0002081384679941678	-6.623197528021763e-05	-0.0016144001068130187	-0.0014717103761345829	0.0032831868848703927	-0.0005649891737242729	-0.0004802808957047322
0.0010848750743872593	0.0005407743266954146	0.0016188218127721754	-0.00017898391699100458	-0.00016111298542731411	0.004094509079117792	0.0009952458152131527	0.0005182694972152291
0.004080526253146921	0.0006031837262530093	0.002991828603036817	0.0005075194781414272	0.0007126186083774577	0.004406556076905543	0.0021186150072476373	-0.0004802808957047322
0.007513043228808636	0.0012272777218278463	0.003927969596398961	0.0018805262684062907	0.002584900595102191	0.004781012474250224	0.003429212397955128	0.0005182694972152291
0.007637862027923825	0.0008528213244825	0.0035535131990545032	0.002067754467079075	0.002584900595102191	0.004344146677348393	0.003054756000610448	-0.0005426902952614387
0.009697372213321342	0.0013520965209430358	0.0038655601968415887	0.0030038954604409973	0.0037706791866947142	0.005405106469825505	0.0038036687952995862	0.00026863189898529427
0.009260506416419068	0.0012272777218278463	0.0036783319981688045	0.0029414860608838467	0.0036458603875793028	0.00534269707026791	0.003678849996185285	-0.0004178714961471375
0.007450633829251263	0.0010400495231555063	0.002929419203479222	0.0027542578622112845	0.0030841757915622825	0.0050306500724806025	0.002992346601052853	0.00026863189898529427
0.00520389544518185	0.0007904119249257935	0.002554962806134542	0.0017557074692917674	0.001960806599527354	0.005093059472037975	0.002368252605478016	-0.0004802808957047322
0.0052663048447394445	0.0008528213244825	0.0028670098039216274	0.0013188416723890484	0.0015863502021826736	0.005904381666285152	0.0025554808041503563	0.000331041298542889
0.0006480092774854285	0.00010390852979291765	0.001494003013656986	-0.00042862151522027325	-0.0004107505836570269	0.004781012474250224	0.0006831988174256232	-0.0006050996948194776
0.0005231904783704611	0.00016631792935029033	0.0012443654154272732	-0.0006782591134506522	-0.0004731599832146216	0.004781012474250224	0.0006831988174256232	0.00020622249942769955
-0.0004753599145495002	-0.0003953666666665079	0.0008074996185245542	-0.001364762508583084	-0.0012844821774617987	0.0030959586861982746	-0.00012812337682110986	-0.000917146692606785
0.0007728280765997297	0.00010390852979291765	0.0009323184176397437	-0.00024139331654771112	-0.00016111298542731411	0.0027215022888535945	0.0004959706187532831	0.0001438130998705489
0.0005231904783704611	-8.331966887897835e-05	0.00030822442206490663	-0.0003662121156631226	-3.6294186312124666e-05	0.001348495498588731	-0.00012812337682110986	-0.0006050996948194776
0.0017089690699629845	4.149913023576701e-05	-6.623197528021763e-05	0.0003827006790266818	0.0007126186083774577	0.0005995827038987045	-6.571397726440331e-05	0.0001438130998705489
0.0005231904783704611	-0.0002705478675517625	-0.0006279165712974599	0.0003827006790266818	0.00046298101014730086	3.7898107881462195e-05	-0.000752217372396391	-0.0007299184939342229
0.0016465596704053898	-8.331966887897835e-05	-0.0006903259708550546	0.0008819758754865514	0.0011494844052797326	0.0010364485008009794	-0.0002529421759367434	0.0001438130998705489
0.00027355288014008217	-0.00033295726710935725	-0.0010023729686428062	0.00013306308079696905	0.0002757528114749608	0.0015981330968186658	-0.0008770361715115804	-0.0006050996948194776
0.0007104186770430232	-8.331966887897835e-05	-0.00044068837262511984	0.0003202912794690871	0.0003381622110321114	0.003408005683985582	-0.00019053277637959276	0.00026863189898529427
-0.000537769314107539	-8.331966887897835e-05	-0.0003782789730675251	-0.0004910309147783121	-0.0004731599832146216	0.004344146677348393	-0.0005025797741666782	-0.0004802808957047322
-0.0003505411154345328	-2.09102693222718e-05	0.00012099622339212246	-0.0005534403143359068	-0.000597978782329811	0.005093059472037975	-0.00012812337682110986	0.000331041298542889
-0.0015987291065842069	-0.00014572906843657307	5.8586823834971824e-05	-0.0011775343099105218	-0.0013468915770198375	0.0050306500724806025	-0.0004401703746090835	-0.0004802808957047322
-0.0003505411154345328	0.00016631792935029033	0.0004330432211792079	-0.0008030779125653975	-0.000597978782329811	0.005093059472037975	0.00012151422140838086	0.00045586009765807844
-0.001161863309681932	-0.0005201854657821414	-3.822575722622901e-06	-0.0011775343099105218	-0.0011596633783474974	0.003595233882657922	-0.0006898079728387962	-0.0007923278934918176
-0.000100903517204598	-0.00014572906843657307	-0.0001286413748375903	-0.00042862151522027325	-0.0002235223849846868	0.0027215022888535945	-0.00031535157549389403	0.00020622249942769955
-0.000100903517204598	-0.0002081384679941678	-0.00044068837262511984	-0.00030380271610574994	2.611521324547006e-05	0.0017853612954910059	-0.0006273985732816456	-0.0005426902952614387
0.0007728280765997297	-2.09102693222718e-05	-0.0005655071717403093	0.00044511007858427654	0.0005877998092629344	0.0014733142977034763	-0.0005025797741666782	0.00020622249942769955
-0.002410051300831828	-0.00058259486533907	-0.002125742160677513	-0.0003662121156631226	-0.0003483411841000983	0.00022512630655358024	-0.0019379959639886923	-0.0005426902952614387
-0.006778709269856131	-0.0009570512626841943	-0.004746936942091828	-0.0014271719081402345	-0.0014093009765769882	-0.0009606522850384991	-0.004059915548943582	0.00045586009765807844
-0.00827653485923574	-0.0013939170595866912	-0.005183802738994325	-0.002176084702830261	-0.0025950795681692895	-0.0008358334859233096	-0.004746418944076014	-0.0005426902952614387
-0.008338944258793113	-0.0012690982604712797	-0.005183802738994325	-0.002363312901503045	-0.0025950795681692895	3.7898107881462195e-05	-0.004559190745403674	0.00026863189898529427
-0.009774360448615349	-0.0015811452582590313	-0.00543344033722426	-0.003237044495307817	-0.0034688111619742834	0.00010030750743861283	-0.005058465941863544	-0.0005426902952614387
-0.0080893066605634	-0.0011442794613565344	-0.0043100711451895535	-0.002612950499732536	-0.0029695359655141917	0.0009740391012433847	-0.003997506149385988	0.0003934506981004837
-0.00796448786144821	-0.0013315076600293185	-0.003998024147402024	-0.002987406897077438	-0.0030319453650722306	0.0008492203021286393	-0.003747868551156275	-0.0005426902952614387
-0.005655340077820981	-0.0008946418631270436	-0.00312429255359703	-0.0022384941023878557	-0.0020333949721522693	0.001535723697261071	-0.002811727557793464	0.000331041298542889
-0.004844017883573359	-0.0007074136644542595	-0.0022505609597922582	-0.0016144001068130187	-0.001658938574807367	0.015515429198138309	-0.003248593354696405	-0.00035546209658954275
-0.000537769314107539	-0.00033295726710935725	-0.002125742160677513	-0.0016144001068130187	-3.6294186312124666e-05	0.01439206000610338	-0.002250042961776444	0.00026863189898529427
-0.0009122257114522192	-0.0006450042648966647	-0.002312970359349409	-0.0011775343099105218	-3.6294186312124666e-05	0.012332549820706307	-0.0025620899595639735	-0.0006675090943766282
-0.0003505411154345328	-0.00033295726710935725	-0.0016264669642174212	0.00019547248035456377	0.0005877998092629344	0.012020502822919	-0.001813177164873947	0.00020622249942769955
-0.0006625881132218403	-0.0004577760662241026	-0.0020009233615623234	-0.00024139331654771112	0.00046298101014730086	0.011770865224689508	-0.002062814763103882	-0.0006050996948194776
0.003893298054475025	0.0005407743266954146	-6.623197528021763e-05	0.0010067946746012968	0.002085625398642099	0.015515429198138309	-0.00012812337682110986	0.0003934506981004837
0.00520389544518185	0.000665593125810604	0.0015564124132145807	0.0010067946746012968	0.001898397199969759	0.01982167776760546	0.0008080176165403685	-0.00035546209658954275
0.006888949233234243	0.001289687121384997	0.0028046004043640327	0.0015060698710613885	0.002522491195544596	0.023940698138399386	0.001993796208132892	0.00045586009765807844
0.007076177431906583	0.0009776401235979115	0.00311664740215134	0.0008819758754865514	0.002148034798199916	0.02606261772335383	0.0016817492103455844	-0.00035546209658954275
0.008386774822613852	0.0014769153200577811	0.003990378995956556	0.0015060698710613885	0.002772128793774531	0.028246946707865872	0.0025554808041503563	0.0003934506981004837
0.007076177431906583	0.001102458922713101	0.0037407413977263992	0.0006947476768142113	0.002148034798199916	0.03049368509193595	0.001744158609902735	-0.0004178714961471375
0.006701721034561681	0.0010400495231555063	0.0026797816052492873	0.0005699288776990219	0.0022104441977575107	0.028434174906538656	0.0009952458152131527	0.000331041298542889
0.005391123643854634	0.000665593125810604	0.0019308688105592609	0.0005699288776990219	0.0018359878004121644	0.02468961093308919	0.0004959706187532831	-0.0004178714961471375
0.0052663048447394445	0.0009152307240405388	0.0016812312123297701	0.0010692040741588915	0.002148034798199916	0.02113227515831273	0.0007456082169827738	0.0003934506981004837
0.0017089690699629845	4.149913023576701e-05	-0.00019105077439518503	0.00013306308079696905	0.0008374374074926472	0.016451570191500675	-0.0011890831692986659	-0.0004802808957047322
0.0025827006637673122	0.0002911367284657018	-0.0005030977721827146	0.0005699288776990219	0.0013367126039522947	0.015265791599908596	-0.0008146267719539857	0.000331041298542889
0.0014593314717326056	-2.09102693222718e-05	-0.0010023729686428062	8.244281681779597e-06	0.0007750280079350524	0.015952294995040583	-0.0015635395666444563	-0.0005426902952614387
0.0014593314717326056	4.149913023576701e-05	-0.0010647823681999569	0.0002578818799117144	0.0008998468070502419	0.01932240257114559	-0.0015635395666444563	0.0001438130998705489
0.0003983716792552716	-8.331966887897835e-05	-0.0013768293659874864	-0.0005534403143359068	0.00040057161059015023	0.023753469939727045	-0.002250042961776444	-0.0006050996948194776
0.0010848750743872593	0.00016631792935029033	-0.0013144199664298917	-0.0008030779125653975	0.0005877998092629344	0.029120678301671088	-0.002250042961776444	0.00045586009765807844
-3.849411764744737e-05	-8.331966887897835e-05	-0.0010647823681999569	-0.0013023531090254892	-3.6294186312124666e-05	0.033614155069809915	-0.002874136957351503	-0.0004802808957047322
0.00027355288014008217	4.149913023576701e-05	-0.0013144199664298917	-0.0014271719081402345	0.00021334341191736605	0.036235349851224674	-0.002811727557793464	0.00026863189898529427
-0.0003505411154345328	-0.0002705478675517625	-0.001439238765544637	-0.002176084702830261	-0.0002859317845422815	0.03567366525520699	-0.0033734121538111506	-0.0006050996948194776
0.0008352374761573245	0.0004159555275806692	-0.0005030977721827146	-0.0009278967116801429	0.0007126186083774577	0.033551745670252764	-0.0023124523613335946	0.0005806788967728238
-3.849411764744737e-05	-2.09102693222718e-05	-0.0008775541695278388	-0.001115124910352927	0.00046298101014730086	0.02849658430609625	-0.0024996805600059346	-0.00035546209658954275
0.0010224656748301086	4.149913023576701e-05	-0.0010023729686428062	-0.0005534403143359068	0.0011494844052797326	0.02294214774547987	-0.002000405363546287	0.00045586009765807844
0.00021114348058293153	-0.0002081384679941678	-0.0011271917677575516	-0.0003662121156631226	0.0005253904097046735	0.01851108037689797	-0.002187633562218849	-0.0004802808957047322
0.0008352374761573245	4.149913023576701e-05	-0.0013144199664298917	8.244281681779597e-06	0.001087075005723026	0.016950845387960767	-0.0016259489662011628	0.00026863189898529427
0.0005231904783704611	-0.0002081384679941678	-0.001252010566872741	-0.00030380271610574994	0.0007750280079350524	0.01782457698176554	-0.002000405363546287	-0.0005426902952614387
0.0007104186770430232	4.149913023576701e-05	-0.0011896011673151463	-0.00011657451743340985	0.0008998468070502419	0.022068416151674652	-0.0019379959639886923	0.00026863189898529427
-0.00041295051499212754	-0.0002705478675517625	-0.0015016481651020097	-0.0009903061112381817	0.00021334341191736605	0.026936349317158603	-0.002624499359121124	-0.0004802808957047322
-0.00016331291676174864	-0.0002081384679941678	-0.0015640575646602706	-0.0012399437094678945	0.0002757528114749608	0.031180188487068383	-0.002811727557793464	0.00026863189898529427
-0.003907876890211437	-0.00058259486533907	-0.00274983615625235	-0.0024257223010597517	-0.0010972539787894586	0.03205392008087271	-0.004496781345845635	-0.0004802808957047322
-0.008214125459678145	-0.0012690982604712797	-0.00543344033722426	-0.0037987290913246152	-0.002532670168611695	0.028808631303883114	-0.006556291531242708	0.00026863189898529427
-0.00815171606012055	-0.001206688860914129	-0.005058983939879136	-0.0036115008926527192	-0.0026574889677268843	0.024315154535744732	-0.006493882131685114	-0.00035546209658954275
-0.007839669062333021	-0.0010818700617989396	-0.00524621213855192	-0.0029249974975198434	-0.0022206231708241653	0.017637348783092976	-0.006057016334783283	0.00045586009765807844
-0.008588581857023048	-0.0015811452582590313	-0.005620668535896822	-0.002987406897077438	-0.0024702607690541	0.010273039635309456	-0.006244244533456067	-0.0006050996948194776
-0.006903528068970655	-0.0013939170595866912	-0.005183802738994325	-0.001988856504157921	-0.001658938574807367	0.006216428664072682	-0.005308103540093256	0.00020622249942769955
-0.006341843472952968	-0.0011442794613565344	-0.004559708743419044	-0.0014271719081402345	-0.0014717103761345829	0.006029200465400786	-0.004808828343633165	-0.0006050996948194776
-0.004968836682688549	-0.0012690982604712797	-0.004372480544747148	-0.0016144001068130187	-0.0011596633783474974	0.009461717441061834	-0.004496781345845635	1.899430075535946e-05
-0.003907876890211437	-0.0009570512626841943	-0.0030618831540394353	-0.001551990707255424	-0.001222072777904648	0.015952294995040583	-0.003872687350270798	-0.0007299184939342229
-0.002222823102159488	-0.0002705478675517625	-0.001252010566872741	-0.0011775343099105218	-0.0005355693827722163	0.021818778553444718	-0.002437271160448784	0.00020622249942769955
-0.00309655469596426	-0.0007698230640114101	-0.0017512857633326107	-0.0025505411001753853	-0.0017213479743645177	0.02300455714503702	-0.0033734121538111506	-0.0007923278934918176
-0.0009122257114522192	-0.0003953666666665079	-0.0015016481651020097	-0.001551990707255424	-0.000597978782329811	0.02300455714503702	-0.0027493181582363135	1.899430075535946e-05
-0.00022572231632023154	-0.0003953666666665079	-0.0013768293659874864	-0.0009903061112381817	0.0002757528114749608	0.021069865758755135	-0.002686908758678719	-0.0006050996948194776
0.003955707454031732	0.0004159555275806692	0.0005578620202943974	0.0008819758754865514	0.0022728535973151054	0.02113227515831273	-0.0005025797741666782	0.0003934506981004837
0.005578351842526974	0.0004159555275806692	0.0019932782101168556	0.0013188416723890484	0.0022728535973151054	0.020757818760967384	0.0007456082169827738	-0.0006675090943766282
0.007388224429694112	0.0008528213244825	0.002929419203479222	0.0015060698710613885	0.002772128793774531	0.02069540936140979	0.0018689774090179245	0.00020622249942769955
0.00770027142748142	0.001102458922713101	0.003927969596398961	0.001194022873273859	0.0026473099946597856	0.020757818760967384	0.0023058432059204215	-0.00035546209658954275
0.008823640619515682	0.0011648683222702516	0.004614472991531171	0.0017557074692917674	0.002959356992447093	0.021881187953002312	0.0028675278019376638	0.000331041298542889
0.0075754526283666745	0.001102458922713101	0.0041151977950713015	0.0015060698710613885	0.0026473099946597856	0.022318053749904587	0.0023058432059204215	-0.0004178714961471375
0.006452083436331746	0.0008528213244825	0.0026797816052492873	0.0013188416723890484	0.0026473099946597856	0.0225676913481343	0.0012448834134433095	0.000331041298542889
0.005079076646066882	0.000665593125810604	0.00236773460746198	0.0011316134737164862	0.0020232159990845044	0.024502382734416628	0.00012151422140838086	-0.0004178714961471375
0.004454982650491823	0.0008528213244825	0.0017436406118869208	0.0010067946746012968	0.002148034798199916	0.02618743652246902	-0.0002529421759367434	0.00045586009765807844
0.0012096938735028928	4.149913023576701e-05	-3.822575722622901e-06	-0.0006782591134506522	0.0005253904097046735	0.025750570725566746	-0.0018755865644315417	-0.0005426902952614387
0.0018961972686348805	0.00047836492713781986	0.0005578620202943974	-0.00011657451743340985	0.0009622562066073925	0.026125027122911426	-0.0013139019684140774	0.0005182694972152291
0.0010224656748301086	0.00016631792935029033	0.0004954526207372467	-0.0007406685130078028	0.00040057161059015023	0.02369106054016945	-0.0031861839551388105	-0.00035546209658954275
0.0018961972686348805	0.0007280025253681988	0.0008074996185245542	0.00019547248035456377	0.0012118938048373273	0.021069865758755135	-0.0008770361715115804	0.0007679070954453859
0.0008976468757149192	0.0002287273289081071	0.0005578620202943974	-0.00011657451743340985	0.0005253904097046735	0.017325301785305447	-0.0011890831692986659	-0.0002930526970323921
0.001396922072175455	0.0005407743266954146	0.0005578620202943974	0.0003202912794690871	0.001087075005723026	0.014828925803005877	-0.0005025797741666782	0.0006430882963304185
0.0007728280765997297	0.00010390852979291765	0.00030822442206490663	-0.00017898391699100458	0.0005877998092629344	0.013393509613183863	-0.0010018549706267699	-0.0002930526970323921
0.0010848750743872593	0.0005407743266954146	0.0006202714198519921	0.00044511007858427654	0.001087075005723026	0.015203382200351001	-0.0005649891737242729	0.0006430882963304185
-3.849411764744737e-05	0.00010390852979291765	-0.0003158695735099304	-0.00030380271610574994	0.00046298101014730086	0.017325301785305447	-0.001376311367971672	-0.0002306432974747974
0.0006480092774854285	-2.09102693222718e-05	-0.0005030977721827146	-0.00042862151522027325	0.000650209208819863	0.020258543564507514	-0.0015011301670868615	0.0001438130998705489
-0.0004753599145495002	-0.0002081384679941678	-0.000815144769970022	-0.0006782591134506522	-9.870358586971939e-05	0.02306696654459439	-0.0021252241626612545	-0.0005426902952614387
0.0004607810788126443	0.0003535461280230745	-0.0007527353704126494	-0.0004910309147783121	0.0007750280079350524	0.02512647672999191	-0.0016883583657587575	0.0005806788967728238
-0.0004753599145495002	-0.0002081384679941678	-0.0008775541695278388	-0.0009278967116801429	-3.6294186312124666e-05	0.025064067330434314	-0.002250042961776444	-0.0005426902952614387
0.00021114348058293153	-8.331966887897835e-05	-0.0006279165712974599	-0.0007406685130078028	0.0003381622110321114	0.024439973334859033	-0.0016883583657587575	0.0001438130998705489
-0.00022572231632023154	-8.331966887897835e-05	-0.0003782789730675251	-0.0009903061112381817	0.00021334341191736605	0.02238046314946196	-0.0017507677653163523	-0.00035546209658954275
0.0005855998779278337	0.00016631792935029033	-6.623197528021763e-05	-0.00042862151522027325	0.000650209208819863	0.02082022816052498	-0.0011890831692986659	0.00045586009765807844
-0.0002881317158769381	-2.09102693222718e-05	-0.0001286413748375903	-0.0006158497138930574	2.611521324547006e-05	0.018885536774243095	-0.0014387207675288227	-0.0004178714961471375
-0.0002881317158769381	-8.331966887897835e-05	-0.0006903259708550546	-0.0006158497138930574	0.00021334341191736605	0.017013254787517917	-0.0014387207675288227	0.000331041298542889
-0.004594380285343869	-0.0007698230640114101	-0.002500198558021971	-0.001739218905927764	-0.0012844821774617987	0.014329650606545785	-0.003498230952925896	-0.0005426902952614387
-0.007652440863660681	-0.0009570512626841943	-0.004559708743419044	-0.002363312901503045	-0.0019709855725946746	0.012644596818493836	-0.004808828343633165	0.0003934506981004837
-0.008026897261005805	-0.001206688860914129	-0.004871755741206796	-0.002612950499732536	-0.0022206231708241653	0.012020502822919	-0.005120875341420694	-0.00035546209658954275
-0.0080893066605634	-0.001206688860914129	-0.005058983939879136	-0.0023009035019454505	-0.0020333949721522693	0.012394959220263901	-0.004996056542305505	0.0003934506981004837
-0.009150266453040734	-0.0017059640573742207	-0.00543344033722426	-0.003049816296635033	-0.0026574889677268843	0.012894234416724215	-0.005557741138323191	-0.0006675090943766282
-0.006716299870298537	-0.0010818700617989396	-0.004434889944304743	-0.0023009035019454505	-0.0014717103761345829	0.015078563401236256	-0.004371962546731112	0.0003934506981004837
-0.007215575066758628	-0.0015187358587014366	-0.004247661745631959	-0.0027377692988477254	-0.0021582137712670146	0.016826026588845577	-0.004621600144961269	-0.0007299184939342229
-0.004407152086671529	-0.00058259486533907	-0.0028746549553670953	-0.0018016283054853588	-0.00084761638056019	0.01988408716716239	-0.003061365156024065	0.00045586009765807844
-0.0025348700999465734	-0.0004577760662241026	-0.001439238765544637	-0.001739218905927764	-0.0003483411841000983	0.021569140955214783	-0.002250042961776444	-0.00035546209658954275
-0.0010994539101245593	-2.09102693222718e-05	-0.0006279165712974599	-0.0008654873121229922	8.852461280306478e-05	0.02281732894636468	-0.001376311367971672	0.0005182694972152291
-0.0013490915083547161	-0.0002081384679941678	-0.0005655071717403093	-0.0011775343099105218	2.611521324547006e-05	0.021756369153887567	-0.001376311367971672	-0.00035546209658954275
-3.849411764744737e-05	-0.00014572906843657307	-0.0003782789730675251	-0.0008030779125653975	0.0005253904097046735	0.01988408716716239	-0.0008770361715115804	0.0003934506981004837
-0.0003505411154345328	-0.00033295726710935725	-6.623197528021763e-05	-0.0005534403143359068	8.852461280306478e-05	0.017762167582208388	-0.0006898079728387962	-0.0005426902952614387
0.003706069855802241	0.0007904119249257935	0.0016812312123297701	0.0008819758754865514	0.001960806599527354	0.017325301785305447	0.0016193398107875456	0.0005806788967728238
0.00576558004119887	0.0004159555275806692	0.0028670098039216274	0.0010692040741588915	0.002085625398642099	0.01651397959105827	0.002430662005035611	-0.0006675090943766282
0.007325815030136074	0.001102458922713101	0.003927969596398961	0.0021301638666362255	0.002959356992447093	0.017450120584420636	0.0036164405966276902	0.000331041298542889
0.0071385868314637335	0.0009776401235979115	0.003927969596398961	0.0016308886701761338	0.0026473099946597856	0.017949395780880728	0.0036164405966276902	-0.0005426902952614387
0.008636412420843786	0.001289687121384997	0.004676882391088988	0.00219257326619382	0.0033338133897917732	0.019447221370260337	0.004240534592202527	0.00026863189898529427
0.007263405630578923	0.001102458922713101	0.00436483539330168	0.0016932980697337285	0.002522491195544596	0.019634449568932677	0.0036164405966276902	-0.0004178714961471375
0.005578351842526974	0.0008528213244825	0.003366285000381719	0.0009443852750441462	0.002085625398642099	0.015827476195925394	0.0027427090028229184	0.00020622249942769955
0.004767029648279797	0.0003535461280230745	0.002991828603036817	0.0006323382772570607	0.001274303204394922	0.017013254787517917	0.0019313868085755193	-0.0007923278934918176
0.003893298054475025	0.0005407743266954146	0.0024925534065769472	0.0006947476768142113	0.0013991220035098895	0.014828925803005877	0.001744158609902735	0.00020622249942769955
0.0012096938735028928	0.00010390852979291765	0.0011819560158696785	-0.00017898391699100458	0.0003381622110321114	0.011583637026016724	0.0002463330205231262	-0.0004802808957047322
0.001771378469519691	0.00016631792935029033	0.0011819560158696785	0.00019547248035456377	0.0007126186083774577	0.010397858434424201	0.0005583800183108778	0.00026863189898529427
0.0009600562752725139	0.0004159555275806692	0.0013067748149839797	0.0005075194781414272	0.0007126186083774577	0.010959543030441443	0.0005583800183108778	-0.0001058244983593859
0.0015217408712902003	0.0002911367284657018	0.0008074996185245542	0.0003202912794690871	0.0009622562066073925	0.012145321622033967	0.0005583800183108778	0.0003934506981004837
0.0003983716792552716	-2.09102693222718e-05	0.0006202714198519921	-0.00011657451743340985	0.0003381622110321114	0.014579288204776386	5.910482185078614e-05	-0.0004802808957047322
0.0003359622796976769	0.00010390852979291765	0.0002458150225073119	-0.00024139331654771112	0.00040057161059015023	0.017949395780880728	5.910482185078614e-05	0.000331041298542889
0.00021114348058293153	-2.09102693222718e-05	0.0002458150225073119	-0.0008030779125653975	0.0003381622110321114	0.02013372476539277	-3.304577706808587e-06	-0.0004802808957047322
0.0003983716792552716	4.149913023576701e-05	0.00018340562294971718	-0.00042862151522027325	0.0003381622110321114	0.0216315503547726	5.910482185078614e-05	0.00026863189898529427
8.632468146774208e-05	0.00016631792935029033	0.0004954526207372467	-0.00042862151522027325	0.00046298101014730086	0.022006006752117502	0.0003087424200804989	-0.0001058244983593859
0.0008976468757149192	0.0004159555275806692	0.0006202714198519921	-0.00017898391699100458	0.0010246656061649873	0.02032095296406511	0.0006207894178680284	0.0007054976958877912
-3.849411764744737e-05	-8.331966887897835e-05	0.0006202714198519921	-0.0005534403143359068	0.0002757528114749608	0.01769975818265035	0.0001839236209655315	-0.0004178714961471375
0.0004607810788126443	0.0002911367284657018	0.0006826808194095868	-5.416511787581513e-05	0.0008998468070502419	0.015390610399023563	0.0007456082169827738	0.0005182694972152291
-0.0003505411154345328	-0.00033295726710935725	0.00037063382162250136	-0.0008654873121229922	0.00021334341191736605	0.012020502822919	0.00012151422140838086	-0.0006050996948194776
0.0004607810788126443	-8.331966887897835e-05	0.0008074996185245542	-0.00011657451743340985	0.000650209208819863	0.011458818226901535	0.0006831988174256232	0.00020622249942769955
-0.0006625881132218403	-0.00033295726710935725	0.0004330432211792079	-0.0006158497138930574	8.852461280306478e-05	0.011521227626459574	0.0001839236209655315	-0.0006675090943766282
0.00021114348058293153	-2.09102693222718e-05	0.00037063382162250136	-0.00024139331654771112	0.0007126186083774577	0.012207731021591561	0.0005583800183108778	0.00026863189898529427
-0.000537769314107539	-0.0002081384679941678	0.00018340562294971718	-0.00042862151522027325	2.611521324547006e-05	0.013206281414511079	0.0001839236209655315	-0.0006050996948194776
-0.0010994539101245593	-0.0004577760662241026	-0.0006903259708550546	-0.0008030779125653975	2.611521324547006e-05	0.013518328412298608	-0.00019053277637959276	-4.3415098801791174e-05
-0.005842568276493543	-0.0009570512626841943	-0.00274983615625235	-0.0021136753032731104	-0.0017213479743645177	0.012394959220263901	-0.0025620899595639735	-0.0006050996948194776
-0.007839669062333021	-0.0011442794613565344	-0.0043100711451895535	-0.002363312901503045	-0.0022206231708241653	0.011458818226901535	-0.0036230497520410854	0.00026863189898529427
-0.008338944258793113	-0.0012690982604712797	-0.004434889944304743	-0.002862588097962915	-0.002532670168611695	0.010273039635309456	-0.003997506149385988	-0.0004178714961471375
-0.008463763057908302	-0.0013939170595866912	-0.004684527542534234	-0.0027377692988477254	-0.0025950795681692895	0.008775214045929403	-0.004184734348058772	0.00026863189898529427
-0.00927508525215548	-0.0017059640573742207	-0.004684527542534234	-0.002987406897077438	-0.003094354764628937	0.007776663653009441	-0.004559190745403674	-0.0006050996948194776
-0.0073403938658729295	-0.0013939170595866912	-0.004060433546959619	-0.0025505411001753853	-0.00209580437170942	0.007027750858320303	-0.003685459151598458	1.899430075535946e-05
-0.006653890470740942	-0.0013939170595866912	-0.0032491113527122195	-0.002363312901503045	-0.0020333949721522693	0.006840522659647519	-0.0033734121538111506	-0.0006675090943766282
-0.005218474280918706	-0.001019460662241789	-0.0026250173571376045	-0.0016768095063706134	-0.0014717103761345829	0.008463167048142317	-0.0023124523613335946	1.899430075535946e-05
-0.003034145296406665	-0.0008322324635694489	-0.0016264669642174212	-0.0014895813076982733	-0.0009100257801168965	0.010210630235752305	-0.0013139019684140774	-0.0007923278934918176
-0.0015987291065842069	-0.0004577760662241026	-0.0011271917677575516	-0.0007406685130078028	-9.870358586971939e-05	0.012145321622033967	-0.0005025797741666782	8.140370031295419e-05
-0.0020980043030442985	-0.0007074136644542595	-0.0010023729686428062	-0.0010527155107953323	-0.0006603881818874058	0.01383037541008636	-0.0005649891737242729	-0.0008547372930494124
-0.0013490915083547161	-0.00058259486533907	-0.001252010566872741	-0.0010527155107953323	-0.0002235223849846868	0.015140972800793406	-0.00019053277637959276	-0.0001058244983593859
-0.00041295051499212754	-0.00033295726710935725	-0.00019105077439518503	-0.0005534403143359068	2.611521324547006e-05	0.016638798390173015	0.0003711518196385377	-0.0007299184939342229
0.0035812510566870515	0.0004159555275806692	0.0015564124132145807	0.0005075194781414272	0.0013991220035098895	0.01782457698176554	0.0023058432059204215	8.140370031295419e-05
0.0058903988403145036	0.0007280025253681988	0.0034911037994969085	0.0010067946746012968	0.002085625398642099	0.01819903337911022	0.003429212397955128	-0.0006050996948194776
0.006764130434119053	0.0006031837262530093	0.003990378995956556	0.0013188416723890484	0.0022728535973151054	0.017262892385748296	0.003866078194857625	-0.0001058244983593859
0.0071385868314637335	0.0009152307240405388	0.004739291790646583	0.0015060698710613885	0.002335262996871812	0.016326751392385486	0.00411571579308756	-0.0006675090943766282
0.008261956023498884	0.0009776401235979115	0.0049265199893184786	0.0016932980697337285	0.0028969475928897204	0.014516878805218347	0.004490172190432018	-4.3415098801791174e-05
0.006264855237658962	0.00047836492713781986	0.00448965419241687	0.001194022873273859	0.001960806599527354	0.012894234416724215	0.003491621797512501	-0.000917146692606785
0.005328714244296595	0.000665593125810604	0.0036783319981688045	0.001381251071946643	0.001960806599527354	0.011895684023804254	0.0031171654001675986	1.899430075535946e-05
0.0052663048447394445	0.000665593125810604	0.003428694399939314	0.0010692040741588915	0.0018359878004121644	0.011271590028229195	0.002805118402380069	-0.0005426902952614387
0.0031443852597845545	0.0002287273289081071	0.002118097009231601	0.0007571570763718061	0.0012118938048373273	0.010897133630884737	0.0020562056076904867	1.899430075535946e-05
0.0008352374761573245	-0.00014572906843657307	0.0011195466163120837	-0.00011657451743340985	0.0003381622110321114	0.011084361829556633	0.0009952458152131527	-0.0007299184939342229
0.001584150270847351	4.149913023576701e-05	0.0009323184176397437	8.244281681779597e-06	0.0007750280079350524	0.012582187418936686	0.0011824740138857148	8.140370031295419e-05
0.00021114348058293153	-0.00033295726710935725	0.0005578620202943974	-0.0004910309147783121	-9.870358586971939e-05	0.013580737811856647	0.0004959706187532831	-0.0007299184939342229
0.001147284473945298	0.0002287273289081071	0.0011195466163120837	8.244281681779597e-06	0.0008374374074926472	0.015390610399023563	0.0011824740138857148	0.0001438130998705489
-0.000100903517204598	-0.0002081384679941678	0.0009947278171968943	-0.0008030779125653975	8.852461280306478e-05	0.015265791599908596	0.00043356121919568835	-0.0006675090943766282
0.0005855998779278337	0.00010390852979291765	0.001494003013656986	-0.00024139331654771112	0.00040057161059015023	0.015765066796368687	0.0008704270160984073	0.000331041298542889
0.0001487340810253368	-8.331966887897835e-05	0.0013691842145420186	-0.0006158497138930574	0.00021334341191736605	0.014329650606545785	0.0006207894178680284	-0.0004178714961471375
0.0009600562752725139	0.0002287273289081071	0.001494003013656986	-0.00024139331654771112	0.0007126186083774577	0.013143872014953484	0.000932836415655558	0.0005182694972152291
-0.0002881317158769381	-8.331966887897835e-05	0.0011819560158696785	-0.00030380271610574994	8.852461280306478e-05	0.012020502822919	0.0005583800183108778	-0.0004178714961471375
0.0004607810788126443	-0.0002081384679941678	0.0004330432211792079	-0.00030380271610574994	0.00040057161059015023	0.010897133630884737	0.0008080176165403685	8.140370031295419e-05
8.632468146774208e-05	-8.331966887897835e-05	0.0004330432211792079	-0.00017898391699100458	0.0003381622110321114	0.010709905432212397	0.0007456082169827738	-0.00035546209658954275
-0.0002881317158769381	-8.331966887897835e-05	-3.822575722622901e-06	-0.00017898391699100458	0.0002757528114749608	0.011021952429999038	0.0008080176165403685	0.000331041298542889
-0.000537769314107539	-0.0002081384679941678	-6.623197528021763e-05	-0.0004910309147783121	8.852461280306478e-05	0.01133399942778679	0.0007456082169827738	-0.0004178714961471375
0.00027355288014008217	0.00010390852979291765	-3.822575722622901e-06	-5.416511787581513e-05	0.00046298101014730086	0.011583637026016724	0.0009952458152131527	0.00045586009765807844
-0.0008498163118946245	-0.00033295726710935725	-3.822575722622901e-06	-0.0004910309147783121	-3.6294186312124666e-05	0.011396408827344384	0.0005583800183108778	-0.0006050996948194776
0.00021114348058293153	0.00010390852979291765	0.0004330432211792079	-0.00017898391699100458	0.0005253904097046735	0.010959543030441443	0.0008080176165403685	0.00045586009765807844
-0.00041295051499212754	-0.00014572906843657307	0.0006202714198519921	-0.00042862151522027325	2.611521324547006e-05	0.009773764438849586	0.0003087424200804989	-0.00035546209658954275
-0.0010994539101245593	0.00010390852979291765	0.00037063382162250136	-0.00024139331654771112	-9.870358586971939e-05	0.008338348249027572	5.910482185078614e-05	0.0005182694972152291
-0.006341843472952968	-0.0008946418631270436	-0.0022505609597922582	-0.0019264471046003262	-0.0019085761730370798	0.004656193675135478	-0.002624499359121124	-0.00035546209658954275
-0.007527622064545936	-0.0011442794613565344	-0.003498748950941488	-0.0021136753032731104	-0.0021582137712670146	0.002659092889296222	-0.003498230952925896	0.0003934506981004837
-0.008775810055695832	-0.001456326459144286	-0.004060433546959619	-0.0025505411001753853	-0.0028447171663994464	0.0022846364919510975	-0.003997506149385988	-0.0005426902952614387
-0.008838219455252982	-0.001643554657816626	-0.004746936942091828	-0.0027377692988477254	-0.0025950795681692895	0.002971139887083085	-0.004122324948501177	0.0001438130998705489
-0.008713400656137793	-0.0013315076600293185	-0.004185252346074808	-0.0024257223010597517	-0.0026574889677268843	0.00515546887159557	-0.003747868551156275	-0.0004802808957047322
-0.007465212664988341	-0.0012690982604712797	-0.003935614747844651	-0.0022384941023878557	-0.0019709855725946746	0.00790148245212463	-0.002811727557793464	0.0001438130998705489
-0.0071531656672010335	-0.0013939170595866912	-0.003498748950941488	-0.0024881317006173465	-0.00209580437170942	0.01002340203707952	-0.002686908758678719	-0.0007299184939342229
-0.004844017883573359	-0.0008946418631270436	-0.002312970359349409	-0.0016768095063706134	-0.001222072777904648	0.012457368619821496	-0.001376311367971672	0.0001438130998705489
-0.003034145296406665	-0.0006450042648966647	-0.0008775541695278388	-0.0013023531090254892	-0.0007227975814445564	0.013455919012741013	-0.00037776097505193285	-0.0006050996948194776
-0.0014739103074690174	-0.0002705478675517625	-6.623197528021763e-05	-0.0009278967116801429	8.852461280306478e-05	0.012894234416724215	0.0003087424200804989	0.00020622249942769955
-0.001973185503929109	-0.0005201854657821414	0.00030822442206490663	-0.0009278967116801429	-0.0004731599832146216	0.011770865224689508	0.00012151422140838086	-0.0007299184939342229
-0.0007874069123370298	-0.0002081384679941678	0.0007450902189671815	-0.00042862151522027325	0.0003381622110321114	0.010397858434424201	0.0006831988174256232	0.00020622249942769955
0.0003983716792552716	-0.00033295726710935725	0.0013691842145420186	-0.00042862151522027325	0.00046298101014730086	0.009212079842832344	0.0009952458152131527	-0.0007299184939342229
0.004330163851376856	0.0005407743266954146	0.003428694399939314	0.0011316134737164862	0.0018359878004121644	0.010772314831769547	0.0031171654001675986	0.00026863189898529427
0.005827989440756465	0.0006031837262530093	0.00436483539330168	0.001194022873273859	0.0020232159990845044	0.011958093423361404	0.004053306393529965	-0.0007299184939342229
0.007200996231021328	0.0007904119249257935	0.0045520635919740204	0.0014436604715042378	0.002772128793774531	0.012707006218051431	0.004677400389104802	-4.3415098801791174e-05
0.0069513586327918375	0.0008528213244825	0.004801701190203733	0.0016932980697337285	0.0024600817959870014	0.01439206000610338	0.004864628587777142	-0.0007299184939342229
0.007949909025711355	0.0011648683222702516	0.004864110589761328	0.0019429356679641074	0.002959356992447093	0.015078563401236256	0.0052390849851224885	8.140370031295419e-05
0.006202445838101367	0.0007280025253681988	0.004240016594186491	0.0014436604715042378	0.0022104441977575107	0.013892784809643954	0.004240534592202527	-0.0007923278934918176
0.00520389544518185	0.0007280025253681988	0.00361592259861121	0.001381251071946643	0.001960806599527354	0.012582187418936686	0.003678849996185285	0.0001438130998705489
0.004642210849164163	0.00047836492713781986	0.0034911037994969085	0.0008819758754865514	0.0013367126039522947	0.010085811436636671	0.003054756000610448	-0.0007299184939342229
0.0025202912642101616	0.0003535461280230745	0.0024925534065769472	0.0006323382772570607	0.0008374374074926472	0.007214979056992643	0.001993796208132892	0.0001438130998705489
0.0005855998779278337	-0.0002705478675517625	0.0015564124132145807	-0.00011657451743340985	-9.870358586971939e-05	0.004905831273365413	0.0007456082169827738	-0.0007923278934918176
0.0010848750743872593	-8.331966887897835e-05	0.0014315936140993912	0.00019547248035456377	0.00021334341191736605	0.003907280880445452	0.0008704270160984073	1.899430075535946e-05
0.0005231904783704611	-0.0002081384679941678	0.0013691842145420186	-0.00017898391699100458	-9.870358586971939e-05	0.003907280880445452	0.0005583800183108778	-0.0006675090943766282
0.0006480092774854285	-2.09102693222718e-05	0.0013067748149839797	7.065368123937432e-05	0.00015093401235977133	0.005093059472037975	0.0009952458152131527	8.140370031295419e-05
-3.849411764744737e-05	-0.00014572906843657307	0.0009323184176397437	-0.00042862151522027325	-3.6294186312124666e-05	0.005904381666285152	0.0006831988174256232	-0.0005426902952614387
0.00027355288014008217	-2.09102693222718e-05	0.0006826808194095868	-0.00011657451743340985	0.00021334341191736605	0.007027750858320303	0.0008704270160984073	8.140370031295419e-05
-0.0006001787136642456	-0.0003953666666665079	0.0004330432211792079	-0.00042862151522027325	-0.0002235223849846868	0.00783907305256748	0.0007456082169827738	-0.0007299184939342229
0.0003983716792552716	-2.09102693222718e-05	0.0006826808194095868	7.065368123937432e-05	0.0005253904097046735	0.008587985847257507	0.001369702212558055	0.00020622249942769955
-0.0007874069123370298	-0.0005201854657821414	0.0002458150225073119	-0.0005534403143359068	-0.0004731599832146216	0.008650395246815101	0.0006831988174256232	-0.0007299184939342229
0.0001487340810253368	0.0002287273289081071	0.000869909018082371	0.0003827006790266818	0.0005253904097046735	0.00983617383840718	0.0016193398107875456	0.00045586009765807844
-0.0006001787136642456	-0.0002705478675517625	0.0006202714198519921	-0.0004910309147783121	2.611521324547006e-05	0.009399308041504684	0.0009952458152131527	-0.0006050996948194776
-0.000537769314107539	-0.00033295726710935725	0.000869909018082371	-0.0003662121156631226	2.611521324547006e-05	0.009960992637521926	0.0009952458152131527	1.899430075535946e-05
-0.0007874069123370298	-0.00033295726710935725	0.0013067748149839797	-0.0006782591134506522	-3.6294186312124666e-05	0.010085811436636671	0.0008080176165403685	-0.0006050996948194776
8.632468146774208e-05	-0.0002705478675517625	0.0013691842145420186	-0.0007406685130078028	0.0003381622110321114	0.009399308041504684	0.0008704270160984073	8.140370031295419e-05
-0.0008498163118946245	-0.0004577760662241026	0.0014315936140993912	-0.0009278967116801429	-0.00016111298542731411	0.008837623445486997	0.00043356121919568835	-0.0007923278934918176
-0.000537769314107539	-0.0002705478675517625	0.0013691842145420186	-0.00042862151522027325	0.00015093401235977133	0.008275938849469533	0.0008704270160984073	0.0001438130998705489
-0.00016331291676174864	-0.00014572906843657307	0.0013691842145420186	-0.0003662121156631226	0.00046298101014730086	0.006653294460975179	0.0009952458152131527	-0.0004802808957047322
-0.0018483667048141417	-0.0003953666666665079	-6.623197528021763e-05	-0.0003662121156631226	-0.00016111298542731411	0.00534269707026791	0.0002463330205231262	0.0001438130998705489
-0.0075900314641035305	-0.001206688860914129	-0.0028746549553670953	-0.0020512659037155156	-0.0020333949721522693	0.002971139887083085	-0.0023124523613335946	-0.0006675090943766282
-0.007652440863660681	-0.001019460662241789	-0.003561158350499527	-0.0019264471046003262	-0.0019709855725946746	0.0027215022888535945	-0.002686908758678719	0.0003934506981004837
-0.008713400656137793	-0.0013939170595866912	-0.003935614747844651	-0.0023009035019454505	-0.0025950795681692895	0.00303354928664068	-0.0029365463569088757	-0.00035546209658954275
-0.008650991256580642	-0.001206688860914129	-0.003935614747844651	-0.0021136753032731104	-0.0022206231708241653	0.0037824620813307064	-0.0029365463569088757	0.00045586009765807844
-0.008963038254368172	-0.0017059640573742207	-0.003748386549172311	-0.0027377692988477254	-0.0028447171663994464	0.003844871480888301	-0.0033734121538111506	-0.0006050996948194776
-0.007090756267643439	-0.001019460662241789	-0.00256260795758001	-0.0019264471046003262	-0.0019085761730370798	0.0050306500724806025	-0.0024996805600059346	0.000331041298542889
-0.006778709269856131	-0.0012690982604712797	-0.002063332761119918	-0.0023009035019454505	-0.0021582137712670146	0.0050306500724806025	-0.002624499359121124	-0.0006050996948194776
-0.0037206486915386527	-0.00058259486533907	-0.00044068837262511984	-0.0012399437094678945	-0.0007227975814445564	0.005779562867170185	-0.0010642643701843646	0.0003934506981004837
-0.0029717358968490704	-0.0007074136644542595	0.00037063382162250136	-0.0010527155107953323	-0.0007852069810025952	0.006154019264515087	-0.0006273985732816456	-0.0006050996948194776
-0.0012242727092395267	-0.0002081384679941678	0.0005578620202943974	-0.00042862151522027325	0.00015093401235977133	0.006528475661860211	0.0003711518196385377	0.000331041298542889
-0.0014739103074690174	-0.0003953666666665079	0.0002458150225073119	-0.0007406685130078028	-0.0003483411841000983	0.006029200465400786	0.00043356121919568835	-0.0005426902952614387
-0.0009122257114522192	-0.0002081384679941678	0.0004330432211792079	-0.00024139331654771112	-3.6294186312124666e-05	0.007277388456549572	0.001120064614327676	0.00020622249942769955
0.00027355288014008217	-0.00033295726710935725	0.0006826808194095868	-0.00042862151522027325	2.611521324547006e-05	0.007589435454337545	0.0016817492103455844	-0.0007923278934918176
0.004642210849164163	0.000665593125810604	0.0028670098039216274	0.001381251071946643	0.0018359878004121644	0.009336898641947089	0.004053306393529965	0.00026863189898529427
0.006077627038987066	0.0007904119249257935	0.004240016594186491	0.001818116868848918	0.0022728535973151054	0.00983617383840718	0.004864628587777142	-0.0005426902952614387
0.0069513586327918375	0.0007280025253681988	0.004614472991531171	0.001818116868848918	0.0026473099946597856	0.008775214045929403	0.004927037987334737	1.899430075535946e-05
0.007513043228808636	0.0009152307240405388	0.005737842183566544	0.0019429356679641074	0.002584900595102191	0.008213529449912604	0.005114266186007299	-0.0006050996948194776
0.008012318425268505	0.0010400495231555063	0.00592507038223844	0.0021301638666362255	0.0028969475928897204	0.007714254253452735	0.005114266186007299	8.140370031295419e-05
0.005453533043411785	0.0002911367284657018	0.005051338788434112	0.0010692040741588915	0.001711169001297419	0.006091609864957492	0.0036164405966276902	-0.000917146692606785
0.005827989440756465	0.0011648683222702516	0.0051761575875488575	0.001818116868848918	0.002335262996871812	0.005779562867170185	0.0038036687952995862	0.0003934506981004837
0.004517392050049862	0.0005407743266954146	0.004739291790646583	0.0013188416723890484	0.0015239408026246348	0.0050306500724806025	0.002992346601052853	-0.0005426902952614387
0.0018961972686348805	0.0003535461280230745	0.002742191004806882	0.00044511007858427654	0.0009622562066073925	0.0030959586861982746	0.0019313868085755193	0.000331041298542889
0.0007104186770430232	-2.09102693222718e-05	0.0016812312123297701	0.00019547248035456377	0.0002757528114749608	0.0037200526817731117	0.0012448834134433095	-0.0005426902952614387
0.0007728280765997297	0.00016631792935029033	0.0018060500114440714	0.0006323382772570607	0.0005253904097046735	0.005467515869383099	0.0016817492103455844	0.00020622249942769955
0.0003983716792552716	-0.0002081384679941678	0.0013067748149839797	-0.00011657451743340985	-3.6294186312124666e-05	0.00534269707026791	0.001369702212558055	-0.0006675090943766282
0.0005231904783704611	0.00016631792935029033	0.0015564124132145807	0.0003202912794690871	0.00046298101014730086	0.007214979056992643	0.001556930411230839	0.00026863189898529427
-3.849411764744737e-05	-2.09102693222718e-05	0.0019932782101168556	0.00019547248035456377	0.0002757528114749608	0.008275938849469533	0.001556930411230839	-0.0004802808957047322
0.0003983716792552716	4.149913023576701e-05	0.002118097009231601	-5.416511787581513e-05	0.0003381622110321114	0.007776663653009441	0.0014321116121156496	0.00020622249942769955
8.632468146774208e-05	-2.09102693222718e-05	0.0028046004043640327	-5.416511787581513e-05	0.00021334341191736605	0.007464616655222356	0.0012448834134433095	-0.00035546209658954275
0.0003983716792552716	0.00016631792935029033	0.0028046004043640327	0.00019547248035456377	0.000650209208819863	0.007027750858320303	0.0014321116121156496	0.000331041298542889
-0.0007874069123370298	-0.00033295726710935725	0.00236773460746198	-0.00042862151522027325	8.852461280306478e-05	0.0062788380636302765	0.0006831988174256232	-0.0006675090943766282
8.632468146774208e-05	-8.331966887897835e-05	0.0024301440070193525	7.065368123937432e-05	0.00040057161059015023	0.006840522659647519	0.0012448834134433095	0.00020622249942769955
-0.0004753599145495002	-2.09102693222718e-05	0.0021805064087891957	-0.00030380271610574994	0.0002757528114749608	0.007402207255664983	0.0012448834134433095	-0.00035546209658954275
-3.849411764744737e-05	-2.09102693222718e-05	0.0018060500114440714	-0.00024139331654771112	0.0005253904097046735	0.007963891851682225	0.0014945210116732444	0.000331041298542889
-0.0009746351110093698	-8.331966887897835e-05	0.0016812312123297701	-0.00030380271610574994	2.611521324547006e-05	0.008837623445486997	0.0014321116121156496	-0.0004178714961471375
0.00021114348058293153	0.0002911367284657018	0.0017436406118869208	0.00019547248035456377	0.0007126186083774577	0.008338348249027572	0.0020562056076904867	0.0005806788967728238
-0.000537769314107539	0.00010390852979291765	0.0015564124132145807	7.065368123937432e-05	0.00040057161059015023	0.006778113260089924	0.0016193398107875456	-0.00016823389791720267
-3.849411764744737e-05	0.0002287273289081071	0.001494003013656986	0.0005699288776990219	0.0007126186083774577	0.005405106469825505	0.0016817492103455844	0.00045586009765807844
-0.0004753599145495002	-2.09102693222718e-05	0.0016188218127721754	0.00013306308079696905	0.0002757528114749608	0.003220777485313464	0.0012448834134433095	-0.0002930526970323921
-0.0019107761043717364	-0.00014572906843657307	0.0005578620202943974	-0.00017898391699100458	2.611521324547006e-05	0.0012860860990311362	0.0002463330205231262	0.00045586009765807844
-0.008026897261005805	-0.001206688860914129	-0.0023753797589072256	-0.0021136753032731104	-0.00228303257038176	-0.001210289883268434	-0.002874136957351503	-0.0004178714961471375
-0.007652440863660681	-0.0010818700617989396	-0.002687426756694755	-0.001988856504157921	-0.0020333949721522693	-0.001210289883268434	-0.0029365463569088757	0.0003934506981004837
-0.008838219455252982	-0.001456326459144286	-0.003373930151827187	-0.0027377692988477254	-0.002719898367284257	-0.0015223368810552973	-0.0038102779507132034	-0.0004802808957047322
-0.008526172457465453	-0.001206688860914129	-0.0034363395513847816	-0.0022384941023878557	-0.0024078513694969494	-0.00027414888990651143	-0.003311002754253556	0.0005182694972152291
-0.00815171606012055	-0.001206688860914129	-0.0032491113527122195	-0.0024257223010597517	-0.0024078513694969494	0.0004123545052263644	-0.003248593354696405	-0.0002930526970323921
-0.006529071671625752	-0.0010818700617989396	-0.002687426756694755	-0.0019264471046003262	-0.0017213479743645177	0.0014109048981458816	-0.0023748617608916334	0.000331041298542889
-0.006279434073396262	-0.0009570512626841943	-0.001876104562447134	-0.0016144001068130187	-0.0015965291752493282	0.0027215022888535945	-0.0017507677653163523	-0.00035546209658954275
-0.002846917097734325	-0.00014572906843657307	-0.00019105077439518503	-0.00042862151522027325	-0.00016111298542731411	0.004344146677348393	5.910482185078614e-05	0.0008303164950029807
-0.002160413702601449	-0.0002081384679941678	0.0007450902189671815	-0.00017898391699100458	-0.0002235223849846868	0.005280287670710315	0.0005583800183108778	-0.0001058244983593859
-0.0006625881132218403	0.0005407743266954146	0.0016188218127721754	0.00044511007858427654	0.0007750280079350524	0.006216428664072682	0.0016193398107875456	0.0008927258945601313
-0.001161863309681932	4.149913023576701e-05	0.0019932782101168556	8.244281681779597e-06	0.00021334341191736605	0.005779562867170185	0.001120064614327676	1.899430075535946e-05
-0.0004753599145495002	0.0002911367284657018	0.00236773460746198	0.0003827006790266818	0.0005877998092629344	0.006341247463187871	0.0014945210116732444	0.0007054976958877912
0.0012096938735028928	0.00016631792935029033	0.0035535131990545032	0.0005075194781414272	0.0008374374074926472	0.0069029320592051135	0.001993796208132892	-0.00035546209658954275
0.00520389544518185	0.0007904119249257935	0.005238566987106452	0.001381251071946643	0.0024600817959870014	0.008275938849469533	0.0038036687952995862	0.0003934506981004837
0.006576902235446935	0.0012272777218278463	0.006798801976043212	0.002067754467079075	0.002709719394216936	0.009960992637521926	0.0048022191882195475	-0.00016823389791720267
0.0071385868314637335	0.001289687121384997	0.006673983176928466	0.00219257326619382	0.002959356992447093	0.010148220836194266	0.004927037987334737	0.0005182694972152291
0.008137137224383695	0.0014145059205006305	0.0070484395742733685	0.0021301638666362255	0.0032714039902350667	0.009336898641947089	0.005426313183794829	-0.0002306432974747974
0.00819954662394129	0.0013520965209430358	0.006861211375600806	0.0025670296635385004	0.0031465851911198772	0.008712804646372696	0.005488722583351979	0.000331041298542889
0.005703170641641719	0.0010400495231555063	0.005613023384451354	0.001818116868848918	0.0022728535973151054	0.006778113260089924	0.004490172190432018	-0.0002930526970323921
0.005703170641641719	0.001102458922713101	0.004988929388876073	0.002067754467079075	0.0024600817959870014	0.00534269707026791	0.004302943991760122	0.00045586009765807844
0.004330163851376856	0.000665593125810604	0.00436483539330168	0.0015684792706189832	0.0015239408026246348	0.004406556076905543	0.003491621797512501	-0.0004178714961471375
0.0017089690699629845	0.00047836492713781986	0.002742191004806882	0.0009443852750441462	0.0010246656061649873	0.003470415083543177	0.0022434338063628267	0.00045586009765807844
0.0004607810788126443	4.149913023576701e-05	0.00236773460746198	0.0002578818799117144	0.00015093401235977133	0.003408005683985582	0.001369702212558055	-0.0004802808957047322
0.0008352374761573245	4.149913023576701e-05	0.00236773460746198	0.0002578818799117144	0.0003381622110321114	0.004219327878232981	0.001369702212558055	0.00020622249942769955
0.0003359622796976769	0.00016631792935029033	0.0028046004043640327	0.00013306308079696905	0.0003381622110321114	0.0050306500724806025	0.0012448834134433095	-0.00035546209658954275
0.0008352374761573245	0.0003535461280230745	0.0030542380025944116	0.0003202912794690871	0.0007126186083774577	0.005779562867170185	0.0012448834134433095	0.00045586009765807844
-0.00022572231632023154	-8.331966887897835e-05	0.002991828603036817	-0.00011657451743340985	0.00015093401235977133	0.006029200465400786	0.0008080176165403685	-0.0006050996948194776
0.00021114348058293153	-2.09102693222718e-05	0.002554962806134542	-0.00017898391699100458	0.00046298101014730086	0.00571715346761259	0.000932836415655558	0.00026863189898529427
-0.000100903517204598	-0.0002705478675517625	0.0026797816052492873	-0.00030380271610574994	-3.6294186312124666e-05	0.00534269707026791	0.0009952458152131527	-0.0007299184939342229
0.00021114348058293153	4.149913023576701e-05	0.00236773460746198	7.065368123937432e-05	0.0003381622110321114	0.0050306500724806025	0.0016193398107875456	0.00020622249942769955
-3.849411764744737e-05	-0.00014572906843657307	0.0021805064087891957	-0.00024139331654771112	0.00015093401235977133	0.003844871480888301	0.001556930411230839	-0.0004802808957047322
0.0003983716792552716	4.149913023576701e-05	0.002118097009231601	0.00044511007858427654	0.0005253904097046735	0.003595233882657922	0.001993796208132892	0.000331041298542889
-0.0006001787136642456	-2.09102693222718e-05	0.0019932782101168556	0.0003202912794690871	0.0002757528114749608	0.0031583680857558694	0.0016193398107875456	-0.0002930526970323921
-0.000100903517204598	-0.00014572906843657307	0.0015564124132145807	7.065368123937432e-05	0.00046298101014730086	0.0022846364919510975	0.001556930411230839	0.0001438130998705489
-0.0006625881132218403	-0.0003953666666665079	0.0018060500114440714	-0.0003662121156631226	2.611521324547006e-05	0.002409455291065843	0.0009952458152131527	-0.0007299184939342229
-0.00041295051499212754	-0.00014572906843657307	0.0019932782101168556	-0.00011657451743340985	0.0002757528114749608	0.003408005683985582	0.0010576552147707474	0.0001438130998705489
-0.0008498163118946245	-0.0003953666666665079	0.0019308688105592609	-0.0006158497138930574	2.611521324547006e-05	0.003470415083543177	0.0005583800183108778	-0.0005426902952614387
-3.849411764744737e-05	-2.09102693222718e-05	0.0022429158083467904	-5.416511787581513e-05	0.0005253904097046735	0.0041569184786753866	0.0007456082169827738	8.140370031295419e-05
-0.001161863309681932	-0.0003953666666665079	0.0019308688105592609	-0.0004910309147783121	-0.0002235223849846868	0.003907280880445452	0.0002463330205231262	-0.0006675090943766282
-0.0027845076981767303	-0.00033295726710935725	0.0005578620202943974	-0.0008030779125653975	-0.0004107505836570269	0.002409455291065843	-0.0006273985732816456	0.00020622249942769955
-0.008713400656137793	-0.0015811452582590313	-0.002500198558021971	-0.002612950499732536	-0.0029695359655141917	-0.0003989676890208127	-0.003435821553368301	-0.0007923278934918176
-0.007839669062333021	-0.0012690982604712797	-0.002687426756694755	-0.0022384941023878557	-0.0024078513694969494	-0.0003989676890208127	-0.002874136957351503	0.00020622249942769955
-0.00927508525215548	-0.0017683734569309273	-0.003186701953154625	-0.0027377692988477254	-0.003156764164186532	-0.0009606522850384991	-0.003498230952925896	-0.0007923278934918176
-0.008838219455252982	-0.0015811452582590313	-0.0032491113527122195	-0.0023009035019454505	-0.002719898367284257	-0.00021173949034847261	-0.0031861839551388105	8.140370031295419e-05
-0.008401353658350708	-0.0013939170595866912	-0.0023753797589072256	-0.0021136753032731104	-0.0024078513694969494	0.0008492203021286393	-0.002811727557793464	-0.0005426902952614387
-0.007028346868085844	-0.001206688860914129	-0.0015640575646602706	-0.0019264471046003262	-0.0018461667734797071	0.0017229518959334111	-0.002250042961776444	8.140370031295419e-05
-0.006591481071183347	-0.001206688860914129	-0.0006279165712974599	-0.001988856504157921	-0.0019709855725946746	0.002596683489737961	-0.0021252241626612545	-0.0007299184939342229
-0.00347101109330894	-0.0007698230640114101	0.0009947278171968943	-0.001115124910352927	-0.000597978782329811	0.0037824620813307064	-0.0006898079728387962	8.140370031295419e-05
-0.002659688899061541	-0.0006450042648966647	0.0018060500114440714	-0.0010527155107953323	-0.0005355693827722163	0.0039696902800030465	-0.00031535157549389403	-0.0006675090943766282
-0.0012866821087971214	-0.00014572906843657307	0.002554962806134542	-0.00011657451743340985	0.00021334341191736605	0.004905831273365413	0.0006831988174256232	0.000331041298542889
-0.001785957305256991	-0.0006450042648966647	0.0018684594110021102	-0.0008030779125653975	-0.0004107505836570269	0.004219327878232981	0.0003087424200804989	-0.0007299184939342229
-0.00041295051499212754	-0.00033295726710935725	0.0019932782101168556	-0.0003662121156631226	8.852461280306478e-05	0.004468965476463138	0.001120064614327676	1.899430075535946e-05
0.0010848750743872593	-0.00014572906843657307	0.002991828603036817	7.065368123937432e-05	0.00021334341191736605	0.005467515869383099	0.002181024406805232	-0.0008547372930494124
0.005016667246509288	0.0005407743266954146	0.004427244792858831	0.0012564322728316757	0.001898397199969759	0.006403656862745022	0.0041781251926449325	-4.3415098801791174e-05
0.006452083436331746	0.0008528213244825	0.005488204585336165	0.0018805262684062907	0.002335262996871812	0.0064660662623023946	0.00498944738689211	-0.0004802808957047322
0.007388224429694112	0.001102458922713101	0.006049889181354073	0.0023798014648661603	0.0030217663920046878	0.006653294460975179	0.005551131982910018	0.00020622249942769955
0.007450633829251263	0.0011648683222702516	0.0064243455786985315	0.0023173920653090097	0.002959356992447093	0.005966791065842747	0.005426313183794829	-0.0004178714961471375
0.007949909025711355	0.0012272777218278463	0.006361936179141381	0.0023173920653090097	0.0030841757915622825	0.005654744068054995	0.0052390849851224885	0.00020622249942769955
0.004891848447394542	0.00047836492713781986	0.0053633857862211975	0.0012564322728316757	0.001711169001297419	0.004905831273365413	0.003678849996185285	-0.0007299184939342229
0.0052663048447394445	0.0007280025253681988	0.005300976386663603	0.001381251071946643	0.0020232159990845044	0.004531374876020733	0.0035540311970703176	0.00020622249942769955
0.003893298054475025	0.00047836492713781986	0.004801701190203733	0.0009443852750441462	0.0013367126039522947	0.0037200526817731117	0.0027427090028229184	-0.0005426902952614387
0.0015217408712902003	0.0002287273289081071	0.0033038756008241243	0.00044511007858427654	0.0005877998092629344	0.002783911688410745	0.0016193398107875456	0.0001438130998705489
0.0010224656748301086	-2.09102693222718e-05	0.003179056801709379	7.065368123937432e-05	0.0003381622110321114	0.0022846364919510975	0.001369702212558055	-0.0005426902952614387
0.0013345126726174161	0.00016631792935029033	0.0030542380025944116	0.00044511007858427654	0.0005253904097046735	0.002596683489737961	0.0016817492103455844	0.00026863189898529427
0.0003983716792552716	0.00010390852979291765	0.002991828603036817	0.0002578818799117144	0.00021334341191736605	0.0031583680857558694	0.001556930411230839	-0.0004178714961471375
0.0012096938735028928	0.0005407743266954146	0.0033038756008241243	0.0007571570763718061	0.0009622562066073925	0.004032099679560641	0.0022434338063628267	0.0005806788967728238
8.632468146774208e-05	0.00016631792935029033	0.0032414662012669737	0.0002578818799117144	0.0002757528114749608	0.004406556076905543	0.0016817492103455844	-0.0002930526970323921
0.00027355288014008217	0.0003535461280230745	0.003366285000381719	0.00044511007858427654	0.0005877998092629344	0.004781012474250224	0.0018065680094601078	0.00045586009765807844
2.3915281910147357e-05	0.0002287273289081071	0.0034911037994969085	0.00013306308079696905	0.0005253904097046735	0.004219327878232981	0.0016193398107875456	-0.0002306432974747974
0.0005231904783704611	0.0004159555275806692	0.00361592259861121	0.0005699288776990219	0.000650209208819863	0.004219327878232981	0.0018065680094601078	0.0005182694972152291
-0.0003505411154345328	4.149913023576701e-05	0.003428694399939314	7.065368123937432e-05	0.0003381622110321114	0.003470415083543177	0.0012448834134433095	-0.0004178714961471375
0.0005855998779278337	0.0003535461280230745	0.003179056801709379	0.0003202912794690871	0.0007750280079350524	0.002971139887083085	0.0014945210116732444	0.0006430882963304185
