Sensor_1	Sensor_2	Sensor_3	Sensor_4	Sensor_5	Sensor_6	Sensor_7	Sensor_8
0.008283287556267505	0.0011046089265276393	0.005571277737086655	0.0015851113756009116	0.0016425155413140047	0.004647949393453921	0.004739188815136464	0.00010797450217459037
0.008158468757153203	0.0012918371251999794	0.005571277737086655	0.001709930174715657	0.0020793813382162796	0.004647949393453921	0.004489551216906973	-0.0005161194934002467
0.005974139772640719	0.0008549713282979265	0.0037614051499199608	0.0014602925764859442	0.002016971938659129	0.0034621708018618413	0.00317895382619926	0.00010797450217459037
0.0047259517814908225	0.0003556961318378349	0.0027004453574424048	0.0013978831769281275	0.0017049249408715994	0.002713258007171815	0.0022428128328373376	-0.0008281664911879982
0.005037998779278796	0.0004181055313954296	0.001826713763637633	0.0016475207751585064	0.002204200137331469	0.00246362040894188	0.0020555846341645534	0.00023279330128933573
0.0017303006027316048	0.0003556961318378349	0.000765753971160299	0.0013354737773707548	0.00158010614175641	0.0017147076142518536	0.0008073966430153234	-0.0005161194934002467
0.001480663004501892	0.00023087733272264543	0.00020406937514283463	0.0011482455786984147	0.0013928779430838478	0.0016522982146942589	0.0006201684443429833	0.00023279330128933573
0.0002948844129091466	4.364913405074944e-05	0.00020406937514283463	0.00027451398489364287	0.0005815557488362266	0.0017147076142518536	0.00024571204699763705	-0.0006409382925154361
0.0009813878080420224	0.0004805149309528023	0.0010153915693902338	0.0005865609826809504	0.0007687839475087888	0.0025884392080570695	0.001119443640802853	0.0004200214999616758
-0.001265350576028057	-1.8760265506845286e-05	0.00045370697337276944	-0.0007240364080258743	-0.000729041641870376	0.0023388016098266906	0.0003705308461128265	-0.0006409382925154361
-0.0008284847791255601	-0.0002683978637367801	0.0006409351720455536	-0.001036083405813626	-0.0007914510414279707	0.0027756674067289655	0.0004953496452275719	0.00023279330128933573
-0.0015149881742579918	-0.00039321666285241363	0.00045370697337276944	-0.0011609022049288154	-0.0011034980392157223	0.0025260298084994748	0.00024571204699763705	-0.0009529852903027436
-1.716258487793887e-05	0.00010605853360745598	0.0005161163729303642	-0.0004743988097963836	-0.0002297664454105064	0.0030253050049591224	0.0006201684443429833	0.0001703839017321851
-0.0005164377813380305	-0.00020598846417962946	-0.00017038702220206758	-0.000599217608911129	-0.0002297664454105064	0.0025260298084994748	5.848384832485287e-05	-0.0006409382925154361
0.0002948844129091466	-0.00020598846417962946	-0.0006072528191047866	0.00014969518577845342	0.00045673694972148127	0.0021515734111543505	0.00012089324788333577	0.00010797450217459037
-0.00014198138399312832	-0.0003308072632943748	-0.0009192998168920941	8.72857862208587e-05	0.0006439651483942654	0.0019643452124817884	-0.0001287443503474872	-0.0008281664911879982
0.00048211261158193075	-0.00020598846417962946	-0.0010441186160068394	0.0003369233844512376	0.0009560121461815729	0.0023388016098266906	-3.925551232297764e-06	4.55651026167736e-05
-0.0009533035782405275	-0.0007052636606397211	-0.0012937562142372183	-0.0002247612115660047	-4.253824673816631e-05	0.00227639221026954	-0.0003783819485772	-0.0009529852903027436
0.00017006561379440122	4.364913405074944e-05	-0.00029520582131725703	0.00014969518577845342	0.0005815557488362266	0.0038366271992062995	0.0008073966430153234	0.00010797450217459037
-0.0013901693751428024	-0.00039321666285241363	-0.00035761522087440767	-0.0009736740062562532	-0.0006042228427560747	0.004211083596551424	0.0003705308461128265	-0.0007033476920728088
-0.0008908941786829327	-0.00014357906462203474	0.00026647877470042935	-0.0007240364080258743	-0.00054181344319848	0.00514722458991379	0.0011818530403600036	4.55651026167736e-05
-0.0016398069733727372	-0.00039321666285241363	7.925057602786723e-05	-0.0015353586022734955	-0.0010410886396576835	0.0050848151903561956	0.0008073966430153234	-0.0008281664911879982
-0.0007660753795679653	-8.116966506444001e-05	0.00045370697337276944	-0.0009736740062562532	-0.00041699464408329057	0.0050848151903561956	0.001119443640802853	0.00023279330128933573
-0.004198592355230124	-0.0004556260624093422	-0.0011065280155644341	-0.0015353586022734955	-0.0012907262378880624	0.003087714404516717	-0.0005032007476919453	-0.0005785288929578414
-0.008629659723811578	-0.0012045388570995907	-0.004226997993438397	-0.002471499595635862	-0.0021644578316928342	0.00015447262531465	-0.00306198612954911	0.00023279330128933573
-0.008380022125581643	-0.001578995254444493	-0.004851091989013678	-0.002533908995193457	-0.0023516860303651743	-0.0011561247653926188	-0.003998127122911921	-0.0008281664911879982
-0.007631109330891617	-0.0013917670557717088	-0.005163138986801208	-0.001847405600061247	-0.0015403638361177752	-0.0015929905622948937	-0.0038108989242391367	0.00010797450217459037
-0.008130384527351708	-0.0014541764553293035	-0.005412776585030921	-0.0019722243991759925	-0.001790001434348154	-0.001530581162737299	-0.0042477647211411895	-0.0005785288929578414
-0.006445330739299537	-0.0012669482566569634	-0.0052255483863583585	-0.0015353586022734955	-0.0014155450370032518	-0.0005320307698177817	-0.0036236707255663525	0.0001703839017321851
-0.006382921339741943	-0.0016414046540011995	-0.004788682589456084	-0.002221861997405483	-0.002226867231249985	0.0006537478217747417	-0.0034364425268940124	-0.0009529852903027436
-0.0045106393530172095	-0.0009549012588692118	-0.0037901321965365664	-0.001847405600061247	-0.001602773235675592	0.0027756674067289655	-0.0021258451361871877	0.00010797450217459037
-0.0034496795605396535	-0.0008924918593120612	-0.002417125406271703	-0.002034633798733587	-0.0018524108339053047	0.004335902395666169	-0.0013769323414967172	-0.0009529852903027436
-0.0018270351720452993	-0.0007052636606397211	-0.0016682126115816764	-0.0017849962005036524	-0.0014155450370032518	0.005459271587701542	-0.0003783819485772	-7.925369649841585e-05
-0.001078122377355717	-0.00039321666285241363	-0.0009192998168920941	-0.0017225868009460577	-0.001165907438772873	0.005833727985045778	5.848384832485287e-05	-0.0007033476920728088
-0.0003916189822228411	-0.0003308072632943748	-0.0007944810177769046	-0.0010984928053712206	-0.000729041641870376	0.005209633989471385	0.00030812144655523177	0.0001703839017321851
-0.0002668001831085398	-0.00039321666285241363	-0.000732071618219754	-0.0007864458075839131	-0.00054181344319848	0.004086264797436678	5.848384832485287e-05	-0.0007033476920728088
0.00397703898680124	0.00010605853360745598	0.0003912975738151747	0.00027451398489364287	0.0010184215457391677	0.0042734929961090184	0.001306671839475193	0.00010797450217459037
0.006598233768215556	0.0004181055313954296	0.0018891231631952277	0.0013354737773707548	0.00176733434042875	0.0048975869916838555	0.0024924504310672724	-0.0007657570916306256
0.007159918364233242	0.0004181055313954296	0.0019515325627528224	0.0017723395742732517	0.002453837735561626	0.0055216809872586925	0.0030541350270845147	-1.6844296940821124e-05
0.008158468757153203	0.0008549713282979265	0.0028876735561143008	0.001959567772946036	0.0028907035324639008	0.0072067347753106414	0.003865457221332136	-0.0006409382925154361
0.009656294346532368	0.0008549713282979265	0.003698995750362366	0.0024588429694056835	0.003265159929808803	0.009266244960707937	0.005051235812923993	-7.925369649841585e-05
0.007659193560693112	0.0008549713282979265	0.003698995750362366	0.0015851113756009116	0.0025162471351192206	0.010576842351414983	0.004864007614252097	-0.0007033476920728088
0.004788361181048861	0.0004805149309528023	0.002638035957885032	0.0007113797817956957	0.00158010614175641	0.011138526947433114	0.004052685420004032	0.00010797450217459037
0.0032905355916688084	0.0002932867322800181	0.002638035957885032	0.00014969518577845342	0.0009560121461815729	0.011949849141680291	0.003615819623101979	-0.0008281664911879982
0.0032281261921112137	0.0006677431296251424	0.0025756265583272153	0.00014969518577845342	0.0012680591439691025	0.012199486739909782	0.0037406384222169464	0.0001703839017321851
-0.000204390783550501	0.00023087733272264543	0.0012650291676199465	-0.0008488552071410638	-4.253824673816631e-05	0.010202385954070303	0.00174353763637769	-0.0003913006942855013
0.00010765621423725058	0.00010605853360745598	0.0008905727702750443	-0.0002871706111240435	0.00033191815060718	0.008579741565575949	0.0015563094377049058	0.0003576121004045252
-0.0003916189822228411	-0.0002683978637367801	0.0003912975738151747	-0.0006616270084687237	-0.00010494764629598308	0.005958546784160967	0.0006201684443429833	-0.0008281664911879982
0.0007317502098116435	4.364913405074944e-05	0.0003912975738151747	2.4876386663263972e-05	0.0007063745479514161	0.004710358793011515	0.0006201684443429833	0.00010797450217459037
-0.00014198138399312832	-0.0003308072632943748	1.68411764702725e-05	-3.7533012893442574e-05	0.00020709935149199055	0.00352458020141877	-3.925551232297764e-06	-0.0008281664911879982
0.00017006561379440122	-0.0002683978637367801	-0.0006072528191047866	0.00021210458533604815	0.0007063745479514161	0.00352458020141877	5.848384832485287e-05	-1.6844296940821124e-05
0.0005445220111390814	4.364913405074944e-05	-0.00017038702220206758	0.0003993327840088323	0.0008311933470670496	0.004835177592125817	0.00043294024566997713	-0.0006409382925154361
4.524681467876768e-05	-0.0003308072632943748	-0.0006696622186621592	8.72857862208587e-05	0.000519146349279076	0.006520231380178654	0.0006201684443429833	4.55651026167736e-05
-0.00064125658045322	-0.00014357906462203474	-0.00029520582131725703	-0.00034958001068163824	0.00033191815060718	0.008829379163805884	0.0009322154421300688	-0.00045371009384265193
-0.00032920958266524636	0.0001684679331654948	0.00020406937514283463	-0.0004119894102387889	0.000519146349279076	0.01120093634698982	0.0016811282368200953	0.0004200214999616758
-0.001452578774700397	-8.116966506444001e-05	0.0003288881742580241	-0.0009112646066986585	-0.00010494764629598308	0.012636352536812279	0.0016811282368200953	-0.0005161194934002467
-0.0012029411764700182	-1.8760265506845286e-05	1.68411764702725e-05	-0.0012857210040440048	-0.00010494764629598308	0.012761171335927468	0.0016187188372625005	0.0001703839017321851
-0.0017022163729301099	-0.00039321666285241363	-0.00010797762264447286	-0.0017225868009460577	-0.0007914510414279707	0.01138816454566216	0.0009322154421300688	-0.0007657570916306256
-0.0009533035782405275	-0.0003308072632943748	-0.00017038702220206758	-0.001036083405813626	-0.00035458524452569584	0.00945347315938072	0.0008698060425724741	-7.925369649841585e-05
-0.0007036659800103706	-0.0002683978637367801	-0.00029520582131725703	-0.0007864458075839131	-4.253824673816631e-05	0.006894687777523556	0.0004953496452275719	-0.0006409382925154361
0.0002948844129091466	-0.00020598846417962946	-0.0005448434195469698	-9.994241245148139e-05	0.000519146349279076	0.004523130594338731	0.00043294024566997713	0.00010797450217459037
0.0003572938124667413	-1.8760265506845286e-05	-0.00017038702220206758	0.0005241515831233556	0.0007687839475087888	0.0033997614023042466	0.00043294024566997713	-0.0005161194934002467
0.0003572938124667413	-8.116966506444001e-05	-0.0007944810177769046	0.00046174218356598296	0.0009560121461815729	0.0032125332036314624	0.00030812144655523177	0.0001703839017321851
-0.0043234111543448694	-0.0008300824597544665	-0.002604353604944043	-0.0008488552071410638	-0.0006666322423127813	0.003087714404516717	-0.001439341741054312	-0.0007657570916306256
-0.008442431525138794	-0.0013293576562145581	-0.0046014543907837435	-0.002097043198291182	-0.001790001434348154	0.003961445998321489	-0.00287475793087677	-1.6844296940821124e-05
-0.00931616311894401	-0.0014541764553293035	-0.003914950995651756	-0.0029707747920959537	-0.002414095429922769	0.005584090386816287	-0.0026251203326470574	-0.0006409382925154361
-0.009628210116731317	-0.0013293576562145581	-0.0036029039978640043	-0.003282821789883039	-0.003100598825055201	0.005334452788586352	-0.00268752973220443	0.00023279330128933573
-0.009440981918058533	-0.0009549012588692118	-0.0029164006027315725	-0.0029707747920959537	-0.003038189425497384	0.0038990365987643383	-0.002437892133974273	-0.00026648189517075593
-0.006070874341953969	-0.0005804448615245317	-0.0024795348058292976	-0.002221861997405483	-0.0017275920347905593	0.001215432417791762	-0.002313073334859528	0.0006696590981920547
-0.005009914549477301	-0.0008300824597544665	-0.0025419442053864483	-0.001660177401388685	-0.0012907262378880624	-0.001093715365835024	-0.0027499391317615807	-0.0003913006942855013
-0.0040737735561144905	-0.0010173106584268066	-0.0029788100022891673	-0.0010984928053712206	-0.0007914510414279707	-0.0022794939574268813	-0.0028123485313196195	4.55651026167736e-05
-0.0017646257724879266	-0.0007052636606397211	-0.0019178502098120553	-0.000599217608911129	-0.00035458524452569584	-0.0015929905622948937	-0.0017513887388418414	-0.0007033476920728088
0.0003572938124667413	-0.0002683978637367801	-0.0009817092164496888	0.00014969518577845342	8.22805523768011e-05	0.00015447262531465	-0.0004407913481343506	0.00023279330128933573
-0.0007036659800103706	-0.0007676730601973158	-0.0012937562142372183	-0.0009112646066986585	-0.0006666322423127813	0.0016522982146942589	-0.0005656101472495401	-0.000890575890745593
0.0002948844129091466	-8.116966506444001e-05	-0.000732071618219754	-9.994241245148139e-05	0.00020709935149199055	0.005022405790798601	0.0006201684443429833	0.00029520270084693045
-0.0005788471808956253	-0.0005804448615245317	-0.0009817092164496888	-0.000599217608911129	-0.0002921758449681011	0.00764360057221336	0.0007449872434577287	-0.0007657570916306256
0.003602582589455894	-8.116966506444001e-05	0.0006409351720455536	8.72857862208587e-05	0.0012056497444115077	0.01132575514610501	0.0029293162279697693	-7.925369649841585e-05
0.005911730373083124	0.00023087733272264543	0.0023259889600975026	0.00046174218356598296	0.0017049249408715994	0.014321406324865116	0.004302323018234411	-0.0010153946898603383
0.0057869115739683785	0.00023087733272264543	0.0025132171587698426	0.0005241515831233556	0.00176733434042875	0.01569441311512909	0.004551960616464568	-0.0002040724956131612
0.006473414969100366	0.0003556961318378349	0.0033869487525743924	0.00014969518577845342	0.00158010614175641	0.015569594316014346	0.004801598214694502	-0.0010153946898603383
0.00934424734874506	0.0012918371251999794	0.005009593141069635	0.0013354737773707548	0.0027658847333487113	0.014758272121766725	0.005737739208056425	0.00010797450217459037
0.007222327763790837	0.0009173807278555213	0.004572727344167138	0.00108583617914082	0.0018921531395439395	0.011263345746547415	0.004551960616464568	-0.0005785288929578414
0.005350045777065882	0.0006053337300675476	0.0031997205539022744	0.0010234267795832253	0.002016971938659129	0.006769868978408589	0.0033037726253148936	0.00023279330128933573
0.0047259517814908225	0.0004181055313954296	0.0027004453574424048	0.00108583617914082	0.0016425155413140047	0.0038990365987643383	0.0024924504310672724	-0.0006409382925154361
0.00435149538414592	0.0007301525291827371	0.0023259889600975026	0.0017723395742732517	0.0021417907377738743	0.0032125332036314624	0.0024300410315096777	0.00029520270084693045
0.0005445220111390814	0.00023087733272264543	0.0008281633707174496	0.0007737891813532904	0.0010808309452967624	0.003274942603189057	0.001119443640802853	-0.0005161194934002467
0.000419703212024336	0.00010605853360745598	0.0003288881742580241	0.0006489703822385451	0.0008311933470670496	0.005584090386816287	0.0011818530403600036	0.00023279330128933573
-0.000204390783550501	0.0001684679331654948	0.000765753971160299	0.00014969518577845342	0.0005815557488362266	0.008454922766460982	0.0015563094377049058	-0.0006409382925154361
-0.00014198138399312832	-0.00014357906462203474	0.00045370697337276944	-0.0005368082093535342	0.00039432755016388654	0.00995274835584059	0.0014314906385901605	4.55651026167736e-05
-0.0012029411764700182	-0.00014357906462203474	0.0005785257724879589	-0.0009112646066986585	-0.00016735704585291167	0.010576842351414983	0.0008698060425724741	-0.0005785288929578414
-0.00032920958266524636	0.0001684679331654948	0.0008905727702750443	-0.0004119894102387889	0.00039432755016388654	0.009890338956282774	0.0011818530403600036	0.00029520270084693045
-0.0002668001831085398	4.364913405074944e-05	0.0009529821698326391	-0.000599217608911129	0.00020709935149199055	0.007393962973983426	0.0007449872434577287	-0.0003913006942855013
0.0011062066071563237	0.0006677431296251424	0.0014522573662927307	0.00046174218356598296	0.0009560121461815729	0.0055216809872586925	0.0009946248416872194	0.0006696590981920547
-0.0005788471808956253	-0.00020598846417962946	0.0005161163729303642	-0.0002871706111240435	-4.253824673816631e-05	0.00246362040894188	-0.00019115374990463785	-0.0006409382925154361
0.0006693408102542708	0.00010605853360745598	0.0005161163729303642	0.00014969518577845342	0.0007687839475087888	0.0019019358129246378	0.00024571204699763705	0.0003576121004045252
-0.0003916189822228411	-0.00014357906462203474	0.00020406937514283463	8.72857862208587e-05	0.00020709935149199055	0.003087714404516717	0.00018330264744004232	-0.0005785288929578414
-0.0005788471808956253	4.364913405074944e-05	-0.00035761522087440767	2.4876386663263972e-05	0.00033191815060718	0.0055216809872586925	0.0004953496452275719	0.0001703839017321851
-0.0009533035782405275	-0.0002683978637367801	-0.0004824340199895971	-0.000599217608911129	8.22805523768011e-05	0.008205285168230603	0.000682577843900134	-0.0006409382925154361
0.00010765621423725058	0.0004805149309528023	0.0003288881742580241	0.0003369233844512376	0.0010808309452967624	0.011637802143892761	0.002180403433279965	0.00060724969863446
-0.001265350576028057	-0.0002683978637367801	-0.00035761522087440767	-0.0009112646066986585	8.22805523768011e-05	0.011887439742122252	0.0014939000381477552	-0.0006409382925154361
-0.000204390783550501	4.364913405074944e-05	0.0003288881742580241	-0.0005368082093535342	0.000519146349279076	0.011887439742122252	0.00193076583505003	0.00023279330128933573
-0.001078122377355717	-0.0003308072632943748	0.00014165997558546195	-0.0009112646066986585	-0.00010494764629598308	0.00995274835584059	0.001119443640802853	-0.0006409382925154361
-1.716258487793887e-05	0.0004805149309528023	0.0009529821698326391	-9.994241245148139e-05	0.0008936027466239782	0.007955647570001112	0.0016811282368200953	0.00048243089951927054
-0.0055715991454945435	-0.0009549012588692118	-0.0016682126115816764	-0.0019098149996188418	-0.0012907262378880624	0.0030253050049591224	-0.0015017511406119066	-0.0006409382925154361
-0.008067975127794114	-0.0009549012588692118	-0.0031036288014041347	-0.001847405600061247	-0.0015403638361177752	0.0003417008239869901	-0.0028123485313196195	0.0003576121004045252
-0.007880746929121552	-0.0010173106584268066	-0.0033532663996340695	-0.0019722243991759925	-0.0018524108339053047	-0.0006568495689325271	-0.003124395529106705	-0.00045371009384265193
-0.008255203326466454	-0.0012669482566569634	-0.004226997993438397	-0.0021594525978487766	-0.00197722963302005	-0.000469621370260187	-0.0035612613260087578	0.0001703839017321851
-0.008442431525138794	-0.0012669482566569634	-0.004164588593881691	-0.0021594525978487766	-0.002226867231249985	0.0010906136186770166	-0.0035612613260087578	-0.0005161194934002467
-0.00681978713664444	-0.001142129457541552	-0.004226997993438397	-0.0021594525978487766	-0.0019148202334628994	0.0027756674067289655	-0.002937167330434365	0.00010797450217459037
-0.005946055542839668	-0.0010797200579844013	-0.003478085198749259	-0.0019722243991759925	-0.001790001434348154	0.004335902395666169	-0.0025627109330890185	-0.0005785288929578414
-0.003948954756999967	-0.00039321666285241363	-0.0024795348058292976	-0.001036083405813626	-0.0007914510414279707	0.005833727985045778	-0.001252113542382416	0.00029520270084693045
-0.002326310368505169	-0.0007676730601973158	-0.0019178502098120553	-0.0015353586022734955	-0.0009162698405433822	0.0055216809872586925	-0.001002475944152259	-0.0006409382925154361
-0.0005164377813380305	-0.0003308072632943748	-0.0009817092164496888	-0.0007240364080258743	-0.0002297664454105064	0.005896137384603373	-0.0002535631494622326	0.0001703839017321851
-0.0002668001831085398	-0.00039321666285241363	-0.00029520582131725703	-0.0007864458075839131	-0.0002297664454105064	0.005396862188143947	5.848384832485287e-05	-0.0006409382925154361
0.000419703212024336	-0.00014357906462203474	-0.0002327964217596623	-0.0005368082093535342	8.22805523768011e-05	0.004710358793011515	0.00030812144655523177	0.0001703839017321851
0.00048211261158193075	-0.00020598846417962946	0.00020406937514283463	-0.0005368082093535342	-0.0002921758449681011	0.004523130594338731	0.00012089324788333577	-0.0007033476920728088
0.0045387235828187045	0.00023087733272264543	0.0016394855649650708	0.00046174218356598296	0.0010808309452967624	0.005958546784160967	0.0019931752346071807	4.55651026167736e-05
0.006723052567330745	0.0006053337300675476	0.0029500829556723396	0.0009610173800260746	0.0016425155413140047	0.006894687777523556	0.00317895382619926	-0.0007033476920728088
0.00697269016556068	0.0007925619287403318	0.003262129953459869	0.0016475207751585064	0.0023290189364462144	0.008080466369115857	0.0037406384222169464	0.00010797450217459037
0.007908831158922824	0.0011046089265276393	0.003948633348591857	0.0020219771725031865	0.002641065934233966	0.009266244960707937	0.004614370016022162	-0.00045371009384265193
0.00934424734874506	0.0011046089265276393	0.004323089745937425	0.0020843865720605592	0.0031403411306938356	0.00995274835584059	0.005300873411154372	0.00029520270084693045
0.0068478713664459345	0.0007301525291827371	0.003948633348591857	0.0016475207751585064	0.0023290189364462144	0.00976552015716825	0.004614370016022162	-0.0007657570916306256
0.004788361181048861	0.0006677431296251424	0.0031997205539022744	0.00127306437781316	0.0021417907377738743	0.008954197962921073	0.003865457221332136	-1.6844296940821124e-05
0.00435149538414592	0.000542924330510397	0.0033869487525743924	0.0008361985809113293	0.0018921531395439395	0.00851733216601791	0.003428591424429195	-0.0006409382925154361
0.0026040321965363766	0.0004181055313954296	0.0025132171587698426	0.0006489703822385451	0.0013304685435271413	0.007830828770885923	0.002617269230182462	0.00029520270084693045
-0.0003916189822228411	4.364913405074944e-05	0.0014522573662927307	-0.00034958001068163824	0.00026950875104958527	0.006208184382391124	0.0009322154421300688	-0.0005785288929578414
0.00048211261158193075	0.0001684679331654948	0.0014522573662927307	2.4876386663263972e-05	0.0006439651483942654	0.005771318585489071	0.0008698060425724741	0.0001703839017321851
-0.0004540283817808799	-0.00014357906462203474	0.001202619768062796	-0.00034958001068163824	-0.00010494764629598308	0.0048975869916838555	0.00018330264744004232	-0.0005785288929578414
0.0005445220111390814	0.0002932867322800181	0.0013274385671775413	0.00021210458533604815	0.0005815557488362266	0.004148674196993829	0.0004953496452275719	0.00029520270084693045
-0.0004540283817808799	-8.116966506444001e-05	0.000765753971160299	-0.0002247612115660047	-4.253824673816631e-05	0.003087714404516717	-6.63349507894484e-05	-0.0006409382925154361
0.0005445220111390814	0.0004805149309528023	0.0011402103685054232	0.0005865609826809504	0.0008936027466239782	0.003711808400091554	0.000682577843900134	0.0005448402990768653
-0.0004540283817808799	-0.00014357906462203474	0.00045370697337276944	-0.00016235181200885407	0.00020709935149199055	0.003337352002746652	0.0003705308461128265	-0.0006409382925154361
0.0003572938124667413	0.0001684679331654948	0.0003912975738151747	0.0003369233844512376	0.0008936027466239782	0.004335902395666169	0.0008698060425724741	0.00029520270084693045
-0.0007660753795679653	4.364913405074944e-05	0.0005161163729303642	0.00027451398489364287	0.000519146349279076	0.005896137384603373	0.0010570342412448142	-0.00045371009384265193
-0.0003916189822228411	0.00010605853360745598	0.0003288881742580241	-3.7533012893442574e-05	0.0005815557488362266	0.006894687777523556	0.0013690812390321216	0.00029520270084693045
-0.0007660753795679653	4.364913405074944e-05	0.000765753971160299	-0.00034958001068163824	0.00033191815060718	0.007955647570001112	0.0012442624399175983	-0.0005785288929578414
-0.0013277599755852076	-0.0002683978637367801	0.0003288881742580241	-0.000599217608911129	-4.253824673816631e-05	0.007955647570001112	0.0009322154421300688	-1.6844296940821124e-05
-0.0007036659800103706	-0.00020598846417962946	0.0007033445716022602	-0.0010984928053712206	1.9871152819428417e-05	0.0065826407797362485	0.0010570342412448142	-0.0007033476920728088
0.00023247501335155185	0.0004805149309528023	0.0012650291676199465	8.72857862208587e-05	0.0009560121461815729	0.007144325375753491	0.0016187188372625005	0.0005448402990768653
-0.0005788471808956253	0.0002932867322800181	0.0012650291676199465	8.72857862208587e-05	0.000519146349279076	0.006020956183718562	0.0012442624399175983	-0.00014166309605556648
0.0005445220111390814	0.0004805149309528023	0.0008905727702750443	0.00027451398489364287	0.0008936027466239782	0.004023855397879084	0.0014314906385901605	0.0007320684977492053
0.0006069314106966761	0.0004805149309528023	0.0010153915693902338	0.00027451398489364287	0.0007687839475087888	0.0029628956054019717	0.001119443640802853	-0.00014166309605556648
-0.0008284847791255601	0.0002932867322800181	0.00026647877470042935	0.0003369233844512376	0.0006439651483942654	0.00227639221026954	0.0007449872434577287	0.00048243089951927054
-0.006382921339741943	-0.0008924918593120612	-0.0024795348058292976	-0.001660177401388685	-0.0012907262378880624	-0.00015757437247243544	-0.0018762075379568088	-0.0005161194934002467
-0.008005565728236741	-0.0008300824597544665	-0.0037277227969789717	-0.0015977680018310902	-0.0014779544365604025	-9.516497291484072e-05	-0.0027499391317615807	0.0004200214999616758
-0.008255203326466454	-0.0008300824597544665	-0.0037277227969789717	-0.0017225868009460577	-0.0017275920347905593	0.0010906136186770166	-0.0028123485313196195	-1.6844296940821124e-05
-0.008067975127794114	-0.0007052636606397211	-0.003852541596094161	-0.0017225868009460577	-0.0014779544365604025	0.002089164011596978	-0.00287475793087677	0.0007320684977492053
-0.008067975127794114	-0.0006428542610816823	-0.0035404945983064096	-0.001847405600061247	-0.0019148202334628994	0.003087714404516717	-0.003124395529106705	-0.00014166309605556648
-0.006133283741511564	-0.0007052636606397211	-0.00304121940184654	-0.001847405600061247	-0.0014779544365604025	0.00352458020141877	-0.00268752973220443	0.0005448402990768653
-0.0055715991454945435	-0.0008924918593120612	-0.0026667630045016377	-0.002284271396963078	-0.00197722963302005	0.002713258007171815	-0.003124395529106705	-0.0003288912947274625
-0.00313763256275279	-0.00020598846417962946	-0.0014809844129095584	-0.001036083405813626	-0.0008538604409853434	0.0027756674067289655	-0.0020010263370719983	0.0006696590981920547
-0.0015773975738151425	-0.000518035461966937	-0.0009817092164496888	-0.001036083405813626	-0.0007914510414279707	0.0017147076142518536	-0.0016889793392842467	-0.0005785288929578414
0.00017006561379440122	-0.0002683978637367801	-0.0006696622186621592	-0.00034958001068163824	-0.00010494764629598308	0.0013402512169071734	-0.0009400665445942202	0.00023279330128933573
-7.95719844355336e-05	-0.00020598846417962946	-0.00035761522087440767	-0.00016235181200885407	-0.00010494764629598308	0.001839526413367043	-0.0006904289463647295	-0.0005785288929578414
0.0005445220111390814	-1.8760265506845286e-05	-0.0004200246204320024	0.00021210458533604815	0.0005815557488362266	0.0030253050049591224	0.0003705308461128265	0.0003576121004045252
0.000856569008926833	-0.00014357906462203474	-0.0002327964217596623	-0.0002871706111240435	0.00033191815060718	0.00458553999389677	0.000682577843900134	-0.0006409382925154361
0.004850770580606012	0.0004181055313954296	0.0017643043640800382	0.0009610173800260746	0.0016425155413140047	0.007893238170443517	0.0029293162279697693	0.0001703839017321851
0.0062237773708708755	0.0006677431296251424	0.003074901754787085	0.0010234267795832253	0.001954562539101534	0.009391063759823126	0.003927866620889731	-0.00045371009384265193
0.007409555962462733	0.0013542465247575741	0.003886223949034262	0.0017723395742732517	0.002828294132906306	0.00995274835584059	0.004864007614252097	0.0005448402990768653
0.008283287556267505	0.0013542465247575741	0.0050720025406267855	0.0020219771725031865	0.0028907035324639008	0.009703110757610212	0.005238464011596555	-0.0002040724956131612
0.010030750743877492	0.0018535217212174437	0.006008143533989596	0.002708480567635174	0.0038268445258258232	0.00851733216601791	0.005924967406728765	0.0006696590981920547
0.00697269016556068	0.001167018326085234	0.005009593141069635	0.001709930174715657	0.002578656534675927	0.005771318585489071	0.004239913618676816	-0.0003913006942855013
0.005225226977950692	0.0010421995269702666	0.004073452147706824	0.0017723395742732517	0.002391428336004031	0.004086264797436678	0.0034910008239872337	0.0005448402990768653
0.004850770580606012	0.0010421995269702666	0.003948633348591857	0.001522701976043317	0.0020793813382162796	0.0031501238040738677	0.0031165444266421094	-0.0002040724956131612
0.0028536697947663114	0.0011046089265276393	0.0029500829556723396	0.0014602925764859442	0.0018921531395439395	0.002900486205844599	0.0024300410315096777	0.0006696590981920547
-0.0003916189822228411	0.0001684679331654948	0.0012650291676199465	0.00027451398489364287	0.000519146349279076	0.00265084860761422	0.0010570342412448142	-0.0003288912947274625
0.0006693408102542708	0.0004805149309528023	0.0010153915693902338	0.00046174218356598296	0.0008936027466239782	0.0032125332036314624	0.0013690812390321216	0.00029520270084693045
-0.0005164377813380305	-1.8760265506845286e-05	0.0005785257724879589	-0.00016235181200885407	0.00020709935149199055	0.0036493990005339594	0.0008698060425724741	-0.00045371009384265193
0.0005445220111390814	0.000542924330510397	0.0011402103685054232	0.0007737891813532904	0.0010808309452967624	0.00495999639124145	0.0015563094377049058	0.0005448402990768653
-0.00064125658045322	-0.00014357906462203474	0.0005161163729303642	-0.0004119894102387889	0.00014468995193439582	0.0038990365987643383	0.0004953496452275719	-0.0005785288929578414
0.00017006561379440122	0.0001684679331654948	0.0010153915693902338	0.00021210458533604815	0.0005815557488362266	0.0038366271992062995	0.0006201684443429833	0.00029520270084693045
-0.000204390783550501	0.0003556961318378349	0.001577076165407032	0.0003369233844512376	0.0005815557488362266	0.0033997614023042466	0.0005577590447849445	-0.00014166309605556648
0.0005445220111390814	0.000542924330510397	0.0016394855649650708	0.0003993327840088323	0.0008311933470670496	0.0025884392080570695	0.000682577843900134	0.0006696590981920547
-0.0003916189822228411	0.0002932867322800181	0.001577076165407032	0.00014969518577845342	0.00026950875104958527	0.0025884392080570695	0.00024571204699763705	-0.0002040724956131612
-0.000204390783550501	4.364913405074944e-05	0.0010153915693902338	0.00014969518577845342	0.00039432755016388654	0.0031501238040738677	0.00030812144655523177	0.0003576121004045252
-0.0004540283817808799	4.364913405074944e-05	0.0009529821698326391	-0.0002871706111240435	0.00020709935149199055	0.00352458020141877	0.0003705308461128265	-0.0003288912947274625
-0.0007660753795679653	-1.8760265506845286e-05	0.0003288881742580241	-0.00016235181200885407	0.00014468995193439582	0.0042734929961090184	0.00043294024566997713	0.0003576121004045252
-0.0007660753795679653	4.364913405074944e-05	0.00026647877470042935	-0.0002247612115660047	1.9871152819428417e-05	0.0044607211947813585	0.000682577843900134	-0.0003288912947274625
4.524681467876768e-05	0.0001684679331654948	0.00020406937514283463	2.4876386663263972e-05	0.0005815557488362266	0.003774217799649149	0.001119443640802853	0.00048243089951927054
-0.0007036659800103706	-0.00020598846417962946	-4.5568223086878135e-05	-9.994241245148139e-05	0.00014468995193439582	0.00265084860761422	0.0007449872434577287	-0.0006409382925154361
0.00010765621423725058	-8.116966506444001e-05	0.00014165997558546195	0.00021210458533604815	0.0007063745479514161	0.0017147076142518536	0.0010570342412448142	0.00023279330128933573
-0.0005788471808956253	-0.000518035461966937	7.925057602786723e-05	-0.0004119894102387889	0.00014468995193439582	0.0005289290226597743	0.00030812144655523177	-0.0007033476920728088
-0.0015149881742579918	-0.00039321666285241363	-0.00017038702220206758	-9.994241245148139e-05	8.22805523768011e-05	0.0005913384222171469	-3.925551232297764e-06	-1.6844296940821124e-05
-0.00700701533531678	-0.0008924918593120612	-0.0021050784084841734	-0.0015977680018310902	-0.0015403638361177752	-0.0008440777676053113	-0.002437892133974273	-0.00045371009384265193
-0.008067975127794114	-0.0010173106584268066	-0.0031036288014041347	-0.002034633798733587	-0.001790001434348154	-0.0007816683680472725	-0.003311623727779489	0.0004200214999616758
-0.008754478522926101	-0.0012045388570995907	-0.003228447600518436	-0.0023466807965211167	-0.0023516860303651743	0.00021688202487224473	-0.003748489524681542	-0.0003288912947274625
-0.008504840924696833	-0.0012669482566569634	-0.003914950995651756	-0.0025963183947510515	-0.0023516860303651743	0.00021688202487224473	-0.003935717723354326	0.00029520270084693045
-0.008380022125581643	-0.0015165858548868982	-0.004102179194324096	-0.0028459559929807643	-0.0029133706263824166	9.206322575705528e-05	-0.0042477647211411895	-0.0006409382925154361
-0.006507740138857132	-0.0012669482566569634	-0.0037901321965365664	-0.0021594525978487766	-0.0022892766308075796	0.0004665196231019575	-0.0036236707255663525	4.55651026167736e-05
-0.005321961547264831	-0.001142129457541552	-0.0032908570000764747	-0.0019722243991759925	-0.0019148202334628994	-0.00021998377203003017	-0.0029995767299919596	-0.0006409382925154361
-0.0030752231631951954	-0.0007676730601973158	-0.002604353604944043	-0.0011609022049288154	-0.0009786792401005329	-0.00028239317158784694	-0.0021882545357443384	0.00010797450217459037
-0.0015149881742579918	-0.0010797200579844013	-0.0017306220111392712	-0.0009112646066986585	-0.0008538604409853434	0.00021688202487224473	-0.0013145229419400106	-0.0008281664911879982
-1.716258487793887e-05	-0.0004556260624093422	-0.0011065280155644341	-0.00034958001068163824	-4.253824673816631e-05	0.0008409760204470818	-0.0003783819485772	0.0001703839017321851
-0.00064125658045322	-0.0009549012588692118	-0.0007944810177769046	-0.0007864458075839131	-0.0004794040436404412	0.0016522982146942589	-0.0005032007476919453	-0.000890575890745593
-1.716258487793887e-05	-0.0003308072632943748	-0.0002327964217596623	-0.0002247612115660047	1.9871152819428417e-05	0.003337352002746652	0.00024571204699763705	4.55651026167736e-05
0.0012310254062715131	-0.0003308072632943748	0.0005785257724879589	-0.0004743988097963836	0.00020709935149199055	0.003961445998321489	0.000682577843900134	-0.0007657570916306256
0.0051628175783935415	0.00010605853360745598	0.0023259889600975026	0.00046174218356598296	0.001143240344854357	0.005771318585489071	0.0024300410315096777	-1.6844296940821124e-05
0.006598233768215556	0.0007301525291827371	0.003948633348591857	0.0013978831769281275	0.001954562539101534	0.006707459578850772	0.003615819623101979	-0.00045371009384265193
0.007035099565118053	0.0007301525291827371	0.0036365863508047713	0.0013354737773707548	0.002204200137331469	0.005334452788586352	0.003615819623101979	0.00023279330128933573
0.008470515754940289	0.0010421995269702666	0.004822364942397073	0.001959567772946036	0.002641065934233966	0.005334452788586352	0.004302323018234411	-0.0003913006942855013
0.009157019150072276	0.0012918371251999794	0.00494718374151204	0.0026460711680784677	0.003077931731136019	0.00495999639124145	0.004864007614252097	0.00023279330128933573
0.006098958571755464	0.0008549713282979265	0.003886223949034262	0.001709930174715657	0.0023290189364462144	0.0032125332036314624	0.0036782290226595737	-0.00045371009384265193
0.004601132982375855	0.0007301525291827371	0.0029500829556723396	0.001709930174715657	0.0020793813382162796	0.0029628956054019717	0.0031165444266421094	0.0003576121004045252
0.004226676585030731	0.0006677431296251424	0.003324539353017464	0.0015851113756009116	0.001954562539101534	0.00352458020141877	0.0031165444266421094	-0.0003288912947274625
0.0018551194018463502	0.000542924330510397	0.002013941962309973	0.0009610173800260746	0.0015176967421990373	0.002838076806286338	0.0020555846341645534	0.0004200214999616758
-0.0003916189822228411	-0.00020598846417962946	0.0011402103685054232	0.00014969518577845342	0.00033191815060718	0.00246362040894188	0.0007449872434577287	-0.0005785288929578414
0.00048211261158193075	0.00023087733272264543	0.0013274385671775413	0.0005241515831233556	0.0008936027466239782	0.0030253050049591224	0.0011818530403600036	0.00029520270084693045
-0.0004540283817808799	-0.00014357906462203474	0.0011402103685054232	-0.0002871706111240435	8.22805523768011e-05	0.0021515734111543505	0.00024571204699763705	-0.0006409382925154361
0.00048211261158193075	4.364913405074944e-05	0.001577076165407032	0.0003993327840088323	0.00045673694972148127	0.0013402512169071734	0.00043294024566997713	0.0003576121004045252
-0.00032920958266524636	0.00010605853360745598	0.0012650291676199465	8.72857862208587e-05	0.00014468995193439582	0.0005289290226597743	-3.925551232297764e-06	-0.0003913006942855013
0.00023247501335155185	0.00010605853360745598	0.0010778009689476065	0.00021210458533604815	0.00045673694972148127	0.0006537478217747417	0.00018330264744004232	0.0003576121004045252
-0.0002668001831085398	-0.00020598846417962946	0.0010153915693902338	-9.994241245148139e-05	8.22805523768011e-05	0.0016522982146942589	-0.0001287443503474872	-0.0005161194934002467
-0.0002668001831085398	-0.00014357906462203474	0.0006409351720455536	2.4876386663263972e-05	0.00020709935149199055	0.001839526413367043	5.848384832485287e-05	0.0001703839017321851
-0.0010157129777981222	-0.0003308072632943748	0.0003912975738151747	-0.00034958001068163824	-0.00016735704585291167	0.0014650700160219188	-0.0002535631494622326	-0.0006409382925154361
-0.0004540283817808799	-0.00020598846417962946	0.0003912975738151747	0.00021210458533604815	0.00039432755016388654	0.00246362040894188	0.0004953496452275719	0.0001703839017321851
-0.0008908941786829327	-8.116966506444001e-05	0.0005161163729303642	-9.994241245148139e-05	0.00026950875104958527	0.0034621708018618413	0.000682577843900134	-0.00045371009384265193
-0.00032920958266524636	0.00010605853360745598	0.0005785257724879589	8.72857862208587e-05	0.0006439651483942654	0.004523130594338731	0.0009946248416872194	0.0005448402990768653
-0.0002668001831085398	4.364913405074944e-05	0.0010778009689476065	0.00021210458533604815	0.000519146349279076	0.004523130594338731	0.0010570342412448142	-0.0003288912947274625
0.00010765621423725058	4.364913405074944e-05	0.0009529821698326391	8.72857862208587e-05	0.0007687839475087888	0.0030253050049591224	0.0010570342412448142	0.00060724969863446
-0.000204390783550501	0.0001684679331654948	0.0013274385671775413	0.00014969518577845342	0.000519146349279076	0.0024012110093842853	0.0008073966430153234	-0.00026648189517075593
4.524681467876768e-05	-1.8760265506845286e-05	0.0010153915693902338	0.00014969518577845342	0.00045673694972148127	0.0019019358129246378	0.000682577843900134	0.00023279330128933573
-0.00032920958266524636	-0.00014357906462203474	0.000765753971160299	-0.0002247612115660047	0.00020709935149199055	0.0009033854200051206	0.00030812144655523177	-0.0003288912947274625
-0.0015773975738151425	-0.00014357906462203474	-4.5568223086878135e-05	-0.0004119894102387889	0.00014468995193439582	0.00021688202487224473	-0.0002535631494622326	0.0004200214999616758
-0.008192793926909303	-0.0012669482566569634	-0.0029788100022891673	-0.002034633798733587	-0.0021644578316928342	-0.0017178093614100831	-0.00306198612954911	-0.0005161194934002467
-0.008192793926909303	-0.0007676730601973158	-0.0037901321965365664	-0.0019098149996188418	-0.0019148202334628994	-0.0020298563591978347	-0.003311623727779489	0.0007320684977492053
-0.008567250324253983	-0.0010797200579844013	-0.004102179194324096	-0.002097043198291182	-0.0022892766308075796	-0.001967446959639796	-0.0035612613260087578	-0.0002040724956131612
-0.007880746929121552	-0.0006428542610816823	-0.004039769794766501	-0.0014105398031587502	-0.0015403638361177752	-0.0017178093614100831	-0.003124395529106705	0.0007944778973068001
-0.007381471732661682	-0.0012669482566569634	-0.004102179194324096	-0.002097043198291182	-0.002039639032577645	-0.0027163597543300444	-0.003498851926451829	-0.0002040724956131612
-0.005197142748149641	-0.0007052636606397211	-0.0031036288014041347	-0.0009736740062562532	-0.0012283168383304677	-0.0016553999618524884	-0.0025627109330890185	0.0006696590981920547
-0.00469786755168955	-0.0009549012588692118	-0.0027291724040587884	-0.0014729492027163449	-0.001602773235675592	-0.0016553999618524884	-0.00268752973220443	-0.00045371009384265193
-0.0024511291676203584	-0.000518035461966937	-0.0017306220111392712	-0.0009736740062562532	-0.000729041641870376	-0.0007192589684901218	-0.0019386169375144036	0.0003576121004045252
-0.0011405317769133116	-0.0004556260624093422	-0.0004824340199895971	-0.0005368082093535342	-0.0006666322423127813	0.0008409760204470818	-0.0015017511406119066	-0.00026648189517075593
0.0007317502098116435	0.000542924330510397	0.0005161163729303642	0.0003369233844512376	0.00045673694972148127	0.0025260298084994748	-0.00019115374990463785	0.0007944778973068001
-0.0002668001831085398	-0.0002683978637367801	0.00014165997558546195	-0.0005368082093535342	-0.0002921758449681011	0.0019019358129246378	-0.0007528383459223242	-0.00026648189517075593
0.00023247501335155185	0.00010605853360745598	0.00026647877470042935	2.4876386663263972e-05	0.00020709935149199055	0.002900486205844599	-0.0001287443503474872	0.0005448402990768653
0.001480663004501892	-1.8760265506845286e-05	0.000765753971160299	-3.7533012893442574e-05	0.00033191815060718	0.0031501238040738677	0.0006201684443429833	-0.0003288912947274625
0.006535824368657961	0.0010421995269702666	0.002638035957885032	0.0015851113756009116	0.002204200137331469	0.004211083596551424	0.0031165444266421094	0.0007320684977492053
0.006535824368657961	0.0008549713282979265	0.0031373111543446797	0.0017723395742732517	0.0020793813382162796	0.003961445998321489	0.0034910008239872337	-0.0002040724956131612
0.007721602960250262	0.001167018326085234	0.0035741769512471766	0.0022716147707333434	0.0027034753337911166	0.003274942603189057	0.0043647324177920055	0.00060724969863446
0.008720153353170446	0.0011046089265276393	0.004635136743724733	0.0022716147707333434	0.0027034753337911166	0.002713258007171815	0.004551960616464568	-0.00026648189517075593
0.009593884946974773	0.0015414747234303583	0.00544645893797191	0.0031453463645381152	0.003514797528039182	0.0031501238040738677	0.005176054612039183	0.0005448402990768653
0.005412455176623254	0.0002932867322800181	0.0038238145494775555	0.0013354737773707548	0.0018297437399867889	0.0011530230182341672	0.002991725627527364	-0.0006409382925154361
0.004913179980163163	0.0007301525291827371	0.003698995750362366	0.0014602925764859442	0.0020793813382162796	0.002026754612039383	0.002742088029296763	0.00029520270084693045
0.004476314183260666	0.0009173807278555213	0.004323089745937425	0.0015851113756009116	0.0018921531395439395	0.003774217799649149	0.002804497428854802	-0.0002040724956131612
0.001043797207598729	0.0004805149309528023	0.002201170160982313	0.0005865609826809504	0.0010184215457391677	0.0030253050049591224	0.0011818530403600036	0.00048243089951927054
4.524681467876768e-05	0.0003556961318378349	0.0020763513618671237	8.72857862208587e-05	0.0005815557488362266	0.0029628956054019717	0.0006201684443429833	-7.925369649841585e-05
0.00023247501335155185	0.0002932867322800181	0.0017643043640800382	0.0003993327840088323	0.0006439651483942654	0.0030253050049591224	0.0008073966430153234	0.0005448402990768653
-1.716258487793887e-05	0.0003556961318378349	0.001389847966735136	0.0003369233844512376	0.000519146349279076	0.0017147076142518536	0.0006201684443429833	-7.925369649841585e-05
0.0011062066071563237	0.0006053337300675476	0.001389847966735136	0.0009610173800260746	0.0012056497444115077	0.0011530230182341672	0.0010570342412448142	0.0007944778973068001
-0.00064125658045322	-0.00014357906462203474	0.00045370697337276944	0.00027451398489364287	8.22805523768011e-05	-3.275557335813417e-05	0.00018330264744004232	-0.00026648189517075593
