Sensor_1	Sensor_2	Sensor_3	Sensor_4	Sensor_5	Sensor_6	Sensor_7	Sensor_8
-0.005986983627069398	-0.001171589814602969	-0.004498226123445415	-0.0017881447547112295	-0.0017763930647745063	-0.0013889118257413013	-0.003918174441138511	-0.0006041573128861
-0.003802654642557357	-0.000984361615930629	-0.004248588525215924	-0.0011016413595787977	-0.0009026614709695124	-0.0008272272297245031	-0.0032316710460056353	1.993668268873705e-05
-0.0013062786602573428	-0.0005474958190285761	-0.0028131723353930216	-0.00041513796444681006	-0.00027856747539445337	0.00042096076142539296	-0.002045892454413778	-0.0005417479133285052
-0.00012050006866526353	-0.0004226770199129426	-0.002313897138933152	-0.00035272856488921533	3.347952239285412e-05	0.0011698735561149753	-0.0015466172579536863	0.0001447554818034824
-0.0006821846646829499	-0.0006099052185855047	-0.0018770313420310991	-0.000852003761349085	-0.000777842671854323	0.0013571017547875375	-0.0016714360570688758	-0.0007289761120012894
0.0001291375295642272	1.4188776989332297e-05	-0.0007536621499963925	-0.0002903191653311765	-0.00021615807583752478	0.0026052897459374336	-0.0007352950637065092	0.00026957428091867186
0.000815640924697103	-0.00036026762035579196	-6.715875486396072e-05	-0.001039231960021425	-0.0005906144731819829	0.003166974341954676	-0.0006104762645913198	-0.0007913855115586621
0.004372976699473341	0.00045105457389138515	0.0016178950331882103	0.00020895603112847105	0.0005951641184098744	0.004727209330891435	0.0010745775234610733	0.00020716488136107714
0.005433936491951119	0.0002638263752192671	0.00230439842832042	0.0002713654306860658	0.0005951641184098744	0.005164075127794598	0.0015114433203631261	-0.0007913855115586621
0.007743084275578349	0.0006382827725641693	0.0029909018234528517	0.0010202782253756482	0.0015937145113300577	0.005788169123368991	0.0023227655146103032	1.993668268873705e-05
0.009365728664073147	0.0008879203707941041	0.003927042816815218	0.00170678162050808	0.0020929897077899273	0.006037806721599148	0.0030716783093003297	-0.0006665667124436947
0.009865003860533017	0.001137557969023817	0.004051861615930408	0.002330875616082917	0.003029130701152294	0.006037806721599148	0.003633362905317794	0.00020716488136107714
0.007743084275578349	0.0008255109712360653	0.0032405394216832306	0.00170678162050808	0.0025298555046924243	0.005288893926909566	0.0026972219119549834	-0.0005417479133285052
0.005870802288853394	0.0006382827725641693	0.00230439842832042	0.00170678162050808	0.002405036705577679	0.004664799931334729	0.0020107185168227737	0.0001447554818034824
0.004997070695048622	0.0005134639734489799	0.0022419890287632693	0.001457144022278145	0.001968170908674738	0.005039256328679409	0.001761080918593505	-0.0005417479133285052
0.002937560509651549	0.000700692172121764	0.0014930762340727988	0.0010826876249332429	0.0019057615091175872	0.0053513033264671606	0.0012618057221334134	0.0003943930800334172
6.672813000707656e-05	0.0001390075761038556	0.0006193446402680269	-4.0681567101907845e-05	0.00034552652017993957	0.004976846929121814	-4.879166857407746e-05	-0.0005417479133285052
0.00044118452735175673	0.0001390075761038556	0.0008689822384984058	-0.00010309096665861439	0.0004703453192946849	0.00566335032425469	0.00026325532921345207	0.00026957428091867186
-0.0012438692607006363	-0.0004226770199129426	0.0003072976424809415	-0.0012888695582511378	-0.000777842671854323	0.005101665728237004	-0.0004856574654761303	-0.0007289761120012894
0.0001291375295642272	0.0003262357747766398	0.0009938010376133732	-0.00010309096665861439	0.00028311712062234484	0.005788169123368991	0.0005128929274431648	0.0003943930800334172
-0.00086941286335529	1.4188776989332297e-05	0.00024488824292379086	-0.0007271849622338955	-0.0003409768749520481	0.004664799931334729	-0.000360838666361607	-0.0004793385137713546
0.00031636572823701137	-4.822062256870652e-05	-6.715875486396072e-05	-0.00022790976577402589	0.00034552652017993957	0.004040705935759448	-4.879166857407746e-05	8.234608224633178e-05
-0.0005573658655682046	-0.0004226770199129426	-0.0008784809491111378	-0.0002903191653311765	3.347952239285412e-05	0.0029797461432823358	-0.0007977044632641039	-0.0007913855115586621
0.0007532315251395083	0.0002638263752192671	-0.0007536621499963925	0.0007706406271461574	0.0012192581139855996	0.0036662495384147675	-0.0001112010681312281	0.00026957428091867186
-0.0007445940642405446	-0.0007971334172578448	-0.0018770313420310991	-0.00035272856488921533	0.00015829832150804357	0.00335420254062746	-0.0012969796597241956	-0.0009786137102314463
0.0001291375295642272	0.0001390075761038556	-0.0011905279468986674	0.0005834124284733733	0.001094439314869966	0.0053513033264671606	-0.0004856574654761303	0.0001447554818034824
-0.0013686880598153817	-0.0006723146181430995	-0.0016273937438011643	-0.0007895943617910461	-9.133927672211328e-05	0.006349853719386678	-0.0012345702601661568	-0.0009786137102314463
-0.0010566410620278521	-0.0004226770199129426	-0.0011905279468986674	-0.0007895943617910461	-9.133927672211328e-05	0.0083469545052266	-0.0009225232623784052	-0.00010488211642667444
-0.0018679632562752513	-0.00036026762035579196	-0.0006912527504390198	-0.0012264601586939872	-0.0006530238727400217	0.009969598893721177	-0.0007977044632641039	-0.0007289761120012894
-0.0018679632562752513	-0.0004850864194705373	-0.0007536621499963925	-0.0017881447547112295	-0.0008402520714119177	0.010780921087968354	-0.0007352950637065092	1.993668268873705e-05
-0.0015559162584877217	-0.00011063002212541306	5.7660044251228726e-05	-0.0013512789578091766	-0.0005906144731819829	0.010843330487526393	-0.00029842926680401227	-0.0005417479133285052
-0.0005573658655682046	0.00020141697566167238	0.00024488824292379086	-0.0007271849622338955	3.347952239285412e-05	0.00953273309681868	0.00020084592965585735	0.00026957428091867186
-0.0013686880598153817	-0.0004850864194705373	-0.0005664339513238303	-0.0012264601586939872	-0.00046579567406723754	0.006349853719386678	-0.000548066865033725	-0.0007289761120012894
-0.0015559162584877217	-0.0004850864194705373	-0.0013153467460131907	-0.0007895943617910461	3.347952239285412e-05	0.003728658937971918	-0.0007352950637065092	1.993668268873705e-05
-0.007047943419546954	-0.001171589814602969	-0.0036869039291982375	-0.001476097756923922	-0.0011522990691992252	0.0003585513618675762	-0.00291962404821855	-0.0007913855115586621
-0.008608178408484157	-0.0013588180132757532	-0.005059910719463101	-0.0017881447547112295	-0.001214708468757264	-0.000639999031052163	-0.0038557650415809164	1.993668268873705e-05
-0.009107453604943805	-0.002045321408408185	-0.005746414114595533	-0.0023498293507282497	-0.0020884400625615918	-0.00032795203326441147	-0.0046670872358280935	-0.0011034325093461916
-0.008795406607156497	-0.0016708650110630607	-0.005684004715037494	-0.0022250105516139485	-0.001838802464332101	0.002106014549477564	-0.004355040238041008	-0.00016729151598426917
-0.00966913820096127	-0.0016708650110630607	-0.005434367116808003	-0.0030363327458611256	-0.0025877152590216834	0.004477571732662389	-0.0046670872358280935	-0.0009162043106738516
-0.007172762218661255	-0.0010467710154882237	-0.004248588525215924	-0.002474648149843439	-0.0020884400625615918	0.007598041710536352	-0.003481308644235792	0.0001447554818034824
-0.008046493812466471	-0.0016708650110630607	-0.00443581672388782	-0.003598017341878368	-0.003086990455481553	0.008222135706111411	-0.003980583840696106	-0.001041023109788597
-0.0051756614328217765	-0.0009219522163734784	-0.003374856931410708	-0.0027866951476307467	-0.002026030663004441	0.008846229701686692	-0.0027323958495462097	1.993668268873705e-05
-0.002554466651407683	-0.0009219522163734784	-0.0018770313420310991	-0.0020377823529411643	-0.0015891648661019442	0.0083469545052266	-0.0017338454566260264	-0.0007913855115586621
-0.0008070034637976953	-0.0005474958190285761	-0.001689803143358315	-0.0011640507591363924	-0.0005906144731819829	0.00672431011673158	-0.0010473420614940387	-4.247271686907972e-05
-0.00012050006866526353	-0.0002354488212406025	-0.0011905279468986674	-0.0006023661631187061	3.347952239285412e-05	0.0053513033264671606	-0.0007352950637065092	-0.0005417479133285052
0.0009404597238114043	-4.822062256870652e-05	-0.0011905279468986674	0.0002713654306860658	0.0008448017166400312	0.0049144375295642195	-0.0001112010681312281	0.00026957428091867186
0.0021886477149615224	-0.0001730394216830078	-0.0008160715495539872	0.00020895603112847105	0.0007199829175255079	0.005912987922484181	0.00026325532921345207	-0.0007289761120012894
0.005184298893720962	-4.822062256870652e-05	0.0001200694438086014	0.0007082312275881186	0.0017809427100023978	0.008846229701686692	0.001761080918593505	-0.00010488211642667444
0.006557305683985826	0.0006382827725641693	0.001680304432745805	0.001269915823605583	0.0020929897077899273	0.012902840672923022	0.0029468595101855843	-0.0005417479133285052
0.00830476887159537	0.0012623767681385623	0.0028036736247800675	0.0015819628213933346	0.0028419025024795097	0.016647404646372266	0.004319866300450226	0.0003943930800334172
0.008491997070267931	0.0008255109712360653	0.0032405394216832306	0.0008954594262609028	0.002342627306020084	0.018582096032654594	0.004507094499122788	-0.0006041573128861
0.008741634668497866	0.0012623767681385623	0.0037398146181433223	0.0013323252231629557	0.0027170837033647643	0.019705465224689078	0.0050063696955822135	0.00020716488136107714
0.005745983489738649	0.0006382827725641693	0.002928492423895701	0.00020895603112847105	0.0016561239108872083	0.017583545639734632	0.0037581817044329835	-0.0007289761120012894
0.00443538609903138	0.0003262357747766398	0.0019923514305328904	0.00014654663157087633	0.0013440769130999008	0.01440066626230263	0.0029468595101855843	-0.00016729151598426917
0.004310567299915746	0.00020141697566167238	0.0023668078278780147	0.00039618422980081114	0.0014064863126574956	0.01128019628442778	0.0026972219119549834	-0.0009786137102314463
0.0017517819180590255	0.0002638263752192671	0.00105621043717119	0.0002713654306860658	0.0012192581139855996	0.007348404112306639	0.0016986715190359103	1.993668268873705e-05
4.318730449925923e-06	-0.0004850864194705373	0.00018247884336619613	-0.00022790976577402589	0.0004079359197375343	0.004602390531777134	0.0005753023270012037	-0.0007913855115586621
0.0016893725185018749	0.00045105457389138515	0.0009938010376133732	0.0010826876249332429	0.0015937145113300577	0.005101665728237004	0.0015114433203631261	0.00026957428091867186
-0.00018290946822285825	-0.0005474958190285761	-0.00012956815442111136	-0.00022790976577402589	0.0004079359197375343	0.005039256328679409	0.00026325532921345207	-0.0009162043106738516
-5.809066910855698e-05	-0.0002354488212406025	-0.00031679635309389553	8.41372320132816e-05	0.0006575735179672471	0.007660451110094391	0.000700121126115949	8.234608224633178e-05
-0.0006821846646829499	-0.00011063002212541306	-0.00012956815442111136	-0.00022790976577402589	0.0005327547188527237	0.010468874090180602	0.0008249399252306944	-0.0006665667124436947
-0.00037013766689586447	1.4188776989332297e-05	-0.00012956815442111136	-0.00035272856488921533	0.0005951641184098744	0.012840431273365427	0.001136986923018224	0.00020716488136107714
-0.0010566410620278521	-0.0001730394216830078	0.00018247884336619613	-0.0009144131609062356	-9.133927672211328e-05	0.01390139106584276	0.0009497587243454397	-0.0006665667124436947
-0.0013062786602573428	-0.00029785822079819724	-6.715875486396072e-05	-0.0011640507591363924	-0.00027856747539445337	0.013214887670710773	0.0008873493247882891	-4.247271686907972e-05
-0.0013686880598153817	-0.00029785822079819724	0.00018247884336619613	-0.0012888695582511378	-0.0003409768749520481	0.011342605683985818	0.0008249399252306944	-0.0006041573128861
-0.00030772826733782566	1.4188776989332297e-05	0.00043211644159613094	-0.0004775473640039607	0.00034552652017993957	0.00909586729991596	0.0010121681239030345	8.234608224633178e-05
-0.0013686880598153817	-0.0004226770199129426	-0.00019197755397870608	-0.0007271849622338955	-2.8929877164740603e-05	0.006474672518501867	0.00045048352788579216	-0.0006665667124436947
0.0003787751277946061	7.659817654648293e-05	0.00024488824292379086	8.41372320132816e-05	0.0010320299153128154	0.005101665728237004	0.001136986923018224	0.0003319836804758225
-0.0006821846646829499	-0.0004850864194705373	-0.00037920575265149026	-0.00041513796444681006	3.347952239285412e-05	0.0036662495384147675	0.00045048352788579216	-0.0007913855115586621
0.0003787751277946061	0.0003262357747766398	0.00024488824292379086	0.0004585936293581838	0.000907211116197626	0.00441516233310435	0.0013866245212483808	0.0003943930800334172
-0.0006197752651253552	-0.0004226770199129426	-0.0004416151522086409	-0.00041513796444681006	0.00015829832150804357	0.004352752933546977	0.0007625305256735437	-0.0007289761120012894
0.0008780503242546978	0.0006382827725641693	0.0005569352407113204	0.0007706406271461574	0.0012816675135423061	0.0065994913176163905	0.001948309117265401	0.0007064400778209468
-0.0010566410620278521	-0.0004850864194705373	-0.0005664339513238303	-0.0006023661631187061	3.347952239285412e-05	0.00691153831540392	0.0008873493247882891	-0.0006041573128861
-0.002117600854505408	-0.0001730394216830078	-0.0009408903486687326	-0.0005399567635615554	0.0002207077210656383	0.008534182703898718	0.0006377117265583543	0.0003319836804758225
-0.00898263480582906	-0.0012964086137177144	-0.0037493133287558322	-0.0023498293507282497	-0.0019012118638896958	0.0083469545052266	-0.0023579394522013075	-0.0005417479133285052
-0.00898263480582906	-0.0007971334172578448	-0.003811722728313205	-0.0022250105516139485	-0.0015891648661019442	0.009969598893721177	-0.0023579394522013075	0.00045680247959101195
-0.009481910002288485	-0.001171589814602969	-0.00406136032654314	-0.002973923346303531	-0.0023380776607915266	0.010219236491950667	-0.0030444428473337393	-0.0004169291142133158
-0.008795406607156497	-0.0009219522163734784	-0.0038741321278707996	-0.002474648149843439	-0.0019636212634468464	0.010156827092393517	-0.00291962404821855	0.0005192118791486067
-0.009294681803616589	-0.0012964086137177144	-0.004186179125658329	-0.002973923346303531	-0.0024004870603491213	0.008471773304341568	-0.003543718043793609	-0.0004793385137713546
-0.006548668223086862	-0.0010467710154882237	-0.0036869039291982375	-0.0022250105516139485	-0.0016515742656593169	0.006973947714961515	-0.00291962404821855	0.00026957428091867186
-0.006111802426184587	-0.0011091804150453743	-0.0034372663309683027	-0.001912963553826419	-0.0017139836652171336	0.005600940924697095	-0.0027323958495462097	-0.0006041573128861
-0.003615426443884573	-0.0007971334172578448	-0.0030628099336234005	-0.0012264601586939872	-0.000777842671854323	0.0053513033264671606	-0.0017338454566260264	0.00026957428091867186
-0.0010566410620278521	-0.0004226770199129426	-0.001689803143358315	-0.0006023661631187061	-9.133927672211328e-05	0.006973947714961515	-0.0004232480659189797	-0.0005417479133285052
-0.0006821846646829499	-0.0006723146181430995	-0.0020018501411462886	-0.0006647755626763008	-0.00021615807583752478	0.008846229701686692	1.3617730983073173e-05	-4.247271686907972e-05
-0.000432547066452571	-0.0001730394216830078	-0.001065709147783922	-0.0006647755626763008	0.0002207077210656383	0.01140501508354319	0.0010121681239030345	-0.0004793385137713546
0.00025395632867941664	1.4188776989332297e-05	-0.0008784809491111378	-0.00041513796444681006	0.0005951641184098744	0.013838981666285166	0.0014490339208059755	0.0003319836804758225
0.0016893725185018749	-0.0002354488212406025	0.00018247884336619613	-0.0004775473640039607	0.0005951641184098744	0.015773673052567494	0.002197946715495558	-0.0006665667124436947
0.005184298893720962	0.0005134639734489799	0.0014930762340727988	0.0002713654306860658	0.0018433521095599925	0.01658499524681467	0.003820591103990356	0.0003943930800334172
0.007056580880445917	0.0010127391699090715	0.003365358220798198	0.0010202782253756482	0.0024674461051343854	0.01646017644769948	0.004569503898680383	-0.00029211031509901453
0.008242359472038219	0.0005134639734489799	0.003365358220798198	0.0010826876249332429	0.002342627306020084	0.014525485061417376	0.004694322697794684	8.234608224633178e-05
0.009428138063630742	0.0009503297703514768	0.004488727412832905	0.001457144022278145	0.002779493102922359	0.012715612474250682	0.005068779095139808	-0.0007289761120012894
0.009053681666284952	0.0008879203707941041	0.00411427101548778	0.00170678162050808	0.0027170837033647643	0.011155377485313034	0.0048191414969103175	0.0001447554818034824
0.006058030487526178	0.0005758733730065746	0.003115720622568041	0.0011450970244903935	0.0020305803082323326	0.010156827092393517	0.003883000503547951	-0.0006665667124436947
0.0051218894941633675	0.0005758733730065746	0.0024292172274356094	0.0010826876249332429	0.0020305803082323326	0.010468874090180602	0.0035085441062026046	1.993668268873705e-05
0.004372976699473341	0.0003886451743342345	0.0022419890287632693	0.0010202782253756482	0.0015937145113300577	0.01202910907911825	0.0033213159075302645	-0.0006665667124436947
0.00044118452735175673	1.4188776989332297e-05	0.0003697070420385362	8.41372320132816e-05	0.000907211116197626	0.0120915184786754	0.001948309117265401	1.993668268873705e-05
-0.00030772826733782566	1.4188776989332297e-05	0.00024488824292379086	-0.00035272856488921533	0.0004703453192946849	0.012278746677347963	0.0014490339208059755	-0.0006041573128861
0.00019154692912182192	-4.822062256870652e-05	0.0003697070420385362	-4.0681567101907845e-05	0.0007199829175255079	0.01202910907911825	0.0015738527199207208	8.234608224633178e-05
-0.00030772826733782566	7.659817654648293e-05	0.0007441634393832164	-0.0002903191653311765	0.0004703453192946849	0.010032008293278771	0.001136986923018224	-0.0006041573128861
0.0003787751277946061	0.00020141697566167238	0.0009313916380560006	-4.0681567101907845e-05	0.0007823923170824365	0.007722860509651541	0.0010121681239030345	0.00020716488136107714
-0.0009942316624702574	-0.0006099052185855047	0.0003697070420385362	-0.0006647755626763008	-0.0004033862745096428	0.0053513033264671606	-4.879166857407746e-05	-0.0009786137102314463
0.00019154692912182192	-0.0002354488212406025	0.0008689822384984058	-0.00010309096665861439	0.0004079359197375343	0.004602390531777134	0.0005128929274431648	1.993668268873705e-05
-0.0005573658655682046	-0.00036026762035579196	0.0006193446402680269	-0.0004775473640039607	-2.8929877164740603e-05	0.004789618730449474	0.00020084592965585735	-0.0008537949111164789
6.672813000707656e-05	0.00045105457389138515	0.0008689822384984058	0.0004585936293581838	0.0008448017166400312	0.007785269909209136	0.001136986923018224	0.00045680247959101195
-0.0015559162584877217	-0.0004850864194705373	-0.00019197755397870608	-0.0007271849622338955	-0.000153748676279708	0.010094417692835922	0.0005128929274431648	-0.0007289761120012894
-0.0004949564660101657	7.659817654648293e-05	-0.00012956815442111136	-0.00035272856488921533	0.0006575735179672471	0.013838981666285166	0.0015114433203631261	0.00026957428091867186
-0.0013686880598153817	-4.822062256870652e-05	-0.00012956815442111136	-0.0005399567635615554	0.0004703453192946849	0.01677222344548701	0.0016986715190359103	-0.0005417479133285052
-0.0006821846646829499	-4.822062256870652e-05	-0.0004416151522086409	-0.0005399567635615554	0.0007199829175255079	0.01802041143663713	0.0020731279163805905	0.0001447554818034824
-0.0018679632562752513	-0.0004226770199129426	-0.0008784809491111378	-0.0011016413595787977	-2.8929877164740603e-05	0.017209089242389952	0.0014490339208059755	-0.0006041573128861
-5.809066910855698e-05	0.0005134639734489799	0.0003697070420385362	0.00014654663157087633	0.0012816675135423061	0.01658499524681467	0.0023227655146103032	0.0005192118791486067
-0.00086941286335529	-0.00011063002212541306	-4.749355306365999e-06	-0.0007271849622338955	0.0005327547188527237	0.013152478271153178	0.0015738527199207208	-0.00035451971465660925
0.0005660033264669462	0.0003886451743342345	0.0007441634393832164	0.00014654663157087633	0.0011568487144275608	0.010968149286640694	0.0018234903181502116	0.0005192118791486067
-0.0008070034637976953	-0.0001730394216830078	0.0003697070420385362	-0.0004775473640039607	0.00028311712062234484	0.0083469545052266	0.0009497587243454397	-0.0005417479133285052
-0.002117600854505408	-0.00011063002212541306	-0.00031679635309389553	-0.0005399567635615554	0.00034552652017993957	0.006100216121156743	0.0003256647287710468	0.0003943930800334172
-0.008857816006713426	-0.0012339992141605638	-0.003187628732738368	-0.0023498293507282497	-0.0019012118638896958	0.0032917931410698653	-0.0026075770504307982	-0.0006665667124436947
-0.008608178408484157	-0.000984361615930629	-0.0034996757305254533	-0.001912963553826419	-0.0014643460669867547	0.003978296536202297	-0.002482758251316053	0.0003943930800334172
-0.009232272404058994	-0.001421227412833126	-0.004186179125658329	-0.002724285748073818	-0.0022132588616772253	0.004227934134431788	-0.00310685224689089	-0.0005417479133285052
-0.008545769008926118	-0.0009219522163734784	-0.004186179125658329	-0.0019753729533840136	-0.0016515742656593169	0.005850578522926586	-0.0027323958495462097	0.0003943930800334172
-0.008608178408484157	-0.0009219522163734784	-0.004186179125658329	-0.0021626011520563537	-0.0019012118638896958	0.0070363571145191095	-0.0027948052491033604	-0.00035451971465660925
-0.005862164827954652	-0.0009219522163734784	-0.003562085130083492	-0.0018505541542688242	-0.0012771178683144147	0.008409363904783529	-0.0019834830548561833	0.0003319836804758225
-0.006611077622644457	-0.0012339992141605638	-0.003562085130083492	-0.0022250105516139485	-0.001838802464332101	0.009158276699473555	-0.0023579394522013075	-0.0005417479133285052
-0.0028665136491949905	-0.0001730394216830078	-0.0018770313420310991	-0.0009144131609062356	-0.0003409768749520481	0.011030558686198733	-0.0007352950637065092	0.0005192118791486067
-0.0012438692607006363	-0.0002354488212406025	-0.0008784809491111378	-0.001039231960021425	-0.00021615807583752478	0.011467424483100785	-0.0001736104676892669	-0.0002297009155414198
0.00019154692912182192	0.0002638263752192671	-0.00019197755397870608	-0.00022790976577402589	0.0004079359197375343	0.0120915184786754	0.0005753023270012037	0.0007064400778209468
-0.0007445940642405446	1.4188776989332297e-05	-0.00012956815442111136	-0.0006647755626763008	3.347952239285412e-05	0.01128019628442778	0.0005128929274431648	-0.0002297009155414198
0.000815640924697103	0.0001390075761038556	5.7660044251228726e-05	-0.0002903191653311765	0.0006575735179672471	0.010531283489738197	0.0011993963225758186	0.0005816212787062014
0.0029999699092091436	0.0005758733730065746	0.0013682574349584975	0.0004585936293581838	0.0013440769130999008	0.010780921087968354	0.002385174914167898	-0.00010488211642667444
0.006307668085755447	0.0009503297703514768	0.00230439842832042	0.001269915823605583	0.0024674461051343854	0.010718511688410759	0.004070228702220291	0.000644030678263352
0.007118990280003512	0.0008255109712360653	0.002741264225223361	0.0013323252231629557	0.002405036705577679	0.010156827092393517	0.004444685099565193	-0.0002297009155414198
0.009865003860533017	0.001761651964598876	0.0043014992141601205	0.0028301508125427866	0.0037780434958418763	0.01152983388265838	0.0060673294880599915	0.0009560776760511036
0.009615366262302638	0.001324786167696601	0.004363908613717715	0.002268466216525322	0.0033411776989396014	0.01109296808575544	0.005755282490272684	-0.00029211031509901453
0.009552956862745043	0.0015744237659265359	0.004488727412832905	0.0024556944151981064	0.0035284058976119415	0.01128019628442778	0.005755282490272684	0.0005192118791486067
0.005371527092393524	0.0005134639734489799	0.003178130022125636	0.0010202782253756482	0.0018433521095599925	0.010656102288853386	0.0036957723048751667	-0.0005417479133285052
0.00549634589150827	0.0012623767681385623	0.003614995819028133	0.0016443722209504852	0.0026546743038071696	0.01171706208133072	0.004007819302662252	0.000644030678263352
0.004372976699473341	0.0007631015716793588	0.0034901770199129434	0.0008954594262609028	0.0019057615091175872	0.01159224328221553	0.0030716783093003297	-0.00035451971465660925
0.001002869123368999	0.0005134639734489799	0.0019923514305328904	0.00039618422980081114	0.0012192581139855996	0.010593692889295792	0.0016986715190359103	0.00045680247959101195
4.318730449925923e-06	0.00020141697566167238	0.0017427138323033997	-0.0001655003662166532	0.0006575735179672471	0.00953273309681868	0.0010121681239030345	-0.00035451971465660925
0.001002869123368999	0.00045105457389138515	0.0018051232318609944	0.0003337748302436605	0.0010320299153128154	0.009158276699473555	0.001324215121690342	0.00045680247959101195
-0.00037013766689586447	0.0001390075761038556	0.0011186198367285627	-4.0681567101907845e-05	0.0004079359197375343	0.008034907507438627	0.0008249399252306944	-0.00035451971465660925
0.00019154692912182192	0.0001390075761038556	0.0008065728389408111	0.00014654663157087633	0.0008448017166400312	0.007473222911421384	0.0012618057221334134	0.0003319836804758225
-0.000432547066452571	-4.822062256870652e-05	0.0004945258411537257	-0.00010309096665861439	0.0004079359197375343	0.007535632310978979	0.0009497587243454397	-0.0006041573128861
4.318730449925923e-06	0.00020141697566167238	0.0003697070420385362	0.0003337748302436605	0.000907211116197626	0.008971048500800993	0.0016362621194783156	0.0005192118791486067
0.0001291375295642272	0.0005134639734489799	0.0008689822384984058	0.00020895603112847105	0.001094439314869966	0.010406464690623451	0.0020107185168227737	-0.00016729151598426917
-0.00018290946822285825	0.0003262357747766398	0.00043211644159613094	0.00020895603112847105	0.0009696205157552207	0.011467424483100785	0.0018234903181502116	0.000644030678263352
-0.00086941286335529	7.659817654648293e-05	0.0006817540398260657	-0.00022790976577402589	0.0005951641184098744	0.012278746677347963	0.0016986715190359103	-0.00035451971465660925
-0.000245318867780453	0.0002638263752192671	0.0006817540398260657	-0.00022790976577402589	0.000907211116197626	0.011966699679560655	0.001761080918593505	0.0005192118791486067
-0.000245318867780453	0.0003886451743342345	0.0014306668345160922	2.172783245568688e-05	0.0009696205157552207	0.011904290280003504	0.001761080918593505	-0.00010488211642667444
-0.00018290946822285825	0.0001390075761038556	0.0008689822384984058	-0.00010309096665861439	0.0008448017166400312	0.010593692889295792	0.0015738527199207208	0.0003943930800334172
-0.0006821846646829499	-4.822062256870652e-05	0.0007441634393832164	-0.0005399567635615554	0.0005327547188527237	0.008721410902571503	0.001136986923018224	-0.0004793385137713546
6.672813000707656e-05	0.00020141697566167238	0.0008065728389408111	2.172783245568688e-05	0.000907211116197626	0.008222135706111411	0.0013866245212483808	0.00045680247959101195
-0.0004949564660101657	0.0001390075761038556	0.0007441634393832164	-0.0001655003662166532	0.0005951641184098744	0.007722860509651541	0.0012618057221334134	-0.00029211031509901453
0.0006908221255821356	0.000700692172121764	0.0009313916380560006	0.00039618422980081114	0.0013440769130999008	0.007785269909209136	0.001948309117265401	0.0007688494773785415
-0.0012438692607006363	-0.00029785822079819724	-0.00019197755397870608	-0.0004775473640039607	9.588892195044885e-05	0.007348404112306639	0.0008249399252306944	-0.0005417479133285052
-0.00317856064698252	-0.00011063002212541306	-0.0010032997482263273	-0.0004775473640039607	0.00015829832150804357	0.0070363571145191095	0.0003256647287710468	0.0005192118791486067
-0.009731547600518642	-0.0009219522163734784	-0.0037493133287558322	-0.002100191752498759	-0.001838802464332101	0.00441516233310435	-0.002669986449988837	-0.0002297009155414198
-0.00904504420538621	-0.0012964086137177144	-0.0038741321278707996	-0.002100191752498759	-0.0017763930647745063	0.0036662495384147675	-0.00291962404821855	0.00020716488136107714
-0.008857816006713426	-0.000984361615930629	-0.003374856931410708	-0.002100191752498759	-0.0019636212634468464	0.002542880346379839	-0.0031692616464484846	-0.0002297009155414198
-0.008920225406271687	-0.0013588180132757532	-0.0038741321278707996	-0.002474648149843439	-0.0022132588616772253	0.0008578265583274458	-0.003918174441138511	0.00020716488136107714
-0.008483359609368968	-0.0010467710154882237	-0.0030628099336234005	-0.0020377823529411643	-0.0020884400625615918	0.0009826453574426353	-0.003668536842908132	-0.00035451971465660925
-0.005487708430609306	-0.0006099052185855047	-0.0022514877393760013	-0.0014136883573663273	-0.0012771178683144147	0.0015443299534598776	-0.002669986449988837	0.0005192118791486067
-0.005924574227511803	-0.0010467710154882237	-0.002563534737163531	-0.0020377823529411643	-0.0017763930647745063	0.0015443299534598776	-0.0031692616464484846	-0.0004793385137713546
-0.0024296478522924936	-0.00029785822079819724	-0.0011281185473410726	-0.0007271849622338955	-0.0005282050736248323	0.004664799931334729	-0.0011721608606090061	0.0003319836804758225
-0.0016183256580453165	-0.0004226770199129426	-0.0009408903486687326	-0.001039231960021425	-0.0005906144731819829	0.006287444319829083	-0.0006728856641489145	-0.0005417479133285052
4.318730449925923e-06	7.659817654648293e-05	-0.0002543869535363008	-0.00035272856488921533	0.00034552652017993957	0.008596592103456313	0.0005753023270012037	0.0003943930800334172
-0.0009942316624702574	-0.00029785822079819724	-0.0007536621499963925	-0.0007271849622338955	-0.000153748676279708	0.00953273309681868	0.00045048352788579216	-0.0004169291142133158
0.0010652785229265938	7.659817654648293e-05	-4.749355306365999e-06	-0.00010309096665861439	0.000907211116197626	0.010219236491950667	0.0016362621194783156	0.0003319836804758225
0.002500694712749052	-0.00011063002212541306	0.0008689822384984058	2.172783245568688e-05	0.0007823923170824365	0.010468874090180602	0.002197946715495558	-0.0006665667124436947
0.006307668085755447	0.0010127391699090715	0.0029909018234528517	0.0015195534218357398	0.0024674461051343854	0.01109296808575544	0.004195047501335036	0.000644030678263352
0.007306218478675408	0.0008255109712360653	0.0036774052185857276	0.0012075064240479882	0.002405036705577679	0.009657551895933869	0.004195047501335036	-0.00035451971465660925
0.009802594460975422	0.001512014366368497	0.005175230807964892	0.002518103814755257	0.0034659964980543467	0.0103440552910663	0.005256007293812592	0.000644030678263352
0.009552956862745043	0.0013871955672541958	0.005674506004424984	0.002268466216525322	0.0032787682993824507	0.010094417692835922	0.005131188494697403	-0.00029211031509901453
0.008804044068055461	0.0012623767681385623	0.005112821408407298	0.0019564192187380147	0.0030915401007096666	0.00922068609903115	0.004756732097352723	0.0005192118791486067
0.005870802288853394	0.001137557969023817	0.004488727412832905	0.0013323252231629557	0.0022802179064624895	0.00909586729991596	0.0035709535057601993	-0.00016729151598426917
0.004622614297703498	0.0007631015716793588	0.003552586419470538	0.0010826876249332429	0.0017809427100023978	0.00909586729991596	0.003196497108415519	0.0003319836804758225
0.003748882703898726	0.0009503297703514768	0.003302948821240159	0.0009578688258180534	0.0018433521095599925	0.0083469545052266	0.0030716783093003297	-0.00016729151598426917
0.0010652785229265938	0.0005134639734489799	0.0015554856336308376	0.0006458218280305239	0.0012816675135423061	0.006349853719386678	0.0020107185168227737	0.0005816212787062014
4.318730449925923e-06	0.00020141697566167238	0.0011186198367285627	0.0002713654306860658	0.0007199829175255079	0.005226484527351971	0.0014490339208059755	-0.00029211031509901453
0.0011900973220417832	0.0005758733730065746	0.0014930762340727988	0.0008954594262609028	0.0012816675135423061	0.004789618730449474	0.0018858997177082504	0.0005192118791486067
0.00019154692912182192	0.0003262357747766398	0.0014306668345160922	0.0006458218280305239	0.0007823923170824365	0.00441516233310435	0.001324215121690342	-0.00016729151598426917
0.00044118452735175673	0.00045105457389138515	0.0011810292362857133	0.0005834124284733733	0.000907211116197626	0.0042903435339893825	0.0011993963225758186	0.0005816212787062014
6.672813000707656e-05	0.0003262357747766398	0.0015554856336308376	0.0003337748302436605	0.0007199829175255079	0.0049144375295642195	0.0008873493247882891	-0.00010488211642667444
0.0003787751277946061	0.0003886451743342345	0.0016178950331882103	0.0005210030289157785	0.0007823923170824365	0.006474672518501867	0.0008873493247882891	0.0005816212787062014
-0.00012050006866526353	0.0002638263752192671	0.0018051232318609944	8.41372320132816e-05	0.0005951641184098744	0.006973947714961515	0.000700121126115949	-0.0002297009155414198
0.00025395632867941664	0.00045105457389138515	0.001680304432745805	8.41372320132816e-05	0.0007823923170824365	0.007161175913634299	0.0007625305256735437	0.000644030678263352
-0.0013062786602573428	-0.0002354488212406025	0.0009938010376133732	-0.0006647755626763008	-0.000153748676279708	0.006786719516289175	1.3617730983073173e-05	-0.0004793385137713546
-0.00018290946822285825	0.0002638263752192671	0.001243438635843308	2.172783245568688e-05	0.0007823923170824365	0.006786719516289175	0.0009497587243454397	0.00045680247959101195
-0.0005573658655682046	0.0001390075761038556	0.0009313916380560006	-0.0001655003662166532	0.0005327547188527237	0.005476122125581906	0.0010121681239030345	-0.00029211031509901453
0.00031636572823701137	0.0003262357747766398	0.0008689822384984058	0.00039618422980081114	0.001094439314869966	0.005039256328679409	0.001761080918593505	0.0005816212787062014
-0.00086941286335529	-0.0001730394216830078	0.00024488824292379086	-0.0002903191653311765	0.00034552652017993957	0.003603840138857173	0.0011993963225758186	-0.0004793385137713546
0.0007532315251395083	0.0005134639734489799	0.0009313916380560006	0.0006458218280305239	0.0012192581139855996	0.0042903435339893825	0.0020107185168227737	0.0005816212787062014
-0.0005573658655682046	-0.00011063002212541306	0.00043211644159613094	8.41372320132816e-05	0.00034552652017993957	0.004165524734874637	0.0011993963225758186	-0.0004169291142133158
0.0005660033264669462	0.0005134639734489799	0.0009938010376133732	0.0005210030289157785	0.0012192581139855996	0.005164075127794598	0.0016362621194783156	0.0007064400778209468
-0.00086941286335529	0.0001390075761038556	0.0008689822384984058	-4.0681567101907845e-05	0.0004703453192946849	0.005912987922484181	0.000700121126115949	-0.0002297009155414198
-0.004364339238574599	-0.00036026762035579196	-0.0007536621499963925	-0.0009144131609062356	-0.0005906144731819829	0.0059753973220417755	-0.000984932661936	0.0005192118791486067
-0.009606728801403674	-0.0007347240177006942	-0.002501125337605936	-0.0022250105516139485	-0.0019012118638896958	0.0042903435339893825	-0.0034188992446784194	-4.247271686907972e-05
-0.007796856214236536	-0.00029785822079819724	-0.00212666894026059	-0.001663325955596262	-0.001214708468757264	0.004165524734874637	-0.00291962404821855	0.0008936682764935089
-0.00904504420538621	-0.0009219522163734784	-0.002750762935835871	-0.002100191752498759	-0.0020884400625615918	0.0027925179446102177	-0.0036061274433505375	-0.00010488211642667444
-0.008171312611581438	-0.0007347240177006942	-0.0030628099336234005	-0.0017881447547112295	-0.0015267554665447935	0.0012946923552303868	-0.0032316710460056353	0.0007688494773785415
-0.006923124620431764	-0.00029785822079819724	-0.0024387159380487855	-0.0012264601586939872	-0.0010898896696420746	0.0007330077592127004	-0.0026075770504307982	0.00020716488136107714
-0.005238070832379815	-0.0004226770199129426	-0.0024387159380487855	-0.0009768225604638303	-0.0007154332722976164	0.0011698735561149753	-0.0017338454566260264	0.0007688494773785415
