Sensor_1	Sensor_2	Sensor_3	Sensor_4	Sensor_5	Sensor_6	Sensor_7	Sensor_8
-0.00159608606851247	-0.0001527626077661992	0.000409517998015696	-0.00132972587167135	-0.0012524068665600296	0.00416868265049164	-0.00024731284809687004	-0.0003689456473636721
-0.0038428244525821054	-0.00046480960555372874	-0.0015251733882655216	-0.00132972587167135	-0.001377225665675219	0.0018595348668648537	-0.0016203196383617335	0.0003799671473263544
-0.007837026024261284	-0.0010889036011290099	-0.004520824567024961	-0.002390685664148906	-0.0023757760585951804	-0.0010112975127793966	-0.004179105020218454	-0.00024412684824892672
-0.006401609834438826	-0.0009016754024566698	-0.004832871564812713	-0.00132972587167135	-0.0012524068665600296	-0.0013233445105671482	-0.004054286221103265	0.0006296047455562892
-0.007961844823376474	-0.0017129975967038469	-0.006018650156405014	-0.0018914104676888144	-0.002063729060807651	-0.002009847905699136	-0.005302474212253161	-0.0005561738460355681
-0.0069632944304565125	-0.0011513130006861605	-0.005893831357289825	-0.00132972587167135	-0.0011275880674448402	-0.0006368411154347164	-0.004740789616235697	0.0005047859464410998
-0.0067760662317843945	-0.0011513130006861605	-0.005207327962157837	-0.0013921352712289448	-0.0016268632639047098	0.000736165674829703	-0.004428742618448389	-0.000181717448691332
-0.005839925238421806	-0.000839266002898631	-0.00420877756923832	-0.0012673164721137553	-0.0015020444647899645	0.002670857061112475	-0.003367782825970833	0.0005671953459986945
-0.005278240642404564	-0.0007768566033414803	-0.0030229989776453525	-0.001766591668573625	-0.001814091462577272	0.004231092050049234	-0.002743688830395996	-0.00024412684824892672
-0.002657045860989804	-0.0003399908064389834	-0.001275535790036253	-0.0012673164721137553	-0.0012524068665600296	0.0056665082398712485	-0.001308272640573982	0.0004423765468839491
-0.002906683459220183	-0.0004024002059965781	-0.0005266229953462265	-0.0015793634699012848	-0.0016268632639047098	0.005728917639428843	-0.0009338162432288577	-0.00030653624780652144
-0.000971992072937633	0.00015928439002088624	0.0002222897993438	-0.0009552694743260037	-0.0006283128709851926	0.005916145838101405	0.00012714354924825422	0.0006920141451136619
-0.0013464484702829793	-0.00021517200732379393	9.747100022861055e-05	-0.0010176788738840425	-0.0009403598687722781	0.004543139047836986	-0.0004969504463263608	-0.00024412684824892672
0.00021378651865466836	3.4465590905696786e-05	-0.00015216659800110222	-0.00020635667963686544	5.819052414768322e-05	0.0037942262531469595	-6.008464942408587e-05	0.0004423765468839491
0.003646303494316383	0.0004713313878081937	0.0012208401922637613	0.0008546031128406906	0.0014311973144121026	0.004043863851376894	0.0011881033417260323	-0.000181717448691332
0.007827733264667902	0.0009706065842682854	0.0028434845807581155	0.0025396569008926395	0.002991432303349306	0.004855186045624071	0.002935566529335576	0.0003799671473263544
0.007640505065995562	0.0010330159838258801	0.003155531578545867	0.0027268850995654237	0.0031786605020216463	0.005042414244296856	0.0030603853284503213	-0.00030653624780652144
0.009263149454490804	0.0014074723811705603	0.0034675785763333966	0.003101341496910326	0.003989982696268823	0.006040964637217039	0.0036844793240256024	0.0006920141451136619
0.008389417860685588	0.0007833783855952792	0.00377962557412026	0.0025396569008926395	0.002804204104676522	0.006228192835888935	0.003372432326237851	-0.0006809926451507575
0.008139780262455432	0.0009706065842682854	0.004029263172350861	0.0023524287022202994	0.002804204104676522	0.007101924429693707	0.0036844793240256024	0.00013032954909641958
0.004769672686351534	0.0005961501869233832	0.003217940978103462	0.0009170125123982853	0.0012439691157395405	0.006665058632791432	0.0025611101319904517	-0.0007434020447083522
0.004832082085908684	0.0009081971847106907	0.0034675785763333966	0.0011042407110706254	0.0012439691157395405	0.0071643338292513015	0.0028107477302203865	0.00031755774776875967
0.002585343701839049	0.0004713313878081937	0.0025938469825277366	4.328091859351346e-05	0.00037023752193476867	0.006477830434118648	0.0019370161364156147	-0.0003689456473636721
0.001087518112458996	0.00015928439002088624	0.0012208401922637613	-0.0003935848783089835	-4.2188754099115044e-06	0.005229642442969418	0.0006888281452654965	0.00019273894865357022
2.6558319981884182e-05	-0.00021517200732379393	0.0008463837949188591	-0.0003311754787516108	-0.00037867527275547985	0.004480729648279391	0.00012714354924825422	-0.0007434020447083522
0.001087518112458996	0.00015928439002088624	0.000409517998015696	0.00023050911726585355	0.0005574657206075528	0.004106273250934045	0.00031437174792126044	0.00025514834821116494
0.0010251087129018455	3.4465590905696786e-05	0.0002846991989013947	0.00010569031815110819	0.0005574657206075528	0.004855186045624071	-0.00024731284809687004	-0.0004313550469212668
0.0013995651102471918	9.687499046306947e-05	-0.00015216659800110222	0.0006673749141683505	0.0008071033188372656	0.0044183202487217965	-0.00018490344853838714	0.00031755774776875967
0.000276195918211819	-0.00021517200732379393	-0.0005890323949038212	0.0002929185168232262	0.0005574657206075528	0.0039814544518193	-0.0006217692454415502	-0.0006185832455936069
0.001149927512017035	9.687499046306947e-05	-0.0003393947966734423	0.0006673749141683505	0.0008695127183948603	0.004293501449606607	-0.0001224940489816806	0.0003799671473263544
0.00021378651865466836	3.4465590905696786e-05	-2.734779888613481e-05	0.00035532791638082095	0.00037023752193476867	0.004855186045624071	-0.00024731284809687004	-0.00024412684824892672
0.00040101471732700844	0.00015928439002088624	9.747100022861055e-05	0.0001680997177087029	0.0004326469214919193	0.005791327038986438	0.00012714354924825422	0.0004423765468839491
-0.0009095826733804824	-0.00021517200732379393	3.5061600671459914e-05	-0.000705631876096513	-0.0005659034714275979	0.0056665082398712485	-0.0004969504463263608	-0.0004937644464788615
-0.0008471732738228877	-0.0001527626077661992	0.00015988039978620527	-0.0006432224765389183	-0.0006907222705427873	0.005978555237659	-0.0003097222476540207	0.00025514834821116494
-0.0013464484702829793	-9.035320820949266e-05	0.00034710859845898945	-0.0010176788738840425	-0.0008155410696579768	0.005791327038986438	-0.00024731284809687004	-0.0004313550469212668
-0.000347898077362796	3.4465590905696786e-05	0.000409517998015696	-0.0004559942778661341	-0.00044108467231240844	0.005104823643854228	-0.0001224940489816806	0.0004423765468839491
-0.0005975356755925088	-0.00027758140688138866	9.747100022861055e-05	-0.0006432224765389183	-0.0005034940718700032	0.0036069980544741753	-0.0004345410467692101	-0.0004313550469212668
0.00040101471732700844	-0.0001527626077661992	-0.0003393947966734423	-1.9128480964081263e-05	0.0002454187228195792	0.0023588100633249454	-0.0003721316472111713	0.00019273894865357022
8.89677195394789e-05	-0.00027758140688138866	-0.0005890323949038212	0.00010569031815110819	0.0002454187228195792	0.0012354408712897946	-0.0007465880445560735	-0.0006185832455936069
0.0012123369115746296	-9.035320820949266e-05	-0.0007138511940185666	0.0007297843137259452	0.0010567409170676445	0.001360259670404984	-0.0003721316472111713	0.00019273894865357022
-0.0004727168764777634	-0.0006520378042262909	-0.0016499921873809331	-8.153788052167599e-05	0.0001830093232619845	0.0009858032730596378	-0.0013706820401313546	-0.000805811444265947
-0.0036555962539097653	-0.0007768566033414803	-0.0032102271763181367	-0.0005184036774241729	-0.00044108467231240844	0.0010482126726172325	-0.0026188700312812507	0.00025514834821116494
-0.008461120019836565	-0.001463359998473912	-0.005082509163042648	-0.0021410480659189712	-0.0025005948577094816	0.0009858032730596378	-0.004678380216678546	-0.0005561738460355681
-0.007899435423818879	-0.0012137224002437552	-0.00477046216525534	-0.0023282762645913113	-0.002438185458152331	0.002670857061112475	-0.004241514419776049	0.00031755774776875967
-0.009334851613641337	-0.0015257693980315068	-0.004645643366140151	-0.0031395984588384884	-0.003499145250629665	0.0033573604562444626	-0.004678380216678546	-0.0004937644464788615
-0.009022804615853364	-0.0012137224002437552	-0.00439600576791066	-0.0030771890592808937	-0.003311917051956881	0.00416868265049164	-0.004303923819333644	0.0003799671473263544
-0.008523529419393716	-0.0013385411993585006	-0.0038343211718929737	-0.0033892360570684232	-0.0033743264515146976	0.004231092050049234	-0.004054286221103265	-0.0004937644464788615
-0.006900885030898918	-0.0013385411993585006	-0.003397455374990699	-0.0027027326619359915	-0.0029374606546124227	0.0034197698558018352	-0.003555011024643173	0.00013032954909641958
-0.0050910124437320015	-0.0010889036011290099	-0.002898180178530607	-0.002203457465476122	-0.0021261384603648015	0.0029204946593417436	-0.0029309170290687803	-0.0006185832455936069
-0.00159608606851247	-0.0005896284046693623	-0.00208685798428343	-0.0010176788738840425	-0.0005659034714275979	0.0031077228580145277	-0.0018075478370336295	0.00031755774776875967
-0.0007223544747081423	-0.00046480960555372874	-0.0015251733882655216	-0.0001439472800792707	-6.662827496750623e-05	0.001984353665979821	-0.0014955008392461	-0.0003689456473636721
0.0004634241168843811	9.687499046306947e-05	-0.0013379451895934036	0.0007921937132830958	0.0009943315175096057	0.0017347160677496642	-0.0006841786449989229	0.0005671953459986945
8.89677195394789e-05	-2.794380865145385e-05	-0.001275535790036253	0.0006049655146111999	0.000931922117952011	0.006228192835888935	-0.0010586350423440472	-0.000181717448691332
0.000900289913786656	9.687499046306947e-05	-0.0009634887922487234	0.0006673749141683505	0.000931922117952011	0.01764911295490923	-0.0011210444419016419	0.0005047859464410998
0.003459075295643821	0.00022169378957848096	0.000409517998015696	0.00035532791638082095	0.001368787914854508	0.022829093118180932	-6.008464942408587e-05	-0.0004937644464788615
0.006454726474403483	0.000845787785153318	0.0026562563820857754	0.0011042407110706254	0.0021177007095445344	0.027197751087205013	0.0018121973373006472	0.00025514834821116494
0.005456176081483521	0.0007833783855952792	0.003155531578545867	0.0006049655146111999	0.0012439691157395405	0.028570757877469655	0.0016873785381854578	-0.0006185832455936069
0.006954001670863574	0.0009081971847106907	0.003405169176775802	0.0007921937132830958	0.0020552913099867176	0.027946663881894596	0.002311472533760739	0.00013032954909641958
0.007952552063783092	0.0009706065842682854	0.004029263172350861	0.000979421911955436	0.002180110109102129	0.025138240901808162	0.0026235195315480464	-0.0006185832455936069
0.008014961463340242	0.001282653582055815	0.003966853772793044	0.0019155629053182466	0.0027417947051191494	0.021144039330128983	0.002935566529335576	0.0004423765468839491
0.005830632478828202	0.0009081971847106907	0.0025938469825277366	0.001416287708858377	0.0025545665064468093	0.015964059166856837	0.0017497879377428305	-0.00024412684824892672
0.0067043640726334175	0.0009081971847106907	0.0022193905851832785	0.0019779723048756193	0.002991432303349306	0.014029367780574953	0.0016873785381854578	0.0003799671473263544
0.0033966658960866702	0.00022169378957848096	0.0009712025940333824	0.0013538783093007822	0.0018680631113143775	0.01465346177614979	0.00031437174792126044	-0.0006185832455936069
0.0018988403067066173	0.00022169378957848096	-0.00021457599755869694	0.000542556115053161	0.0016808349126420374	0.018522844548714223	-0.0006841786449989229	0.00025514834821116494
0.000900289913786656	3.4465590905696786e-05	-0.00021457599755869694	-8.153788052167599e-05	0.000931922117952011	0.026199200694285274	-0.001308272640573982	-0.0003689456473636721
0.000900289913786656	0.00022169378957848096	-0.0003393947966734423	-0.0003935848783089835	0.0008695127183948603	0.03281459704737899	-0.0013706820401313546	0.0004423765468839491
-0.000347898077362796	-2.794380865145385e-05	-0.0006514417944609718	-0.0013921352712289448	0.0001830093232619845	0.03780734901197769	-0.002119594834821159	-0.0003689456473636721
0.00015137711909707363	0.00015928439002088624	-0.0003393947966734423	-0.0009552694743260037	0.00037023752193476867	0.04086540959029539	-0.0018699572365912243	0.0004423765468839491
-0.0005351262760358022	0.00015928439002088624	-0.0005890323949038212	-0.00132972587167135	-6.662827496750623e-05	0.039492402800029636	-0.002119594834821159	-0.00024412684824892672
0.00071306171511476	0.00028410318913585364	-0.0006514417944609718	-0.0008928600747688531	0.0007446939192796709	0.03437483203631664	-0.0017451384374760348	0.0004423765468839491
0.00021378651865466836	-2.794380865145385e-05	-0.0005890323949038212	-0.000705631876096513	0.0004326469214919193	0.027884254482337445	-0.001932366636148819	-0.0003689456473636721
0.0007754711146714666	0.00015928439002088624	-0.0009010793926913507	-8.153788052167599e-05	0.000931922117952011	0.021580905127031036	-0.0015579102388041388	0.0004423765468839491
0.0005258335164421979	-9.035320820949266e-05	-0.0010258981918063181	-0.0001439472800792707	0.0009943315175096057	0.017212247158006955	-0.0016203196383617335	-0.0004313550469212668
0.0010251087129018455	0.00028410318913585364	-0.000838669993133534	0.0007297843137259452	0.001368787914854508	0.01696260955977702	-0.001308272640573982	0.0005047859464410998
-9.826047913286118e-05	3.4465590905696786e-05	-0.0011507169909210635	4.328091859351346e-05	0.0007446939192796709	0.01952139494163374	-0.0018075478370336295	-0.00024412684824892672
0.0004634241168843811	9.687499046306947e-05	-0.0011507169909210635	-8.153788052167599e-05	0.0008695127183948603	0.024451737506675286	-0.0018699572365912243	0.0004423765468839491
-0.00028548867780520126	0.00022169378957848096	-0.0007762605935761613	-0.0003311754787516108	0.00037023752193476867	0.03031822106507942	-0.0019947760357059696	-0.00011930804913351523
2.6558319981884182e-05	0.0004713313878081937	-0.0007762605935761613	-0.0005184036774241729	0.0006822845197220762	0.03481169783321825	-0.001932366636148819	0.0008168329442288513
-0.0007223544747081423	3.4465590905696786e-05	-0.0009010793926913507	-0.00132972587167135	-4.2188754099115044e-06	0.03612229522392574	-0.0026188700312812507	-0.00024412684824892672
0.00040101471732700844	0.0005337407873657884	-0.000401804196231037	-0.0004559942778661341	0.0006822845197220762	0.0358726576256958	-0.0018699572365912243	0.0008168329442288513
-0.0016584954680700648	-0.0001527626077661992	-0.0014003545891509983	-0.0014545446707860954	-0.00012903767452510095	0.03150399965667172	-0.0029309170290687803	-0.00030653624780652144
-0.004966193644616812	-0.0007768566033414803	-0.003397455374990699	-0.0021410480659189712	-0.0011275880674448402	0.025263059700922907	-0.004615970817120951	0.0003799671473263544
-0.008273891821164003	-0.0013385411993585006	-0.0051449185626002425	-0.002827551461051181	-0.0023757760585951804	0.019895851338978643	-0.006051387006942743	-0.0004937644464788615
-0.007088113229571702	-0.0009640848020142645	-0.005020099763485053	-0.002203457465476122	-0.0015020444647899645	0.01696260955977702	-0.005427293011368128	0.0006296047455562892
-0.007649797825588944	-0.0012137224002437552	-0.005456965560387772	-0.0025155044632632073	-0.001814091462577272	0.015402374570839816	-0.005864158808270403	-0.000181717448691332
-0.007025703830014107	-0.0011513130006861605	-0.005269737361715432	-0.0020786386663613765	-0.0015644538643475592	0.01702501895933417	-0.005489702410925723	0.0005047859464410998
-0.007462569626916604	-0.0014009505989165394	-0.005456965560387772	-0.0026403232623783968	-0.002001319661250056	0.018959710345616942	-0.005739340009155214	-0.0004313550469212668
-0.005527878240634498	-0.0012137224002437552	-0.004520824567024961	-0.002203457465476122	-0.0013148162661171803	0.02151849572747344	-0.004865608415350442	0.00019273894865357022
-0.005215831242846969	-0.0015881787975886574	-0.003147817776760542	-0.0026403232623783968	-0.002063729060807651	0.02151849572747344	-0.004241514419776049	-0.000805811444265947
-0.0018457236667424048	-2.794380865145385e-05	-0.0010883075913634688	-0.0012049070725563826	-0.00037867527275547985	0.020332717135881362	-0.0018699572365912243	0.0005671953459986945
-0.00159608606851247	-0.0006520378042262909	-0.001275535790036253	-0.00132972587167135	-0.0006907222705427873	0.015714421568627346	-0.0022444136339361265	-0.0005561738460355681
0.000900289913786656	-0.0003399908064389834	-0.0009010793926913507	-0.0003311754787516108	0.0008071033188372656	0.012531542191195344	-0.0014330914396889494	0.00031755774776875967
-9.826047913286118e-05	-0.0004024002059965781	-0.0009010793926913507	-0.00020635667963686544	0.0007446939192796709	0.011782629396505762	-0.0018075478370336295	-0.0004937644464788615
0.0012747463111315582	9.687499046306947e-05	-0.00021457599755869694	0.0007297843137259452	0.0011815597161819458	0.014279005378804888	-0.0009338162432288577	0.0005047859464410998
0.0039583504921034685	0.00022169378957848096	0.0014080683909358793	0.0006049655146111999	0.0011815597161819458	0.01746188475623689	0.00031437174792126044	-0.00030653624780652144
0.008202189662013026	0.0015947005798429004	0.0038420349736780768	0.0017907441062030571	0.002991432303349306	0.02145608632791607	0.0025611101319904517	0.0006920141451136619
0.007016411070420725	0.0011578347829406255	0.00377962557412026	0.0012914689097431875	0.0023049289082164304	0.022891502517738083	0.001874606736858242	-0.00011930804913351523
0.008202189662013026	0.0015322911802857497	0.0038420349736780768	0.002227609903105554	0.003053841702906901	0.024326918707560985	0.002498700732433079	0.0006920141451136619
0.008701464858473118	0.0014074723811705603	0.0039044443732354495	0.0021027911039903646	0.0033034793011363917	0.024326918707560985	0.00243629133287504	-0.00011930804913351523
0.008014961463340242	0.001469881780727711	0.0036548067750052926	0.002664475700007829	0.003428298100251581	0.02569992549782496	0.002249063134203144	0.0006296047455562892
0.004769672686351534	0.0010330159838258801	0.0024066187838558406	0.0015411065079731223	0.002367338307774469	0.027260160486762164	0.0006888281452654965	-0.000181717448691332
0.005456176081483521	0.0011578347829406255	0.002344209384298468	0.0012914689097431875	0.0025545665064468093	0.030006174067292113	0.0006264187457083459	0.0005671953459986945
0.0020860685053791794	0.000408921988250599	0.0011584307927061666	-8.153788052167599e-05	0.000931922117952011	0.03162881845578647	-0.0011834538414583484	-0.00030653624780652144
0.001149927512017035	0.0004713313878081937	0.000409517998015696	-0.000268766079193572	0.0010567409170676445	0.03281459704737899	-0.0015579102388041388	0.0005671953459986945
0.0008378805142290613	0.00022169378957848096	0.00015988039978620527	-0.000705631876096513	0.0008071033188372656	0.032190503051804154	-0.0020571854352635643	-0.00024412684824892672
0.0012747463111315582	0.0004713313878081937	0.00034710859845898945	4.328091859351346e-05	0.0011815597161819458	0.030879905661096885	-0.0016203196383617335	0.0006920141451136619
0.0006506523155571653	0.00028410318913585364	0.00015988039978620527	-0.0003311754787516108	0.0008071033188372656	0.027946663881894596	-0.0016203196383617335	-5.68986495759205e-05
0.001087518112458996	0.00028410318913585364	-0.00021457599755869694	-0.000268766079193572	0.0009943315175096057	0.0241396905088882	-0.0015579102388041388	0.0005671953459986945
0.0003386053177694137	0.00022169378957848096	-2.734779888613481e-05	-0.00020635667963686544	0.0006822845197220762	0.021892952124818565	-0.0015579102388041388	-0.000181717448691332
0.001149927512017035	0.0004713313878081937	0.0002222897993438	0.0004177373159384157	0.001368787914854508	0.020956811131456643	-0.0006841786449989229	0.0007544235446712566
8.89677195394789e-05	9.687499046306947e-05	-8.975719844372954e-05	-0.0001439472800792707	0.0008071033188372656	0.020395126535438513	-0.0013706820401313546	-0.00011930804913351523
0.0004634241168843811	0.00034651258869344836	-0.00015216659800110222	0.00035532791638082095	0.001119150316624351	0.022142589723048944	-0.0011834538414583484	0.0006296047455562892
-0.00028548867780520126	-9.035320820949266e-05	-0.00046421359578863175	-0.0004559942778661341	0.0006198751201644814	0.02345318711375577	-0.0017451384374760348	-0.0004313550469212668
0.00021378651865466836	9.687499046306947e-05	-0.0005266229953462265	-0.0003311754787516108	0.0008071033188372656	0.025075831502250567	-0.0017451384374760348	0.0005047859464410998
-0.0008471732738228877	-0.0001527626077661992	-0.0005266229953462265	-0.0006432224765389183	0.0001830093232619845	0.025263059700922907	-0.0020571854352635643	-0.00030653624780652144
0.00040101471732700844	9.687499046306947e-05	-0.0003393947966734423	-0.0005184036774241729	0.0006822845197220762	0.023890052910657822	-0.0014330914396889494	0.0005671953459986945
-0.00022307927824849472	-0.00027758140688138866	-0.00021457599755869694	-0.0009552694743260037	-6.662827496750623e-05	0.018210797550926472	-0.0018699572365912243	-0.0004313550469212668
0.00040101471732700844	0.0005337407873657884	0.0005967461966884802	0.00023050911726585355	0.0006198751201644814	0.01877248214694416	-0.0006841786449989229	0.0008168329442288513
-9.826047913286118e-05	-2.794380865145385e-05	-0.00015216659800110222	-0.0006432224765389183	5.819052414768322e-05	0.013717320782787423	-0.0013706820401313546	-0.00030653624780652144
0.000900289913786656	0.00015928439002088624	0.00015988039978620527	0.0001680997177087029	0.0007446939192796709	0.011720219996948167	-0.0007465880445560735	0.0005671953459986945
-0.0016584954680700648	-0.00027758140688138866	-0.0007138511940185666	-0.0003935848783089835	-6.662827496750623e-05	0.011220944800488075	-0.0018075478370336295	-0.00024412684824892672
-0.005527878240634498	-0.0007768566033414803	-0.0032726365758757314	-0.00132972587167135	-0.0010027692683298728	0.011720219996948167	-0.0038670580224304807	0.0005671953459986945
-0.007899435423818879	-0.0010264942015714151	-0.004333596368353065	-0.002016229266803782	-0.001814091462577272	0.01465346177614979	-0.005240064812695566	-0.00011930804913351523
-0.007712207225146095	-0.0009640848020142645	-0.004645643366140151	-0.002203457465476122	-0.0016892726634627486	0.01927175734340425	-0.005427293011368128	0.0007544235446712566
-0.008710757618066056	-0.0012137224002437552	-0.005207327962157837	-0.003014779659723299	-0.002250957259479547	0.022641864919509036	-0.00611379640650056	-0.00011930804913351523
-0.007587388426031794	-0.0010264942015714151	-0.004895280964370308	-0.002577913862821246	-0.0018765008621350887	0.025762334897383	-0.005801749408713253	0.0007544235446712566
-0.007025703830014107	-0.0011513130006861605	-0.00477046216525534	-0.002827551461051181	-0.0018765008621350887	0.026386428892957836	-0.005676930609597619	-0.000181717448691332
-0.005403059441519753	-0.0009016754024566698	-0.004146368169680725	-0.0025155044632632073	-0.0012524068665600296	0.02563751609826781	-0.004865608415350442	0.0004423765468839491
-0.0037804150530245106	-0.0007768566033414803	-0.002773361379415862	-0.0018914104676888144	-0.0011275880674448402	0.024326918707560985	-0.003929467421988075	-0.00030653624780652144
-0.0013464484702829793	-0.0004024002059965781	-0.0016499921873809331	-0.001142497672998788	-6.662827496750623e-05	0.02176813332570382	-0.002369232433050872	0.0005671953459986945
-0.0009095826733804824	-0.0004024002059965781	-0.001275535790036253	-0.0012049070725563826	-0.00012903767452510095	0.018085978751811727	-0.0019947760357059696	-0.0004937644464788615
0.000276195918211819	-2.794380865145385e-05	-0.00027698539711629167	-0.0001439472800792707	0.0005574657206075528	0.01577683096818494	-0.0011210444419016419	0.0005047859464410998
-0.0005975356755925088	-0.0001527626077661992	-0.0003393947966734423	-0.000268766079193572	0.0002454187228195792	0.01477828057526498	-0.0010586350423440472	-0.000181717448691332
0.0017740215075914278	0.0004713313878081937	0.0005343367971308854	0.000542556115053161	0.0016184255130844427	0.0145286429770346	6.473414969110358e-05	0.0008168329442288513
0.00458244448767875	0.0005961501869233832	0.0022193905851832785	0.0013538783093007822	0.0018680631113143775	0.01633851556420174	0.001437740939955967	-0.000181717448691332
0.007952552063783092	0.0013450629816134096	0.0038420349736780768	0.002290019302663149	0.0033658887006939864	0.019084529144731688	0.003122794728007472	0.0006296047455562892
0.007016411070420725	0.0009706065842682854	0.00377962557412026	0.0017907441062030571	0.002616975906004404	0.020270307736323767	0.0026235195315480464	-0.000181717448691332
0.008389417860685588	0.0014074723811705603	0.004403719569695319	0.0021652005035479593	0.0031786605020216463	0.022080180323490906	0.003310022926680256	0.0006296047455562892
0.008451827260243183	0.001469881780727711	0.004902994766154967	0.0018531535057604298	0.0029290229037917115	0.02220499912260565	0.003372432326237851	-0.000181717448691332
0.007203639269093065	0.0010330159838258801	0.004278900770580574	0.0014786971084155276	0.0024921571068892145	0.020956811131456643	0.002685928931105641	0.0003799671473263544
0.004894491485466279	0.0009081971847106907	0.0037172161745628873	0.0011042407110706254	0.0018056537117567828	0.019396576142518995	0.0019370161364156147	-0.000181717448691332
0.005768223079270607	0.0011578347829406255	0.003592397375447698	0.001416287708858377	0.00242974770733162	0.0173370659571217	0.002311472533760739	0.0006920141451136619
0.00196124970626399	0.00028410318913585364	0.002094571786068089	0.00010569031815110819	0.000931922117952011	0.014279005378804888	0.0004391905470360058	-0.0004313550469212668
0.001337155710689153	0.00034651258869344836	0.0014080683909358793	0.0004801467154955663	0.0010567409170676445	0.014029367780574953	0.00031437174792126044	0.0005047859464410998
0.0006506523155571653	9.687499046306947e-05	0.0007215649958036696	-8.153788052167599e-05	0.0006822845197220762	0.013717320782787423	-6.008464942408587e-05	-0.00030653624780652144
0.0015243839093619371	0.00034651258869344836	0.0008463837949188591	0.0004801467154955663	0.0011815597161819458	0.015339965171282222	0.00031437174792126044	0.0005671953459986945
0.000276195918211819	0.00015928439002088624	0.0005967461966884802	4.328091859351346e-05	0.0005574657206075528	0.01696260955977702	-0.00018490344853838714	-0.000181717448691332
0.0007754711146714666	0.00022169378957848096	0.00015988039978620527	-0.0001439472800792707	0.0009943315175096057	0.01796115995269698	2.324750133508857e-06	0.0004423765468839491
-0.00016066987869001181	-2.794380865145385e-05	9.747100022861055e-05	-0.0003935848783089835	0.00030782812237672985	0.014341414778362038	-0.0004969504463263608	-0.0003689456473636721
2.6558319981884182e-05	0.00022169378957848096	0.0002222897993438	-0.0001439472800792707	0.0006198751201644814	0.02045753593499655	-6.008464942408587e-05	0.0003799671473263544
0.00015137711909707363	0.00022169378957848096	0.0006591555962460749	-0.0005184036774241729	0.0005574657206075528	0.017711522354466602	-0.0001224940489816806	-0.00011930804913351523
8.89677195394789e-05	0.00022169378957848096	0.0005343367971308854	-0.000268766079193572	0.0005574657206075528	0.016088877965972248	2.324750133508857e-06	0.0005671953459986945
-0.0005351262760358022	-2.794380865145385e-05	0.0005343367971308854	-0.0003935848783089835	0.00012059992370438977	0.013842139581902613	-0.0003097222476540207	-0.0003689456473636721
-0.00016066987869001181	3.4465590905696786e-05	0.00034710859845898945	-0.0003311754787516108	0.00030782812237672985	0.011220944800488075	-0.00024731284809687004	0.0003799671473263544
-0.0004727168764777634	-0.0001527626077661992	0.0004719273975737348	-0.000268766079193572	0.00012059992370438977	0.008911797016860845	-0.0003097222476540207	-0.0004313550469212668
0.00040101471732700844	0.00015928439002088624	0.0005343367971308854	0.00023050911726585355	0.0005574657206075528	0.008350112420843825	0.00018955294880584894	0.0005047859464410998
-0.00022307927824849472	-0.00027758140688138866	0.0002222897993438	-0.00020635667963686544	0.0002454187228195792	0.00816288422217104	-0.00024731284809687004	-0.0004937644464788615
0.0004634241168843811	0.00022169378957848096	0.0005343367971308854	0.000542556115053161	0.0008695127183948603	0.010472032005798049	0.00037678114747841107	0.0005671953459986945
-0.0005351262760358022	-0.00021517200732379393	-2.734779888613481e-05	-0.0004559942778661341	0.00012059992370438977	0.012531542191195344	-0.0003097222476540207	-0.0004937644464788615
0.00040101471732700844	0.00015928439002088624	0.00034710859845898945	-0.0001439472800792707	0.0008071033188372656	0.015839240367741647	6.473414969110358e-05	0.0004423765468839491
-0.0025322270618748366	-0.0003399908064389834	-0.0005266229953462265	-0.0010176788738840425	-0.00044108467231240844	0.01827320695048451	-0.0012458632410159431	-0.00030653624780652144
-0.006464019233996865	-0.0007144472037838856	-0.0028357707789730124	-0.0020786386663613765	-0.0012524068665600296	0.018023569352254132	-0.003180554627298493	0.0005671953459986945
-0.008523529419393716	-0.0013385411993585006	-0.003771911772335823	-0.003202007858396083	-0.0023133666590371416	0.01702501895933417	-0.00449115201800554	-0.00030653624780652144
-0.008086663622491663	-0.0010264942015714151	-0.0034598647745482936	-0.0025155044632632073	-0.002001319661250056	0.016588153162432118	-0.003929467421988075	0.0005047859464410998
-0.008523529419393716	-0.0011513130006861605	-0.0037095023727777843	-0.0028899608606087757	-0.0023133666590371416	0.013530092584114861	-0.00411669562066086	-0.00011930804913351523
-0.0067136568322268	-0.0007768566033414803	-0.0032726365758757314	-0.002203457465476122	-0.0014396350652323697	0.0107840790035858	-0.003367782825970833	0.0008168329442288513
-0.007212932028686891	-0.0012137224002437552	-0.0032726365758757314	-0.002203457465476122	-0.0018765008621350887	0.008038065423056073	-0.0032429640268560878	-0.00030653624780652144
-0.0040300526512548895	-0.00046480960555372874	-0.0024613143816283323	-0.001142497672998788	-0.0005034940718700032	0.00816288422217104	-0.0018075478370336295	0.0006920141451136619
-0.0035931868543523926	-0.0006520378042262909	-0.0018372203860534952	-0.0012049070725563826	-0.0006283128709851926	0.009723119211108466	-0.0014330914396889494	-0.00024412684824892672
-0.000971992072937633	9.687499046306947e-05	-0.0007138511940185666	-8.153788052167599e-05	0.000495056321049292	0.012406723392080155	0.00012714354924825422	0.0007544235446712566
-0.0011592202716101951	0.00022169378957848096	-0.000401804196231037	-0.0003935848783089835	0.0004326469214919193	0.013904548981460207	2.324750133508857e-06	0.00013032954909641958
-0.000347898077362796	9.687499046306947e-05	-0.0003393947966734423	-0.00020635667963686544	0.0005574657206075528	0.01484068997482213	0.00018955294880584894	0.0007544235446712566
-0.0007847638742652929	0.00015928439002088624	9.747100022861055e-05	-0.0003311754787516108	0.00030782812237672985	0.0145286429770346	6.473414969110358e-05	0.00013032954909641958
0.0020236591058215847	0.0007209689860385726	0.0014080683909358793	0.0004801467154955663	0.0013063785152969132	0.013405273785000116	0.001437740939955967	0.000879242343786002
0.005144129083695992	0.0010330159838258801	0.0034675785763333966	0.0012914689097431875	0.0018056537117567828	0.011907448195620507	0.002873157129777537	6.792014953882486e-05
0.008014961463340242	0.0015947005798429004	0.004965404165712561	0.002477247501335045	0.0029290229037917115	0.01034721320668286	0.004433392118714741	0.000879242343786002
0.007016411070420725	0.0010330159838258801	0.0045285383688105085	0.0018531535057604298	0.0023049289082164304	0.007101924429693707	0.0038092981231403478	-0.000181717448691332
0.00913833065537517	0.0017195193789580898	0.005651907560845437	0.0027892944991227964	0.0033034793011363917	0.007039515030136556	0.00487025791561746	0.0006920141451136619
0.008327008461127994	0.0014074723811705603	0.00552708876173047	0.002664475700007829	0.002991432303349306	0.008412521820400976	0.00474543911650227	-0.000181717448691332
0.007203639269093065	0.0013450629816134096	0.004590947768367659	0.0021652005035479593	0.002991432303349306	0.010409622606240454	0.00418375452048525	0.0006296047455562892
0.004894491485466279	0.0010330159838258801	0.0039044443732354495	0.001603515907530273	0.0020552913099867176	0.013405273785000116	0.0032476135271226614	-5.68986495759205e-05
0.0050193102845810245	0.000845787785153318	0.0035299879758909913	0.001166650110627998	0.0021177007095445344	0.016463334363316928	0.003122794728007472	0.0003799671473263544
0.0010251087129018455	0.00015928439002088624	0.0018449341878385983	-0.00020635667963686544	0.0008071033188372656	0.01708742835889221	0.0011881033417260323	-0.0004313550469212668
0.0015243839093619371	0.0007209689860385726	0.001907343587395749	0.0004801467154955663	0.001368787914854508	0.018585253948271818	0.0015001503395135618	0.0007544235446712566
0.0003386053177694137	0.00028410318913585364	0.0015952965896086635	-0.00020635667963686544	0.0006822845197220762	0.01783634115358179	0.0010008751430534701	-0.00011930804913351523
0.0014619745098043424	0.0005961501869233832	0.001907343587395749	0.00023050911726585355	0.001368787914854508	0.01702501895933417	0.0015625597390702683	0.0007544235446712566
0.0005882429159995706	0.000408921988250599	0.002094571786068089	0.0001680997177087029	0.0008071033188372656	0.015589602769512156	0.0013129221408407776	-5.68986495759205e-05
0.0007754711146714666	0.000408921988250599	0.0015952965896086635	4.328091859351346e-05	0.0008695127183948603	0.013155636186769737	0.0013753315403983724	0.0006296047455562892
0.00021378651865466836	9.687499046306947e-05	0.0016577059891662582	-0.0003935848783089835	0.0006198751201644814	0.0107840790035858	0.0011256939421684375	-0.00024412684824892672
0.0008378805142290613	0.0006585595864809779	0.0019697529869533437	0.000542556115053161	0.001119150316624351	0.01072166960402865	0.0017497879377428305	0.0007544235446712566
-0.00022307927824849472	0.00028410318913585364	0.0012208401922637613	-1.9128480964081263e-05	0.000495056321049292	0.009348662813763342	0.0011881033417260323	-0.00011930804913351523
0.0007754711146714666	0.000408921988250599	0.0009712025940333824	0.00023050911726585355	0.001119150316624351	0.008911797016860845	0.001437740939955967	0.0006920141451136619
-0.00016066987869001181	0.00034651258869344836	0.0009087931944762317	0.0004177373159384157	0.0007446939192796709	0.009847938010223434	0.0011881033417260323	5.510749981230134e-06
-9.826047913286118e-05	0.00034651258869344836	0.0002846991989013947	0.0002929185168232262	0.0008695127183948603	0.010534441405355643	0.0009384657434958754	0.0007544235446712566
-0.000347898077362796	0.00028410318913585364	0.0005967461966884802	0.0001680997177087029	0.000495056321049292	0.011033716601815291	0.0008136469443811301	-0.00011930804913351523
0.00040101471732700844	0.000408921988250599	0.0007215649958036696	0.0001680997177087029	0.0006198751201644814	0.011345763599603043	0.0010008751430534701	0.0005671953459986945
-0.0009095826733804824	-0.00021517200732379393	0.00034710859845898945	-0.0007680412756536636	-0.00025385647364006836	0.010534441405355643	0.00018955294880584894	-0.0004937644464788615
-3.585107957571054e-05	9.687499046306947e-05	0.0008463837949188591	-0.00020635667963686544	5.819052414768322e-05	0.010097575608452924	0.0005640093461507512	0.0004423765468839491
-0.0007847638742652929	-0.0003399908064389834	0.0008463837949188591	-0.0006432224765389183	-0.00037867527275547985	0.00872456881818895	0.00012714354924825422	-0.0006185832455936069
-3.585107957571054e-05	-0.0001527626077661992	0.0007839743953610423	-0.0003935848783089835	0.0001830093232619845	0.007663609025711393	0.00031437174792126044	0.00019273894865357022
-0.002844274059662588	-0.0005272190051113235	-2.734779888613481e-05	-0.001142497672998788	-0.0008155410696579768	0.006415421034561275	-0.0008089974441136683	-0.0005561738460355681
-0.007587388426031794	-0.0012137224002437552	-0.002773361379415862	-0.0020786386663613765	-0.0021261384603648015	0.005042414244296856	-0.002993326428626153	0.00019273894865357022
-0.008648348218508906	-0.0015257693980315068	-0.0038343211718929737	-0.002827551461051181	-0.0025005948577094816	0.004543139047836986	-0.0036798298237583627	-0.0004937644464788615
-0.008211482421606409	-0.0015257693980315068	-0.004146368169680725	-0.0024530950637056126	-0.0023757760585951804	0.0054792800411993525	-0.0034926016250855785	6.792014953882486e-05
-0.009022804615853364	-0.0015881787975886574	-0.00439600576791066	-0.002765142061493586	-0.002687823056382266	0.006602649233233837	-0.0036798298237583627	-0.0005561738460355681
-0.007337750827801193	-0.00127613179980135	-0.00420877756923832	-0.0024530950637056126	-0.0019389102616924614	0.007538790226596648	-0.002993326428626153	0.00019273894865357022
-0.007337750827801193	-0.0014009505989165394	-0.003771911772335823	-0.0022658668650337166	-0.002188547859922396	0.008911797016860845	-0.0029309170290687803	-0.0005561738460355681
-0.005340650041961714	-0.0009640848020142645	-0.002898180178530607	-0.001766591668573625	-0.0013148162661171803	0.010222394407568558	-0.0018699572365912243	0.00025514834821116494
-0.003281139856564419	-0.0006520378042262909	-0.001275535790036253	-0.0016417728694588796	-0.0008155410696579768	0.01072166960402865	-0.0009338162432288577	-0.0003689456473636721
-0.0008471732738228877	0.00028410318913585364	0.000409517998015696	-0.0003311754787516108	0.00037023752193476867	0.011657810597390128	0.0005640093461507512	0.000879242343786002
-0.00159608606851247	-0.0004024002059965781	0.0002222897993438	-0.0010176788738840425	-0.00044108467231240844	0.009785528610665839	2.324750133508857e-06	-0.0003689456473636721
-0.00016066987869001181	-9.035320820949266e-05	0.0005967461966884802	-0.0005808130769817677	0.00037023752193476867	0.008100474822613668	0.0006264187457083459	0.0004423765468839491
-0.0005975356755925088	-0.00021517200732379393	0.0009712025940333824	-0.0003935848783089835	5.819052414768322e-05	0.006727468032349027	0.00031437174792126044	-0.0003689456473636721
0.002398115503166709	0.0005337407873657884	0.0021569811856256838	0.000979421911955436	0.0014311973144121026	0.007039515030136556	0.0019994255359732094	0.0006296047455562892
0.005705813679713456	0.0009081971847106907	0.0037172161745628873	0.0016659253070878677	0.002242519508659724	0.007538790226596648	0.0034972511253530403	-0.000181717448691332
0.007640505065995562	0.001469881780727711	0.004715766567483071	0.0026020663004502342	0.002991432303349306	0.009723119211108466	0.004807848516059865	0.0006920141451136619
0.006454726474403483	0.0010330159838258801	0.004466128969253358	0.0017907441062030571	0.0023049289082164304	0.011220944800488075	0.004308573319600439	-0.0004313550469212668
0.008264599061570621	0.001657109979400495	0.00540226996261528	0.0025396569008926395	0.0031786605020216463	0.014154186579689698	0.005369533112077551	0.0005671953459986945
0.007640505065995562	0.001282653582055815	0.00552708876173047	0.0021027911039903646	0.0026793853055615546	0.015527193369954562	0.004932667315174832	-0.0003689456473636721
0.005955451277943613	0.0012202441824977761	0.004902994766154967	0.0017907441062030571	0.0025545665064468093	0.015714421568627346	0.00437098271915759	0.0005047859464410998
0.004020759891661063	0.0005961501869233832	0.004278900770580574	0.0006673749141683505	0.0014936067139692533	0.014091777180132992	0.0031852041275655107	-0.0005561738460355681
0.004207988090333403	0.0006585595864809779	0.004590947768367659	0.0009170125123982853	0.0016184255130844427	0.013030817387655436	0.003372432326237851	0.00019273894865357022
0.0007754711146714666	0.00015928439002088624	0.0029058939803157102	-0.000268766079193572	0.0005574657206075528	0.009099025215533407	0.0016873785381854578	-0.0004937644464788615
0.0015243839093619371	0.0005337407873657884	0.002968303379873305	0.0004801467154955663	0.001119150316624351	0.007289152628365825	0.0019994255359732094	0.0005047859464410998
0.0003386053177694137	3.4465590905696786e-05	0.002344209384298468	0.00023050911726585355	0.0004326469214919193	0.00629060223544653	0.0016249691386283072	-0.0004313550469212668
0.001087518112458996	0.00022169378957848096	0.0017825247882805595	0.00035532791638082095	0.0009943315175096057	0.005916145838101405	0.0019370161364156147	0.0005671953459986945
0.0008378805142290613	0.0006585595864809779	0.0017201153887234089	0.0006673749141683505	0.0010567409170676445	0.007413971427481236	0.0021242443350879547	6.792014953882486e-05
0.0005882429159995706	0.0006585595864809779	0.0013456589913785066	0.0006049655146111999	0.0009943315175096057	0.00966070981155065	0.002249063134203144	0.0008168329442288513
-0.000347898077362796	0.000408921988250599	0.0008463837949188591	-1.9128480964081263e-05	0.0005574657206075528	0.010472032005798049	0.0016873785381854578	5.510749981230134e-06
0.00021378651865466836	0.00028410318913585364	0.0007215649958036696	0.00010569031815110819	0.0006198751201644814	0.011220944800488075	0.0015625597390702683	0.0004423765468839491
-0.0007223544747081423	0.00015928439002088624	0.0007839743953610423	-0.0001439472800792707	0.0001830093232619845	0.010596850804913016	0.0011256939421684375	-0.00024412684824892672
-0.00016066987869001181	0.00015928439002088624	0.0009087931944762317	-0.00020635667963686544	0.0004326469214919193	0.008662159418631354	0.0011256939421684375	0.0005047859464410998
-0.0004727168764777634	9.687499046306947e-05	0.0012208401922637613	-0.000268766079193572	0.00012059992370438977	0.006665058632791432	0.0008136469443811301	-0.00030653624780652144
8.89677195394789e-05	0.00028410318913585364	0.0015328871900510688	0.00023050911726585355	0.000495056321049292	0.005167233043411823	0.0010632845426103987	0.0005047859464410998
-0.0004727168764777634	-2.794380865145385e-05	0.0014080683909358793	-0.0001439472800792707	0.00012059992370438977	0.0033573604562444626	0.0006264187457083459	-0.00030653624780652144
0.0005882429159995706	3.4465590905696786e-05	0.001470477790493474	0.0001680997177087029	0.000495056321049292	0.002670857061112475	0.0008760563439382807	0.00031755774776875967
-0.0005351262760358022	-0.00021517200732379393	0.0011584307927061666	-0.0001439472800792707	-6.662827496750623e-05	0.003045313458456933	0.0004391905470360058	-0.0004313550469212668
0.0006506523155571653	0.000408921988250599	0.0012832495918204678	0.00035532791638082095	0.0008071033188372656	0.004730367246509326	0.001250512741283183	0.0007544235446712566
-0.0008471732738228877	-0.00021517200732379393	0.0007215649958036696	-0.000268766079193572	-0.00019144707408269568	0.0061033740367737455	0.0005640093461507512	-0.0004313550469212668
0.0003386053177694137	0.0005337407873657884	0.0011584307927061666	0.0004801467154955663	0.0008071033188372656	0.008662159418631354	0.0015625597390702683	0.0006920141451136619
-0.003343549256122458	-0.00046480960555372874	-0.00046421359578863175	-0.0010800882734411932	-0.0006283128709851926	0.00859975001907376	-0.0003097222476540207	-0.00024412684824892672
-0.007961844823376474	-0.0010264942015714151	-0.0030229989776453525	-0.002016229266803782	-0.002001319661250056	0.007975656023498479	-0.002556460631723212	0.0004423765468839491
-0.008523529419393716	-0.0014009505989165394	-0.003147817776760542	-0.0026403232623783968	-0.0023757760585951804	0.007413971427481236	-0.0030557358281833036	-0.0003689456473636721
-0.007587388426031794	-0.0011513130006861605	-0.002773361379415862	-0.0022658668650337166	-0.002001319661250056	0.006665058632791432	-0.002806098229953591	0.0005047859464410998
-0.008523529419393716	-0.00127613179980135	-0.0028357707789730124	-0.002577913862821246	-0.0025630042572670764	0.0056665082398712485	-0.0030557358281833036	-0.0003689456473636721
-0.0067136568322268	-0.000839266002898631	-0.0023364955825129208	-0.0018914104676888144	-0.0015644538643475592	0.004980004844739261	-0.002119594834821159	0.0006920141451136619
-0.006276791035324525	-0.0010264942015714151	-0.0022116767833986195	-0.0021410480659189712	-0.0017516820630198993	0.004355910849164646	-0.0020571854352635643	-0.00030653624780652144
-0.004342099649041753	-0.0005896284046693623	-0.0015251733882655216	-0.0012049070725563826	-0.0010027692683298728	0.005604098840313654	-0.000871406843671263	0.0005047859464410998
-0.0031563210574496736	-0.00046480960555372874	-0.0007762605935761613	-0.0010800882734411932	-0.0006907222705427873	0.006727468032349027	-6.008464942408587e-05	-0.00024412684824892672
-0.0007223544747081423	3.4465590905696786e-05	3.5061600671459914e-05	-0.000268766079193572	0.0006198751201644814	0.008287703021285786	0.0011881033417260323	0.0006296047455562892
-0.0013464484702829793	3.4465590905696786e-05	0.0002846991989013947	-0.00020635667963686544	5.819052414768322e-05	0.009785528610665839	0.0010008751430534701	5.510749981230134e-06
-0.00022307927824849472	0.00034651258869344836	0.0005343367971308854	0.0001680997177087029	0.0008071033188372656	0.009972756809338179	0.0016873785381854578	0.0008168329442288513
-0.0006599450751501035	0.00015928439002088624	0.0007215649958036696	-1.9128480964081263e-05	0.0004326469214919193	0.009099025215533407	0.001250512741283183	5.510749981230134e-06
0.0026477531013961997	0.0005961501869233832	0.0024066187838558406	0.0011042407110706254	0.001368787914854508	0.009099025215533407	0.0026235195315480464	0.0006296047455562892
0.0056434042801558615	0.0011578347829406255	0.004590947768367659	0.0018531535057604298	0.0020552913099867176	0.007975656023498479	0.00418375452048525	-5.68986495759205e-05
0.0075156862668803726	0.0013450629816134096	0.005464679362172653	0.0021027911039903646	0.0026793853055615546	0.00629060223544653	0.00474543911650227	0.0006296047455562892
0.006392317074845888	0.0009706065842682854	0.00552708876173047	0.002227609903105554	0.0023049289082164304	0.006228192835888935	0.004433392118714741	-0.0004313550469212668
0.008514236659800334	0.001282653582055815	0.006088773357747712	0.0026020663004502342	0.002991432303349306	0.005916145838101405	0.005307123712519957	0.00031755774776875967
0.007578095666438411	0.0010954253833830307	0.005651907560845437	0.0017907441062030571	0.0025545665064468093	0.005604098840313654	0.00487025791561746	-0.0005561738460355681
0.005393766681926371	0.000845787785153318	0.004466128969253358	0.0016659253070878677	0.0021177007095445344	0.00629060223544653	0.004121345120927655	6.792014953882486e-05
0.004020759891661063	0.000408921988250599	0.00377962557412026	0.0007297843137259452	0.0014311973144121026	0.006477830434118648	0.003372432326237851	-0.0006809926451507575
0.0039583504921034685	0.0007209689860385726	0.003592397375447698	0.0012290595101858148	0.0017432443121996322	0.006914696231021367	0.0034972511253530403	0.00025514834821116494
0.0004634241168843811	3.4465590905696786e-05	0.0018449341878385983	0.00010569031815110819	0.000495056321049292	0.005604098840313654	0.0017497879377428305	-0.0006185832455936069
0.0007754711146714666	-0.0001527626077661992	0.0015952965896086635	0.0002929185168232262	0.0008071033188372656	0.005978555237659	0.0018121973373006472	0.00013032954909641958
-9.826047913286118e-05	-0.0001527626077661992	0.0015952965896086635	0.00023050911726585355	0.0001830093232619845	0.006602649233233837	0.0015001503395135618	-0.0006185832455936069
0.001149927512017035	0.0005337407873657884	0.0019697529869533437	0.0007921937132830958	0.0010567409170676445	0.007913246623940884	0.002249063134203144	0.0005671953459986945
8.89677195394789e-05	0.00015928439002088624	0.0017825247882805595	-0.0001439472800792707	0.00037023752193476867	0.00816288422217104	0.0015001503395135618	-0.0003689456473636721
0.0004634241168843811	0.000408921988250599	0.002094571786068089	0.0002929185168232262	0.0006198751201644814	0.009785528610665839	0.0019370161364156147	0.0005671953459986945
-0.0006599450751501035	-2.794380865145385e-05	0.0018449341878385983	-0.0003311754787516108	-4.2188754099115044e-06	0.009411072213320937	0.001437740939955967	-0.00030653624780652144
0.0006506523155571653	0.00028410318913585364	0.001907343587395749	-8.153788052167599e-05	0.0008071033188372656	0.008412521820400976	0.0018121973373006472	0.0005047859464410998
-0.0004103074769203907	9.687499046306947e-05	0.002094571786068089	-0.0001439472800792707	0.0004326469214919193	0.007601199626153798	0.001437740939955967	-0.00030653624780652144
-9.826047913286118e-05	0.00028410318913585364	0.001907343587395749	0.00035532791638082095	0.0008695127183948603	0.006727468032349027	0.0017497879377428305	0.0005671953459986945
-0.0005975356755925088	-2.794380865145385e-05	0.0012208401922637613	-0.00020635667963686544	0.00037023752193476867	0.004293501449606607	0.0011881033417260323	-0.00030653624780652144
0.00015137711909707363	0.00028410318913585364	0.001470477790493474	0.0006049655146111999	0.0008695127183948603	0.004106273250934045	0.0016873785381854578	0.0005047859464410998
-0.0008471732738228877	-2.794380865145385e-05	0.0010960213931485718	-1.9128480964081263e-05	0.00012059992370438977	0.0038566356527045542	0.0011881033417260323	-0.0003689456473636721
0.000276195918211819	0.00034651258869344836	0.0013456589913785066	0.0006049655146111999	0.0006822845197220762	0.004543139047836986	0.0016873785381854578	0.0005047859464410998
-0.000347898077362796	3.4465590905696786e-05	0.0012208401922637613	0.0001680997177087029	0.0002454187228195792	0.004855186045624071	0.0013129221408407776	-0.00024412684824892672
8.89677195394789e-05	0.00015928439002088624	0.0013456589913785066	0.0001680997177087029	0.00037023752193476867	0.005292051842526568	0.0013753315403983724	0.0003799671473263544
-0.0007223544747081423	0.00015928439002088624	0.0015952965896086635	-8.153788052167599e-05	-0.00012903767452510095	0.005916145838101405	0.0010632845426103987	-0.0003689456473636721
-0.0005351262760358022	-2.794380865145385e-05	0.0013456589913785066	-8.153788052167599e-05	-4.2188754099115044e-06	0.006040964637217039	0.0009384657434958754	0.0003799671473263544
-0.00421728084992723	-0.0006520378042262909	-0.00021457599755869694	-0.0013921352712289448	-0.001189997467002879	0.004293501449606607	-0.0009338162432288577	-0.0004937644464788615
-0.007774616624704578	-0.0011513130006861605	-0.0022116767833986195	-0.0022658668650337166	-0.002063729060807651	0.002795675860226998	-0.002743688830395996	0.00025514834821116494
-0.008710757618066056	-0.0014009505989165394	-0.0025861331807435217	-0.0027027326619359915	-0.0025630042572670764	0.002795675860226998	-0.0031181452277413424	-0.0006185832455936069
-0.007712207225146095	-0.0010264942015714151	-0.002773361379415862	-0.0022658668650337166	-0.001814091462577272	0.0024836288624396907	-0.002556460631723212	0.0004423765468839491
-0.008211482421606409	-0.0013385411993585006	-0.0030854083772029472	-0.0024530950637056126	-0.0023133666590371416	0.0023588100633249454	-0.002743688830395996	-0.00030653624780652144
-0.007337750827801193	-0.0009640848020142645	-0.002960589578088202	-0.001953819867246187	-0.001814091462577272	0.003045313458456933	-0.0020571854352635643	0.0005047859464410998
-0.006651247432669205	-0.0010264942015714151	-0.002960589578088202	-0.0021410480659189712	-0.0019389102616924614	0.0024836288624396907	-0.0018699572365912243	-0.0004313550469212668
-0.0040300526512548895	-0.00046480960555372874	-0.0017748109864961226	-0.0009552694743260037	-0.0009403598687722781	0.0036069980544741753	-0.0004969504463263608	0.0005047859464410998
-0.002844274059662588	-0.0004024002059965781	-0.0007138511940185666	-0.000705631876096513	-0.000753131670099938	0.00416868265049164	0.00012714354924825422	-0.00024412684824892672
-0.0010968108720528225	-0.0001527626077661992	-2.734779888613481e-05	-0.000268766079193572	-4.2188754099115044e-06	0.0038566356527045542	0.0006888281452654965	0.0005047859464410998
-0.0011592202716101951	-0.0004024002059965781	0.0005343367971308854	-0.0004559942778661341	-0.0003162658731976631	0.0034197698558018352	0.0005640093461507512	-0.0004937644464788615
-0.0005975356755925088	-0.0001527626077661992	0.0009087931944762317	-0.000268766079193572	5.819052414768322e-05	0.0031701322575721225	0.0008136469443811301	0.00031755774776875967
-0.0005975356755925088	-0.0001527626077661992	0.0012208401922637613	-0.000268766079193572	-6.662827496750623e-05	0.0023588100633249454	0.0007512375448230912	-0.0003689456473636721
0.0028973906996268006	0.00022169378957848096	0.0026562563820857754	0.0007297843137259452	0.001119150316624351	0.0031077228580145277	0.002249063134203144	0.00019273894865357022
0.005580994880598711	0.0006585595864809779	0.0045285383688105085	0.001416287708858377	0.0018056537117567828	0.00416868265049164	0.003746888723582309	-0.0006185832455936069
0.00707882046997832	0.0010954253833830307	0.0051526323643853456	0.002040381704433214	0.0026793853055615546	0.004980004844739261	0.00468302971694512	0.00031755774776875967
0.006579545273518672	0.0010954253833830307	0.005339860563057686	0.002227609903105554	0.002367338307774469	0.006228192835888935	0.004807848516059865	-0.0003689456473636721
0.008264599061570621	0.0014074723811705603	0.005963954558632523	0.0024148381017783382	0.003053841702906901	0.007226743228808896	0.0057439895094224536	0.0004423765468839491
0.00707882046997832	0.0009706065842682854	0.005901545159074928	0.0018531535057604298	0.002367338307774469	0.007538790226596648	0.005307123712519957	-0.0006185832455936069
0.005331357282368332	0.0010330159838258801	0.00521504176394294	0.0018531535057604298	0.0021177007095445344	0.007975656023498479	0.004620620317387525	0.0003799671473263544
