Sensor_1	Sensor_2	Sensor_3	Sensor_4	Sensor_5	Sensor_6	Sensor_7	Sensor_8
0.00010193639276701028	-0.0002918045090407606	-0.0009290980926222048	0.0003005106202798036	0.0005577746471350231	6.207550926973227e-05	-0.0002671434348062718	-0.0005171492484932205
0.0008508491874574808	0.0001450612878615143	-0.0004922322957197078	0.0004877388189519216	0.00080741224536518	0.0004989413061722292	0.0001697223620964472	0.0002941729457539566
-2.2882406347290996e-05	-0.00016698570992645934	-0.00024259469748977303	-1.1536377508170048e-05	-3.909948881997138e-06	0.00018689430838447763	4.490356298125775e-05	-0.00039233044937847517
-0.0007717952010377616	2.0242488746102794e-05	-0.00011777589837502767	-0.00032358337529503345	-0.00019113814755455927	6.207550926973227e-05	4.490356298125775e-05	0.0003565823453115513
-0.0064510505607688895	-0.0007910797055008523	-0.0019900578850997608	-0.002071046562905021	-0.002125829533836443	-0.0017477970778974061	-0.002139425421530783	-0.00039233044937847517
-0.008947426543068904	-0.0007910797055008523	-0.0031134270771344674	-0.0021958653620202107	-0.0026251047302965347	-0.0027463474708171454	-0.003137975814450744	0.0006062199435414861
-0.009509111139085702	-0.0012279455024031272	-0.003425474074921775	-0.0026327311589224855	-0.0031243799267564043	-0.0031208038681622696	-0.003762069810025137	-0.00039233044937847517
-0.008947426543068904	-0.0010407173037312312	-0.003924749271381867	-0.002320684161134512	-0.0026875141298541294	-0.003245622667277015	-0.003824479209582732	0.0006686293430990808
-0.009509111139085702	-0.0014151737010754672	-0.0045488432669564816	-0.0024455029602501455	-0.0029371517280845083	-0.0037448978637371066	-0.004510982604715608	-0.00039233044937847517
-0.007449600953689073	-0.0009783079041736364	-0.004299205668726991	-0.0015717713664453736	-0.0018137825360493576	-0.0029335756694894854	-0.003762069810025137	0.00048140114442674076
-0.006014184763866615	-0.0010407173037312312	-0.003924749271381867	-0.0013845431677730335	-0.0016265543373767954	-0.0026839380712597727	-0.0036372510109106138	-0.00039233044937847517
-0.0039546745784697634	-0.0005414421072706954	-0.0033006552758070296	-0.000448402174410667	-0.0007528227435724677	-0.0019350252765695242	-0.0025762912184330578	0.00048140114442674076
-0.0018951643930724682	-0.00035421390859835533	-0.0019900578850997608	-0.00013635517662247132	-0.00031595694666930463	-0.0009988842832078237	-0.0015777408255130965	-0.00020510225070613508
-0.00021011060502007517	0.0001450612878615143	-0.0009290980926222048	0.0003005106202798036	0.0003081370489050883	-0.00018756208896064663	-0.0005791904325931352	0.0006686293430990808
-0.0012086609979402585	-0.00035421390859835533	-0.0007418698939500867	-0.0005732209735254123	-0.000877641542686769	-0.0006244278858626995	-0.0007664186312659194	-0.00039233044937847517
-0.0003349294041350426	2.0242488746102794e-05	7.042900740161784e-06	-0.000448402174410667	-0.0004407757457844941	-6.274328984545718e-05	-1.7505836575448797e-05	0.0006062199435414861
0.000164345792324605	0.00020747068741888697	0.0007559556954297442	-0.0005108115739678176	-0.0006280039444568342	0.00024930370794207235	0.00041935996032615996	-1.7874052033128862e-05
0.005281916556038713	0.0008939740825513187	0.0027530564812690006	0.0009870140154117912	0.0011194592431527095	0.0019343574959944654	0.002541279545281272	0.0006062199435414861
0.006717332745861393	0.0005819270847640112	0.003127512878614569	0.0009246046158541965	0.0013690968413826443	0.002246404493781773	0.0028533265430685795	-0.00039233044937847517
0.008027930136568662	0.0009563834821089134	0.0030651034790569742	0.0017359268101013736	0.0023676472343028276	0.0026832702906838257	0.0032901923399704103	0.0003565823453115513
0.009463346326390232	0.0009563834821089134	0.003501969275959471	0.0023600208056766547	0.002866922430762253	0.003244954886701734	0.0036646487373159786	-0.0004547398489351817
0.011460447112230154	0.0015804774776835284	0.004001244472419341	0.003296161799038577	0.004177519821469522	0.004056277080948911	0.004600789730677679	0.00048140114442674076
0.008589614732585904	0.0007691552834363513	0.0029402846799417848	0.0024848396047914	0.0030541506294348153	0.0029953172884713553	0.0032901923399704103	-0.0005171492484932205
0.0065925139467462035	0.0009563834821089134	0.002503418883039732	0.0023600208056766547	0.002866922430762253	0.002620860891126453	0.0030405547417404755	0.00041899174486914603
0.005781191752498582	0.0009563834821089134	0.0030651034790569742	0.0018607456092170072	0.002242828435187638	0.0027456796902420866	0.0028533265430685795	-0.00014269285114854036
0.003347225169757051	0.0007691552834363513	0.002503418883039732	0.0011118328145265366	0.0012442780422674549	0.001809538696879276	0.002104413748378553	0.00041899174486914603
0.00047639279011213453	0.0007067458838783125	0.002253781284809353	0.0003629200198369542	0.0002457276493474936	0.0013102635004194063	0.0015427291523613107	4.453534752446586e-05
0.0009132585870141874	0.000644336484321606	0.002441009483481915	5.0873022049424677e-05	0.00012090885023319231	0.0013102635004194063	0.0016051385519189054	0.0007934481422140482
0.000164345792324605	0.0005195176852064165	0.0023786000839245425	-7.394577706576477e-05	-0.00037836634622689935	0.0009358071030745041	0.001230682154573337	-1.7874052033128862e-05
0.0005388021896697293	0.000644336484321606	0.0019417342870218235	0.00023810122072220885	0.00012090885023319231	0.0008733977035169094	0.0011682727550164085	0.0007934481422140482
-0.00014770120546248044	0.0001450612878615143	0.0013176402914474306	-0.00013635517662247132	-6.631934843959186e-05	0.0004365319066146345	0.00041935996032615996	-0.0002675116502632857
0.0010380773861293768	0.0002698800869764817	0.0008183650949873389	0.000612557618066667	0.0006201840466923958	0.0004365319066146345	0.0005441787594413494	0.0005438105439843355
0.0006012115892271019	0.00020747068741888697	0.0004439086976426587	0.0006749670176242617	0.0007450028458075852	0.0004365319066146345	0.0001697223620964472	-0.00014269285114854036
0.0015373525825899126	0.0004571082856488218	0.0003190898985274693	0.001236651613641726	0.0014939156404976117	0.0006237601052874187	0.00041935996032615996	0.0006062199435414861
0.0003515739909973892	8.265188830391956e-05	-0.00024259469748977303	0.0009870140154117912	0.0009322310444803694	0.00031171310749944503	-0.00020473403524823297	-0.0002675116502632857
0.0010380773861293768	0.0002698800869764817	-0.0001801852979321783	0.001049423414969386	0.0011818686427107483	0.0006861695048445693	0.00023213176165404192	0.0005438105439843355
-0.0002725200045776699	2.0242488746102794e-05	-0.0001801852979321783	0.0001132824216070194	0.00018331824979078704	0.0004365319066146345	-0.00020473403524823297	-0.00039233044937847517
0.00010193639276701028	0.0002698800869764817	0.00025668049896987455	0.00023810122072220885	0.0003081370489050883	0.0007485789044026081	0.0003569505607687873	0.0006062199435414861
-0.0003973388036930814	-4.2166910811269886e-05	0.0006311368963149988	-0.000448402174410667	-0.0004407757457844941	0.0006861695048445693	0.00029454116121119256	-0.0004547398489351817
3.952699320985964e-05	0.0002698800869764817	0.0006935462958721494	-0.00032358337529503345	-3.909948881997138e-06	0.0011230353017468442	0.0006065881589989441	0.0005438105439843355
-0.0005845670023654215	-0.00016698570992645934	0.0004439086976426587	-0.0007604491721977524	-0.0006280039444568342	0.0006861695048445693	0.0001697223620964472	-0.0004547398489351817
0.0006636209887849187	0.00039469888609122705	0.0006935462958721494	5.0873022049424677e-05	0.00043295584801983367	0.0013102635004194063	0.0007314069581136895	0.0006062199435414861
3.952699320985964e-05	-0.00016698570992645934	6.945230029753446e-05	-0.00038599277485307226	-3.909948881997138e-06	0.0007485789044026081	-7.99152361339317e-05	-0.00039233044937847517
-0.0003973388036930814	0.00033228948653363233	-0.0003674134966049625	0.0004877388189519216	0.0006825934462506567	0.0008109883039593146	-1.7505836575448797e-05	0.0006686293430990808
-0.006575869359884079	-0.000666260906386329	-0.00317583647669184	-0.001259724368657844	-0.0010648697413597752	-0.0011861124818801638	-0.0028259288166632146	-0.00014269285114854036
-0.008011285549706093	-0.000853489105058447	-0.004361615068283697	-0.001259724368657844	-0.001314507339589266	-0.0018102064774550009	-0.0036996604104675423	0.00048140114442674076
-0.00826092314793625	-0.000853489105058447	-0.004174386869611801	-0.0013845431677730335	-0.0015641449378196448	-0.0017477970778974061	-0.003824479209582732	-0.00014269285114854036
-0.008885017143510643	-0.0010407173037312312	-0.0045488432669564816	-0.0018838183642326811	-0.0020010107347216977	-0.0018726158770125956	-0.004198935606927412	0.00048140114442674076
-0.009509111139085702	-0.0012279455024031272	-0.004361615068283697	-0.0023830935606921066	-0.002812332928969319	-0.001997434676127785	-0.004573392004272758	-0.00020510225070613508
-0.007387191554131478	-0.0007910797055008523	-0.00317583647669184	-0.0018838183642326811	-0.002125829533836443	-0.0010612936827649744	-0.00332520401312264	0.0005438105439843355
-0.006326231761654144	-0.0007286703059432575	-0.0024269236820022577	-0.002071046562905021	-0.0021882389333940377	-0.0005620184863051048	-0.0028883382162203652	-0.00014269285114854036
-0.004453949774929411	-0.000666260906386329	-0.0020524672846573555	-0.001696590165560119	-0.0018761919356069523	-0.00037479028763254263	-0.0023890630197602736	0.00048140114442674076
-0.0022072113908597757	-0.00010457631036842052	-0.00067946049439227	-0.0007604491721977524	-0.0008152321431291742	0.0008109883039593146	-0.0011408750286110436	-1.7874052033128862e-05
-0.00014770120546248044	0.00039469888609122705	-0.0003674134966049625	5.0873022049424677e-05	0.00018331824979078704	0.0014350822995345958	-0.00045437163347861187	0.0009806763408863883
-0.0006469764019225721	-0.00016698570992645934	-0.0008666886930650541	-0.00032358337529503345	-0.00012872874799696454	0.0008733977035169094	-0.00101605622949541	-0.00014269285114854036
0.00028916459143979445	2.0242488746102794e-05	-0.001116326291294989	0.0003629200198369542	0.00043295584801983367	0.0010606259021892495	-0.0007040092317083246	0.0005438105439843355
0.0015373525825899126	8.265188830391956e-05	-0.0005546416952773026	0.0004877388189519216	0.0008698216449227747	0.0015599010986493411	-0.00020473403524823297	-0.0002675116502632857
0.0065925139467462035	0.000831564682993724	0.0014424590905617318	0.00211038320744672	0.002430056633859534	0.003307364286259329	0.0018547761501483961	0.0005438105439843355
0.007091789143206295	0.0005195176852064165	0.0019417342870218235	0.001673517410544223	0.002055600236515076	0.0036194112840466364	0.0020420043488211803	-0.0005171492484932205
0.008027930136568662	0.001018792881666064	0.002690647081712294	0.0019231550087741578	0.002492466033417573	0.004680371076523304	0.0027909171435109847	0.0003565823453115513
0.009276118127717892	0.0012060210803388483	0.004188472671092125	0.0022352020065614653	0.002492466033417573	0.0056789214694432655	0.0037270581368733513	-0.0002675116502632857
0.009525755725947826	0.0011436116807808094	0.004375700869764243	0.0019231550087741578	0.002492466033417573	0.006115787266346651	0.003976695735103286	0.0002941729457539566
0.0072166079423210405	0.0013932492790107442	0.004375700869764243	0.0015486986114294776	0.002055600236515076	0.006303015465018547	0.0034774205386431944	-8.028345159094563e-05
0.005593963553826242	0.0011436116807808094	0.003501969275959471	0.0012990610131990987	0.0017435532387275465	0.005803740268558455	0.0026660983443960173	0.0006062199435414861
0.005157097756923745	0.0009563834821089134	0.0034395598764018764	0.0009870140154117912	0.001618734439612357	0.005554102670328964	0.0024788701457236773	-0.00020510225070613508
0.00272313117418177	0.0008939740825513187	0.0020041436865798623	0.0009246046158541965	0.0014939156404976117	0.004805189875638938	0.0014179103532461212	0.0007310387426566756
0.0007260303883422914	0.0004571082856488218	0.001005593293660123	0.0005501482185095163	0.00080741224536518	0.0039938676813913165	0.00029454116121119256	-0.00020510225070613508
0.0015997619821470632	0.0005819270847640112	0.0007559556954297442	0.0008621952162970459	0.001431506240940017	0.004243505279621251	0.0004817693598841988	0.0006062199435414861
0.0011004867856869716	0.00039469888609122705	0.0005063180972002534	0.0004877388189519216	0.0011194592431527095	0.004181095880063657	-7.99152361339317e-05	-0.00020510225070613508
0.0011628961852445663	0.00033228948653363233	0.0001942710994127239	0.0007997858167394511	0.0011818686427107483	0.004617961676966598	-1.7505836575448797e-05	0.0005438105439843355
-2.2882406347290996e-05	0.0002698800869764817	0.0001942710994127239	0.00023810122072220885	0.0007450028458075852	0.005242055672541435	-0.00045437163347861187	-0.00014269285114854036
0.001412533783474279	0.0011436116807808094	0.0011304120927746464	0.001049423414969386	0.0015563250400552064	0.006802290661478638	0.00041935996032615996	0.0009806763408863883
-0.0002725200045776699	0.00039469888609122705	0.0005063180972002534	-0.00013635517662247132	5.8499450675597586e-05	0.006615062462806076	-0.0005167810330359845	-8.028345159094563e-05
0.0006012115892271019	0.0009563834821089134	0.001192821492332241	0.0003629200198369542	0.0007450028458075852	0.007925659853513345	0.00041935996032615996	0.0009806763408863883
-0.0007093858014801668	0.00033228948653363233	0.0007559556954297442	-0.000448402174410667	-0.00012872874799696454	0.007176747058823318	-0.00039196223392101714	-8.028345159094563e-05
-0.00014770120546248044	0.00033228948653363233	0.0003190898985274693	-0.00032358337529503345	0.00018331824979078704	0.006552653063248259	-0.0002671434348062718	0.00048140114442674076
-0.0008342046005949122	-0.0002918045090407606	-0.0004298228961625572	-0.0008228585717549031	-0.0004407757457844941	0.0050548274738688725	-0.0008912374303811088	-0.0005171492484932205
0.0006012115892271019	0.0005819270847640112	-0.0001801852979321783	0.0004253294193943269	0.0009322310444803694	0.004805189875638938	-0.00014232463569108234	0.0005438105439843355
0.00028916459143979445	-4.2166910811269886e-05	-0.0008042792935074594	0.0003005106202798036	0.0006825934462506567	0.003744230083161826	-0.0005167810330359845	-0.00039233044937847517
0.0010380773861293768	0.00033228948653363233	-0.0009290980926222048	0.0008621952162970459	0.0014939156404976117	0.004243505279621251	-0.00020473403524823297	0.0005438105439843355
0.0003515739909973892	2.0242488746102794e-05	-0.0011787356908521396	0.0003005106202798036	0.0009322310444803694	0.005117236873426467	-0.0007664186312659194	-0.0005171492484932205
0.0004139833905545398	2.0242488746102794e-05	-0.0012411450904097343	0.0004253294193943269	0.0009946404440379641	0.007176747058823318	-0.0006415998321507299	0.0002941729457539566
-2.2882406347290996e-05	0.00033228948653363233	-0.0006170510948348973	-1.1536377508170048e-05	0.0007450028458075852	0.010109988838025386	-0.0005791904325931352	-1.7874052033128862e-05
-0.0020823925917450303	0.00033228948653363233	-0.001116326291294989	-0.0005108115739678176	0.00018331824979078704	0.012419136621652171	-0.0012032844281684163	0.0007310387426566756
-0.009321882940413806	-0.000853489105058447	-0.0037375210727093044	-0.002944778156709793	-0.002313057732509227	0.012169499023422459	-0.004136526207370705	-0.00020510225070613508
-0.009509111139085702	-0.0007286703059432575	-0.004049568070497056	-0.003194415754940172	-0.002375467132066378	0.01285600241855489	-0.004386163805599974	0.0006062199435414861
-0.009758748737315859	-0.0009158985046155976	-0.003987158670939461	-0.0030071875562673878	-0.0026251047302965347	0.01204468022430727	-0.004510982604715608	-0.0002675116502632857
-0.009259473540856211	-0.000853489105058447	-0.004424024467841292	-0.0026951405584800803	-0.0021882389333940377	0.009673123041122889	-0.004198935606927412	0.0007310387426566756
-0.009259473540856211	-0.0011031267032883818	-0.0049857090638589785	-0.0028199593575946036	-0.0022506483329520766	0.00586614966811605	-0.004510982604715608	-0.0002675116502632857
-0.006139003562981804	-0.0009158985046155976	-0.004361615068283697	-0.0015717713664453736	-0.0009400509422443637	0.0036194112840466364	-0.003387613412680235	0.00048140114442674076
-0.005327681368734183	-0.0007286703059432575	-0.003987158670939461	-0.001072496169985282	-0.000690413344014873	0.002183995094224178	-0.0030755664148931494	-0.00039233044937847517
-0.002144801991302625	-0.00035421390859835533	-0.0030510176775768727	-7.394577706576477e-05	0.0004953652475778725	0.003244954886701734	-0.0019521972228582207	0.00048140114442674076
-0.001520707995727344	-0.0006038515068282901	-0.002801380079346938	-0.000448402174410667	-3.909948881997138e-06	0.00536687447165618	-0.0018273784237430313	-0.00039233044937847517
-8.52918059057739e-05	0.00039469888609122705	-0.0014283732890825185	0.0003629200198369542	0.0009322310444803694	0.00986035123979545	-0.0006415998321507299	0.0007310387426566756
-0.0009590233997101016	0.00020747068741888697	-0.001116326291294989	-0.0005732209735254123	5.8499450675597586e-05	0.012918411818112041	-0.0008912374303811088	-8.028345159094563e-05
-0.0005221576028073827	0.0005195176852064165	-0.0005546416952773026	-0.000448402174410667	0.0003081370489050883	0.015851653597314552	-0.00039196223392101714	0.000855857541771643
0.0011004867856869716	0.0004571082856488218	0.000381499298085064	-0.0006980397726401577	0.0003081370489050883	0.017099841588463782	0.00023213176165404192	-1.7874052033128862e-05
0.006030829350728961	0.0009563834821089134	0.002253781284809353	0.0004877388189519216	0.0015563250400552064	0.017474297985808906	0.0022292325474932984	0.0006062199435414861
0.006530104547188609	0.0010812022812236588	0.002877875280384634	0.0009870140154117912	0.0018059626382851413	0.015539606599526579	0.0026660983443960173	-0.00014269285114854036
0.008464795933470715	0.0015180680781259337	0.003377150476844726	0.0019855644083315305	0.0030541506294348153	0.013105640016785047	0.0037270581368733513	0.000855857541771643
0.010087440321965513	0.0015180680781259337	0.004126063271534308	0.002547249004349439	0.003553425825894685	0.011670223826962589	0.004226333333333221	-8.028345159094563e-05
0.010274668520637853	0.0015180680781259337	0.003938835072861524	0.0029841148012514918	0.003927882223239587	0.011795042626077779	0.004538380331120528	0.0006062199435414861
0.006966970344090662	0.0012060210803388483	0.0027530564812690006	0.0020479738078893472	0.00311656002899241	0.01266877421988255	0.0034150111390855997	-0.00020510225070613508
0.005968419951170922	0.0013308398794535936	0.0021913718852522024	0.0019855644083315305	0.0030541506294348153	0.015976472396429298	0.003165373540856109	0.0006686293430990808
0.0044705943617913135	0.0007067458838783125	0.0017545060883499275	0.0007997858167394511	0.002055600236515076	0.01934657997253386	0.00272850774395339	-0.00032992104982088044
0.0010380773861293768	0.001018792881666064	0.00056872749675696	0.00017569182116461413	0.001618734439612357	0.021718137155718464	0.0019795949492635856	0.000855857541771643
-8.52918059057739e-05	0.0005819270847640112	0.00056872749675696	-0.00038599277485307226	0.0009322310444803694	0.02252945934996564	0.0016675479514765001	-8.028345159094563e-05
0.0005388021896697293	0.000644336484321606	0.0006935462958721494	-0.00032358337529503345	0.0011194592431527095	0.02153090895704568	0.0020420043488211803	0.0006686293430990808
-0.0005845670023654215	8.265188830391956e-05	0.0001942710994127239	-0.0009476773708700925	0.00037054644846268303	0.017474297985808906	0.0011682727550164085	-0.00039233044937847517
0.0007884397878998861	0.000644336484321606	0.0006935462958721494	0.00023810122072220885	0.0012442780422674549	0.013792143411917035	0.0017923667505912455	0.0006062199435414861
-8.52918059057739e-05	0.00020747068741888697	0.000381499298085064	-1.1536377508170048e-05	0.0007450028458075852	0.00904902904554783	0.001230682154573337	-0.00014269285114854036
0.0015997619821470632	0.000644336484321606	0.0008183650949873389	0.0007373764171823005	0.001681143839170396	0.006365424864576141	0.0017299573510332067	0.0007310387426566756
0.0006012115892271019	0.0001450612878615143	0.000381499298085064	0.0004877388189519216	0.0010570498435951148	0.00536687447165618	0.001043453955901219	-0.0002675116502632857
0.0007884397878998861	0.00020747068741888697	6.945230029753446e-05	0.0004877388189519216	0.0011818686427107483	0.006989518860150978	0.0011058633554588138	0.0003565823453115513
-0.0007093858014801668	-0.0002918045090407606	-0.0005546416952773026	-0.000448402174410667	0.0003081370489050883	0.009298666643778208	0.00041935996032615996	-0.0006419680476079659
-0.00021011060502007517	-4.2166910811269886e-05	-0.0003674134966049625	-0.00013635517662247132	0.0006201840466923958	0.013480096414129727	0.0008562257572284349	0.00016935414663921122
-0.001520707995727344	-0.00041662330815595006	-0.0007418698939500867	-0.001072496169985282	-0.00019113814755455927	0.015602015999084173	0.00041935996032615996	-0.0007667868467231553
-0.0003973388036930814	0.0002698800869764817	6.945230029753446e-05	-0.0005732209735254123	0.00043295584801983367	0.01685020399023407	0.0012930915541313759	0.00048140114442674076
-0.0008342046005949122	0.00020747068741888697	0.0004439086976426587	-0.0005732209735254123	5.8499450675597586e-05	0.015851653597314552	0.001230682154573337	-0.0002675116502632857
-0.0003973388036930814	0.0001450612878615143	0.00025668049896987455	-0.0005732209735254123	0.0003081370489050883	0.012606364820324956	0.001230682154573337	0.0003565823453115513
-0.00021011060502007517	-0.00016698570992645934	0.00025668049896987455	-0.0007604491721977524	0.0002457276493474936	0.009111438445105424	0.0009186351567860296	-0.0005795586480503712
0.00047639279011213453	8.265188830391956e-05	0.000381499298085064	0.00023810122072220885	0.0008698216449227747	0.007488794056610848	0.0012930915541313759	0.0002941729457539566
-0.0003349294041350426	-0.00010457631036842052	0.0001318616998551292	-0.0002611739757378828	0.00043295584801983367	0.005803740268558455	0.0009810445563440684	-0.0004547398489351817
-0.001957573792629841	-0.00010457631036842052	-0.0009290980926222048	-0.000448402174410667	0.00018331824979078704	0.00517964627298384	0.00029454116121119256	0.00041899174486914603
-0.008947426543068904	-0.0011031267032883818	-0.003799930472266899	-0.0021958653620202107	-0.0018761919356069523	0.004243505279621251	-0.0022642442206459723	-0.0005171492484932205
-0.008572970145723335	-0.0011031267032883818	-0.004236796269169396	-0.0021958653620202107	-0.0016889637369341681	0.005554102670328964	-0.0022018348210879335	0.0002941729457539566
-0.008947426543068904	-0.0012279455024031272	-0.0045488432669564816	-0.002507912359807296	-0.0020010107347216977	0.006864700061035789	-0.002513881818875463	-0.00039233044937847517
-0.009009835942626276	-0.0009783079041736364	-0.004860890264743789	-0.002133455962462616	-0.0015641449378196448	0.008612163248645777	-0.0023890630197602736	0.00048140114442674076
-0.00876019834439612	-0.0011031267032883818	-0.004673662066071449	-0.002507912359807296	-0.0016889637369341681	0.01023480763714013	-0.002326653620203123	-0.00032992104982088044
-0.006700688158998602	-0.0005414421072706954	-0.003924749271381867	-0.0017589995651177137	-0.0010024603418017364	0.01285600241855489	-0.0014529220263987952	0.0006686293430990808
-0.006076594163424209	-0.0010407173037312312	-0.003425474074921775	-0.0020086371633478706	-0.001314507339589266	0.014603465606164212	-0.0014529220263987952	-0.0004547398489351817
-0.0028937147859922074	2.0242488746102794e-05	-0.001927648485542166	-0.001259724368657844	-0.00019113814755455927	0.015851653597314552	4.490356298125775e-05	0.0007934481422140482
-0.0018327549935146514	-0.0002918045090407606	-0.001303554489966885	-0.0011973149691002494	-0.00031595694666930463	0.015851653597314552	0.00010731296253885247	-0.0002675116502632857
-0.0005845670023654215	-4.2166910811269886e-05	-0.0007418698939500867	-0.0005732209735254123	0.0002457276493474936	0.014915512603951742	0.0006689975585565389	0.0005438105439843355
-0.0007717952010377616	2.0242488746102794e-05	-0.0006170510948348973	-0.0007604491721977524	-3.909948881997138e-06	0.011857452025635373	0.00041935996032615996	-0.00032992104982088044
0.0009132585870141874	0.0005819270847640112	0.0001942710994127239	0.0003629200198369542	0.0011818686427107483	0.010422035835812471	0.0013555009536889706	0.000855857541771643
0.0027855405737389205	0.00033228948653363233	0.0006935462958721494	0.000612557618066667	0.0011818686427107483	0.009111438445105424	0.0017923667505912455	-0.00014269285114854036
0.007279017341878191	0.0010812022812236588	0.0025658282825971046	0.0017359268101013736	0.0026172848325323184	0.00998517003891064	0.0038518769359885408	0.0005438105439843355
0.0070293797436487004	0.000831564682993724	0.0027530564812690006	0.0016111080109866283	0.002305237834745233	0.01135817682917506	0.0041015145342180315	-0.0002675116502632857
0.008277567734798152	0.0013308398794535936	0.003314741077287131	0.0019855644083315305	0.0031789694285500047	0.01422900920881931	0.005100064927137771	0.0005438105439843355
0.009463346326390232	0.0015180680781259337	0.004438110269321838	0.00211038320744672	0.00349101642633709	0.01772393558403884	0.006036205920500581	-0.00014269285114854036
0.009400936926833525	0.0017052962767984958	0.004625338467994622	0.0024224302052342495	0.0038030634241248418	0.020719586762798503	0.006535481116960451	0.0007310387426566756
0.005157097756923745	0.000831564682993724	0.0030026940794993795	0.0007373764171823005	0.0023676472343028276	0.020469949164568124	0.004912836728465209	-0.00032992104982088044
0.005032278957809	0.0008939740825513187	0.0027530564812690006	0.0007373764171823005	0.002430056633859534	0.02034513036545338	0.004788017929350463	0.00041899174486914603
0.004220956763561379	0.0008939740825513187	0.0030651034790569742	0.0007373764171823005	0.002055600236515076	0.019284170572975823	0.004475970931563378	-0.00039233044937847517
0.0008508491874574808	0.0005195176852064165	0.0011304120927746464	0.0001132824216070194	0.0013690968413826443	0.015726834798199363	0.002978145342183325	0.00048140114442674076
0.0003515739909973892	0.0001450612878615143	0.0008183650949873389	-0.00032358337529503345	0.0008698216449227747	0.01266877421988255	0.002291641947050893	-0.00032992104982088044
0.001412533783474279	0.0007691552834363513	0.0011304120927746464	0.000612557618066667	0.0015563250400552064	0.01173263322651974	0.00272850774395339	0.0006686293430990808
-2.2882406347290996e-05	2.0242488746102794e-05	0.0003190898985274693	-1.1536377508170048e-05	0.0007450028458075852	0.010484445235370066	0.0018547761501483961	-0.0004547398489351817
0.00028916459143979445	0.0001450612878615143	6.945230029753446e-05	5.0873022049424677e-05	0.0009946404440379641	0.011046129831387308	0.0020420043488211803	0.0002941729457539566
-0.0006469764019225721	2.0242488746102794e-05	-0.00011777589837502767	-7.394577706576477e-05	0.0005577746471350231	0.012731183619439701	0.0017923667505912455	-0.0004547398489351817
0.00047639279011213453	0.0005195176852064165	0.0001318616998551292	0.00023810122072220885	0.0012442780422674549	0.014291418608376905	0.002354051346608488	0.0005438105439843355
-0.00021011060502007517	0.0001450612878615143	6.945230029753446e-05	-0.00019876457618051013	0.0006825934462506567	0.014915512603951742	0.0019171855497057688	-0.00032992104982088044
0.00010193639276701028	0.0004571082856488218	0.0004439086976426587	0.00017569182116461413	0.0011194592431527095	0.014915512603951742	0.0021668231479361477	0.0005438105439843355
-0.0005845670023654215	-4.2166910811269886e-05	0.0003190898985274693	-0.0005108115739678176	0.00043295584801983367	0.012731183619439701	0.0013555009536889706	-0.00039233044937847517
0.0004139833905545398	0.0005819270847640112	0.0008807744945449336	0.0003005106202798036	0.0009322310444803694	0.011108539230944903	0.0016051385519189054	0.0007310387426566756
-0.0005845670023654215	0.0001450612878615143	0.0007559556954297442	-7.394577706576477e-05	0.0003081370489050883	0.008861800846875267	0.0009810445563440684	-0.00020510225070613508
0.0005388021896697293	0.00033228948653363233	0.0008807744945449336	0.00017569182116461413	0.0007450028458075852	0.007301565857938508	0.001230682154573337	0.0005438105439843355
-0.00045974820324978793	-0.00016698570992645934	0.0003190898985274693	-0.00032358337529503345	0.00012090885023319231	0.006989518860150978	0.0006065881589989441	-0.0005171492484932205
0.000164345792324605	0.0001450612878615143	0.000381499298085064	0.0001132824216070194	0.00080741224536518	0.009548304242007699	0.0014179103532461212	0.00048140114442674076
-0.00014770120546248044	0.0002698800869764817	0.000381499298085064	-7.394577706576477e-05	0.00080741224536518	0.012419136621652171	0.0017923667505912455	-0.00032992104982088044
0.000164345792324605	0.0001450612878615143	6.945230029753446e-05	-1.1536377508170048e-05	0.0010570498435951148	0.015976472396429298	0.002291641947050893	0.0003565823453115513
-0.0013334797970545598	-0.00035421390859835533	-0.0007418698939500867	-0.0009476773708700925	0.00037054644846268303	0.018535257778286462	0.0019795949492635856	-0.0006419680476079659
-0.0037674463797969793	-0.00022939510948316588	-0.0016780108873122312	-0.0013221337682149947	0.0002457276493474936	0.019284170572975823	0.001480319752803716	0.00041899174486914603
-0.010133205134660983	-0.0014151737010754672	-0.004424024467841292	-0.0030695969558249825	-0.001938601335164547	0.01685020399023407	-0.0013905126268412005	-0.0006419680476079659
-0.008572970145723335	-0.0011031267032883818	-0.004111977470054207	-0.0026327311589224855	-0.001314507339589266	0.015102740802624082	-0.00101605622949541	0.0002941729457539566
-0.009009835942626276	-0.0012279455024031272	-0.004174386869611801	-0.0028823687571521983	-0.0018761919356069523	0.011295767429617687	-0.0017649690241858806	-0.0005171492484932205
-0.008697788944838525	-0.0007910797055008523	-0.003924749271381867	-0.002071046562905021	-0.0014393261387044554	0.008674572648203371	-0.001889787823300626	0.0006686293430990808
-0.00844815134660859	-0.0012279455024031272	-0.003924749271381867	-0.002507912359807296	-0.0020010107347216977	0.0054916932707713695	-0.0024514724193183124	-0.0004547398489351817
-0.005202862569618993	-0.0004790327077135448	-0.002801380079346938	-0.0013845431677730335	-0.000690413344014873	0.004805189875638938	-0.001265693827726011	0.0006686293430990808
-0.005202862569618993	-0.000666260906386329	-0.0026765612802317484	-0.0014469525673301842	-0.0011896885404740765	0.005242055672541435	-0.0013905126268412005	-0.00020510225070613508
-0.0026440771877622726	-0.0005414421072706954	-0.0020524672846573555	-0.0010100867704276872	-0.0005031851453420888	0.007114337659266168	-0.0003295528343634224	0.0002941729457539566
-0.0016455267948425334	-0.00016698570992645934	-0.0013659638895242576	-0.0006980397726401577	-6.631934843959186e-05	0.009173847844663019	0.00041935996032615996	-0.00020510225070613508
-0.0003973388036930814	8.265188830391956e-05	-0.0008666886930650541	-1.1536377508170048e-05	0.0004953652475778725	0.011857452025635373	0.0012930915541313759	0.0005438105439843355
-0.0008966140001525069	2.0242488746102794e-05	-0.0007418698939500867	-0.000448402174410667	0.0002457276493474936	0.012731183619439701	0.0011682727550164085	-0.00020510225070613508
0.00010193639276701028	8.265188830391956e-05	-0.0005546416952773026	-0.00013635517662247132	0.0005577746471350231	0.013480096414129727	0.001480319752803716	0.00048140114442674076
0.0032224063706414174	0.0007691552834363513	0.0014424590905617318	0.0007373764171823005	0.0013066874418250496	0.014853103204394591	0.0027909171435109847	-0.00014269285114854036
0.006842151544976138	0.0009563834821089134	0.0029402846799417848	0.001236651613641726	0.002430056633859534	0.014915512603951742	0.004163923933775626	0.00048140114442674076
0.006654923346303798	0.0007691552834363513	0.003501969275959471	0.0011742422140841313	0.002055600236515076	0.01422900920881931	0.004039105134660437	-0.0004547398489351817
0.008339977134355747	0.0012060210803388483	0.0042508820706490535	0.0018607456092170072	0.0028045130312046584	0.014541056206607061	0.004912836728465209	0.0003565823453115513
0.009088889929045774	0.001018792881666064	0.0046877478675517725	0.0016111080109866283	0.002742103631647508	0.01397937161058982	0.00534970252536815	-0.0005171492484932205
0.009088889929045774	0.0015180680781259337	0.004874976066224335	0.0021727926070043146	0.0034286070267794955	0.014291418608376905	0.005848977721828019	0.00041899174486914603
0.004283366163118529	0.0001450612878615143	0.0026282376821546993	0.0005501482185095163	0.0015563250400552064	0.013043230617227453	0.0041015145342180315	-0.000829196246280528
0.005469144754711053	0.0010812022812236588	0.0030026940794993795	0.0013614704127569155	0.002742103631647508	0.01385455281147463	0.0051624743266955875	0.0005438105439843355
0.0032224063706414174	0.0004571082856488218	0.0020041436865798623	0.0007373764171823005	0.001681143839170396	0.013667324612802512	0.004288742732890594	-0.0005795586480503712
0.0007884397878998861	0.0004571082856488218	0.0009431838941023063	0.0004877388189519216	0.0014939156404976117	0.013355277615014538	0.003602239337758162	0.00041899174486914603
0.00028916459143979445	0.0002698800869764817	0.0007559556954297442	-1.1536377508170048e-05	0.0011818686427107483	0.012481546021209766	0.0031029641412985143	-0.00032992104982088044
0.0008508491874574808	0.0002698800869764817	0.0007559556954297442	0.0003005106202798036	0.0012442780422674549	0.012294317822537426	0.0028533265430685795	0.0003565823453115513
-0.0003973388036930814	-4.2166910811269886e-05	0.00056872749675696	-0.00032358337529503345	0.00043295584801983367	0.01135817682917506	0.0019171855497057688	-0.0005795586480503712
0.0006012115892271019	0.00033228948653363233	0.0010680026932174957	0.0001132824216070194	0.0010570498435951148	0.010921311032272563	0.002104413748378553	0.00048140114442674076
-0.00045974820324978793	0.0001450612878615143	0.0008807744945449336	-0.00019876457618051013	0.00037054644846268303	0.00986035123979545	0.001230682154573337	-0.00032992104982088044
0.0006012115892271019	0.00039469888609122705	0.0013800496910050253	0.00023810122072220885	0.0008698216449227747	0.009423485442892954	0.0016051385519189054	0.00041899174486914603
-0.0003349294041350426	-4.2166910811269886e-05	0.0008807744945449336	-0.0005108115739678176	0.00012090885023319231	0.00767602225528341	0.0007938163576712842	-0.0004547398489351817
-0.0002725200045776699	8.265188830391956e-05	0.0006311368963149988	-1.1536377508170048e-05	0.00037054644846268303	0.007114337659266168	0.0009810445563440684	0.0003565823453115513
-0.0005845670023654215	-0.00016698570992645934	0.0005063180972002534	-0.00032358337529503345	0.0002457276493474936	0.006115787266346651	0.0009810445563440684	-0.0006419680476079659
-2.2882406347290996e-05	-4.2166910811269886e-05	0.0001942710994127239	-7.394577706576477e-05	0.0004953652475778725	0.005928559067673644	0.0013555009536889706	0.00016935414663921122
-0.001083842198825069	-0.00035421390859835533	-0.0001801852979321783	-0.00038599277485307226	5.8499450675597586e-05	0.0067398812619210435	0.0011058633554588138	-0.0006419680476079659
0.00010193639276701028	2.0242488746102794e-05	0.0001942710994127239	5.0873022049424677e-05	0.0007450028458075852	0.008424935049973437	0.0020420043488211803	0.00023176354619680595
-0.00045974820324978793	-0.00016698570992645934	0.00025668049896987455	-0.00032358337529503345	0.00037054644846268303	0.00998517003891064	0.0018547761501483961	-0.0006419680476079659
-0.0005845670023654215	-0.0002918045090407606	-5.536649881743294e-05	-0.000448402174410667	0.0003081370489050883	0.011420586228732654	0.0017923667505912455	-8.028345159094563e-05
-0.001083842198825069	-0.0006038515068282901	7.042900740161784e-06	-0.0010100867704276872	-0.00012872874799696454	0.011982270824750119	0.0016051385519189054	-0.000829196246280528
-8.52918059057739e-05	-0.00016698570992645934	0.00056872749675696	-0.0005108115739678176	0.0004953652475778725	0.01266877421988255	0.0019171855497057688	-8.028345159094563e-05
-0.0014582985961697492	-0.00016698570992645934	0.0005063180972002534	-0.0006980397726401577	-3.909948881997138e-06	0.012543955420767361	0.0015427291523613107	-0.0005171492484932205
-0.004578768574044156	-0.00016698570992645934	-0.0009915074921797995	-0.0011349055695426546	-0.00025354754711237604	0.01023480763714013	0.0003569505607687873	0.00048140114442674076
-0.009446701739528551	-0.0012903549019607219	-0.003363064675363736	-0.0026951405584800803	-0.0020634201342792924	0.007114337659266168	-0.002077016021973188	-0.0005171492484932205
-0.008635379545281374	-0.0011031267032883818	-0.003612702273594559	-0.0021958653620202107	-0.001751373136491985	0.006677471862363449	-0.0017649690241858806	0.0002941729457539566
-0.009134654741741022	-0.0012279455024031272	-0.004049568070497056	-0.002570321759364891	-0.0020010107347216977	0.00517964627298384	-0.0020146066224155934	-0.0005171492484932205
-0.00844815134660859	-0.0009158985046155976	-0.004236796269169396	-0.0021958653620202107	-0.0015641449378196448	0.004555552277409003	-0.0018273784237430313	0.00041899174486914603
-0.008323332547493845	-0.0011655361028459765	-0.004361615068283697	-0.0021958653620202107	-0.0018761919356069523	0.004805189875638938	-0.0018273784237430313	-0.00039233044937847517
-0.00595177536430902	-0.000666260906386329	-0.0034878834744793696	-0.0015717713664453736	-0.0010024603418017364	0.00536687447165618	-0.0009536468299387035	0.00041899174486914603
-0.005140453170061843	-0.0007910797055008523	-0.0029261988784616833	-0.0014469525673301842	-0.0010648697413597752	0.005616512069886559	-0.00101605622949541	-0.00039233044937847517
-0.0015831173952849387	0.0001450612878615143	-0.001116326291294989	-0.00019876457618051013	0.0002457276493474936	0.007239156458380913	0.00041935996032615996	0.0007310387426566756
-0.0011462515983826638	-0.00022939510948316588	-0.0004922322957197078	-0.000635630373082563	-6.631934843959186e-05	0.006802290661478638	0.00023213176165404192	-0.00020510225070613508
0.000164345792324605	0.00039469888609122705	0.000381499298085064	5.0873022049424677e-05	0.0004953652475778725	0.007114337659266168	0.0005441787594413494	0.0006686293430990808
-0.0006469764019225721	-0.00022939510948316588	0.00025668049896987455	-0.0005108115739678176	-0.00019113814755455927	0.00586614966811605	4.490356298125775e-05	-0.00039233044937847517
0.0011004867856869716	0.00033228948653363233	0.0008807744945449336	0.0001132824216070194	0.0007450028458075852	0.00586614966811605	0.0008562257572284349	0.0005438105439843355
0.004096137964446189	0.00039469888609122705	0.002253781284809353	0.000612557618066667	0.0011194592431527095	0.007176747058823318	0.0019795949492635856	-0.0002675116502632857
0.006966970344090662	0.0007691552834363513	0.0032523316777290923	0.0013614704127569155	0.0021180096360722267	0.009236257244220614	0.0037270581368733513	0.0002941729457539566
0.006717332745861393	0.001018792881666064	0.003501969275959471	0.001486289211871883	0.002305237834745233	0.011046129831387308	0.004351152132448188	-0.0002675116502632857
0.008402386533913342	0.0012060210803388483	0.0038140162737465566	0.0020479738078893472	0.002929331830319626	0.013792143411917035	0.005474521324482895	0.00041899174486914603
0.009088889929045774	0.0013932492790107442	0.004562929068436583	0.0021727926070043146	0.0031789694285500047	0.015789244197756958	0.0064106623178452615	-0.00032992104982088044
0.007965520737010623	0.001268430479896443	0.0040636538719767135	0.0019231550087741578	0.0031789694285500047	0.01616370059510186	0.006285843518730072	0.00048140114442674076
0.004595413160906281	0.000831564682993724	0.0030651034790569742	0.001236651613641726	0.0021180096360722267	0.01535237840085446	0.004975246128022803	-0.0002675116502632857
0.005281916556038713	0.0009563834821089134	0.003377150476844726	0.0012990610131990987	0.002492466033417573	0.014104190409704565	0.0051624743266955875	0.00041899174486914603
0.003159996971084267	0.0008939740825513187	0.003127512878614569	0.0008621952162970459	0.0019931908369574813	0.011982270824750119	0.0041015145342180315	-0.00014269285114854036
0.0007260303883422914	0.00039469888609122705	0.0017545060883499275	0.0004877388189519216	0.0011818686427107483	0.00998517003891064	0.0026036889448379785	0.0005438105439843355
0.0006636209887849187	0.000644336484321606	0.0020041436865798623	0.0003629200198369542	0.0011818686427107483	0.008237706851300652	0.002291641947050893	-8.028345159094563e-05
0.0015373525825899126	0.000831564682993724	0.0020041436865798623	0.0006749670176242617	0.0015563250400552064	0.007301565857938508	0.002291641947050893	0.0009182669413292377
-8.52918059057739e-05	0.0001450612878615143	0.0013800496910050253	-7.394577706576477e-05	0.0006201840466923958	0.007176747058823318	0.0016051385519189054	-0.0002675116502632857
0.00047639279011213453	0.0007067458838783125	0.0013800496910050253	0.0005501482185095163	0.0012442780422674549	0.0078008410543985995	0.002354051346608488	0.0007934481422140482
0.00028916459143979445	0.0004571082856488218	0.0011304120927746464	0.00017569182116461413	0.0009946404440379641	0.007488794056610848	0.0021668231479361477	-1.7874052033128862e-05
0.0003515739909973892	0.0002698800869764817	0.0005063180972002534	0.0004253294193943269	0.0011818686427107483	0.0078008410543985995	0.002354051346608488	0.0005438105439843355
0.00028916459143979445	0.0005195176852064165	0.001005593293660123	0.0003005106202798036	0.0010570498435951148	0.007488794056610848	0.002354051346608488	-8.028345159094563e-05
0.000164345792324605	0.00020747068741888697	0.0005063180972002534	0.0003629200198369542	0.0008698216449227747	0.006989518860150978	0.0019795949492635856	0.00048140114442674076
-0.0003973388036930814	-4.2166910811269886e-05	0.0007559556954297442	-7.394577706576477e-05	0.0003081370489050883	0.00574133086900086	0.0014179103532461212	-0.00032992104982088044
0.0006012115892271019	0.0005819270847640112	0.001192821492332241	0.0004253294193943269	0.0009946404440379641	0.00574133086900086	0.0016675479514765001	0.0007310387426566756
-0.0005221576028073827	0.0002698800869764817	0.001192821492332241	0.00023810122072220885	0.0003081370489050883	0.005928559067673644	0.0007938163576712842	-8.028345159094563e-05
0.0007884397878998861	0.0007067458838783125	0.0017545060883499275	0.0007997858167394511	0.0009946404440379641	0.007114337659266168	0.001480319752803716	0.0009182669413292377
-0.0003973388036930814	8.265188830391956e-05	0.001192821492332241	-0.0002611739757378828	0.0002457276493474936	0.006552653063248259	0.0006689975585565389	-0.00020510225070613508
0.0003515739909973892	0.0004571082856488218	0.0014424590905617318	0.0001132824216070194	0.0006825934462506567	0.0076136128557262595	0.0013555009536889706	0.0007310387426566756
-0.0005221576028073827	8.265188830391956e-05	0.0011304120927746464	-0.0002611739757378828	0.00018331824979078704	0.008237706851300652	0.001230682154573337	-0.00032992104982088044
0.0005388021896697293	0.0004571082856488218	0.0008807744945449336	0.0001132824216070194	0.0009946404440379641	0.007925659853513345	0.0020420043488211803	0.0006062199435414861
-0.0011462515983826638	2.0242488746102794e-05	0.0001318616998551292	-0.0002611739757378828	0.00037054644846268303	0.006552653063248259	0.0016675479514765001	-0.00014269285114854036
-0.00576454716563668	-0.000666260906386329	-0.002364514282444219	-0.0013845431677730335	-0.000690413344014873	0.004118686480506506	-1.7505836575448797e-05	0.00023176354619680595
-0.00876019834439612	-0.0010407173037312312	-0.003612702273594559	-0.002071046562905021	-0.0016889637369341681	0.002620860891126453	-0.0013905126268412005	-0.00032992104982088044
-0.008011285549706093	-0.0011031267032883818	-0.003862339871824272	-0.001696590165560119	-0.0016265543373767954	0.0028080890897994593	-0.0014529220263987952	0.0003565823453115513
-0.008572970145723335	-0.0009783079041736364	-0.0034878834744793696	-0.0020086371633478706	-0.0016889637369341681	0.002620860891126453	-0.0019521972228582207	-0.0002675116502632857
-0.00826092314793625	-0.0011031267032883818	-0.003799930472266899	-0.0021958653620202107	-0.0016889637369341681	0.0029329078889142046	-0.0023890630197602736	0.00048140114442674076
-0.007387191554131478	-0.0009158985046155976	-0.0028637894789040885	-0.0020086371633478706	-0.0016889637369341681	0.004617961676966598	-0.0023890630197602736	-0.00014269285114854036
-0.005015634370946653	-0.00035421390859835533	-0.0018652390859845713	-0.0013221337682149947	-0.0008152321431291742	0.005803740268558455	-0.0015153314259555017	0.000855857541771643
-0.00401708397802647	-0.00035421390859835533	-0.0013659638895242576	-0.0015717713664453736	-0.0009400509422443637	0.005117236873426467	-0.0016401502250706912	-8.028345159094563e-05
-0.0014582985961697492	-0.00010457631036842052	-0.0003674134966049625	-0.0005108115739678176	-6.631934843959186e-05	0.005990968467231017	-0.00045437163347861187	0.0005438105439843355
-0.0014582985961697492	-4.2166910811269886e-05	-0.0001801852979321783	-0.0005108115739678176	-0.00025354754711237604	0.004930008674753683	-0.0002671434348062718	-0.0002675116502632857
0.000164345792324605	-0.00010457631036842052	-0.00011777589837502767	-0.00013635517662247132	0.00037054644846268303	0.003307364286259329	0.0004817693598841988	0.00041899174486914603
-0.0008966140001525069	-0.00022939510948316588	-0.0004298228961625572	-0.0002611739757378828	-3.909948881997138e-06	0.0026832702906838257	0.0005441787594413494	-0.0004547398489351817
0.0015997619821470632	0.0005195176852064165	0.0006935462958721494	0.0006749670176242617	0.0010570498435951148	0.003681820683603787	0.0020420043488211803	0.0007310387426566756
0.004408184962234163	0.0004571082856488218	0.0020041436865798623	0.0009246046158541965	0.0012442780422674549	0.005304465072099029	0.0031029641412985143	-0.0004547398489351817
0.006654923346303798	0.0005819270847640112	0.002877875280384634	0.0015486986114294776	0.0019307814373998866	0.007239156458380913	0.004039105134660437	0.00016935414663921122
0.006654923346303798	0.0009563834821089134	0.0038764256733041513	0.0017359268101013736	0.002242828435187638	0.008674572648203371	0.004351152132448188	-0.00032992104982088044
0.008652024132143055	0.001268430479896443	0.00499979486533908	0.0021727926070043146	0.002866922430762253	0.010734082833600223	0.005100064927137771	0.00041899174486914603
0.008215158335241002	0.001018792881666064	0.00549907006179895	0.0017359268101013736	0.002305237834745233	0.01204468022430727	0.004788017929350463	-0.0006419680476079659
0.0072166079423210405	0.0012060210803388483	0.005124613664453825	0.001673517410544223	0.002679694232089913	0.0115454050278474	0.004600789730677679	0.00041899174486914603
0.00453300376134913	0.000831564682993724	0.004313291470206648	0.0009246046158541965	0.001868372037842736	0.009735532440680261	0.0034150111390855997	-0.00032992104982088044
0.005344325955596307	0.0011436116807808094	0.004375700869764243	0.0016111080109866283	0.0025548754329747236	0.008986619645990457	0.004226333333333221	0.0006062199435414861
0.0021614465781643055	0.00039469888609122705	0.002690647081712294	0.0004877388189519216	0.0015563250400552064	0.005803740268558455	0.00291573594262573	-0.00039233044937847517
0.0009132585870141874	0.0002698800869764817	0.0013800496910050253	0.0003005106202798036	0.0012442780422674549	0.004181095880063657	0.0024164607461660825	0.0003565823453115513
0.00028916459143979445	0.0001450612878615143	0.001005593293660123	0.00017569182116461413	0.0007450028458075852	0.004305914679178846	0.002291641947050893	-0.0005171492484932205
0.0009756679865717821	0.0004571082856488218	0.0008807744945449336	0.0004877388189519216	0.0012442780422674549	0.003869048882276571	0.0026036889448379785	0.00048140114442674076
-0.0003349294041350426	-0.00016698570992645934	0.0003190898985274693	-7.394577706576477e-05	0.0002457276493474936	0.003869048882276571	0.0016051385519189054	-0.0005795586480503712
0.00028916459143979445	0.00039469888609122705	0.0008183650949873389	0.0006749670176242617	0.0009322310444803694	0.004867599275196088	0.0018547761501483961	0.00048140114442674076
-0.00014770120546248044	0.0001450612878615143	0.0009431838941023063	0.0001132824216070194	0.00043295584801983367	0.004243505279621251	0.0009810445563440684	-0.0002675116502632857
0.0004139833905545398	8.265188830391956e-05	0.0011304120927746464	0.00017569182116461413	0.00043295584801983367	0.004555552277409003	0.0006689975585565389	0.00023176354619680595
-0.0005845670023654215	-0.00022939510948316588	0.001192821492332241	-0.00038599277485307226	-0.00012872874799696454	0.004305914679178846	4.490356298125775e-05	-0.0006419680476079659
0.0003515739909973892	0.00020747068741888697	0.0015672778896771433	5.0873022049424677e-05	0.0005577746471350231	0.004243505279621251	0.00029454116121119256	0.00041899174486914603
-0.0006469764019225721	-0.00010457631036842052	0.001192821492332241	-0.0002611739757378828	-6.631934843959186e-05	0.003681820683603787	-0.00014232463569108234	-0.00039233044937847517
-2.2882406347290996e-05	0.0001450612878615143	0.0010680026932174957	5.0873022049424677e-05	0.0004953652475778725	0.0034321830853740742	0.0003569505607687873	0.0002941729457539566
-0.0012710703974978532	-0.0005414421072706954	0.00025668049896987455	-0.0008228585717549031	-0.0005031851453420888	0.0023712232928969623	-0.00014232463569108234	-0.000829196246280528
0.00028916459143979445	0.00020747068741888697	0.0007559556954297442	0.0003005106202798036	0.0004953652475778725	0.003931458281834166	0.001230682154573337	0.0003565823453115513
-0.0008342046005949122	-0.00016698570992645934	0.0001942710994127239	-0.00032358337529503345	5.8499450675597586e-05	0.003744230083161826	0.001230682154573337	-0.0004547398489351817
0.00022675519188219972	0.00020747068741888697	0.0003190898985274693	0.00017569182116461413	0.0005577746471350231	0.004617961676966598	0.0016675479514765001	0.00041899174486914603
-0.0008966140001525069	-0.00035421390859835533	0.00025668049896987455	-0.0002611739757378828	-0.00012872874799696454	0.0050548274738688725	0.0011682727550164085	-0.0007043774471655606
0.0005388021896697293	0.00033228948653363233	0.0011304120927746464	0.0004877388189519216	0.0008698216449227747	0.005616512069886559	0.0018547761501483961	0.00041899174486914603
-0.0022696207904173704	-0.000666260906386329	0.0001318616998551292	-0.0010100867704276872	-0.0005031851453420888	0.003931458281834166	4.490356298125775e-05	-0.0007667868467231553
-0.006575869359884079	-0.000666260906386329	-0.0013659638895242576	-0.0013845431677730335	-0.0010648697413597752	0.0029953172884713553	-0.0014529220263987952	0.0003565823453115513
-0.008885017143510643	-0.0012903549019607219	-0.0024269236820022577	-0.0024455029602501455	-0.0020010107347216977	0.0013102635004194063	-0.002950747615778404	-0.0005171492484932205
-0.007262372755016067	-0.000666260906386329	-0.002114876684214506	-0.0018214089646750864	-0.0011272791409169258	0.0009358071030745041	-0.0023890630197602736	0.0006062199435414861
-0.008635379545281374	-0.0010407173037312312	-0.002738970679789343	-0.002133455962462616	-0.001751373136491985	0.001185444701304661	-0.0028883382162203652	-0.00014269285114854036
-0.008198513748378655	-0.0010407173037312312	-0.0033006552758070296	-0.0021958653620202107	-0.001501735538261606	0.0009358071030745041	-0.002763519417105842	0.0005438105439843355
-0.006638278759441674	-0.0005414421072706954	-0.002551742481117003	-0.0016341807660025243	-0.0010648697413597752	0.0017471292973221253	-0.0019521972228582207	-1.7874052033128862e-05
-0.005078043770504248	-0.00041662330815595006	-0.002364514282444219	-0.0011349055695426546	-0.0007528227435724677	0.0025584514915693024	-0.0012032844281684163	0.0006062199435414861
-0.004079493377584509	-0.0007286703059432575	-0.0020524672846573555	-0.0013845431677730335	-0.0010024603418017364	0.0016847198977645306	-0.0012032844281684163	-0.00039233044937847517
-0.0007093858014801668	0.00020747068741888697	-0.0004298228961625572	0.00017569182116461413	0.00043295584801983367	0.002433632692454557	0.00041935996032615996	0.0007934481422140482
-0.0008966140001525069	-0.00010457631036842052	-0.0001801852979321783	-0.00019876457618051013	-6.631934843959186e-05	0.0018719480964368707	-7.99152361339317e-05	-0.0002675116502632857
0.0007884397878998861	0.0005195176852064165	0.0008183650949873389	0.000612557618066667	0.0009322310444803694	0.0018719480964368707	0.0007314069581136895	0.0009806763408863883
-8.52918059057739e-05	0.0002698800869764817	0.0008807744945449336	0.00023810122072220885	0.00018331824979078704	0.0017471292973221253	0.0001697223620964472	4.453534752446586e-05
0.0022238559777219002	0.0007067458838783125	0.0018169154879075222	0.0008621952162970459	0.0011194592431527095	0.0029953172884713553	0.001043453955901219	0.0009182669413292377
0.005593963553826242	0.0007067458838783125	0.0034395598764018764	0.0011742422140841313	0.0014939156404976117	0.004243505279621251	0.002104413748378553	-0.00014269285114854036
0.007341426741435786	0.0010812022812236588	0.004188472671092125	0.0018607456092170072	0.0021804190356298214	0.005616512069886559	0.0032277829404132596	0.0005438105439843355
0.0067797421454183215	0.001018792881666064	0.0042508820706490535	0.0016111080109866283	0.002055600236515076	0.005990968467231017	0.003352601739528449	-0.00014269285114854036
0.009525755725947826	0.0015180680781259337	0.00499979486533908	0.0023600208056766547	0.00311656002899241	0.006615062462806076	0.004725608529793313	0.0006062199435414861
