Sensor_1	Sensor_2	Sensor_3	Sensor_4	Sensor_5	Sensor_6	Sensor_7	Sensor_8
0.0037510420691238	0.0005575749370563265	0.0031610142442972666	0.0006881322804610512	0.0005986309605552353	0.0018135360189213134	0.002341129480430748	0.00011515158312391804
0.0005681626916917981	-4.109658960471663e-06	0.0015383698558024683	-0.00031041811245846596	-0.00033751003280690917	0.0007525762264437574	0.0006560756923783551	-0.0006961706111232591
0.0008178002899212888	-0.00012892845807588316	0.0006022288624398797	-0.00031041811245846596	-0.00015028183413434704	0.0005029386282142667	0.0003440286945912696	-0.00013448601510557268
0.0006929814908069876	5.829974059690102e-05	0.0006646382619974744	0.000313675883115927	0.00028658396276748377	0.0008149856260013522	0.00046884749370601497	-0.00044653301289332425
0.0018163506828412501	0.0004327561379420253	0.0002901818646527943	0.0008129510795757966	0.001097906157015105	0.0011894420233462544	0.0006560756923783551	0.0003023797817967022
0.0008802096894788836	-6.651905851806639e-05	-0.0005211403295948269	0.00043849468223067234	0.0005986309605552353	0.0006901668268861627	-9.283710231167142e-05	-0.0006961706111232591
0.0015667130846113153	0.0002455279392692411	-0.0004587309300372322	0.0010625886778057314	0.0011603155565726997	0.0010022138246736922	0.0002816192950332308	0.0003023797817967022
0.0005057532921344254	-0.00025374725719040647	-0.000708368528267167	0.00018885708400095957	0.0004738121614400459	0.0007525762264437574	-9.283710231167142e-05	-0.0005713518120085137
0.0015667130846113153	0.00049516553749962	0.00022777246509519955	0.0006881322804610512	0.0010354967574583984	0.0014390796215761892	0.0007184850919355057	0.0004896079804690423
-0.0009296628976882548	-0.0005033848554203413	-0.00033391213092204275	-0.0006224651102466616	-0.000587147631036844	0.0005653480277714173	-0.00021765590142686086	-0.0006961706111232591
0.0001937062943468959	0.0003079373388268358	0.0007894570611124418	-0.0002480087129017594	9.935576409514368e-05	0.001501489021133784	0.0008433038910511392	0.0004271985809114476
-0.0009296628976882548	-6.651905851806639e-05	0.0009142758602276313	-0.0008721027084761523	-0.0007119664301520334	0.0011894420233462544	0.00040643809414842025	-0.00044653301289332425
-0.0005552065003435747	0.0002455279392692411	0.001163913458457566	-0.0002480087129017594	-0.00027510063324931444	0.0016263078202489734	0.0007808944914931004	0.0003023797817967022
-0.0009296628976882548	-0.00025374725719040647	0.0006646382619974744	-0.0009345121080337471	-0.0006495570305944387	0.0013766702220185945	0.0001568004959182634	-0.0005713518120085137
-0.00011834070344063363	-0.00012892845807588316	0.000352591264210389	-0.00031041811245846596	-0.00015028183413434704	0.001501489021133784	9.439109636111276e-05	0.0002399703822391075
-0.00043038770122816317	-0.00012892845807588316	0.00016536306553760483	-6.0780514228975235e-05	-2.5463035019157587e-05	0.001501489021133784	-3.042770275407669e-05	-0.0005713518120085137
0.0005057532921344254	-6.651905851806639e-05	-0.00033391213092204275	0.00025126648355833225	0.0005362215609983068	0.0015638984206913786	-9.283710231167142e-05	5.274218356676741e-05
0.00025611569390404654	-0.00025374725719040647	-0.0005211403295948269	0.00025126648355833225	0.0004114027618826732	0.0016263078202489734	-0.00034247470054116214	-0.0006961706111232591
6.888749523170645e-05	-6.651905851806639e-05	-0.000708368528267167	0.00043849468223067234	0.0006610403601128301	0.0018135360189213134	-0.00015524650186837796	0.00017756098268151277
-0.005048683268482179	-0.0011274788509956224	-0.0028926975127792076	-0.0015586061036090282	-0.0013984698252844652	0.00025330102998410986	-0.002464394285496052	-0.0009458082093531939
-0.008481200244144338	-0.0011898882505532171	-0.0043905231021592606	-0.002245109498741016	-0.002272201419088793	-0.00024597416647575976	-0.0036501728770883535	5.274218356676741e-05
-0.00935493183794911	-0.0013771164492251131	-0.004140885503929326	-0.002869203494316075	-0.0029587048142216688	0.0001908916304262931	-0.003712582276645726	-0.000508942412450919
-0.00916770363927677	-0.0009402506523228382	-0.004140885503929326	-0.002869203494316075	-0.0028338860151064793	0.0007525762264437574	-0.0034005352788584187	0.0004896079804690423
-0.009916616433966352	-0.0012522976501103678	-0.004265704303044071	-0.0031812504921033824	-0.003333161211566127	0.0005653480277714173	-0.0038998104753180662	-0.00044653301289332425
-0.007919515648126652	-0.0011898882505532171	-0.004265704303044071	-0.002869203494316075	-0.0025842484168763225	0.0005029386282142667	-0.0032757164797436733	0.00011515158312391804
-0.006608918257419383	-0.0012522976501103678	-0.004078476104371731	-0.0024947470969705066	-0.0022097920195316423	0.0001284822308689204	-0.0032757164797436733	-0.0006961706111232591
-0.004050132875562662	-0.0007530224536502761	-0.0035792009079116394	-0.0009969215075908977	-0.0007119664301520334	0.00031571042954148254	-0.0023395754863808627	0.0004271985809114476
-0.0020530320897229615	-0.0006906130540926814	-0.0031423351110091424	-0.0004976463111310281	-0.00015028183413434704	0.0006901668268861627	-0.0017778908903636204	-0.000508942412450919
0.00013129689478930118	-4.109658960471663e-06	-0.0023310129167615212	0.0005633134813463059	0.0009730873579003596	0.002063173617151026	-0.0007793404974436591	0.00036478918135429694
-0.00024315950255626717	-0.00019133785763325584	-0.001956556519416841	0.0003760852826735217	0.0005986309605552353	0.0030617240100709875	-0.000592112298771541	-0.00044653301289332425
0.00031852509346164126	5.829974059690102e-05	-0.001332462523842004	0.00025126648355833225	0.0007858591592280195	0.004996415396353315	0.0001568004959182634	0.00036478918135429694
-0.0004927971007855358	-0.00037856605630515183	-0.0009580061264973239	-0.0008721027084761523	-0.00039991943236472594	0.006369422186617735	9.439109636111276e-05	-0.0006337612115652203
0.0032517668726637083	0.000682393736171738	0.0017255980544748084	0.0003760852826735217	0.0008482685587856142	0.009739529762722299	0.002777995277332801	0.0004271985809114476
0.004749592462043761	0.0004327561379420253	0.0027865578469519203	-0.0002480087129017594	0.0004738121614400459	0.011299764751659502	0.0035269080720230495	-0.0006961706111232591
0.006684283848325645	0.0014313065308615425	0.004097155237659189	0.0008129510795757966	0.001722000152590386	0.01229831514457902	0.004712686663615129	0.000552017380026637
0.006871512046998207	0.0008696219348440781	0.0040347458381022605	0.0007505416800182019	0.0014099531548028565	0.01080048955519941	0.004525458464942789	-0.000508942412450919
0.010366438422217295	0.0021178099259939742	0.0052829338292514905	0.0024980048676277455	0.0035318727397570804	0.009926757961394639	0.0058360558556500575	0.0008640643778139445
0.00861897523460775	0.0009320313344016729	0.0038475176394294763	0.0019363202716107253	0.0028453693446250927	0.006431831586175107	0.004213411467155259	-0.0003841236133361736
0.007245968444342887	0.0010568501335168623	0.002661739047837175	0.0023731860685134443	0.0030950069428552496	0.004309912001221106	0.0033396798733502653	0.00036478918135429694
0.0063722368505381155	0.0007448031357293328	0.002037645052262338	0.0021235484702830654	0.0028453693446250927	0.003810636804761014	0.0026531764782180556	-0.0003841236133361736
0.005248867658503409	0.000682393736171738	0.0015383698558024683	0.0021235484702830654	0.0027205505455099033	0.004497140199893446	0.002341129480430748	0.00036478918135429694
0.0018163506828412501	0.0002455279392692411	0.000352591264210389	0.0008753604791333913	0.0012227249561302944	0.005682918791485303	0.001280169687953192	-0.00044653301289332425
0.0013794848859394193	0.00037034673838443055	0.00041500066376709555	0.0003760852826735217	0.0009730873579003596	0.008179294773785317	0.0015922166857402775	0.0004271985809114476
0.00013129689478930118	0.00018311853971164638	0.0006646382619974744	-0.0004976463111310281	0.0001617651636527384	0.010176395559625018	0.001529807286183571	-0.0003841236133361736
0.00031852509346164126	0.0003079373388268358	0.0009142758602276313	-0.0006224651102466616	3.694636453843714e-05	0.011611811749446588	0.0020290824826432186	0.00036478918135429694
-0.0008048440985730654	-6.651905851806639e-05	0.00041500066376709555	-0.0014961967040509894	-0.0006495570305944387	0.011299764751659502	0.001280169687953192	-0.00044653301289332425
-0.00036797830167056844	-0.00012892845807588316	0.0001029536659800101	-0.0011841497062636819	-0.0004623288319216545	0.009926757961394639	0.0011553508888384467	0.00011515158312391804
-5.5931303883483e-05	0.00012070914015449574	0.0002901818646527943	-0.0005600557106890669	9.935576409514368e-05	0.008304113572900285	0.0011553508888384467	-0.0003841236133361736
0.0011922566872668572	0.0004327561379420253	0.0001029536659800101	0.00012644768444380894	0.0009106779583427649	0.006494240985732924	0.0012177602883960414	0.0004896079804690423
0.0005057532921344254	0.00012070914015449574	-0.0002715027313648921	0.000313675883115927	0.0008482685587856142	0.005058824795910688	0.0007184850919355057	-0.00025930481422098417
0.0007553908903636941	0.00012070914015449574	-0.0007707779278247617	0.0006881322804610512	0.0011603155565726997	0.0051836435950258775	0.0008433038910511392	0.0002399703822391075
0.00013129689478930118	-0.00025374725719040647	-0.0012076437247272587	-0.00012318991378656996	0.0006610403601128301	0.0061197845883878	0.0005936662928207603	-0.0006337612115652203
6.478095674111728e-06	-6.651905851806639e-05	-0.0010828249256120692	6.403828488621421e-05	0.0007858591592280195	0.00842893237201503	0.001092941489280408	0.0002399703822391075
-0.0003055689021129737	-0.00012892845807588316	-0.0006459591287095723	-0.00037282751201650477	0.0004114027618826732	0.01098771775387175	0.001529807286183571	-0.000508942412450919
-0.0004927971007855358	-0.00019133785763325584	-0.0007707779278247617	-0.0009969215075908977	0.0001617651636527384	0.012610362142366549	0.0016546260852983163	0.0002399703822391075
-0.001116891096360595	5.829974059690102e-05	-0.0002090933318072974	-0.0011217403067060872	-0.00021269123369194176	0.013733731334401478	0.001529807286183571	-0.00044653301289332425
-0.0006800252994578759	-6.651905851806639e-05	-0.0002715027313648921	-0.0011841497062636819	-0.00027510063324931444	0.013234456137941386	0.0015922166857402775	0.0002399703822391075
-0.0013665286945907518	-0.00044097545586274656	-0.0003963215304796375	-0.0017458343022813683	-0.0007119664301520334	0.01098771775387175	0.0007184850919355057	-0.0007585800106804097
-0.0011793004959179676	-0.00019133785763325584	-0.0005211403295948269	-0.0008721027084761523	-0.00039991943236472594	0.008491341771572625	0.0003440286945912696	0.0003023797817967022
-0.0060472336614023625	-0.0010650694514375836	-0.0030799257114515477	-0.0023075188982986106	-0.0018977450217443348	0.003810636804761014	-0.002464394285496052	-0.0005713518120085137
-0.007482649851224377	-0.0010650694514375836	-0.004265704303044071	-0.001995471900511081	-0.0017105168230719947	0.0013766702220185945	-0.0034005352788584187	0.0003023797817967022
-0.008169153246356586	-0.0012522976501103678	-0.004515341901273562	-0.0018706531013961136	-0.0019601544213017075	0.0005029386282142667	-0.0038998104753180662	-0.0005713518120085137
-0.008231562645914181	-0.0013147070496679625	-0.005264254695964032	-0.0018706531013961136	-0.0017105168230719947	0.0008149856260013522	-0.004024629274433256	5.274218356676741e-05
-0.008730837842373829	-0.0013771164492251131	-0.005326664095521627	-0.0021202906996262705	-0.002022563820859302	0.0024376300144961505	-0.003962219874875661	-0.0006961706111232591
-0.006983374654764285	-0.0010650694514375836	-0.004515341901273562	-0.0014961967040509894	-0.0012736510261692757	0.005745328191042898	-0.0024019848859389015	0.00011515158312391804
-0.006296871259632297	-0.0010650694514375836	-0.003953657305256764	-0.0021202906996262705	-0.0015232886243992105	0.008304113572900285	-0.0019651190890359604	-0.0006337612115652203
-0.004923864469367434	-0.000565794254977936	-0.0029551069123368023	-0.0017458343022813683	-0.0008991946288248176	0.011174945952544535	-0.0008417498970012538	0.0003023797817967022
-0.0034884482795449756	-0.0006282036545355307	-0.001956556519416841	-0.0018706531013961136	-0.0010240134279391189	0.012984818539711895	3.1981696803518034e-05	-0.000508942412450919
-0.0014289380941483465	-6.651905851806639e-05	-0.0010828249256120692	-0.0014961967040509894	-0.00021269123369194176	0.013608912535286288	0.0009681226901658846	0.0004896079804690423
-0.0007424346990159147	0.00037034673838443055	-8.427453269232998e-05	-0.0009345121080337471	9.935576409514368e-05	0.013172046738383791	0.001280169687953192	-7.207661554842204e-05
-0.00036797830167056844	5.829974059690102e-05	-0.0003963215304796375	-0.0006224651102466616	0.0001617651636527384	0.011112536552986496	0.0010305320897234793	0.0004271985809114476
0.0001937062943468959	-0.00025374725719040647	-0.0004587309300372322	-0.0008096933089185576	0.0001617651636527384	0.008366522972457435	0.0006560756923783551	-0.0005713518120085137
0.005748142854962834	0.0009944407339588235	0.002037645052262338	0.0014994544747082283	0.0024709129472799685	0.008678569970245409	0.00302763287556318	0.0006144267795840097
0.007245968444342887	0.001119259533074457	0.003098604844739228	0.0020611390707254706	0.0027205505455099033	0.008179294773785317	0.0039013644693675076	-0.0001968954146631674
0.0074956060425726	0.0009944407339588235	0.002661739047837175	0.0019363202716107253	0.0028453693446250927	0.007555200778210258	0.004088592668040292	0.0004896079804690423
0.008182109437705254	0.0009944407339588235	0.004284383436331973	0.0020611390707254706	0.002595731746395158	0.007680019577325448	0.004899914862287469	-0.000508942412450919
0.00893102223239528	0.0011816689326316077	0.005033296231022	0.0020611390707254706	0.002346094148165223	0.006868697383077826	0.00571123705653509	0.00017756098268151277
0.006809102647440168	0.0008696219348440781	0.004534021034561908	0.0011874074769209209	0.0016595907530327914	0.004497140199893446	0.004775096063172279	-0.0005713518120085137
0.005935371053635841	0.0008072125352869275	0.003660289440756692	0.001374635675593483	0.0020964565499352883	0.003186542809186177	0.003963773868925102	0.0002399703822391075
0.005373686457618598	0.00037034673838443055	0.003285833043412012	0.0010625886778057314	0.0022212753490504777	0.0034361804074158897	0.0033396798733502653	-0.0007585800106804097
0.0036262232700086106	0.0005575749370563265	0.00241210144960724	0.0010625886778057314	0.0022836847486071843	0.004934005996795721	0.0026531764782180556	0.0003023797817967022
0.0006305720912493928	5.829974059690102e-05	0.0012887322575718674	0.00012644768444380894	0.0006610403601128301	0.0055580999923701135	0.001280169687953192	-0.0006337612115652203
0.0013794848859394193	0.0002455279392692411	0.001163913458457566	-0.00012318991378656996	0.0004114027618826732	0.006431831586175107	0.0014049884870683815	0.0003023797817967022
0.00044334389257660867	-4.109658960471663e-06	0.0007894570611124418	-0.0006848745098038123	-0.00021269123369194176	0.006431831586175107	0.0006560756923783551	-0.000508942412450919
0.0010674378881512236	0.0005575749370563265	0.0011015040588999714	0.000313675883115927	0.0007858591592280195	0.007305563179980101	0.0011553508888384467	0.0004896079804690423
-5.5931303883483e-05	-0.00012892845807588316	-2.186513313473526e-05	-0.00018559931334416468	0.00028658396276748377	0.0070559255817501665	0.0005312568932636097	-0.0005713518120085137
0.0007553908903636941	0.00012070914015449574	-0.00033391213092204275	0.000313675883115927	0.0009106779583427649	0.008179294773785317	0.0009057132906082899	0.0002399703822391075
6.478095674111728e-06	-4.109658960471663e-06	-0.0004587309300372322	0.000313675883115927	0.0005986309605552353	0.010426033157854508	0.0012177602883960414	-0.0005713518120085137
0.00044334389257660867	0.0003079373388268358	-0.0002715027313648921	0.00025126648355833225	0.001097906157015105	0.013109637338826197	0.0020290824826432186	0.0004896079804690423
-0.0008672534981306601	-4.109658960471663e-06	-0.0002715027313648921	-0.0008096933089185576	9.935576409514368e-05	0.014732281727321439	0.0014673978866259763	-0.00044653301289332425
-0.00018075010299778427	0.00018311853971164638	0.000352591264210389	-0.0004976463111310281	0.0004738121614400459	0.016042879118028708	0.0022163106813155586	0.00036478918135429694
-0.0008048440985730654	0.00012070914015449574	0.0002901818646527943	-0.001371377904936244	3.694636453843714e-05	0.014108187731746158	0.0015922166857402775	-0.00025930481422098417
-5.5931303883483e-05	0.00018311853971164638	0.000539819462882285	-0.0006224651102466616	0.0005986309605552353	0.011174945952544535	0.0016546260852983163	0.00036478918135429694
6.888749523170645e-05	-4.109658960471663e-06	0.000539819462882285	-0.00031041811245846596	0.0004114027618826732	0.006806287983520232	0.0010305320897234793	-0.000508942412450919
0.0008802096894788836	0.00018311853971164638	0.00047741006332513436	0.000313675883115927	0.001097906157015105	0.002749677012283458	0.0009681226901658846	0.00036478918135429694
-0.00024315950255626717	-0.0008154318532083149	-0.00033391213092204275	-0.00043523691157387745	9.935576409514368e-05	-0.0003083835660337986	-9.283710231167142e-05	-0.0008209894102380044
0.0013170754863813805	0.00049516553749962	0.0007894570611124418	0.001124998077363104	0.0015971813534751966	0.0013766702220185945	0.0013425790875107868	0.0006144267795840097
-5.5931303883483e-05	-0.00025374725719040647	-2.186513313473526e-05	0.00012644768444380894	0.0005362215609983068	0.002936905210955798	0.0007808944914931004	-0.00044653301289332425
-0.001491347493705053	-0.00044097545586274656	-0.0010204155260549186	-0.00031041811245846596	9.935576409514368e-05	0.006556650385290297	0.00040643809414842025	0.00011515158312391804
-0.00692096525520669	-0.0008778412527652435	-0.0029551069123368023	-0.0017458343022813683	-0.0013984698252844652	0.008616160570687814	-0.0013410250934613455	-0.000508942412450919
-0.008356381445029148	-0.0010650694514375836	-0.004078476104371731	-0.0024947470969705066	-0.0017105168230719947	0.010363623758296914	-0.00208993788815115	0.0004271985809114476
-0.00935493183794911	-0.0015019352483403026	-0.004078476104371731	-0.0029940222934305982	-0.002459429617761577	0.010925308354314156	-0.0027764412832835816	-0.0006337612115652203
-0.0094797506370643	-0.0015019352483403026	-0.004328113702601666	-0.003056431692988193	-0.0025218390173187277	0.009240254566262207	-0.003150897680628484	5.274218356676741e-05
-0.008918066041046613	-0.0013771164492251131	-0.003891247905699169	-0.0029940222934305982	-0.0023970202182044265	0.006244603387502989	-0.0034005352788584187	-0.0005713518120085137
-0.006608918257419383	-0.0011274788509956224	-0.003204744510566737	-0.0020578813000686758	-0.0017729262226291453	0.0033113616083009223	-0.0029636694819561438	0.00011515158312391804
-0.006172052460517108	-0.0015643446478974532	-0.0031423351110091424	-0.002182700099183865	-0.0018977450217443348	0.0005653480277714173	-0.0029636694819561438	-0.0008833988097955991
-0.003613267078660165	-0.0008154318532083149	-0.0023310129167615212	-0.0010593309071489365	-0.0005247382314792493	0.0005029386282142667	-0.0017154814908060256	0.00017756098268151277
-0.0023026696879531183	-0.001002660051880433	-0.0017069189211869062	-0.0008721027084761523	-0.0005247382314792493	0.0023752206149385557	-0.0009041592965588485	-0.0008209894102380044
-0.0011793004959179676	-0.000565794254977936	-0.0017069189211869062	-0.0004976463111310281	3.694636453843714e-05	0.005433281193255812	0.0002816192950332308	0.00017756098268151277
-0.0009296628976882548	-0.00019133785763325584	-0.001145234325169664	-0.0006224651102466616	0.00022417456321033313	0.009053026367589867	0.001092941489280408	-0.00044653301289332425
-0.0006176158999002812	-0.00012892845807588316	-0.0009580061264973239	-0.0002480087129017594	0.0004114027618826732	0.011923858747234117	0.0019042636835282511	0.00036478918135429694
6.478095674111728e-06	-6.651905851806639e-05	-0.00033391213092204275	-0.0005600557106890669	0.0004114027618826732	0.012735180941481739	0.0022163106813155586	-0.0003841236133361736
0.0053112770580605595	0.0008072125352869275	0.002224873250934678	0.0008753604791333913	0.0022212753490504777	0.013421684336613726	0.004400639665827599	0.0004896079804690423
0.005997780453192991	0.00049516553749962	0.0030361954451822992	0.0010001792782481367	0.0018468189517051314	0.011362174151217097	0.004338230266270449	-0.0005713518120085137
0.007245968444342887	0.0008072125352869275	0.003535470641642391	0.0014994544747082283	0.002533322346837563	0.00842893237201503	0.004400639665827599	0.00017756098268151277
0.00861897523460775	0.0008696219348440781	0.004596430434119059	0.0017490920729381632	0.0026581411459523085	0.006182193987945395	0.004650277264057534	-0.0005713518120085137
0.009679935027085307	0.0008696219348440781	0.004846068032349216	0.0023107766689554055	0.003032597543297655	0.005495690592813407	0.004837505462729874	-9.667215990827316e-06
0.007183559044785293	0.0007448031357293328	0.0042219740367743785	0.0017490920729381632	0.002346094148165223	0.004996415396353315	0.003838955069810357	-0.0005713518120085137
0.005560914656290938	0.0006199843366143654	0.0030361954451822992	0.001374635675593483	0.0020340471503774715	0.006369422186617735	0.00321486107423552	0.0002399703822391075
0.0053112770580605595	0.0009944407339588235	0.003660289440756692	0.0016866826733810125	0.0022212753490504777	0.009552301564049737	0.0037141362706956116	-0.00013448601510557268
0.0023156258793013418	0.0002455279392692411	0.0015383698558024683	0.0003760852826735217	0.0012227249561302944	0.009739529762722299	0.002528357679103088	0.0003023797817967022
0.0006305720912493928	-4.109658960471663e-06	0.000976685259784782	-0.00018559931334416468	0.0005986309605552353	0.010363623758296914	0.0017794448844128397	-0.0003841236133361736
0.001005028488594073	0.00012070914015449574	0.0010390946593423767	0.0003760852826735217	0.0009106779583427649	0.010488442557412103	0.002091491882200369	0.00036478918135429694
0.0006305720912493928	0.0002455279392692411	0.0010390946593423767	6.403828488621421e-05	0.0008482685587856142	0.008865798168917305	0.0017794448844128397	-0.0003217142137785789
0.0006929814908069876	-0.00019133785763325584	0.0006646382619974744	-6.0780514228975235e-05	0.0005986309605552353	0.0070559255817501665	0.0012177602883960414	0.00011515158312391804
6.888749523170645e-05	-0.0003161566567484453	0.0008518664606702586	-0.00012318991378656996	0.00028658396276748377	0.0058077375906004924	0.0009057132906082899	-0.0006337612115652203
0.0012546660868237858	0.00037034673838443055	0.0012887322575718674	0.000313675883115927	0.001097906157015105	0.0053708717936982175	0.0014673978866259763	0.0004271985809114476
-0.00011834070344063363	-0.00037856605630515183	0.0007270476615550692	-0.00031041811245846596	3.694636453843714e-05	0.005058824795910688	0.0006560756923783551	-0.0006961706111232591
0.000380934493019236	-4.109658960471663e-06	0.0008518664606702586	0.00012644768444380894	0.0005986309605552353	0.006057375188830205	0.0012177602883960414	0.0003023797817967022
-5.5931303883483e-05	0.00018311853971164638	0.0007894570611124418	-0.00018559931334416468	0.0005362215609983068	0.006806287983520232	0.001280169687953192	-0.0001968954146631674
-0.00011834070344063363	-0.00025374725719040647	0.0001029536659800101	-0.00031041811245846596	0.0003489933623255226	0.007555200778210258	0.0012177602883960414	0.00011515158312391804
-0.001304119295033157	-0.0005033848554203413	-0.0003963215304796375	-0.0006224651102466616	-0.00015028183413434704	0.007804838376440193	0.0009681226901658846	-0.0007585800106804097
-0.0003055689021129737	-0.00025374725719040647	-0.0003963215304796375	-0.00037282751201650477	0.0005986309605552353	0.007742428976882154	0.0015922166857402775	0.00017756098268151277
-0.0004927971007855358	-0.00044097545586274656	-8.427453269232998e-05	-0.00031041811245846596	0.0003489933623255226	0.007367972579537696	0.001529807286183571	-0.0006337612115652203
-5.5931303883483e-05	-0.00019133785763325584	4.0544266422859465e-05	1.6288853286194893e-06	0.0007234497596704248	0.006556650385290297	0.0019042636835282511	0.00017756098268151277
-0.00018075010299778427	-0.0003161566567484453	0.00022777246509519955	-0.0006224651102466616	0.0004114027618826732	0.005058824795910688	0.0014049884870683815	-0.0005713518120085137
0.00013129689478930118	5.829974059690102e-05	0.0006646382619974744	0.0003760852826735217	0.0009730873579003596	0.006057375188830205	0.0017794448844128397	0.0003023797817967022
-0.0009296628976882548	-0.0006282036545355307	0.00016536306553760483	-0.0006224651102466616	-2.5463035019157587e-05	0.005246052994583028	0.0007808944914931004	-0.0008209894102380044
-0.001491347493705053	-0.00044097545586274656	-0.0003963215304796375	-0.0008096933089185576	-2.5463035019157587e-05	0.004996415396353315	0.0003440286945912696	5.274218356676741e-05
-0.006983374654764285	-0.0008778412527652435	-0.0023310129167615212	-0.0017458343022813683	-0.0015856980239568053	0.003810636804761014	-0.0022147566872661173	-0.0003841236133361736
-0.008169153246356586	-0.0011274788509956224	-0.003454382108796894	-0.0023075188982986106	-0.002022563820859302	0.003124133409628582	-0.0029636694819561438	0.0003023797817967022
-0.008855656641489018	-0.0014395258487827078	-0.0037664291065844235	-0.0027443846952008855	-0.0025842484168763225	0.0018759454184786861	-0.003587763477531203	-0.000508942412450919
-0.008668428442816678	-0.0012522976501103678	-0.004265704303044071	-0.0023075188982986106	-0.0023346108186463876	0.0011894420233462544	-0.0038374010757604715	0.0003023797817967022
-0.00923011303883392	-0.0018763916456852048	-0.004889798298618908	-0.0026819752956432907	-0.0027714766155488846	-0.0001211553673610144	-0.004149448073548445	-0.0006961706111232591
-0.006109643060959513	-0.0009402506523228382	-0.0037040197070263847	-0.001371377904936244	-0.0012736510261692757	0.0010022138246736922	-0.002651622484168392	0.0003023797817967022
-0.006172052460517108	-0.0014395258487827078	-0.0037040197070263847	-0.0017458343022813683	-0.0017729262226291453	0.0016263078202489734	-0.0025892130846112416	-0.0006961706111232591
-0.003613267078660165	-0.0006282036545355307	-0.0024558317158769327	-0.0009345121080337471	-0.0004623288319216545	0.004122683802548099	-0.0009665686961164432	0.00017756098268151277
-0.002365079087510269	-0.0008154318532083149	-0.0014572813229567494	-0.0012465591058212766	-0.0006495570305944387	0.006244603387502989	-0.0002800653009840115	-0.0006961706111232591
-0.0009920722972454055	-0.0005033848554203413	-0.0006459591287095723	-0.0006224651102466616	3.694636453843714e-05	0.00842893237201503	0.0007184850919355057	0.0002399703822391075
-0.0008672534981306601	-6.651905851806639e-05	4.0544266422859465e-05	-0.0006224651102466616	9.935576409514368e-05	0.008990616968032272	0.0009681226901658846	-0.00025930481422098417
-0.00043038770122816317	-0.0003161566567484453	-0.0002090933318072974	-0.0008096933089185576	3.694636453843714e-05	0.008179294773785317	0.0007808944914931004	0.0002399703822391075
0.0009426190890364783	-0.00012892845807588316	0.0008518664606702586	-0.00018559931334416468	0.0003489933623255226	0.007617610177767853	0.0014673978866259763	-0.00044653301289332425
0.005685733455405684	0.0005575749370563265	0.0027241484473947697	0.001124998077363104	0.0020964565499352883	0.006868697383077826	0.0033396798733502653	0.0003023797817967022
0.006746693247883018	0.0007448031357293328	0.003473061242084796	0.001561863874265379	0.0022212753490504777	0.005870146990157865	0.0037141362706956116	-0.00044653301289332425
0.007121149645227698	0.0006199843366143654	0.003285833043412012	0.0018115014724955358	0.0024085035477223737	0.004871596597238126	0.003963773868925102	0.0002399703822391075
0.008681384634165346	0.001119259533074457	0.004346792835889568	0.0021235484702830654	0.0029077787441824654	0.005058824795910688	0.004712686663615129	-0.0003217142137785789
0.009492706828412523	0.0013064877317467971	0.00472124923323447	0.0026852330663005297	0.0032822351415271456	0.006369422186617735	0.005274371259632371	0.0002399703822391075
0.005623324055848089	0.0004327561379420253	0.0032234236438548614	0.001374635675593483	0.0018468189517051314	0.006431831586175107	0.003776545670252318	-0.0006961706111232591
0.004874411261158507	0.00049516553749962	0.0027241484473947697	0.0010001792782481367	0.0019092283512627262	0.0072431537804222845	0.0032772704737926706	0.00011515158312391804
0.0046871830624861666	0.0005575749370563265	0.003285833043412012	0.0010001792782481367	0.001722000152590386	0.008616160570687814	0.0032772704737926706	-0.0005713518120085137
0.0015043036850541647	-6.651905851806639e-05	0.001600779255360063	0.00012644768444380894	0.0008482685587856142	0.007804838376440193	0.001717035484855467	5.274218356676741e-05
-0.00018075010299778427	-0.0007530224536502761	0.000976685259784782	-0.0009345121080337471	-0.00027510063324931444	0.0061197845883878	0.0003440286945912696	-0.0010706270084683833
0.0008178002899212888	-6.651905851806639e-05	0.0014135510566872789	-6.0780514228975235e-05	0.0003489933623255226	0.005620509391927708	0.0007808944914931004	-9.667215990827316e-06
-5.5931303883483e-05	-0.0003161566567484453	0.001163913458457566	-0.00031041811245846596	-2.5463035019157587e-05	0.003623408606088674	9.439109636111276e-05	-0.0006961706111232591
0.0011922566872668572	0.0002455279392692411	0.0013511416571299062	0.0003760852826735217	0.0007858591592280195	0.0028744958113982033	0.0006560756923783551	0.00036478918135429694
-0.00024315950255626717	-0.00025374725719040647	0.0006022288624398797	-6.0780514228975235e-05	9.935576409514368e-05	0.0026872676127263073	0.00021920989547585812	-0.0007585800106804097
0.0001937062943468959	5.829974059690102e-05	0.0002901818646527943	0.00025126648355833225	0.0005362215609983068	0.0038730462043181646	0.0007808944914931004	0.00017756098268151277
0.0001937062943468959	0.00018311853971164638	0.000539819462882285	1.6288853286194893e-06	0.0006610403601128301	0.0055580999923701135	0.0013425790875107868	-0.00044653301289332425
-0.0003055689021129737	-4.109658960471663e-06	4.0544266422859465e-05	1.6288853286194893e-06	0.0004738121614400459	0.007555200778210258	0.0015922166857402775	0.00011515158312391804
-0.0010544816968030002	-6.651905851806639e-05	-2.186513313473526e-05	-0.00043523691157387745	0.00022417456321033313	0.0081168853742275	0.001529807286183571	-0.0005713518120085137
0.00013129689478930118	0.0002455279392692411	0.000352591264210389	-0.00018559931334416468	0.0007234497596704248	0.007992066575112533	0.0019042636835282511	0.0004271985809114476
-0.0009920722972454055	-0.00025374725719040647	0.0002901818646527943	-0.0004976463111310281	3.694636453843714e-05	0.006244603387502989	0.0009681226901658846	-0.0005713518120085137
0.00044334389257660867	0.0003079373388268358	0.0009142758602276313	0.00012644768444380894	0.0009106779583427649	0.004309912001221106	0.001280169687953192	0.00036478918135429694
-0.00036797830167056844	-0.00044097545586274656	0.00047741006332513436	-0.0004976463111310281	9.935576409514368e-05	0.0016263078202489734	0.00021920989547585812	-0.0008209894102380044
0.00013129689478930118	-6.651905851806639e-05	0.0006646382619974744	6.403828488621421e-05	0.0003489933623255226	0.0008149856260013522	0.0002816192950332308	5.274218356676741e-05
-0.0004927971007855358	-0.00025374725719040647	0.00041500066376709555	-0.0002480087129017594	0.0001617651636527384	0.0001908916304262931	-0.00015524650186837796	-0.0007585800106804097
0.00025611569390404654	-0.00012892845807588316	0.000539819462882285	1.6288853286194893e-06	0.0003489933623255226	0.0009398044251160975	0.0003440286945912696	5.274218356676741e-05
-0.0010544816968030002	-0.000565794254977936	-0.00014668393224970266	-0.0005600557106890669	-0.00039991943236472594	0.0023752206149385557	-9.283710231167142e-05	-0.0008209894102380044
-0.002177850888837485	-0.00025374725719040647	-0.0008331873273821344	-0.0006848745098038123	-0.00021269123369194176	0.003560999206530635	-0.00021765590142686086	0.0002399703822391075
-0.007857106248569057	-0.0008778412527652435	-0.0033919727092392993	-0.0020578813000686758	-0.0019601544213017075	0.002936905210955798	-0.002651622484168392	-0.00044653301289332425
-0.008231562645914181	-0.0011274788509956224	-0.003953657305256764	-0.0020578813000686758	-0.0019601544213017075	0.003124133409628582	-0.0028388506828407323	0.00017756098268151277
-0.008855656641489018	-0.0012522976501103678	-0.004078476104371731	-0.0025571564965281013	-0.0022097920195316423	0.0020007642175938756	-0.0034629446784155693	-0.000508942412450919
-0.008606019043259083	-0.0012522976501103678	-0.003891247905699169	-0.0021202906996262705	-0.0021473826199740476	0.0013142608224614438	-0.0034629446784155693	0.0003023797817967022
-0.008356381445029148	-0.0010650694514375836	-0.0033919727092392993	-0.001995471900511081	-0.002022563820859302	0.00025330102998410986	-0.0034005352788584187	-0.00025930481422098417
-0.005610367864499866	-0.0006282036545355307	-0.0024558317158769327	-0.0014337873044938387	-0.0010864228274967136	-0.00024597416647575976	-0.0025892130846112416	0.0006144267795840097
-0.005672777264057016	-0.001002660051880433	-0.002393422316319338	-0.0016834249027237735	-0.001648107423513956	-0.0003707929655905051	-0.0027764412832835816	-0.000508942412450919
-0.0031139918822002954	-0.00025374725719040647	-0.0014572813229567494	-0.0006848745098038123	-0.0004623288319216545	0.0014390796215761892	-0.0014034344930189402	0.000552017380026637
-0.0018658038910501773	-0.00019133785763325584	-0.0009580061264973239	-0.0006848745098038123	-0.00021269123369194176	0.0023752206149385557	-0.00040488410009920095	-0.0001968954146631674
-0.0005552065003435747	0.0002455279392692411	-0.0005211403295948269	-6.0780514228975235e-05	0.00022417456321033313	0.004122683802548099	0.00040643809414842025	0.0006768361791416044
-0.001116891096360595	-0.00012892845807588316	-0.0006459591287095723	-0.00031041811245846596	-0.00015028183413434704	0.004309912001221106	0.00046884749370601497	-0.0003841236133361736
-0.00018075010299778427	-6.651905851806639e-05	-0.0008331873273821344	-0.00031041811245846596	0.0004114027618826732	0.0037482274052034192	0.0009057132906082899	0.00036478918135429694
0.00144189428549657	0.00018311853971164638	0.00047741006332513436	0.00043849468223067234	0.0007234497596704248	0.004434730800335851	0.0016546260852983163	-0.000508942412450919
0.005810552254520429	0.0008072125352869275	0.0023496920500498675	0.0016866826733810125	0.002158865949492883	0.005058824795910688	0.003651726871138017	0.00036478918135429694
0.006809102647440168	0.0008696219348440781	0.003535470641642391	0.0016242732738229737	0.0024709129472799685	0.004684368398565786	0.003838955069810357	-0.00044653301289332425
0.00780765304036013	0.0010568501335168623	0.004284383436331973	0.0023107766689554055	0.00297018814374006	0.0053708717936982175	0.004400639665827599	0.0004271985809114476
0.008806203433279647	0.0013064877317467971	0.005345343228809085	0.002248367269398255	0.0030950069428552496	0.0061197845883878	0.004775096063172279	-0.0003217142137785789
0.009055841031510026	0.001119259533074457	0.005345343228809085	0.0020611390707254706	0.003032597543297655	0.006494240985732924	0.004650277264057534	0.0003023797817967022
0.005560914656290938	0.0006199843366143654	0.0040347458381022605	0.0011874074769209209	0.0016595907530327914	0.006244603387502989	0.0030900422751203305	-0.0005713518120085137
0.0053112770580605595	0.0009944407339588235	0.003660289440756692	0.0013122262760358883	0.001971637750819877	0.00593255638971546	0.00302763287556318	0.0002399703822391075
0.00431272666514082	0.00037034673838443055	0.0030361954451822992	0.0007505416800182019	0.0012227249561302944	0.005246052994583028	0.002341129480430748	-0.0006961706111232591
