Sensor_1	Sensor_2	Sensor_3	Sensor_4	Sensor_5	Sensor_6	Sensor_7	Sensor_8
0.007056999023422383	0.0013122418783850787	0.005447572945754375	0.0013563185168230518	0.0018367803997860754	0.006932954100862032	0.004183358220798183	-0.0002723234149688558
0.008367596414129652	0.0016242888761728302	0.005946848142214245	0.0022300501106278237	0.0026481025940334746	0.006745725902189692	0.004807452216372576	0.000601408178835916
0.006557723826962736	0.0011874230792707774	0.004386613153277041	0.0016683655146105814	0.0022112367971314217	0.005247900312810083	0.003621673624780053	-0.0002099140154112611
0.0061832674296176116	0.0010626042801551439	0.0033256533607999295	0.001980412512397889	0.002585693194476102	0.00406212172121756	0.0029351702296480653	0.0005389987792783213
0.00568399223315752	0.0008753760814832479	0.0027015593652246483	0.002167640711070673	0.002523283794918507	0.003999712321659965	0.0024983044327457904	-0.0003347328145266726
0.0031876162508579498	0.0004385102845807509	0.0005172303807126077	0.0014187279163806465	0.0020864179980166764	0.0026267055313953236	0.0010628882429237763	0.0004141799801633539
0.0016273812619207462	0.0001888726863508161	0.00014277398336792757	0.0011690903181507117	0.0013999146028842446	0.002314658533608016	0.00025156604867615506	-0.0003347328145266726
0.001689790661478341	0.0006257384832526469	0.000454820981155013	0.001543546715495392	0.0015871428015565847	0.0033132089265277553	0.0008132506446936194	0.0006638175783935107
0.0004416026703288889	0.00025128208590796675	0.0007044585793853919	0.0004825869230187241	0.0005885924086366234	0.003812484122987625	0.0005012036469060899	-0.0002099140154112611
0.00019196507209873204	0.0001888726863508161	0.0009540961776151047	-7.909767299896231e-05	-3.550158693865768e-05	0.004374168719005311	0.00043879424734849515	0.00035177058060575916
-0.0011810417181659094	1.6444876782539808e-06	0.0011413243762870007	-0.0008280104676889888	-0.0008468237811858348	0.004561396917677651	0.0003139754482337498	-0.00045955161364186203
-0.0007441759212631904	0.00012646328679322139	0.0010789149767302941	-0.0009528292668037341	-0.0007844143816282401	0.004374168719005311	0.00043879424734849515	0.00035177058060575916
-0.0006817665217064839	-0.00012317431143693547	0.0011413243762870007	-0.0007656010681313941	-0.0008468237811858348	0.00356284652475769	0.00018915664911900443	-0.0003971422140842673
0.0001295556725411373	0.0001888726863508161	0.000454820981155013	-0.00020391647211415176	2.6907812618937044e-05	0.0023770679331651667	0.0003139754482337498	0.00028936118104860853
-0.0001200819256887975	-0.00012317431143693547	-0.00048132001220690945	-0.0002663258716717465	8.931721217653177e-05	0.0011288799420157147	-0.0004349373464562767	-0.00045955161364186203
0.001065696665903948	1.6444876782539808e-06	-0.000793367009994439	0.0007322245212482148	0.0010254582055388983	0.0009416517433433746	-0.00018529974822634188	0.00028936118104860853
0.0001295556725411373	-0.0002479931105521249	-0.0013550516060121254	0.0006074057221334694	0.0009006394064245971	0.0008168329442279632	-0.0006845749446862115	-0.0005219610131990127
0.0007536496681159743	-0.00012317431143693547	-0.001604689204241616	0.0006698151216906201	0.0011502770046538657	0.0014409269398032443	-0.0006221655451286168	0.00016454238193341908
-0.00024490072480354286	-0.0004352213092240209	-0.0011054140077821906	0.00035776812390309054	0.00021413601129172122	0.0025018867322808003	-0.0007469843442438062	-0.0007715986114289475
-0.0003697195239191764	-0.0002479931105521249	-0.0007309576104372884	-0.00014150707255655703	2.6907812618937044e-05	0.0038748935225452197	-0.00031011854734064315	3.972358281822963e-05
-0.0013682699168384715	-0.0004352213092240209	-0.00029409181353456937	-0.0010776480659184795	-0.0008468237811858348	0.004561396917677651	-0.0006845749446862115	-0.0007715986114289475
-0.0014306793163960663	-0.0004352213092240209	0.00033000218204026766	-0.001202466865033669	-0.0012836895780878876	0.004935853315022554	-0.00031011854734064315	-0.00014750461585411045
-0.002117182711528054	-0.0004352213092240209	0.0005172303807126077	-0.0017017420614937606	-0.0015333271763182665	0.004686215716792397	-0.00031011854734064315	-0.0008964174105436928
-0.0026788673075455183	-0.0004352213092240209	-0.00016927301441960196	-0.00163933266193661	-0.0013460989776459265	0.0035004371252005395	-0.0006845749446862115	0.00010213298237582435
-0.007796438071259626	-0.0014337717021439822	-0.0031649241931788197	-0.002887520653086062	-0.0030311527656978754	0.00019273894865334817	-0.0036178167238878345	-0.0007715986114289475
-0.007546800473029469	-0.0011841341039140474	-0.0042882933852141925	-0.0023258360570685976	-0.0022198305714506983	-0.0011178584420539206	-0.0038674543221179913	0.00028936118104860853
-0.007234753475242384	-0.0012465435034716421	-0.004787568581673618	-0.0021386078583962576	-0.0019701929732203194	-0.0021788182345308105	-0.00430432011902071	-0.0002723234149688558
-0.006922706477455076	-0.0013713623025863875	-0.0055364813763636445	-0.0015769232623785712	-0.0015333271763182665	-0.0026156840314339735	-0.004491548317692606	0.00028936118104860853
-0.0070475252765695995	-0.0016209999008165443	-0.005848528374150952	-0.0018889702601661007	-0.0017829647745477573	-0.0026156840314339735	-0.004741185915923207	-0.0005843704127566074
-0.005050424490730343	-0.0009969059052412632	-0.0049123873807888074	-0.0008904198672461394	-0.0008468237811858348	-0.0009306302433815805	-0.0036178167238878345	0.0004141799801633539
-0.005175243289845088	-0.0013089529030287927	-0.004225883985656598	-0.0014521044632638258	-0.0015957365758754172	6.792014953815873e-05	-0.003555407324330684	-0.0005843704127566074
-0.0030533237048908646	-0.0009344965056841126	-0.0028528771953917342	-0.0013272856641488584	-0.001221280178530515	0.0019402021362628918	-0.0021824005340658204	3.972358281822963e-05
-0.0021795921110858707	-0.0004976307087816156	-0.0011054140077821906	-0.0012648762645912637	-0.0013460989776459265	0.0035004371252005395	-0.0011838501411463032	-0.0003347328145266726
-0.0009938135194935693	-0.0001855837109940861	-0.0004189106126497588	-0.0010152386663613289	-0.0009716425803010242	0.0041245311207749324	-0.00037252794689912605	0.00035177058060575916
-0.0011810417181659094	-0.0002479931105521249	-0.00029409181353456937	-0.0014521044632638258	-0.0012836895780878876	0.0037500747234300302	-0.0004973467460134273	-0.0003971422140842673
4.736873426391952e-06	0.00012646328679322139	1.795518425273812e-05	-0.0006407822690166487	-0.0005347767833985273	0.0032507995269701606	-6.048094911115243e-05	0.0004141799801633539
0.0008160590676735691	-0.00012317431143693547	0.00033000218204026766	-0.0003287352712293412	-0.0003475485847257431	0.0024394773327225394	6.433785000359293e-05	-0.0005843704127566074
0.005996039230944827	0.0007505572823680584	0.0018902371709774712	0.0013563185168230518	0.001961599198901487	0.0032507995269701606	0.002123848035400888	0.00035177058060575916
0.008305187014572502	0.0013122418783850787	0.0034504721599142307	0.0026669159075303206	0.003147377790493344	0.004249349919890122	0.0033720360265507843	-8.509521629651573e-05
0.008430005813687247	0.0014370606775002681	0.00320083456168474	0.00297896290531785	0.0035218341878386905	0.004561396917677651	0.003621673624780053	0.0004765893797209486
0.008929281010147117	0.0014370606775002681	0.003637700358586793	0.0030413723048750008	0.003646652986953436	0.005622356710154763	0.003808901823452837	-0.00014750461585411045
0.009241328007934424	0.0016242888761728302	0.004199384954604701	0.0032910099031053797	0.003646652986953436	0.0068705447013048815	0.004308177019912485	0.0004765893797209486
0.006120858030060017	0.0011250136797131827	0.0035128815594718255	0.0021052313115130783	0.0022736461966885724	0.00712018229953415	0.003247217227435595	-0.0003347328145266726
0.005059898237582905	0.001249832478827928	0.0034504721599142307	0.0016059561150534307	0.0020864179980166764	0.007869095094224399	0.0031223984283204054	0.0007262269779506614
0.0038741196459903815	0.0008129666819256531	0.0035128815594718255	0.0008570433203629602	0.0009006394064245971	0.007869095094224399	0.0026231232318605358	-0.0003347328145266726
0.0005664214694440783	0.0004385102845807509	0.0018278277714198765	-0.00014150707255655703	-3.550158693865768e-05	0.006496088303959757	0.0011877070420385216	0.0004765893797209486
-0.0015554981155112557	6.40538872358487e-05	0.001328552574960007	-0.0007656010681313941	-0.0006595955825130506	0.015108585442893174	-0.00012289034866874715	-0.0005219610131990127
0.0010032872663463532	0.0001888726863508161	0.0007044585793853919	-0.0010776480659184795	-3.550158693865768e-05	0.014484491447318115	-0.00012289034866874715	0.00028936118104860853
6.714627298398668e-05	-0.00012317431143693547	-4.4454215304856604e-05	-0.0007031916685742434	2.6907812618937044e-05	0.010490289875638936	-0.0004973467460134273	-0.0005219610131990127
0.00125292486457651	0.0004385102845807509	0.0002051833829255223	0.0006698151216906201	0.0012126864042114605	0.007869095094224399	0.00025156604867615506	0.0004765893797209486
0.00031678387121369944	-0.00012317431143693547	-0.0007309576104372884	0.0005449963225758747	0.0005885924086366234	0.004686215716792397	-0.0006845749446862115	-0.0003971422140842673
0.0017522000610359356	0.00012646328679322139	-0.0011054140077821906	0.0009818621194781496	0.0016495522011137354	0.003812484122987625	-6.048094911115243e-05	0.00028936118104860853
0.0011281060654608766	-0.0003728119096664262	-0.001230232806896936	0.00035776812390309054	0.001087867605096493	0.003999712321659965	-0.0006221655451286168	-0.0006467798123142021
0.0005664214694440783	-6.076491187956279e-05	-0.0007309576104372884	0.0008570433203629602	0.0010254582055388983	0.0064336789044021625	-0.00018529974822634188	3.972358281822963e-05
-0.0009314041199359746	-0.0004976307087816156	-0.0011054140077821906	-0.0005159634699014592	-9.791098649536423e-05	0.008680417288471576	-0.0008718031433583295	-0.0007715986114289475
-5.767252613120277e-05	-6.076491187956279e-05	-0.0002316824139771967	-0.0007031916685742434	8.931721217653177e-05	0.01223775306324848	-0.00031011854734064315	0.0002269517814910138
-0.002117182711528054	-0.0004976307087816156	-0.0003565012130921641	-0.00163933266193661	-0.001221280178530515	0.013922806851301317	-0.000996621942473519	-0.0005843704127566074
-0.0007441759212631904	0.00012646328679322139	8.036458381033285e-05	-0.0010776480659184795	-0.0002851391851681484	0.015483041840238077	-0.0002477091477839366	0.0005389987792783213
-0.0005569477225910724	0.0001888726863508161	0.00014277398336792757	-0.0010152386663613289	-0.0002851391851681484	0.014796538445105645	-0.00037252794689912605	-0.0002099140154112611
-0.0003073101243606935	0.00012646328679322139	-0.0002316824139771967	-0.0005159634699014592	2.6907812618937044e-05	0.013298712855725592	-0.00031011854734064315	0.0004765893797209486
-0.00018249132524639222	-6.076491187956279e-05	-0.0006685482108796936	-0.0005159634699014592	0.00033895481040624453	0.010864746272983616	-0.0004349373464562767	-0.0003347328145266726
0.001065696665903948	6.40538872358487e-05	-0.0009181858091096284	0.00023294932478834518	0.0008382300068665582	0.00818114209201215	-0.00037252794689912605	0.00035177058060575916
0.0001295556725411373	-0.0002479931105521249	-0.001230232806896936	0.00023294932478834518	0.0005261830090790287	0.0068705447013048815	-0.0007469843442438062	-0.0003971422140842673
-0.0015554981155112557	-0.0003728119096664262	-0.0025408301976042047	-0.00020391647211415176	0.0004013642099645054	0.005871994308385364	-0.0013710783398181992	0.0002269517814910138
-0.007359572274357573	-0.0013089529030287927	-0.00497479678034618	-0.0019513796597236954	-0.0017205553749906066	0.005747175509269731	-0.00430432011902071	-0.0005843704127566074
-0.007234753475242384	-0.0009969059052412632	-0.005099615579461592	-0.00182656086060895	-0.0015957365758754172	0.0110519744716564	-0.004117091920347926	0.0005389987792783213
-0.008545350865949652	-0.0011217247043568968	-0.00528684377813371	-0.0027627018539708725	-0.0024070587701225943	0.014297263248645775	-0.004616367116807796	-8.509521629651573e-05
-0.008794988464179587	-0.0011841341039140474	-0.005349253177691304	-0.00307474885175818	-0.0027815151674677185	0.016668820431830156	-0.0046787765163651684	0.0005389987792783213
-0.008857397863736738	-0.0013713623025863875	-0.0049123873807888074	-0.0036364334477756444	-0.003280790363927366	0.017168095628290025	-0.004553957717250645	-0.0003971422140842673
-0.006548250080109508	-0.0009344965056841126	-0.0042882933852141925	-0.0031995676508733695	-0.002531877569238228	0.016107135835813358	-0.003742635523003468	0.0004141799801633539
-0.005736927885862775	-0.0011217247043568968	-0.0038514275883112514	-0.002700292454413722	-0.0023446493705654436	0.012674618860150755	-0.0033681791256583438	-0.00045955161364186203
-0.0021795921110858707	-0.0004352213092240209	-0.00266564899671895	-0.0013272856641488584	-0.0007220049820706453	0.009554148882276792	-0.0019327629358358855	0.0004141799801633539
-0.0009314041199359746	-0.0004976307087816156	-0.002478420798046388	-0.0007656010681313941	-0.00022272978561055368	0.00605922250705726	-0.001620715938048356	-0.00045955161364186203
0.0005664214694440783	-0.0004976307087816156	-0.0023536019989320867	0.00017053992523075046	0.0005261830090790287	0.004249349919890122	-0.0011214407415887084	3.972358281822963e-05
0.00025437447165632676	-0.0004352213092240209	-0.002228783199816897	0.0002953587243459399	0.0005885924086366234	0.005123081513694894	-0.0010590313420311137	-0.0006467798123142021
0.0008160590676735691	-0.00031040251010883146	-0.002228783199816897	0.00035776812390309054	0.0009630488059813036	0.008555598489357275	-0.0008718031433583295	0.0002269517814910138
0.001440153063248406	-0.0003728119096664262	-0.0010430046082248179	0.00010813052567337778	0.0005885924086366234	0.014297263248645775	-0.0002477091477839366	-0.0008340080109860981
0.00549676403448518	0.0006257384832526469	0.001515780773632791	0.0010442715190355223	0.002148827397573383	0.022036028793773976	0.0022486668345160776	0.0002269517814910138
0.006308086228732801	0.0008129666819256531	0.002826378164339838	0.00042017752346068526	0.0018991897993436702	0.027278418356603273	0.00281035143053332	-0.0005843704127566074
0.005996039230944827	0.0006881478828106857	0.0030760157625699946	0.0002953587243459399	0.0015871428015565847	0.029649975539787654	0.002997579629205216	-8.509521629651573e-05
0.0066201332265201085	0.0007505572823680584	0.003637700358586793	4.572112611622714e-05	0.00171196160067133	0.02933792854200057	0.0033720360265507843	-0.0007091892118709087
0.008180368215457312	0.0013746512779431175	0.004449022552834192	0.0009194527199205549	0.0027105119935912914	0.026654324361028436	0.004245767620355334	0.00028936118104860853
0.0055591734340427745	0.0007505572823680584	0.0032632439612423347	0.0007322245212482148	0.0018991897993436702	0.019976518608377347	0.0029351702296480653	-0.00045955161364186203
0.005871220431830082	0.0010626042801551439	0.002576740566109903	0.0014811373159377972	0.002772921393148664	0.013735578652628533	0.0028727608300909147	0.000601408178835916
0.005059898237582905	0.0004385102845807509	0.0018278277714198765	0.0012939091172659012	0.002336055596246167	0.00818114209201215	0.0019990292362856987	-0.0005219610131990127
0.002937978652628015	0.0008129666819256531	0.0008292773784999152	0.0018555937132831435	0.002398464995803762	0.006121631906614855	0.0013749352407113058	0.0007262269779506614
0.0013153342641336607	0.00031369148546556147	8.036458381033285e-05	0.0010442715190355223	0.0016495522011137354	0.006808135301746843	0.00043879424734849515	-0.0003971422140842673
0.00125292486457651	0.0001888726863508161	-0.00029409181353456937	0.0007946339208058095	0.0013999146028842446	0.010864746272983616	0.00025156604867615506	0.00028936118104860853
-0.0003073101243606935	-0.00012317431143693547	-0.00016927301441960196	-0.00014150707255655703	0.00021413601129172122	0.015420632440680482	-0.00012289034866874715	-0.0005219610131990127
-0.00043212892347588294	0.00025128208590796675	0.0002051833829255223	-0.0005159634699014592	0.0001517266117336824	0.018915558815900013	0.0005012036469060899	0.0004141799801633539
-0.001493088715953661	-0.0002479931105521249	0.0006420491798275751	-0.0017641514610513553	-0.0012836895780878876	0.017917008422980052	-0.00012289034866874715	-0.0006467798123142021
-0.0006193571221484451	0.0001888726863508161	0.0003924115815974183	-0.0010152386663613289	-0.0005971861829554559	0.014734129045548494	0.0005012036469060899	0.0004765893797209486
0.0003791932707715162	0.00012646328679322139	0.00014277398336792757	-0.0007031916685742434	0.00021413601129172122	0.009117283085374073	0.00043879424734849515	-0.0002099140154112611
0.0017522000610359356	0.0001888726863508161	8.036458381033285e-05	0.0005449963225758747	0.0013999146028842446	0.004311759319447717	0.0005636130464632405	0.0004141799801633539
0.0001295556725411373	-6.076491187956279e-05	-0.0002316824139771967	0.0009194527199205549	0.0010254582055388983	0.0018153833371481465	0.00025156604867615506	-0.0002723234149688558
0.0007536496681159743	6.40538872358487e-05	-0.0007309576104372884	0.0006698151216906201	0.001087867605096493	0.0013785175402456495	0.00025156604867615506	0.0004141799801633539
4.736873426391952e-06	6.40538872358487e-05	-0.00010686361486200724	0.00035776812390309054	0.0004013642099645054	0.003625255924315285	6.433785000359293e-05	-0.0002099140154112611
0.00019196507209873204	0.0003761008850231562	0.0002051833829255223	0.0002953587243459399	0.0007134112077518129	0.008243551491569301	0.0005636130464632405	0.0007886363775082561
-0.00043212892347588294	1.6444876782539808e-06	-0.00029409181353456937	-0.00045355407034408657	0.0001517266117336824	0.012674618860150755	6.433785000359293e-05	-0.0002099140154112611
0.0004416026703288889	0.0005633290836959404	-0.00016927301441960196	0.0002953587243459399	0.0007758206073089635	0.017667370824750117	0.0006260224460208352	0.0007886363775082561
-0.0007441759212631904	-0.00012317431143693547	-0.0012926422064545307	-0.0007031916685742434	0.00021413601129172122	0.02141193479819936	-0.00031011854734064315	-0.0003971422140842673
-0.0001200819256887975	6.40538872358487e-05	-0.0011054140077821906	-0.00039114467078604775	0.0006510018081942182	0.024906861173418893	-6.048094911115243e-05	0.0004141799801633539
-0.0009314041199359746	6.40538872358487e-05	-0.0008557764095520337	-0.0007031916685742434	0.0001517266117336824	0.0260302303654536	-6.048094911115243e-05	-0.0002099140154112611
-0.0028036861066604857	-0.00012317431143693547	-0.002041555001144113	-0.0017017420614937606	-0.00047236738384071053	0.02415794837872931	-0.0010590313420311137	0.0005389987792783213
-0.008670169665064398	-0.0015585905012591716	-0.004849977981231213	-0.003761252246891056	-0.0028439245670253133	0.018790740016785268	-0.004179501319905521	-0.0005219610131990127
-0.007609209872587286	-0.0013089529030287927	-0.004725159182116023	-0.0029499300526436567	-0.0021574211718931036	0.015420632440680482	-0.003742635523003468	0.00028936118104860853
-0.00835812266727709	-0.0014961811017011328	-0.00516202497901852	-0.0029499300526436567	-0.0023446493705654436	0.010864746272983616	-0.004241910719463116	-0.0005219610131990127
-0.007484391073471874	-0.0014961811017011328	-0.005598890775921239	-0.0025754736552980884	-0.0017829647745477573	0.007432229297322124	-0.004366729518578305	0.0002269517814910138
-0.007609209872587286	-0.0018082280994888844	-0.00528684377813371	-0.002450654856183787	-0.002282239971007849	0.0059968131074996656	-0.004366729518578305	-0.0007715986114289475
-0.005612109086747585	-0.0011841341039140474	-0.004600340383001722	-0.0017641514610513553	-0.001408508377203077	0.00712018229953415	-0.0032433603265435984	0.00016454238193341908
-0.004925605691615154	-0.0013713623025863875	-0.004038655786984036	-0.002076198458838663	-0.001658145975433012	0.008555598489357275	-0.003118541527428409	-0.0006467798123142021
-0.002117182711528054	-0.0005600401083392104	-0.0024160113984892373	-0.0010152386663613289	-0.0005971861829554559	0.011988115465018545	-0.0011838501411463032	0.00028936118104860853
-0.0018051357137407464	-0.0006848589074539557	-0.002041555001144113	-0.001389695063706231	-0.0007844143816282401	0.013735578652628533	-0.0010590313420311137	-0.0005843704127566074
-0.0003073101243606935	-0.0004352213092240209	-0.0014798704051268707	-0.0009528292668037341	-0.00016032038605295895	0.015358223041122887	-0.0004349373464562767	0.00010213298237582435
-0.0011186323186083147	-0.0004976307087816156	-0.0014798704051268707	-0.0010152386663613289	-0.00047236738384071053	0.015919907637140573	-0.0006221655451286168	-0.0005843704127566074
0.0006912402685583796	0.0001888726863508161	-0.0006685482108796936	-0.00039114467078604775	0.0005885924086366234	0.01654400163271519	0.0003139754482337498	0.000601408178835916
0.0023762940566112167	0.00012646328679322139	0.0007044585793853919	-7.909767299896231e-05	0.0008382300068665582	0.016793639230945345	0.0011877070420385216	-0.0003347328145266726
0.0061832674296176116	0.0008129666819256531	0.0025143311665523083	0.0011690903181507117	0.0020240085984590817	0.017729780224307712	0.0030599890287632547	0.00028936118104860853
0.006495314427404919	0.0005633290836959404	0.002826378164339838	0.0008570433203629602	0.001961599198901487	0.01673122983138775	0.0031223984283204054	-0.0007091892118709087
0.00811795881589994	0.0010626042801551439	0.00357529095902942	0.0017931843137257708	0.0028977401922638535	0.016918458030060535	0.004058539421682994	0.0002269517814910138
0.0079307306172276	0.0011874230792707774	0.004012156755931917	0.0022300501106278237	0.0028977401922638535	0.017979417822537203	0.004245767620355334	-0.0003347328145266726
0.008866871610589522	0.0015618794766154576	0.004012156755931917	0.002542097108415353	0.0037714717860686253	0.01916519641413017	0.004807452216372576	0.0006638175783935107
0.0053719452353704344	0.0005633290836959404	0.0024519217669942694	0.0013563185168230518	0.0022112367971314217	0.019102787014572575	0.0028727608300909147	-0.0005843704127566074
0.005059898237582905	0.0010001948805979932	0.002389512367437563	0.0016059561150534307	0.0024608743953613565	0.02141193479819936	0.0031223984283204054	0.0005389987792783213
0.0032500256504159886	0.0005009196841383456	0.0018278277714198765	0.0004825869230187241	0.0015871428015565847	0.02247289459067736	0.0022486668345160776	-0.00045955161364186203
0.0013777436636912554	0.0005633290836959404	0.0007044585793853919	0.00023294932478834518	0.0011502770046538657	0.02315939798580935	0.0012501164415961163	0.000601408178835916
0.00025437447165632676	0.00012646328679322139	0.0003924115815974183	-0.00045355407034408657	0.0005261830090790287	0.02315939798580935	0.000688431845578874	-0.0003971422140842673
0.0009408778667883144	0.0004385102845807509	0.0003924115815974183	-0.00020391647211415176	0.0010254582055388983	0.022348075791561728	0.0009380694438081427	0.000601408178835916
0.00019196507209873204	0.00012646328679322139	0.0003924115815974183	-0.0003287352712293412	0.0004013642099645054	0.019914109208819752	0.0005636130464632405	-0.00014750461585411045
0.001440153063248406	0.0006881478828106857	0.0006420491798275751	0.0002953587243459399	0.0012750958037690552	0.01723050502784762	0.0012501164415961163	0.0007262269779506614
4.736873426391952e-06	-0.0001855837109940861	-0.0002316824139771967	-0.0006407822690166487	0.00027654541084887185	0.013049075257495657	0.00018915664911900443	-0.00045955161364186203
0.0006912402685583796	6.40538872358487e-05	-4.4454215304856604e-05	0.00017053992523075046	0.0007134112077518129	0.0110519744716564	0.0005012036469060899	0.00028936118104860853
-5.767252613120277e-05	-0.0002479931105521249	-0.00029409181353456937	-0.00020391647211415176	0.0004013642099645054	0.009554148882276792	0.00025156604867615506	-0.0005219610131990127
0.0007536496681159743	6.40538872358487e-05	-0.00029409181353456937	0.0002953587243459399	0.0009630488059813036	0.010552699275196975	0.0005636130464632405	0.0004141799801633539
-0.0003697195239191764	6.40538872358487e-05	-0.00010686361486200724	0.00017053992523075046	0.0005261830090790287	0.013423531654841225	0.0003763848477913445	-0.0003347328145266726
4.736873426391952e-06	0.00025128208590796675	-0.00029409181353456937	4.572112611622714e-05	0.0007758206073089635	0.016918458030060535	0.000688431845578874	0.000601408178835916
-0.0006193571221484451	-6.076491187956279e-05	-0.0003565012130921641	-0.0007031916685742434	0.00033895481040624453	0.019914109208819752	0.00043879424734849515	-0.0002099140154112611
-0.0003697195239191764	0.00012646328679322139	-0.0003565012130921641	-0.00045355407034408657	0.0004013642099645054	0.022597713389791663	0.0006260224460208352	0.0004765893797209486
-0.0006193571221484451	1.6444876782539808e-06	-0.0003565012130921641	-0.0009528292668037341	0.00033895481040624453	0.02340903558403884	0.0006260224460208352	-0.0002723234149688558
0.0004416026703288889	0.0004385102845807509	-4.4454215304856604e-05	-0.0005159634699014592	0.0008382300068665582	0.022722532188906408	0.0010628882429237763	0.0006638175783935107
-0.0006193571221484451	-6.076491187956279e-05	-0.00016927301441960196	-0.0006407822690166487	0.0001517266117336824	0.020163746807049687	0.0005012036469060899	-0.0002723234149688558
0.0004416026703288889	0.00031369148546556147	-0.00016927301441960196	-0.00020391647211415176	0.0008382300068665582	0.016980867429617685	0.0010004788433661815	0.0006638175783935107
-0.00024490072480354286	1.6444876782539808e-06	-0.00048132001220690945	-0.00045355407034408657	0.000463773609521434	0.013423531654841225	0.0003139754482337498	-0.0002723234149688558
-0.0028660955062183024	-0.00012317431143693547	-0.0017919174029144003	-0.0005783728694586099	-3.550158693865768e-05	0.011488840268558453	-0.0008093937438011789	0.0007262269779506614
-0.00835812266727709	-0.0013089529030287927	-0.004787568581673618	-0.0023882454566261924	-0.002032602372778136	0.009304511284046413	-0.003680226123445429	-0.0003971422140842673
-0.007109934676127194	-0.0008096777065689231	-0.004600340383001722	-0.0017017420614937606	-0.0013460989776459265	0.0110519744716564	-0.0032433603265435984	0.000601408178835916
-0.008670169665064398	-0.0014337717021439822	-0.005411662577248899	-0.002513064255741382	-0.0024070587701225943	0.012861847058823761	-0.004117091920347926	-0.0003971422140842673
-0.007983666269931966	-0.001059315304799302	-0.005474071976806494	-0.002513064255741382	-0.0019077835736629467	0.015170994842450547	-0.003742635523003468	0.0005389987792783213
-0.007609209872587286	-0.001059315304799302	-0.004725159182116023	-0.0023258360570685976	-0.0019701929732203194	0.016668820431830156	-0.003555407324330684	-2.2685816738921005e-05
-0.005487290287632396	-0.0006848589074539557	-0.004038655786984036	-0.0018889702601661007	-0.0013460989776459265	0.016668820431830156	-0.002494447531853128	0.0006638175783935107
-0.004551149294270473	-0.0008720871061265179	-0.0034145617914091986	-0.0023258360570685976	-0.0015333271763182665	0.01454690084687571	-0.002244809933623415	-0.0002723234149688558
-0.0015554981155112557	-0.0002479931105521249	-0.0015422798046844655	-0.0008904198672461394	-0.0002851391851681484	0.013485941054398154	-0.0004973467460134273	0.000601408178835916
-0.0011186323186083147	-0.00031040251010883146	-0.0009805952086670011	-0.0008280104676889888	-0.0002851391851681484	0.010989565072098362	-0.00018529974822634188	-0.0003347328145266726
0.0006288308690007849	1.6444876782539808e-06	-0.0007309576104372884	-0.00039114467078604775	0.0004013642099645054	0.008930054886701733	0.0003139754482337498	0.0006638175783935107
0.0003791932707715162	1.6444876782539808e-06	-0.00016927301441960196	-0.00014150707255655703	0.000463773609521434	0.008992464286259327	0.00043879424734849515	-0.00014750461585411045
0.0005040120698864836	0.00012646328679322139	-0.00029409181353456937	0.00023294932478834518	0.0007758206073089635	0.011239202670328963	0.0008132506446936194	0.000601408178835916
0.003125206851300799	0.0006881478828106857	0.0011413243762870007	0.0008570433203629602	0.00171196160067133	0.01573267943846801	0.002311076234072784	-8.509521629651573e-05
0.007306636621652318	0.0014994700770578628	0.0033256533607999295	0.0022300501106278237	0.003209787190050939	0.020663022003509557	0.004432995819028118	0.0008510457770658508
0.007056999023422383	0.0013122418783850787	0.00357529095902942	0.0017931843137257708	0.002960149591821448	0.024220357778286017	0.004682633417257609	-2.2685816738921005e-05
0.00799314001678475	0.0016242888761728302	0.004012156755931917	0.0020428219119554836	0.0034594247882808737	0.026654324361028436	0.005244318013275295	0.0008510457770658508
0.0079307306172276	0.0014370606775002681	0.004511431952392009	0.001980412512397889	0.003147377790493344	0.027278418356603273	0.005306727412832446	-8.509521629651573e-05
0.008617234012360031	0.0018115170748456144	0.0047610695506214995	0.0022300501106278237	0.0037090623865110306	0.02615504916456879	0.005868412008849688	0.0008510457770658508
0.0055591734340427745	0.0011250136797131827	0.0035128815594718255	0.0010442715190355223	0.0024608743953613565	0.022348075791561728	0.004245767620355334	-8.509521629651573e-05
0.005434354634928029	0.0011250136797131827	0.0035128815594718255	0.0014811373159377972	0.002523283794918507	0.019976518608377347	0.004245767620355334	0.000601408178835916
0.0032500256504159886	0.0008129666819256531	0.0026391499656670536	0.0007946339208058095	0.0017743710002289248	0.01623195463492766	0.003184807827878	-0.00014750461585411045
0.002126656458380838	0.0008129666819256531	0.0016405995727470923	0.0006698151216906201	0.00171196160067133	0.012924256458381356	0.0022486668345160776	0.0008510457770658508
0.0007536496681159743	0.0003761008850231562	0.0013909619745176016	0.00042017752346068526	0.0009630488059813036	0.011613659067674087	0.0015621634393832018	-2.2685816738921005e-05
0.0011905154650184713	0.0006257384832526469	0.0010165055771726994	0.0006698151216906201	0.0012750958037690552	0.011301612069886113	0.0016869822384983912	0.0006638175783935107
0.0004416026703288889	0.0001888726863508161	0.00033000218204026766	0.00017053992523075046	0.0007134112077518129	0.010989565072098362	0.0009380694438081427	-0.00014750461585411045
0.0011905154650184713	0.0006257384832526469	0.0005796397802702025	0.0009818621194781496	0.0012750958037690552	0.012861847058823761	0.0015621634393832018	0.0007886363775082561
-0.0001200819256887975	0.0001888726863508161	-0.00010686361486200724	-7.909767299896231e-05	0.000463773609521434	0.013485941054398154	0.0007508412451360247	-0.00014750461585411045
0.0006912402685583796	0.0004385102845807509	0.0002051833829255223	0.00035776812390309054	0.0009006394064245971	0.015420632440680482	0.0012501164415961163	0.0006638175783935107
-0.00024490072480354286	0.00012646328679322139	8.036458381033285e-05	-0.00020391647211415176	0.00027654541084887185	0.016419182833600443	0.0008132506446936194	-0.00014750461585411045
0.0006912402685583796	0.0003761008850231562	0.0005172303807126077	-1.6688273441367585e-05	0.0009630488059813036	0.016918458030060535	0.0014373446402680123	0.0007886363775082561
-0.00024490072480354286	0.0001888726863508161	0.0005172303807126077	-0.00039114467078604775	0.00027654541084887185	0.016294364034485254	0.0009380694438081427	-0.0002099140154112611
6.714627298398668e-05	0.0003761008850231562	0.0007044585793853919	0.00010813052567337778	0.0007134112077518129	0.015545451239795671	0.0014373446402680123	0.0007886363775082561
-0.0003697195239191764	6.40538872358487e-05	0.00033000218204026766	-0.0005783728694586099	0.0004013642099645054	0.013361122255283187	0.0009380694438081427	-0.0002099140154112611
0.0006912402685583796	0.00031369148546556147	0.0007044585793853919	0.00010813052567337778	0.0009630488059813036	0.012424981261921264	0.0014373446402680123	0.0006638175783935107
-0.00043212892347588294	-0.0002479931105521249	8.036458381033285e-05	-0.0002663258716717465	0.00027654541084887185	0.011738477866788832	0.0009380694438081427	-0.0003971422140842673
0.0006912402685583796	0.00031369148546556147	8.036458381033285e-05	0.00010813052567337778	0.0011502770046538657	0.012487390661478415	0.0014997540398260512	0.0006638175783935107
-5.767252613120277e-05	0.00012646328679322139	1.795518425273812e-05	4.572112611622714e-05	0.0006510018081942182	0.013922806851301317	0.0011877070420385216	-8.509521629651573e-05
0.00031678387121369944	0.0003761008850231562	-4.4454215304856604e-05	0.00023294932478834518	0.001087867605096493	0.016107135835813358	0.0014997540398260512	0.000601408178835916
-0.0005569477225910724	0.0003761008850231562	-0.0002316824139771967	-0.0002663258716717465	0.0008382300068665582	0.01723050502784762	0.001125297642480927	3.972358281822963e-05
-0.004176692896925571	-0.0003728119096664262	-0.0021663738002593025	-0.0011400574654765183	-0.0005347767833985273	0.017105686228732875	-0.0008093937438011789	0.0007262269779506614
-0.008607760265507247	-0.001059315304799302	-0.004163474586099003	-0.002637883054855683	-0.002095011772335509	0.015233404242008142	-0.002931313328755847	-0.0002723234149688558
-0.007297162874799978	-0.0006848589074539557	-0.003789018188754101	-0.002263426657511447	-0.001408508377203077	0.013922806851301317	-0.002494447531853128	0.0009134551766234456
-0.008420532066834685	-0.0011217247043568968	-0.004038655786984036	-0.0025754736552980884	-0.002282239971007849	0.010802336873426022	-0.0032433603265435984	-2.2685816738921005e-05
-0.007734028671702475	-0.0011841341039140474	-0.004225883985656598	-0.0023882454566261924	-0.002032602372778136	0.007432229297322124	-0.003118541527428409	0.0005389987792783213
-0.007234753475242384	-0.001059315304799302	-0.0038514275883112514	-0.0023258360570685976	-0.002032602372778136	0.0041245311207749324	-0.003118541527428409	-8.509521629651573e-05
-0.005050424490730343	-0.0009969059052412632	-0.0031649241931788197	-0.0014521044632638258	-0.0013460989776459265	0.002564296131838173	-0.0021199911345082256	0.0004141799801633539
-0.003989464698252787	-0.0008720871061265179	-0.0026032395971617994	-0.001202466865033669	-0.0011588707789729202	0.0025018867322808003	-0.0016831253376063948	-0.0002723234149688558
-0.0014306793163960663	-0.0005600401083392104	-0.001854326802471773	-0.0005783728694586099	-0.0002851391851681484	0.0047486251163499915	-0.0006845749446862115	0.00035177058060575916
-0.0014306793163960663	-0.00031040251010883146	-0.0010430046082248179	-0.00045355407034408657	-0.0002851391851681484	0.00849318908979968	-0.0002477091477839366	-0.0002723234149688558
-0.0001200819256887975	0.0001888726863508161	-0.0005437294117645042	-1.6688273441367585e-05	0.0005261830090790287	0.012674618860150755	0.0006260224460208352	0.0006638175783935107
-0.0005569477225910724	-6.076491187956279e-05	-0.00029409181353456937	-0.0005159634699014592	0.0001517266117336824	0.015795088838025162	0.00043879424734849515	-0.0002099140154112611
0.0005664214694440783	0.0005009196841383456	0.0003924115815974183	0.00023294932478834518	0.0007134112077518129	0.018603511818112484	0.0013749352407113058	0.0007886363775082561
0.0028755692530708643	0.00025128208590796675	0.0016405995727470923	4.572112611622714e-05	0.0011502770046538657	0.018977968215457164	0.002311076234072784	-0.0003347328145266726
0.007556274219882475	0.0013122418783850787	0.004261794354161852	0.001730774914167954	0.002772921393148664	0.019352424612802066	0.004620224017700014	0.0006638175783935107
0.006807361425192893	0.0010626042801551439	0.0045738413519496035	0.0016683655146105814	0.002336055596246167	0.017168095628290025	0.004682633417257609	-0.0002723234149688558
0.008242777615014907	0.0014994700770578628	0.004948297749294284	0.002167640711070673	0.0032721965896085337	0.014734129045548494	0.005493955611504786	0.0006638175783935107
0.008305187014572502	0.001249832478827928	0.005322754146639186	0.0020428219119554836	0.002960149591821448	0.012737028259708794	0.005306727412832446	-0.0003971422140842673
0.00811795881589994	0.0013122418783850787	0.005135525947966624	0.0024172783093001637	0.003209787190050939	0.01236257186236367	0.005431546211947635	0.0004141799801633539
0.004810260639352748	0.0007505572823680584	0.00357529095902942	0.0011690903181507117	0.0020864179980166764	0.011738477866788832	0.003871311223010432	-0.0005219610131990127
0.0053719452353704344	0.0010001948805979932	0.0034504721599142307	0.0016059561150534307	0.0026481025940334746	0.013485941054398154	0.004058539421682994	0.00035177058060575916
0.0020018376592656484	0.0001888726863508161	0.0020774653696498113	0.00035776812390309054	0.0011502770046538657	0.014110035049973213	0.0024983044327457904	-0.0006467798123142021
0.001065696665903948	0.00025128208590796675	0.0012037337758450395	0.00017053992523075046	0.0013375052033262058	0.014484491447318115	0.0018742104371709534	0.00028936118104860853
0.00025437447165632676	0.0001888726863508161	0.0010165055771726994	0.00010813052567337778	0.0006510018081942182	0.014172444449530364	0.0013749352407113058	-0.0002723234149688558
0.0009408778667883144	0.0006257384832526469	0.001328552574960007	0.0005449963225758747	0.0012126864042114605	0.013298712855725592	0.0018742104371709534	0.0007262269779506614
0.0005040120698864836	0.0005633290836959404	0.0014533713740751963	0.00017053992523075046	0.0007758206073089635	0.010365471076523969	0.0014997540398260512	0.00010213298237582435
0.0008784684672311638	0.0005633290836959404	0.001328552574960007	0.00035776812390309054	0.0007758206073089635	0.007557048096437313	0.0014373446402680123	0.000601408178835916
0.00031678387121369944	0.0005009196841383456	0.0013909619745176016	0.00035776812390309054	0.000463773609521434	0.005435128511481979	0.0012501164415961163	-0.00014750461585411045
0.00031678387121369944	-0.0001855837109940861	0.0006420491798275751	-7.909767299896231e-05	0.00027654541084887185	0.0035004371252005395	0.0008132506446936194	0.00028936118104860853
4.736873426391952e-06	0.0001888726863508161	0.0010789149767302941	0.00017053992523075046	0.00033895481040624453	0.003999712321659965	0.0009380694438081427	-0.0003347328145266726
0.0004416026703288889	0.0003761008850231562	0.0010789149767302941	0.0004825869230187241	0.0008382300068665582	0.00618404130617245	0.0013749352407113058	0.0006638175783935107
-5.767252613120277e-05	0.00031369148546556147	0.0010165055771726994	0.00017053992523075046	0.0007134112077518129	0.00836837029068449	0.001125297642480927	3.972358281822963e-05
-0.00018249132524639222	0.00025128208590796675	0.0007044585793853919	0.00023294932478834518	0.0006510018081942182	0.010864746272983616	0.0012501164415961163	0.0005389987792783213
-0.0009314041199359746	6.40538872358487e-05	0.0005796397802702025	-0.00020391647211415176	0.0004013642099645054	0.01254980006103601	0.001125297642480927	-0.00014750461585411045
4.736873426391952e-06	0.0001888726863508161	0.0007044585793853919	4.572112611622714e-05	0.0007758206073089635	0.013860397451743278	0.0013749352407113058	0.0005389987792783213
-0.0006193571221484451	0.00012646328679322139	0.0007668679789427646	-7.909767299896231e-05	0.00027654541084887185	0.014422082047760965	0.0014373446402680123	-0.0002099140154112611
4.736873426391952e-06	0.0001888726863508161	0.0007044585793853919	-0.00020391647211415176	0.0007758206073089635	0.013985216250858024	0.0016245728389405745	0.0004765893797209486
-0.0003697195239191764	-0.00012317431143693547	0.00089168677805751	-0.0005783728694586099	0.00033895481040624453	0.013049075257495657	0.0013749352407113058	-0.0003971422140842673
6.714627298398668e-05	0.00012646328679322139	0.0011413243762870007	-1.6688273441367585e-05	0.0005885924086366234	0.012861847058823761	0.001749391638055986	0.00035177058060575916
-0.0019299545128559359	-0.0006848589074539557	0.00014277398336792757	-0.0013272856641488584	-0.0003475485847257431	0.010178242877851185	0.0005636130464632405	-0.0007715986114289475
-0.004925605691615154	-0.0008096777065689231	-0.0016670986037989888	-0.0018889702601661007	-0.0009716425803010242	0.007369819897764973	-0.0011214407415887084	0.0002269517814910138
-0.008732579064621993	-0.0015585905012591716	-0.0034145617914091986	-0.002887520653086062	-0.0025942869687953785	0.005060672114137743	-0.003118541527428409	-0.0006467798123142021
-0.007858847470816777	-0.0011841341039140474	-0.003726608789196506	-0.0023882454566261924	-0.0019077835736629467	0.003999712321659965	-0.0028064945296406574	0.00035177058060575916
-0.008295713267719496	-0.0012465435034716421	-0.004163474586099003	-0.0023258360570685976	-0.002095011772335509	0.0025018867322808003	-0.0032433603265435984	-0.0002723234149688558
-0.007796438071259626	-0.0013713623025863875	-0.004537930983444127	-0.0019513796597236954	-0.0019077835736629467	0.0024394773327225394	-0.003305769726100749	0.0004141799801633539
-0.007297162874799978	-0.0015585905012591716	-0.0044755215838865325	-0.002263426657511447	-0.002282239971007849	0.0028139337300676637	-0.003305769726100749	-0.0006467798123142021
-0.005424880888075245	-0.0011217247043568968	-0.0034769711909665713	-0.001389695063706231	-0.0014709177767602277	0.004498987518120057	-0.002432038132295977	0.00028936118104860853
-0.0047383774929428135	-0.0011841341039140474	-0.0029776959945064796	-0.00182656086060895	-0.001845374174105796	0.005372719111925273	-0.0021824005340658204	-0.0006467798123142021
-0.001493088715953661	-0.0004352213092240209	-0.0011678234073397853	-0.0008904198672461394	-0.0005347767833985273	0.007245001098649562	-0.0005597561455714661	0.00035177058060575916
-0.0013682699168384715	-0.0002479931105521249	-4.4454215304856604e-05	-0.0006407822690166487	-0.0005971861829554559	0.00836837029068449	-6.048094911115243e-05	-0.0002723234149688558
-0.00024490072480354286	1.6444876782539808e-06	0.00026759278248222884	-0.00020391647211415176	2.6907812618937044e-05	0.008430779690242085	0.0005012036469060899	0.0005389987792783213
-0.0007441759212631904	-0.00031040251010883146	0.00033000218204026766	-0.0008904198672461394	-0.0002851391851681484	0.006683316502632097	0.00025156604867615506	-0.00045955161364186203
0.0008784684672311638	1.6444876782539808e-06	0.001328552574960007	-7.909767299896231e-05	0.00033895481040624453	0.006745725902189692	0.0010628882429237763	0.00035177058060575916
0.003562072648203296	0.0003761008850231562	0.00320083456168474	0.0009194527199205549	0.0012750958037690552	0.007931504493781993	0.002747942030975281	-0.0003971422140842673
0.007369046021209691	0.0009377854810403985	0.004449022552834192	0.0019180031128407382	0.002772921393148664	0.00849318908979968	0.004682633417257609	0.00016454238193341908
0.006557723826962736	0.0004385102845807509	0.004199384954604701	0.001543546715495392	0.002148827397573383	0.008555598489357275	0.0043705864194705235	-0.0007091892118709087
0.007743502418555259	0.0007505572823680584	0.0045738413519496035	0.001980412512397889	0.002772921393148664	0.010490289875638936	0.005369136812390485	-8.509521629651573e-05
0.00786832121766956	0.0008753760814832479	0.004885888349737133	0.001980412512397889	0.0028977401922638535	0.01254980006103601	0.005556365011062825	-0.0007091892118709087
0.00749386482032488	0.0010626042801551439	0.004823478950179094	0.0022300501106278237	0.002960149591821448	0.014484491447318115	0.005681183810177792	0.00028936118104860853
0.004186166643777911	0.0003761008850231562	0.0034504721599142307	0.0007946339208058095	0.0016495522011137354	0.013985216250858024	0.003996130022125399	-0.0007091892118709087
0.004872670038910343	0.0006881478828106857	0.003949747356374322	0.0009818621194781496	0.002148827397573383	0.013922806851301317	0.004308177019912485	0.0002269517814910138
0.001502562462806445	-6.076491187956279e-05	0.0027015593652246483	-7.909767299896231e-05	0.0005885924086366234	0.011738477866788832	0.0024358950331881957	-0.0007091892118709087
0.0011905154650184713	0.0008129666819256531	0.0026391499656670536	0.0005449963225758747	0.0012750958037690552	0.009366920683604452	0.0026855326314181305	0.0006638175783935107
0.0005040120698864836	0.00012646328679322139	0.0020774653696498113	-0.0002663258716717465	0.0005261830090790287	0.005372719111925273	0.0015621634393832018	-0.00045955161364186203
0.0008784684672311638	0.0001888726863508161	0.0020774653696498113	0.0004825869230187241	0.0007134112077518129	0.00337561832608535	0.0016245728389405745	0.0004141799801633539
0.00019196507209873204	-0.0001855837109940861	0.0014533713740751963	0.00017053992523075046	0.00033895481040624453	0.00125369874113046	0.001125297642480927	-0.0005219610131990127
0.0009408778667883144	0.0001888726863508161	0.0011413243762870007	0.0006698151216906201	0.0009006394064245971	0.0011912893415733095	0.0013749352407113058	0.0005389987792783213
-0.0001200819256887975	0.0001888726863508161	0.00089168677805751	0.0005449963225758747	0.0004013642099645054	0.003125980727854971	0.001125297642480927	-0.0002099140154112611
0.00025437447165632676	-6.076491187956279e-05	0.0005172303807126077	0.0002953587243459399	0.000463773609521434	0.00605922250705726	0.0011877070420385216	0.00028936118104860853
-0.0003073101243606935	-6.076491187956279e-05	0.0006420491798275751	-7.909767299896231e-05	8.931721217653177e-05	0.009616558281834164	0.001125297642480927	-0.0005219610131990127
-0.00024490072480354286	0.0001888726863508161	0.0006420491798275751	0.00010813052567337778	0.00027654541084887185	0.012424981261921264	0.001312525841153711	0.0004765893797209486
-0.000868994720378824	-0.00012317431143693547	0.0010165055771726994	-0.0005159634699014592	2.6907812618937044e-05	0.013111484657053252	0.0011877070420385216	-0.00045955161364186203
-0.0004945383230334777	-6.076491187956279e-05	0.0012661431754024122	-0.00045355407034408657	8.931721217653177e-05	0.012300162462806075	0.0012501164415961163	0.00035177058060575916
-0.0013058605172808768	-0.00031040251010883146	0.0015781901731899417	-0.0007656010681313941	-0.0004099579842831158	0.0098661958800641	0.0010628882429237763	-0.0005219610131990127
-5.767252613120277e-05	-6.076491187956279e-05	0.0017654183718622818	-0.0003287352712293412	0.00033895481040624453	0.006620907103074503	0.0015621634393832018	0.0002269517814910138
-0.00043212892347588294	-0.00031040251010883146	0.0017030089723051312	-0.0003287352712293412	8.931721217653177e-05	0.0036876653238728796	0.001312525841153711	-0.0005843704127566074
4.736873426391952e-06	-6.076491187956279e-05	0.0017030089723051312	0.00023294932478834518	0.0004013642099645054	0.003001161928740448	0.001749391638055986	0.0002269517814910138
-0.0006193571221484451	-0.000622449507896361	0.0006420491798275751	-0.0006407822690166487	-3.550158693865768e-05	0.0020650209353780813	0.001125297642480927	-0.0008340080109860981
0.0001295556725411373	-0.00031040251010883146	0.0005796397802702025	-1.6688273441367585e-05	0.000463773609521434	0.0041245311207749324	0.0014997540398260512	-2.2685816738921005e-05
-0.002491639108873178	-0.0008096777065689231	-0.0006685482108796936	-0.0010152386663613289	-0.0006595955825130506	0.0059968131074996656	0.0005012036469060899	-0.0008964174105436928
-0.006048974883650082	-0.0009969059052412632	-0.0030401053940640743	-0.0018889702601661007	-0.001408508377203077	0.0064336789044021625	-0.0014958971389336106	0.00010213298237582435
-0.00935667306019683	-0.0018082280994888844	-0.004537930983444127	-0.002887520653086062	-0.002906333966582686	0.0062464507057296	-0.003305769726100749	-0.0007091892118709087
-0.007671619272144881	-0.0008096777065689231	-0.003726608789196506	-0.00182656086060895	-0.001658145975433012	0.006683316502632097	-0.0023696287327383825	0.00035177058060575916
-0.009668720057983915	-0.002120275097276414	-0.004725159182116023	-0.003324386449988559	-0.0032183809643706596	0.003625255924315285	-0.004117091920347926	-0.0007091892118709087
-0.00817089446860475	-0.0015585905012591716	-0.00391383698786929	-0.002513064255741382	-0.002656696368352529	0.0019402021362628918	-0.003305769726100749	3.972358281822963e-05
-0.007734028671702475	-0.0015585905012591716	-0.0031649241931788197	-0.002637883054855683	-0.002906333966582686	-0.0004937644464786395	-0.003305769726100749	-0.0006467798123142021
-0.005612109086747585	-0.0011841341039140474	-0.0024160113984892373	-0.002076198458838663	-0.0019701929732203194	-0.002740502830548275	-0.002244809933623415	0.00010213298237582435
-0.003802236499580447	-0.0011217247043568968	-0.0016670986037989888	-0.0014521044632638258	-0.001408508377203077	-0.002490865232318784	-0.0016831253376063948	-0.0006467798123142021
-0.0015554981155112557	-0.0004976307087816156	-0.00016927301441960196	-0.00014150707255655703	-0.00022272978561055368	5.510749980786045e-06	-0.0002477091477839366	0.00028936118104860853
-0.001056222919051164	-0.0005600401083392104	-0.0004189106126497588	-0.0007031916685742434	-0.0005347767833985273	0.00106647054245812	1.928450445998209e-06	-0.0006467798123142021
-0.0009314041199359746	-0.0005600401083392104	-0.00029409181353456937	-0.00045355407034408657	-0.0004099579842831158	0.004374168719005311	0.00012674724956096561	-2.2685816738921005e-05
-0.0012434511177235041	-0.0004352213092240209	1.795518425273812e-05	-0.0005783728694586099	-0.0002851391851681484	0.007369819897764973	0.0005012036469060899	-0.0005843704127566074
0.0005040120698864836	-0.00012317431143693547	0.0005796397802702025	-0.0002663258716717465	0.0001517266117336824	0.009366920683604452	0.001312525841153711	0.00016454238193341908
0.0038117102464327868	0.0001888726863508161	0.0028887875638974325	0.0007322245212482148	0.0010254582055388983	0.011239202670328963	0.0031223984283204054	-0.0005219610131990127
0.007369046021209691	0.0011874230792707774	0.005010707148851878	0.002167640711070673	0.0028353307927062588	0.011925706065461172	0.005244318013275295	0.0005389987792783213
0.006058448630502422	0.0006257384832526469	0.005073116548409473	0.0014811373159377972	0.0020240085984590817	0.009803786480506504	0.004557814618142864	-0.0006467798123142021
0.008180368215457312	0.0010626042801551439	0.006071666941329212	0.0022300501106278237	0.0028353307927062588	0.008930054886701733	0.005743593209735387	0.00016454238193341908
0.008055549416342345	0.0008753760814832479	0.006321304539559147	0.0018555937132831435	0.002772921393148664	0.007369819897764973	0.005681183810177792	-0.0006467798123142021
0.007306636621652318	0.0008753760814832479	0.005759619943541461	0.001730774914167954	0.0026481025940334746	0.006308860105286973	0.005369136812390485	0.00016454238193341908
0.004061347844662722	0.00025128208590796675	0.004324203753719891	0.0008570433203629602	0.0014623240024413953	0.0059968131074996656	0.003933720622568027	-0.0007715986114289475
0.0051223076371405	0.0008753760814832479	0.004261794354161852	0.0014187279163806465	0.0022736461966885724	0.006620907103074503	0.004557814618142864	0.0004141799801633539
0.001877018860150903	0.0005633290836959404	0.0027015593652246483	0.0006698151216906201	0.0013375052033262058	0.005934403707942071	0.0029351702296480653	-0.0003971422140842673
0.0005664214694440783	0.0003761008850231562	0.0015781901731899417	0.0006074057221334694	0.0009006394064245971	0.006308860105286973	0.002311076234072784	0.0004141799801633539
0.0003791932707715162	0.0003761008850231562	0.001515780773632791	0.0004825869230187241	0.0009006394064245971	0.00637126950484479	0.0020614386358432935	-0.00014750461585411045
0.0006288308690007849	0.0003761008850231562	0.001328552574960007	0.0006074057221334694	0.0009006394064245971	0.00605922250705726	0.0018742104371709534	0.0004765893797209486
-0.0003073101243606935	-6.076491187956279e-05	0.0010165055771726994	0.00010813052567337778	0.0001517266117336824	0.005372719111925273	0.0012501164415961163	-0.00045955161364186203
0.0003791932707715162	0.00012646328679322139	0.001328552574960007	0.00023294932478834518	0.0005885924086366234	0.004873443915465181	0.0014997540398260512	0.00028936118104860853
-0.0006193571221484451	-0.0002479931105521249	0.0012037337758450395	-0.0002663258716717465	-0.0003475485847257431	0.00393730292210237	0.0008756600442512141	-0.0006467798123142021
0.0003791932707715162	0.00031369148546556147	0.0017654183718622818	0.0002953587243459399	0.0005261830090790287	0.00393730292210237	0.0015621634393832018	0.0005389987792783213
-0.0004945383230334777	-0.0002479931105521249	0.0015781901731899417	-0.0005159634699014592	-9.791098649536423e-05	0.0026267055313953236	0.0010004788433661815	-0.0005843704127566074
-0.00024490072480354286	-0.0002479931105521249	0.001328552574960007	-0.0002663258716717465	2.6907812618937044e-05	0.0023770679331651667	0.0010628882429237763	0.00016454238193341908
-0.0006193571221484451	-6.076491187956279e-05	0.0016405995727470923	-7.909767299896231e-05	8.931721217653177e-05	0.0028139337300676637	0.0013749352407113058	-0.0005219610131990127
-0.0001200819256887975	-6.076491187956279e-05	0.0010789149767302941	-0.00020391647211415176	0.000463773609521434	0.002751524330510069	0.0014373446402680123	0.00028936118104860853
-0.0012434511177235041	-0.0004976307087816156	0.0008292773784999152	-0.00045355407034408657	-0.0002851391851681484	0.00337561832608535	0.0010628882429237763	-0.0007091892118709087
-0.00024490072480354286	-0.0001855837109940861	0.0008292773784999152	-1.6688273441367585e-05	0.000463773609521434	0.004623806317234802	0.0016869822384983912	0.00010213298237582435
-0.0006817665217064839	-0.0004352213092240209	0.0006420491798275751	-0.00039114467078604775	8.931721217653177e-05	0.004998262714580148	0.0014373446402680123	-0.0006467798123142021
-0.00024490072480354286	-0.0001855837109940861	0.0008292773784999152	0.0002953587243459399	0.000463773609521434	0.006308860105286973	0.0018118010376133586	0.0002269517814910138
-0.0009938135194935693	-0.0004352213092240209	0.0007044585793853919	-0.00045355407034408657	-3.550158693865768e-05	0.006308860105286973	0.0014373446402680123	-0.0007091892118709087
-0.0006817665217064839	-0.0006848589074539557	0.0006420491798275751	-0.0007656010681313941	-9.791098649536423e-05	0.005934403707942071	0.0012501164415961163	-0.0002723234149688558
-0.002928504905775675	-0.0008720871061265179	8.036458381033285e-05	-0.0012648762645912637	-0.001034051979858619	0.005247900312810083	0.00025156604867615506	-0.0008340080109860981
-0.006548250080109508	-0.0008096777065689231	-0.0017919174029144003	-0.0018889702601661007	-0.0015333271763182665	0.002938752529182853	-0.0013710783398181992	0.00028936118104860853
-0.008607760265507247	-0.0016209999008165443	-0.0030401053940640743	-0.002887520653086062	-0.002656696368352529	0.000442376546883283	-0.002931313328755847	-0.0007091892118709087
-0.00835812266727709	-0.0014961811017011328	-0.003102514793621669	-0.0023258360570685976	-0.0024070587701225943	-0.0003689456473638941	-0.002868903929198252	0.00010213298237582435
-0.009169444861524045	-0.001683409300374139	-0.003789018188754101	-0.002700292454413722	-0.0027815151674677185	-0.0019915900358586924	-0.0032433603265435984	-0.0006467798123142021
-0.00792125687037526	-0.0014961811017011328	-0.004038655786984036	-0.0023882454566261924	-0.002282239971007849	-0.0021788182345308105	-0.003118541527428409	0.00010213298237582435
-0.007609209872587286	-0.0017458186999312897	-0.0036641993896384673	-0.0022010172579538523	-0.0025942869687953785	-0.0011802678416110712	-0.002868903929198252	-0.0008340080109860981
-0.0057993372854199254	-0.0011841341039140474	-0.0031649241931788197	-0.0015769232623785712	-0.0017205553749906066	0.000442376546883283	-0.0018703535362782908	0.00016454238193341908
-0.003989464698252787	-0.0009969059052412632	-0.0019791456015869624	-0.0012648762645912637	-0.001408508377203077	0.0021898397344932707	-0.000996621942473519	-0.0006467798123142021
-0.002304410910200394	-0.0008720871061265179	-0.001230232806896936	-0.0008904198672461394	-0.0009092331807429854	0.003625255924315285	-6.048094911115243e-05	-0.00014750461585411045
-0.0019299545128559359	-0.0008720871061265179	-0.0003565012130921641	-0.0008904198672461394	-0.0007844143816282401	0.004311759319447717	0.00025156604867615506	-0.0008340080109860981
-0.0006817665217064839	-0.0002479931105521249	0.0006420491798275751	-0.0003287352712293412	-0.00022272978561055368	0.004873443915465181	0.0010004788433661815	0.0002269517814910138
-0.0012434511177235041	-0.0003728119096664262	0.0010789149767302941	-0.0005783728694586099	-0.0003475485847257431	0.004186940520332971	0.0010004788433661815	-0.00045955161364186203
0.0011905154650184713	-0.0001855837109940861	0.002139874769207184	-7.909767299896231e-05	0.0006510018081942182	0.0037500747234300302	0.002186257434958483	0.00016454238193341908
0.0044982136415652185	0.0003761008850231562	0.004386613153277041	0.0009818621194781496	0.0015871428015565847	0.004811034515907586	0.003933720622568027	-0.0005843704127566074
0.007306636621652318	0.0008753760814832479	0.00550998234531197	0.0019180031128407382	0.0026481025940334746	0.005871994308385364	0.0056187744106201976	0.00016454238193341908
0.006744952025635298	0.0006257384832526469	0.005135525947966624	0.0014811373159377972	0.002398464995803762	0.005435128511481979	0.005369136812390485	-0.0006467798123142021
0.00811795881589994	0.0010001948805979932	0.005634801144426271	0.0022924595101858625	0.003022558991378599	0.006995363500419627	0.006242868406195257	0.00028936118104860853
0.00761868361944007	0.0009377854810403985	0.00569721054398431	0.002167640711070673	0.002772921393148664	0.008056323292897183	0.006180459006637662	-0.0005219610131990127
0.006932180224307638	0.0011874230792707774	0.004948297749294284	0.002167640711070673	0.002960149591821448	0.00818114209201215	0.0058060026092920936	0.00035177058060575916
0.003998938445105127	0.0005633290836959404	0.003824928557259577	0.0012939091172659012	0.00171196160067133	0.007681866895552059	0.004245767620355334	-0.0005219610131990127
0.004560623041123257	0.0006257384832526469	0.0037625191577019823	0.0014187279163806465	0.0018991897993436702	0.006995363500419627	0.004432995819028118	0.00016454238193341908
0.0005664214694440783	-6.076491187956279e-05	0.0020774653696498113	-1.6688273441367585e-05	0.0005261830090790287	0.004686215716792397	0.002123848035400888	-0.0008340080109860981
0.0006288308690007849	6.40538872358487e-05	0.0020774653696498113	0.0002953587243459399	0.0005885924086366234	0.004249349919890122	0.002123848035400888	0.0002269517814910138
6.714627298398668e-05	0.00012646328679322139	0.0022022841687650008	0.00010813052567337778	0.00027654541084887185	0.0030635713282980426	0.001749391638055986	-0.0003971422140842673
0.0008784684672311638	6.40538872358487e-05	0.0022022841687650008	0.0002953587243459399	0.0006510018081942182	0.0015657457389179896	0.001749391638055986	0.00028936118104860853
0.00019196507209873204	-6.076491187956279e-05	0.0020774653696498113	0.00017053992523075046	0.0001517266117336824	0.0005671953459980283	0.0014997540398260512	-0.00045955161364186203
0.0005664214694440783	0.0001888726863508161	0.0018902371709774712	0.00042017752346068526	0.0006510018081942182	0.0008168329442279632	0.001749391638055986	0.0004141799801633539
-0.0005569477225910724	-0.0003728119096664262	0.0011413243762870007	-0.0003287352712293412	-0.00022272978561055368	0.0006296047455556231	0.0009380694438081427	-0.0008340080109860981
-5.767252613120277e-05	-0.0002479931105521249	0.001328552574960007	0.00010813052567337778	0.0001517266117336824	0.0021898397344932707	0.0013749352407113058	-2.2685816738921005e-05
-0.0006817665217064839	-0.0002479931105521249	0.001328552574960007	-0.00020391647211415176	-3.550158693865768e-05	0.0032507995269701606	0.001312525841153711	-0.0005843704127566074
-0.0003697195239191764	-0.00012317431143693547	0.0014533713740751963	4.572112611622714e-05	0.00027654541084887185	0.004498987518120057	0.0015621634393832018	0.00016454238193341908
-0.0013682699168384715	-0.0004352213092240209	0.001515780773632791	-0.00039114467078604775	-0.0003475485847257431	0.004998262714580148	0.001312525841153711	-0.0007715986114289475
-0.0003697195239191764	-0.00012317431143693547	0.0017030089723051312	-0.00014150707255655703	0.0004013642099645054	0.004873443915465181	0.0018118010376133586	0.0002269517814910138
-0.0009314041199359746	-0.0003728119096664262	0.0020150559700922166	-0.00045355407034408657	-0.00016032038605295895	0.0041245311207749324	0.0015621634393832018	-0.0005843704127566074
6.714627298398668e-05	0.00025128208590796675	0.002576740566109903	0.0002953587243459399	0.0005885924086366234	0.004186940520332971	0.002311076234072784	0.0004141799801633539
-0.000868994720378824	-0.0004352213092240209	0.0019526465705346219	-0.0005783728694586099	-9.791098649536423e-05	0.0022522491340504214	0.001749391638055986	-0.0007091892118709087
6.714627298398668e-05	-0.0001855837109940861	0.0020150559700922166	-0.00020391647211415176	0.000463773609521434	0.0019402021362628918	0.0019990292362856987	0.00010213298237582435
-0.001493088715953661	-0.0008096777065689231	0.0014533713740751963	-0.0007031916685742434	-0.00047236738384071053	0.0018153833371481465	0.0012501164415961163	-0.001083645609216255
-0.0006817665217064839	-0.0006848589074539557	0.0011413243762870007	-0.0005159634699014592	8.931721217653177e-05	0.0020026115358204866	0.0015621634393832018	-0.0002099140154112611
-0.002741276707103113	-0.0005600401083392104	0.000454820981155013	-0.0008904198672461394	-0.0004099579842831158	0.0022522491340504214	0.0007508412451360247	-0.0006467798123142021
-0.007546800473029469	-0.0012465435034716421	-0.002291192599374492	-0.00201378905928129	-0.001845374174105796	0.00125369874113046	-0.001620715938048356	0.00010213298237582435
-0.009107035461967117	-0.0016209999008165443	-0.0032273335927364144	-0.002637883054855683	-0.002531877569238228	0.0006920141451132178	-0.002681675730525468	-0.0006467798123142021
-0.008233303868162345	-0.0015585905012591716	-0.003289742992294009	-0.0023258360570685976	-0.0023446493705654436	0.000442376546883283	-0.0026192663309683173	-2.2685816738921005e-05
-0.009606310658427208	-0.0018082280994888844	-0.0036641993896384673	-0.0028251112535284673	-0.0030311527656978754	-0.0004937644464786395	-0.003492997924773089	-0.0007091892118709087
-0.007609209872587286	-0.0011841341039140474	-0.0027904677958345836	-0.00201378905928129	-0.0021574211718931036	-0.0004937644464786395	-0.002868903929198252	0.00028936118104860853
-0.007359572274357573	-0.0014337717021439822	-0.0026032395971617994	-0.0022010172579538523	-0.0025942869687953785	-0.00124267724116911	-0.003992273121232737	-0.00045955161364186203
-0.004800786892499964	-0.0007472683070119945	-0.0014798704051268707	-0.0012648762645912637	-0.0012836895780878876	-0.0008682208438239858	-0.0016831253376063948	0.0005389987792783213
