Sensor_1	Sensor_2	Sensor_3	Sensor_4	Sensor_5	Sensor_6	Sensor_7	Sensor_8
0.0004987384756234281	-0.00011011202410893262	-0.0002803804684519129	0.00034534241245176567	0.0007744507209888063	0.0023787966735331345	0.000164155443656	0.00010619895475727503
0.0002491008773934933	-0.00048456842145450096	-0.0009668838635843446	3.3295414663792045e-05	0.0005248131227590935	0.001879521477073487	-0.00033511975280386963	-0.0008923514381629083
0.0008107854734111797	-0.00023493082322412207	-0.0009044744640267499	0.0005949800106814784	0.0008992695201039957	0.00231638727397554	-8.548215457349073e-05	-1.861984435813646e-05
-0.0004998119172965332	-0.0007342060196837696	-0.0014037496604866195	-0.000153932784008326	8.794732585681864e-05	0.002503615472648324	-0.0005847573510335824	-0.0010795796368352484
-0.0001877649195087816	-0.00042215902189646215	-0.001278930861371208	-0.00034116098268111017	0.00015035672541441336	0.003939031662470338	-0.00021030095368868018	-0.00020584804303047655
-0.0011239059128713702	-0.0005469778210114296	-0.0007172462653544098	-0.0007156173800253463	-0.000411327870603273	0.005374447852292796	-2.3072755016340096e-05	-0.0008299420386055356
-0.0014359529106584557	-0.0005469778210114296	-0.0009044744640267499	-0.0011524831769282873	-0.0007233748683903585	0.006685045242999621	0.000164155443656	-8.102924391573119e-05
-0.0014983623102160504	-0.0003597496223388674	-0.00015556166933672344	-0.0015893489738305622	-0.0009106030670633647	0.008058052033264707	0.0004137930418859348	-0.0007675326390477188
-0.0009990871137561808	-0.00017252142366652734	-3.074287022197808e-05	-0.0010900737773706926	-0.0005985560692760572	0.008869374227512328	0.0008506588387884317	-1.861984435813646e-05
-0.0016855905088883905	-0.00042215902189646215	-0.0003427898680095076	-0.0015269395742729674	-0.0009106030670633647	0.008370099031052014	0.0004762024414435295	-0.0007675326390477188
-5.367208368856069e-07	1.4706775005368655e-05	-0.00015556166933672344	-0.0006532079804681956	0.00021276612497200809	0.007870823834592366	0.0009754776379031771	0.0002934271534296151
-0.0006870401159688733	-0.0007966154192418085	-0.0008420650644691552	-0.0007780267795833851	-0.00016169027237289413	0.005998541847867411	0.00028897424277118944	-0.0008923514381629083
0.00012428207827874793	-0.00017252142366652734	-0.0010292932631419394	3.3295414663792045e-05	0.0008368601205470672	0.005499266651407542	0.000601021240558941	0.00010619895475727503
-0.004181966491188183	-0.0011710718165864886	-0.00340085044632632	-0.001402120775158222	-0.0006609654688327637	0.0032525282673379063	-0.0017705359426258838	-0.000954760837720503
-0.00730243646906259	-0.001108662417028894	-0.004961085435263524	-0.0011524831769282873	-0.0009730124666205153	0.003127709468222717	-0.0027066769359884724	0.0002934271534296151
-0.008613033859769637	-0.0017327564126032868	-0.00570999822995355	-0.0025254899671929287	-0.002096381658655666	0.004001441062027933	-0.0033307709315635314	-0.000954760837720503
-0.008363396261539702	-0.001295890615701678	-0.005335541832608426	-0.002463080567635334	-0.0019091534599828819	0.006060951247425006	-0.002769086335545623	0.0002310177538720204
-0.009299537254901624	-0.0014207094148166455	-0.004961085435263524	-0.0030247651636530204	-0.0028452944533448044	0.007746005035477621	-0.002831495735103662	-0.0007051232394903462
-0.008051349263752394	-0.0013583000152590508	-0.004524219638361027	-0.003336812161440328	-0.002782885053788098	0.008931783627069922	-0.0020825829404131913	-1.861984435813646e-05
-0.007240027069504995	-0.0014207094148166455	-0.0039001256427864117	-0.0035864497596698186	-0.0030325226520173665	0.008806964827954733	-0.0020201735408560406	-0.0008923514381629083
-0.004868469886320392	-0.0009214342183565538	-0.003026394048981418	-0.0024006711680777393	-0.0020339722590976272	0.008058052033264707	-0.001333670145724053	0.0002310177538720204
-0.002871369100480914	-0.0010462530174712992	-0.0024647094529639535	-0.002088624170290654	-0.0015346970626377576	0.005686494850080326	-0.0012712607461664582	-0.0007675326390477188
-5.367208368856069e-07	-0.0005469778210114296	-0.0019030248569467112	-0.0008404361791405357	-0.00022409967193048885	0.003502165865567619	-0.0005847573510335824	-8.102924391573119e-05
0.0005611478751810228	-0.00048456842145450096	-0.0015909778591591817	-9.152338445095332e-05	0.0002751755245296028	0.0018171120775158922	-0.0005223479514759877	-0.0007051232394903462
0.0014348794689862387	-0.0003597496223388674	-0.001965434256504306	0.00028293301289417094	0.0008992695201039957	0.0017547026779582975	-0.0002727103532462749	0.00016860835431442567
0.0013100606698706052	-0.00048456842145450096	-0.0015909778591591817	0.00028293301289417094	0.0007120413214314336	0.0036893940642404033	-2.3072755016340096e-05	-0.0007675326390477188
0.004430530647745012	-0.00017252142366652734	-0.00021797106889431817	0.0009694364080266027	0.0015233635156790548	0.008245280231937047	0.0022236656290532952	-1.861984435813646e-05
0.006240403234912373	0.00026434437323574755	0.0014670827191580749	0.0005949800106814784	0.0016481823147940222	0.013050803997863403	0.003783900617990721	-0.0008923514381629083
0.005990765636682216	0.0005139819714654603	0.0019663579156177224	0.0004077518120093604	0.0013985447165638654	0.01679536797131309	0.00459522281223812	-1.861984435813646e-05
0.00580353743801032	0.00020193497367793078	0.0027776801098653436	-0.000153932784008326	0.0008368601205470672	0.019042106355382726	0.0050944980086975455	-0.0010795796368352484
0.00836232281986704	0.0010756665674831467	0.004150686900129763	0.0005325706111238837	0.0020226387121391465	0.019666200350957563	0.006405095399404814	0.00016860835431442567
0.00686449723048721	0.0009508477683681793	0.004025868101014574	0.00047016121156651103	0.0016481823147940222	0.016920186770427836	0.005344135606927702	-0.0005803044403751567
0.004430530647745012	0.00020193497367793078	0.0022159955138476573	0.0001581142137789815	0.00108649771877678	0.011240931410696264	0.0034094442206451525	-0.00020584804303047655
0.004118483649958371	-4.770262455133789e-05	0.001654310917830193	0.00022052361333657622	0.0009616789196615905	0.006248179446098012	0.00228607502861089	-0.000954760837720503
0.003993664850843182	0.00020193497367793078	0.0012798545204852907	0.0012190740062560934	0.0018354105134668064	0.0031901188677803116	0.0021612562294959226	4.378955519968031e-05
0.0009980136720830757	-0.00042215902189646215	-0.00021797106889431817	0.0004077518120093604	0.0009616789196615905	0.0013178368810560226	0.0006634306401160917	-0.0008923514381629083
0.001372470069428644	-0.00011011202410893262	-0.00021797106889431817	0.0008446176089118573	0.0015233635156790548	0.0036269846646828086	0.001225115236133556	4.378955519968031e-05
0.0004987384756234281	0.0001395255741205581	0.00015648532845058405	0.0007197988097962238	0.00108649771877678	0.007808414435034772	0.0015371622339208635	-0.00045548564126041136
0.0004987384756234281	0.0001395255741205581	-3.074287022197808e-05	9.570481422138677e-05	0.0008992695201039957	0.01211466300450148	0.0022236656290532952	0.0002934271534296151
-0.0016231811093307957	-0.00048456842145450096	-0.0003427898680095076	-0.001402120775158222	-0.00047373727016042366	0.015110314183261142	0.0014747528343637129	-0.0008299420386055356
-0.0013111341115437103	1.4706775005368655e-05	-0.00015556166933672344	-0.001214892576485438	-0.000411327870603273	0.017294643167773183	0.0019740280308231384	0.00016860835431442567
-0.0014359529106584557	-0.0002973402227817168	0.00015648532845058405	-0.0015893489738305622	-0.0006609654688327637	0.01610886457618066	0.0015995716334784582	-0.0007051232394903462
-0.0001877649195087816	-0.00011011202410893262	0.00034371352712292413	-0.0010900737773706926	2.5537926299445957e-05	0.012988394598306252	0.0014747528343637129	0.00010619895475727503
-0.0009990871137561808	-0.0003597496223388674	-3.074287022197808e-05	-0.0007780267795833851	-0.0002865090714880836	0.008307689631494641	0.000601021240558941	-0.0007051232394903462
0.00018669147783589857	-0.0002973402227817168	-0.0002803804684519129	-0.00027875158312351545	0.0003999943236439041	0.004188669260700273	0.0004137930418859348	4.378955519968031e-05
0.000311510276951088	-0.00011011202410893262	-9.315226977912872e-05	0.0001581142137789815	0.0007120413214314336	0.0019419308766306376	0.00028897424277118944	-0.0006427138399327514
0.0002491008773934933	-0.00017252142366652734	-0.00040519926756665825	0.0005949800106814784	0.0008992695201039957	0.00231638727397554	0.000601021240558941	0.0002310177538720204
-0.0005622213168536838	-0.0005469778210114296	-0.0007172462653544098	-0.00027875158312351545	0.0002751755245296028	0.0040638504615855275	0.0006634306401160917	-0.0008923514381629083
-0.0008118589150836186	-0.0005469778210114296	-0.0005300180666818477	-0.0007156173800253463	2.5537926299445957e-05	0.006435407644769908	0.0012875246356911507	-0.00026825744258807127
-0.0014359529106584557	-0.00023493082322412207	0.0004685323262381136	-0.0007780267795833851	-0.000411327870603273	0.008120461432821857	0.002036437430380511	-0.0006427138399327514
-0.0005622213168536838	-4.770262455133789e-05	0.0004685323262381136	-0.0008404361791405357	-9.928087281596554e-05	0.007558776836804615	0.0023484844281680406	0.0002310177538720204
-0.0006870401159688733	-0.0005469778210114296	3.1666529335616644e-05	-0.0010900737773706926	-0.0002865090714880836	0.005686494850080326	0.0015995716334784582	-0.0007051232394903462
-0.0006870401159688733	-0.0003597496223388674	-0.0003427898680095076	-0.00046597978179585553	0.0004624037232014988	0.004313488059815018	0.0013499340352480793	-1.861984435813646e-05
-0.0050556980849929545	-0.0006093872205690243	-0.001965434256504306	-0.0011524831769282873	-0.00047373727016042366	0.0019419308766306376	-0.0007095761501487718	-0.00039307624170237254
-0.0079889398641948	-0.001108662417028894	-0.0039625350423440064	-0.0017765771725031243	-0.001472287663080385	0.00031928648813583926	-0.002394629938200721	0.0002934271534296151
-0.008550624460212486	-0.0013583000152590508	-0.0041497632410163465	-0.0024006711680777393	-0.0024084286564427515	0.0001944676890210939	-0.0028939051346608125	-0.0005803044403751567
-0.008113758663309767	-0.0012334812161436393	-0.0043369914396882425	-0.0025254899671929287	-0.0021587910582128167	0.0013178368810560226	-0.0028939051346608125	0.0002310177538720204
-0.008925080857557388	-0.0014831188143737961	-0.004649038437475994	-0.0027751275654226415	-0.002720475654230059	0.0032525282673379063	-0.0035179991302358715	-0.0005803044403751567
-0.006553523674372785	-0.0009214342183565538	-0.0039001256427864117	-0.001838986572060719	-0.0015971064621955744	0.006248179446098012	-0.00214499233997123	0.0004806553521019552
-0.005617382681010197	-0.0012334812161436393	-0.004024944441901157	-0.00227585236896255	-0.0017219252613105418	0.00762118623636221	-0.0020825829404131913	-0.0006427138399327514
-0.0037451006942856857	-0.0007966154192418085	-0.0032760316472106865	-0.0014645301747158168	-0.0009106030670633647	0.00949346822308672	-0.0011464419470512688	0.0002310177538720204
-0.0020600469062337368	-0.0007342060196837696	-0.002152662455176424	-0.001214892576485438	-0.0006609654688327637	0.010429609216449531	-0.00021030095368868018	-0.0005803044403751567
-0.0006246307164112785	-0.000671796620126619	-0.001715796658273927	-0.0012773019760434767	-0.00022409967193048885	0.010179971618219152	0.00010174604409929344	0.00010619895475727503
6.18726787215973e-05	-0.00017252142366652734	-0.000467608667124253	-0.0006532079804681956	-9.928087281596554e-05	0.010242381017776747	0.000601021240558941	-0.0005803044403751567
0.0004987384756234281	-0.00011011202410893262	-0.000467608667124253	-0.0005283891813530062	0.00021276612497200809	0.008994193026626629	0.0008506588387884317	0.00035583655298676575
0.0008731948729687744	-0.00023493082322412207	-0.00021797106889431817	-0.0006532079804681956	8.794732585681864e-05	0.007808414435034772	0.0007258400396736864	-0.00045548564126041136
0.00580353743801032	0.0008884383688101405	0.0023408143129624026	0.0014063022049286555	0.0020226387121391465	0.009243830624856786	0.0032222160219732565	0.0004806553521019552
0.006677269031815092	0.0003267537727933423	0.0025904519111927815	0.0009694364080266027	0.001710591714351617	0.009056602426184224	0.0034094442206451525	-0.0007051232394903462
0.007238953627832334	0.0008260289692534339	0.0029649083085376837	0.0014687116044864723	0.0024595045090416434	0.00980551522087425	0.004095947615778028	0.0002934271534296151
0.007488591226062269	0.0006388007705806498	0.0034017741054401807	0.0014687116044864723	0.002147457511253892	0.011303340810253859	0.004532813412680525	-0.0006427138399327514
0.009984967208361839	0.001450122964828271	0.004587552697032482	0.0024672619974062115	0.003582873701075906	0.013175622796978814	0.006467504798962409	0.00035583655298676575
0.0075510006256194195	0.0011380759670407414	0.003963458701457201	0.001718349202716185	0.0028339609063863236	0.012863575799191063	0.005656182604715232	-0.000330666842145666
0.004804987045090359	0.000576391371023055	0.002652861310750154	0.0012190740062560934	0.002147457511253892	0.012177072404058631	0.00459522281223812	0.0002934271534296151
0.004056074250400776	0.0003267537727933423	0.0025280425116349647	0.0007197988097962238	0.001897819913023957	0.01161538780804161	0.004345585214007963	-0.0005803044403751567
0.003057523857480815	0.0008884383688101405	0.0023408143129624026	0.0010318458075837533	0.002085048111696297	0.01117852201113867	0.0040335382162199895	0.0004182459525443605
-0.00037499311818089964	-0.00023493082322412207	0.0008429887235827938	-0.00027875158312351545	0.0004624037232014988	0.00943105882352957	0.002098846829938328	-0.0006427138399327514
0.0008107854734111797	0.00038916317235071496	0.0011550357213705453	0.0001581142137789815	0.0011489071183343746	0.009368649423971975	0.0024108938277256353	0.0004182459525443605
-0.0002501743190661543	-4.770262455133789e-05	0.0009678075226979832	-0.0004035703822382608	0.00021276612497200809	0.00843250843060983	0.0012875246356911507	-0.000517895040817562
0.0004987384756234281	0.0003267537727933423	0.0011550357213705453	0.00022052361333657622	0.0008368601205470672	0.008182870832379452	0.0017243904325936477	0.0004182459525443605
-0.0007494495155260239	-0.00011011202410893262	0.00040612292668051886	-0.0006532079804681956	-0.00016169027237289413	0.005998541847867411	0.0004762024414435295	-0.00045548564126041136
0.00018669147783589857	0.00038916317235071496	0.000780579324025199	0.00028293301289417094	0.000649631921874283	0.005811313649194627	0.0008506588387884317	0.0006678835507742953
-0.00043740251773849437	-0.00023493082322412207	0.0002813041275657735	-9.152338445095332e-05	-9.928087281596554e-05	0.004438306858930208	0.00028897424277118944	-0.000517895040817562
0.00043632907606627747	0.00020193497367793078	0.00015648532845058405	0.00022052361333657622	0.000649631921874283	0.003939031662470338	0.0007258400396736864	0.0004182459525443605
-0.0006870401159688733	-0.00023493082322412207	-9.315226977912872e-05	-9.152338445095332e-05	0.00021276612497200809	0.004375897459372613	0.0004762024414435295	-0.000517895040817562
0.00037391967650868274	0.0003267537727933423	0.0005309417257957083	0.0005949800106814784	0.0009616789196615905	0.006747454642557438	0.0015371622339208635	0.0004806553521019552
-0.0008742683146412134	-0.0002973402227817168	-0.00021797106889431817	-0.0005907985809106009	0.00015035672541441336	0.007746005035477621	0.0011627058365759613	-0.000517895040817562
-0.0005622213168536838	-0.00023493082322412207	-3.074287022197808e-05	-0.0004035703822382608	0.00033758492408719754	0.010117562218662002	0.0015995716334784582	0.0002310177538720204
-0.0008118589150836186	-4.770262455133789e-05	0.00034371352712292413	-0.0005283891813530062	0.0002751755245296028	0.0117402066071568	0.001849209231707949	-0.0006427138399327514
-0.0003125837186241931	-4.770262455133789e-05	9.407592889321137e-05	-0.0007780267795833851	0.0003999943236439041	0.011677797207598761	0.001849209231707949	0.00035583655298676575
-0.0008118589150836186	-0.00011011202410893262	0.00034371352712292413	-0.0006532079804681956	8.794732585681864e-05	0.011116112611581963	0.0014747528343637129	-0.00045548564126041136
6.18726787215973e-05	7.711617456340747e-05	0.00040612292668051886	-0.00034116098268111017	0.0005248131227590935	0.009181421225299191	0.001661981033036053	0.0002934271534296151
-0.0003125837186241931	-0.0002973402227817168	9.407592889321137e-05	-0.0007156173800253463	8.794732585681864e-05	0.006060951247425006	0.0009754776379031771	-0.0005803044403751567
-0.0006870401159688733	0.00020193497367793078	-3.074287022197808e-05	0.00022052361333657622	0.0005248131227590935	0.00450071625848758	0.0009754776379031771	0.0004806553521019552
-0.006803161272602498	-0.0010462530174712992	-0.002963984649423823	-0.001651758373388157	-0.0014098782635232343	0.0006937428854811856	-0.001708126543068289	-0.000517895040817562
-0.008113758663309767	-0.0012334812161436393	-0.004212172640573941	-0.0019013959716183138	-0.0015346970626377576	-0.00011757930876599154	-0.002394629938200721	0.0002310177538720204
-0.008488215060654447	-0.0009214342183565538	-0.0037753068436712223	-0.0017141677729455296	-0.0015971064621955744	0.0016922932784007028	-0.0020825829404131913	-0.00020584804303047655
-0.008675443259327231	-0.0015455282139313908	-0.004836266636148334	-0.0025254899671929287	-0.0020339722590976272	0.0026284342717630693	-0.002581858136873061	0.00010619895475727503
-0.008800262058441755	-0.0016079376134889856	-0.004524219638361027	-0.0028375369649802362	-0.002533247455557719	0.0038766222629131875	-0.002769086335545623	-0.0005803044403751567
-0.005742201480125386	-0.000671796620126619	-0.0030888034485387905	-0.0017765771725031243	-0.0011602406652928554	0.006310588845654719	-0.0014584889448383542	0.0004806553521019552
-0.005492563881895229	-0.0008590248187994032	-0.002589528252078699	-0.0019638053711754644	-0.001472287663080385	0.006685045242999621	-0.0015833077439535437	-0.000330666842145666
-0.0033082348973831888	-0.000671796620126619	-0.0019030248569467112	-0.001402120775158222	-0.0009730124666205153	0.005873723048752222	-0.0011464419470512688	0.0004182459525443605
-0.0011239059128713702	-0.00042215902189646215	-0.0008420650644691552	-0.0010900737773706926	-0.0005985560692760572	0.004750353856717959	-0.0007095761501487718	-0.000330666842145666
0.0002491008773934933	-0.00023493082322412207	-0.0003427898680095076	-0.00046597978179585553	-9.928087281596554e-05	0.0030028906691079715	-0.00021030095368868018	0.00035583655298676575
-0.0002501743190661543	-0.00042215902189646215	-0.0002803804684519129	-0.0005907985809106009	-0.000411327870603273	0.001879521477073487	-0.00045993855191839295	-0.000517895040817562
0.0008731948729687744	7.711617456340747e-05	-3.074287022197808e-05	0.00034534241245176567	0.0003999943236439041	0.0027532530708778147	0.000601021240558941	0.0004182459525443605
0.0012476512703134546	-0.00023493082322412207	-0.0003427898680095076	-0.000153932784008326	0.00021276612497200809	0.003502165865567619	0.0008506588387884317	-0.000517895040817562
0.006427631433584713	0.0008260289692534339	0.002091176714732912	0.0015935304036014397	0.002272276310368637	0.008245280231937047	0.0038463100175480935	0.00035583655298676575
0.006365222034027118	0.0005139819714654603	0.002465633112077592	0.0012190740062560934	0.0019602293125815518	0.011053703212023924	0.0044704040131229306	-0.0006427138399327514
0.00705172542915955	0.0007636195696958392	0.00284008950942205	0.001094255207141348	0.002334685709926232	0.012613938200961128	0.005032088609139951	4.378955519968031e-05
0.0073637724269470795	0.00026434437323574755	0.003526592904554926	0.0007197988097962238	0.001897819913023957	0.013425260395208305	0.005032088609139951	-0.0010171702372776537
0.009610510811016715	0.0015125323643854216	0.005211646692606875	0.0022800337987338715	0.0033332361028464152	0.013986944991225991	0.006405095399404814	0.00035583655298676575
0.006614859632257497	0.0008260289692534339	0.004337915098802103	0.001094255207141348	0.002272276310368637	0.010304790417333898	0.00459522281223812	-0.000517895040817562
0.005179443442435039	0.001013257167925552	0.0038386399023420115	0.0015935304036014397	0.002334685709926232	0.007371548638132275	0.003783900617990721	0.0004806553521019552
0.0041808930495150776	0.0003267537727933423	0.003339364705882142	0.000907027008469008	0.0015857729152364275	0.004313488059815018	0.0027853502250707596	-0.000517895040817562
0.002433429861905978	0.0007636195696958392	0.002465633112077592	0.0011566646066989428	0.0017730011139087676	0.00231638727397554	0.0022236656290532952	0.0006054741512171447
0.0005611478751810228	0.0004515725719083097	0.001654310917830193	0.0007197988097962238	0.0009616789196615905	0.0020043402761882323	0.0014123434348061181	-8.102924391573119e-05
0.000311510276951088	0.00026434437323574755	0.0009678075226979832	0.0006573894102390732	0.0008992695201039957	0.0031901188677803116	0.0014123434348061181	0.0004182459525443605
-6.294612039359215e-05	0.00026434437323574755	0.000780579324025199	0.00022052361333657622	0.000649631921874283	0.005187219653620234	0.0014747528343637129	-0.00039307624170237254
-0.0004998119172965332	-4.770262455133789e-05	-3.074287022197808e-05	9.570481422138677e-05	0.00033758492408719754	0.007059501640344745	0.0013499340352480793	0.0002310177538720204
-0.0007494495155260239	1.4706775005368655e-05	0.0004685323262381136	-9.152338445095332e-05	0.0005248131227590935	0.008245280231937047	0.0015995716334784582	-0.00045548564126041136
0.00012428207827874793	7.711617456340747e-05	0.0006557605249100096	-9.152338445095332e-05	0.0007744507209888063	0.008370099031052014	0.001661981033036053	0.00035583655298676575
-0.0006870401159688733	-0.00017252142366652734	0.0008429887235827938	-0.00034116098268111017	0.00015035672541441336	0.007558776836804615	0.0009754776379031771	-0.0005803044403751567
0.0002491008773934933	7.711617456340747e-05	0.0010926263218131727	3.3295414663792045e-05	0.0007120413214314336	0.006310588845654719	0.0011002964370188106	0.0002934271534296151
-0.00043740251773849437	1.4706775005368655e-05	0.001217445120927696	-0.000153932784008326	0.00033758492408719754	0.004750353856717959	0.000601021240558941	-0.000330666842145666
0.000311510276951088	0.00020193497367793078	0.0014046733196004801	0.00034534241245176567	0.000649631921874283	0.004812763256274666	0.0009130682383460265	0.0004182459525443605
-0.0011239059128713702	-0.0003597496223388674	0.00040612292668051886	-0.0007780267795833851	-0.0002865090714880836	0.0038142128633551486	0.00010174604409929344	-0.0007675326390477188
-0.00037499311818089964	-4.770262455133789e-05	0.00040612292668051886	-0.00021634218356547663	0.0003999943236439041	0.004875172655832705	0.0007882494392312811	0.0002934271534296151
-0.0009990871137561808	-0.0002973402227817168	-3.074287022197808e-05	-0.0005283891813530062	-0.00016169027237289413	0.006185770046539973	0.0008506588387884317	-0.0005803044403751567
-0.0002501743190661543	7.711617456340747e-05	-9.315226977912872e-05	-0.000153932784008326	0.0005872225223162442	0.006872273441672405	0.0015371622339208635	0.0002934271534296151
-0.0003125837186241931	0.00020193497367793078	3.1666529335616644e-05	-0.000153932784008326	0.0004624037232014988	0.00730913923857468	0.0017243904325936477	-0.000330666842145666
-0.0003125837186241931	-4.770262455133789e-05	-0.00015556166933672344	3.3295414663792045e-05	0.0005872225223162442	0.00712191103990234	0.0019740280308231384	0.0002934271534296151
-0.0003125837186241931	-0.00011011202410893262	9.407592889321137e-05	-0.00027875158312351545	0.0005872225223162442	0.005811313649194627	0.0017867998321512424	-0.000517895040817562
-0.0016855905088883905	-0.0003597496223388674	-0.0005924274662392204	-0.0005283891813530062	0.0002751755245296028	0.0040638504615855275	0.0007882494392312811	4.378955519968031e-05
-0.007489664667734486	-0.001108662417028894	-0.002589528252078699	-0.0019013959716183138	-0.0015971064621955744	0.0015674744792859574	-0.0018329453421834785	-0.000517895040817562
-0.008176168062867362	-0.001108662417028894	-0.00340085044632632	-0.00227585236896255	-0.001659515861752947	0.0005065146868086234	-0.002769086335545623	0.00035583655298676575
-0.008675443259327231	-0.0011710718165864886	-0.0033384410467687253	-0.0023382617685205886	-0.0021587910582128167	0.0008185616845959309	-0.003205952132447898	-0.00045548564126041136
-0.008363396261539702	-0.001108662417028894	-0.0037128974441138496	-0.00227585236896255	-0.0020339722590976272	0.001442655680170768	-0.003205952132447898	0.0004182459525443605
-0.008300986861982107	-0.0015455282139313908	-0.0041497632410163465	-0.0029623557640954257	-0.0025956568551153136	0.0012554274814982058	-0.0037052273289079896	-0.0007051232394903462
-0.005367745082780484	-0.000671796620126619	-0.0029015752498662284	-0.0015893489738305622	-0.0012850594644080449	0.0031901188677803116	-0.0022698111390855313	0.0004182459525443605
-0.005305335683222889	-0.0010462530174712992	-0.0031512128480963852	-0.001838986572060719	-0.0018467440604252872	0.0028780718699934482	-0.002394629938200721	-0.0005803044403751567
-0.0027465503013657244	-0.0007342060196837696	-0.0027143470511938883	-0.0013397113756006274	-0.0008481936675053259	0.0026284342717630693	-0.0014584889448383542	0.00016860835431442567
-0.0010614965133137755	-0.00042215902189646215	-0.001528568459601809	-0.0005283891813530062	-0.0005361466697184625	0.003377347066453096	-0.0006471667505911771	-0.000330666842145666
0.0006859666742959902	0.00026434437323574755	-0.00040519926756665825	0.00047016121156651103	0.0007120413214314336	0.004126259861142678	0.0006634306401160917	0.0006054741512171447
0.00012428207827874793	-0.0002973402227817168	-0.0005300180666818477	-0.00046597978179585553	-3.687147325814877e-05	0.0032525282673379063	0.00010174604409929344	-0.00045548564126041136
0.00043632907606627747	-0.00023493082322412207	-0.00015556166933672344	-2.9113984892914502e-05	0.00033758492408719754	0.004313488059815018	0.0004762024414435295	0.00035583655298676575
0.0018093358663306969	-0.00011011202410893262	0.0010302169222553559	3.3295414663792045e-05	0.0005872225223162442	0.005249629053177829	0.001225115236133556	-0.00045548564126041136
0.006802087830930281	0.0008884383688101405	0.0032145459067676185	0.001094255207141348	0.002272276310368637	0.007371548638132275	0.0032846254215308512	0.0006054741512171447
0.006677269031815092	0.0007012101701382445	0.003963458701457201	0.0012190740062560934	0.0018354105134668064	0.008370099031052014	0.0034718536202031913	-0.00045548564126041136
0.007738228824291982	0.0013253041657126374	0.004400324498359698	0.0018431680018309304	0.002709142107271134	0.00843250843060983	0.004345585214007963	0.0006678835507742953
0.008861598016327132	0.0011380759670407414	0.005024418493934535	0.001718349202716185	0.0028339609063863236	0.007933233234149961	0.004720041611352421	-0.000330666842145666
0.00936087321278678	0.0012628947661554868	0.00514923729304928	0.002404852597848617	0.0032708267032888205	0.008120461432821857	0.005219316807812513	0.0002934271534296151
0.00561630923933798	0.0007636195696958392	0.003776230502785305	0.0014687116044864723	0.0022098669108114866	0.006310588845654719	0.0040335382162199895	-0.00045548564126041136
0.004804987045090359	0.0008260289692534339	0.0030273177080948344	0.0014687116044864723	0.002272276310368637	0.005748904249637921	0.003721491218432904	0.0004806553521019552
0.003868846051727992	0.0005139819714654603	0.0029649083085376837	0.0012814834058136881	0.0018354105134668064	0.005936132448309817	0.0034094442206451525	-0.0005803044403751567
0.0008107854734111797	0.00020193497367793078	0.0014670827191580749	0.0005325706111238837	0.0012113165178915253	0.004812763256274666	0.0022236656290532952	0.00016860835431442567
-0.00037499311818089964	1.4706775005368655e-05	0.0012798545204852907	3.3295414663792045e-05	0.0005872225223162442	0.00462553505760277	0.0012875246356911507	-0.0005803044403751567
0.000311510276951088	7.711617456340747e-05	0.0014046733196004801	0.00034534241245176567	0.0008992695201039957	0.004937582055390299	0.0014123434348061181	0.00016860835431442567
-0.0003125837186241931	-0.00023493082322412207	0.0014046733196004801	-0.00034116098268111017	0.0004624037232014988	0.003939031662470338	0.0007258400396736864	-0.0006427138399327514
0.00018669147783589857	-4.770262455133789e-05	0.0013422639200428854	-9.152338445095332e-05	0.0005248131227590935	0.003564575265125436	0.0006634306401160917	0.00010619895475727503
-0.0005622213168536838	1.4706775005368655e-05	0.0014046733196004801	-9.152338445095332e-05	0.0002751755245296028	0.0031901188677803116	0.00035138364232878416	-0.000330666842145666
0.000748376073853807	0.0005139819714654603	0.001654310917830193	0.0005325706111238837	0.0009616789196615905	0.0027532530708778147	0.0008506588387884317	0.0005430647516595499
-0.0006246307164112785	-0.0002973402227817168	0.0007181699244680484	-0.00034116098268111017	-9.928087281596554e-05	0.0016922932784007028	3.933664454081054e-05	-0.000517895040817562
-0.0003125837186241931	-0.00011011202410893262	0.0004685323262381136	3.3295414663792045e-05	0.00021276612497200809	0.002503615472648324	0.0004762024414435295	0.00016860835431442567
-0.0008118589150836186	0.0001395255741205581	0.00040612292668051886	-2.9113984892914502e-05	0.00033758492408719754	0.002940481269550821	0.000601021240558941	-0.000330666842145666
-6.294612039359215e-05	0.0001395255741205581	0.00021889472800817877	0.00022052361333657622	0.0005872225223162442	0.004313488059815018	0.0011002964370188106	0.00035583655298676575
-0.0013111341115437103	-0.00023493082322412207	3.1666529335616644e-05	-0.00021634218356547663	8.794732585681864e-05	0.0051248102540626395	0.0009130682383460265	-0.000517895040817562
-0.0005622213168536838	-4.770262455133789e-05	3.1666529335616644e-05	-0.00027875158312351545	0.00033758492408719754	0.005436857251850391	0.0010378870374607718	0.0002310177538720204
-0.0008742683146412134	-0.00042215902189646215	0.00034371352712292413	-0.0005283891813530062	-9.928087281596554e-05	0.005249629053177829	0.0007882494392312811	-0.0007051232394903462
-0.0002501743190661543	-0.00023493082322412207	0.0004685323262381136	-0.00034116098268111017	0.0003999943236439041	0.004251078660257868	0.0009130682383460265	4.378955519968031e-05
-0.0007494495155260239	-0.0006093872205690243	0.00040612292668051886	-0.0008404361791405357	-9.928087281596554e-05	0.002503615472648324	0.0002265648432135947	-0.0008299420386055356
-0.00012535551995118688	-0.00048456842145450096	0.0005309417257957083	-0.00027875158312351545	0.00021276612497200809	0.002066749675745827	0.00035138364232878416	-0.00020584804303047655
-0.0005622213168536838	-0.0002973402227817168	0.0004685323262381136	-0.00027875158312351545	2.5537926299445957e-05	0.0012554274814982058	0.00028897424277118944	-0.0006427138399327514
-0.001373543511100861	0.00038916317235071496	0.00015648532845058405	-9.152338445095332e-05	0.0004624037232014988	0.0012554274814982058	0.0002265648432135947	0.0006054741512171447
-0.008987490257114539	-0.0014831188143737961	-0.0034632598458834707	-0.002463080567635334	-0.0023460192568851568	-0.0004920357061113378	-0.003205952132447898	-0.0007051232394903462
-0.008363396261539702	-0.0007966154192418085	-0.00358807864499866	-0.001838986572060719	-0.0017219252613105418	0.00044410528725080667	-0.0026442675364310997	0.0004806553521019552
-0.009049899656672133	-0.0014831188143737961	-0.004461810238803432	-0.0027751275654226415	-0.0024084286564427515	-0.000242398107881181	-0.0035179991302358715	-0.000517895040817562
-0.007864121065080054	-0.0007342060196837696	-0.0039001256427864117	-0.0015893489738305622	-0.0015971064621955744	0.0009433804837106763	-0.0027066769359884724	0.0006054741512171447
-0.008238577462424956	-0.0014831188143737961	-0.004524219638361027	-0.0025254899671929287	-0.0024084286564427515	-0.0004296263065537431	-0.0035179991302358715	-0.0006427138399327514
-0.005180516884108144	-0.0008590248187994032	-0.0032760316472106865	-0.001402120775158222	-0.0012850594644080449	-0.000242398107881181	-0.0025194487373159102	0.00035583655298676575
-0.004806060486762798	-0.0012334812161436393	-0.002963984649423823	-0.001651758373388157	-0.0017843346608681365	-0.0004296263065537431	-0.0027066769359884724	-0.0007051232394903462
-0.0020600469062337368	-0.0006093872205690243	-0.0015909778591591817	-0.0010276643778130978	-0.0007233748683903585	0.00031928648813583926	-0.0016457171435111384	0.0002310177538720204
-0.0006870401159688733	-0.00048456842145450096	-0.00040519926756665825	-0.0007780267795833851	-0.0005985560692760572	0.0013802462806136173	-0.0012088513466084194	-0.0005803044403751567
0.0002491008773934933	-0.0003597496223388674	-9.315226977912872e-05	-0.00034116098268111017	-0.00016169027237289413	0.0024412060730907292	-0.0007095761501487718	0.0002934271534296151
-0.00043740251773849437	-0.0006093872205690243	-0.00015556166933672344	-0.0010276643778130978	-0.0006609654688327637	0.0028156624704351874	-0.0008968043488206678	-0.0006427138399327514
0.0004987384756234281	-4.770262455133789e-05	0.00034371352712292413	-0.00034116098268111017	0.00015035672541441336	0.004375897459372613	-0.00014789155413152955	0.00016860835431442567
0.0014348794689862387	-0.0002973402227817168	0.0007181699244680484	-0.00027875158312351545	-3.687147325814877e-05	0.005499266651407542	0.000601021240558941	-0.0006427138399327514
0.006427631433584713	0.000576391371023055	0.0024032237125199973	0.0009694364080266027	0.0018354105134668064	0.006622635843442248	0.0030349878233004723	0.00010619895475727503
0.0067396784313726865	0.000576391371023055	0.0030273177080948344	0.0012190740062560934	0.001897819913023957	0.006310588845654719	0.0035966724193179367	-0.0005803044403751567
0.007488591226062269	0.0009508477683681793	0.003526592904554926	0.0020303962005037146	0.0025843233081559447	0.005873723048752222	0.004407994613565336	0.0002934271534296151
0.008924007415884727	0.001200485366597892	0.004525143297474887	0.0022176243991762767	0.0028963703059439183	0.004937582055390299	0.0049696792095828	-0.00039307624170237254
0.009048826214999028	0.0009508477683681793	0.004587552697032482	0.0025296713969638063	0.002958779705501069	0.004001441062027933	0.0049072698100252055	4.378955519968031e-05
0.0050546246433202935	0.0004515725719083097	0.003526592904554926	0.0014063022049286555	0.0017730011139087676	0.002253977874418389	0.0032846254215308512	-0.0007675326390477188
0.004804987045090359	0.0007012101701382445	0.0035890023041125207	0.0014687116044864723	0.0022098669108114866	0.0027532530708778147	0.003097397222858067	0.00016860835431442567
0.00368161785305543	0.00020193497367793078	0.0034017741054401807	0.000907027008469008	0.0013985447165638654	0.004251078660257868	0.00247330322728323	-0.0007675326390477188
0.00012428207827874793	0.0001395255741205581	0.001841539116502977	0.00022052361333657622	0.0008368601205470672	0.004812763256274666	0.001225115236133556	0.00016860835431442567
-0.0006870401159688733	-0.00023493082322412207	0.0014046733196004801	-0.0007156173800253463	0.00021276612497200809	0.004937582055390299	0.0005386118410009022	-0.0006427138399327514
-6.294612039359215e-05	0.0004515725719083097	0.0017791297169453824	0.00022052361333657622	0.0007744507209888063	0.005998541847867411	0.0010378870374607718	0.0004182459525443605
-0.0008118589150836186	-0.00011011202410893262	0.0010926263218131727	-0.00027875158312351545	2.5537926299445957e-05	0.004251078660257868	0.0004762024414435295	-0.0005803044403751567
0.0005611478751810228	0.00026434437323574755	0.0010302169222553559	0.00034534241245176567	0.0008992695201039957	0.0019419308766306376	0.0008506588387884317	0.00035583655298676575
-0.0007494495155260239	-0.0003597496223388674	0.00040612292668051886	3.3295414663792045e-05	-3.687147325814877e-05	-0.00017998870832358627	3.933664454081054e-05	-0.0008299420386055356
