Sensor_1	Sensor_2	Sensor_3	Sensor_4	Sensor_5	Sensor_6	Sensor_7	Sensor_8
-0.0011538530632484445	7.49037613489989e-05	0.0008971163958191308	-0.0008135439688712331	-0.0009924155489438036	0.0007204041809716344	-6.970193789612722e-05	-0.00028791016250795387
9.43349279010075e-05	0.0003245413595789337	0.0005226599984742286	-2.2217746236119496e-06	-0.00011868395513814356	0.0009700417792022353	0.00024234505989162436	0.0004610026321816285
-3.0483871213737856e-05	0.00013731316090659362	-3.902459754323573e-05	-6.463117418120667e-05	0.00019336304264894189	0.0014069075761045102	-0.00031933953612606203	-0.0003503195620655486
0.0015921605172806164	0.00044936015869412316	-0.0002262527962155758	0.0008091004196231211	0.0013167322346834265	0.002093410971236942	-6.970193789612722e-05	0.000585821431296818
0.0009056571221481846	0.00019972256046374426	-0.0006631185931180728	0.0008091004196231211	0.0011295040360110864	0.002093410971236942	-0.0005065677347984021	-0.00028791016250795387
0.0017793887159531785	0.0005117695582517179	-0.0005382997940028833	0.0013707850156408075	0.001816007431143296	0.002717504966811335	-7.292538338532495e-06	0.000585821431296818
-0.0006545778667885749	7.49037613489989e-05	-0.0010999843900207917	0.0004970534218360356	0.0005054100404362494	0.002093410971236942	-0.000943433531700455	-0.00022550076295080324
-0.005210464034485218	-0.0006115996337834329	-0.0032219039749747935	-0.001063181567101168	-0.0012420531471732943	0.0007204041809716344	-0.002815715518425632	0.0004610026321816285
-0.00839334341191722	-0.0010484654306854857	-0.004220454367894977	-0.002561007156481221	-0.0026774693369953084	3.3900785839424685e-05	-0.004063903509574862	-0.00028791016250795387
-0.008018887014572096	-0.000986056031128335	-0.00378358857099248	-0.0026234165560379274	-0.0029271069352254653	0.000595585381856889	-0.0036270377126728093	0.0004610026321816285
-0.009329484405279809	-0.0012981030289158646	-0.004158044968337604	-0.0034347387502859927	-0.0036760197299154918	9.631018539724145e-05	-0.004251131708247646	-0.0004751383611809601
-0.008518162211032188	-0.0010484654306854857	-0.004158044968337604	-0.003122691752498019	-0.0030519257343406547	-9.091801327554272e-05	-0.004063903509574862	0.0004610026321816285
-0.00820611521324488	-0.0016101500267033941	-0.004282863767452572	-0.0030602823529410905	-0.003426382131685335	-0.0007774214084079745	-0.004251131708247646	-0.0007247759594108949
-0.005272873434042813	-0.0006740090333405835	-0.003533950972762545	-0.001687275562676449	-0.0016165095445181965	9.631018539724145e-05	-0.0030029437170979723	0.0003361838330666611
-0.003338182047760485	-0.0005491902342258381	-0.002909856977187708	-0.0010007721675435732	-0.0008051873502710194	0.0005331759822992943	-0.0025660779201952533	-0.0003503195620655486
-0.0010290342641336991	-0.0002371432364383086	-0.0021609441824976816	0.0001850064240485061	0.00019336304264894189	0.001469316975662105	-0.0015051181277183634	0.00039859323262425583
-0.0007793966659033202	-0.00011232443732378528	-0.0020361253833829362	0.0001850064240485061	0.0003181818417634652	0.0021558203707945367	-0.0013802993286027299	-0.00028791016250795387
3.192552834385687e-05	-4.9915037765968506e-05	-0.0018488971847103741	0.0002474158236061008	0.0005054100404362494	0.0025926861676965895	-0.0011930711299308339	0.0003361838330666611
-0.0009042154650189538	-0.0002995526359963474	-0.0012248031891357591	-6.463117418120667e-05	-0.00011868395513814356	0.0032791895628290213	-0.0010682523308156444	-0.0005999571602957054
0.0005936101243606551	0.00038695075913652843	2.3384802014358996e-05	0.0003722346227208462	0.00044300064087865465	0.004777015152208852	0.0003047544594492191	0.0004610026321816285
0.0032772143053330094	0.0003245413595789337	0.0019580761882962427	0.0002474158236061008	0.0005054100404362494	0.00583797494468663	0.0014281236514839257	-0.0006623665598533002
0.006522503082322606	0.001323091752498895	0.004267223971923917	0.0014956038147555528	0.0017535980315861455	0.0074606193331809845	0.0036124526359959663	0.00039859323262425583
0.00546154328984505	0.0012606823529408562	0.00451686157015363	0.0010587380178535	0.0013167322346834265	0.007086162935835416	0.0034252244373236262	-0.00028791016250795387
0.007271415877012188	0.0012606823529408562	0.00489131796749831	0.0015580132143135916	0.0020032356298163023	0.0065868877393757685	0.0039869090333408685	0.00021136503395191575
0.00789550987258747	0.001323091752498895	0.005328183764401029	0.0018700602121008991	0.0021280544289306036	0.006087612542916121	0.004111727832456058	-0.0005375477607385548
0.0074586440756847505	0.001510319951171235	0.004392042771038218	0.002119697810330834	0.0026273296253906953	0.005213880949111349	0.0037372714351107117	0.0004610026321816285
0.0051494962920575205	0.0008238165560390254	0.0028318077821014587	0.0015580132143135916	0.001816007431143296	0.003716055359731296	0.002177036446173952	-0.0004751383611809601
0.0062104560845350765	0.0010734541542689602	0.002519760784313929	0.00230692600900273	0.0025649202258333226	0.0038408741588464856	0.0024890834439612597	0.0003361838330666611
0.0028403485084307345	0.0005117695582517179	0.0005850693980316013	0.001245966216526062	0.0017535980315861455	0.0027799143663689296	0.0006792108567938993	-0.0003503195620655486
0.0025907109102007997	0.0008238165560390254	0.000210613000686255	0.0016204226138707423	0.001816007431143296	0.0030295519645993085	0.0006168014572367486	0.000585821431296818
0.001467341718166315	0.0005741789578084244	0.00033543179980144444	0.0011835568169684674	0.0010670946364537137	0.0034040083619437667	0.00042957325856396444	-0.0001630913633932085
0.0013425229190511256	0.0006365883573664632	0.00039784119935903917	0.000621872220950781	0.0008174570382237789	0.003591236560616551	0.0004919826581211151	0.0005234120317392232
-9.289327077133258e-05	7.49037613489989e-05	0.0006474787975894181	-0.0003142687724115856	-0.00036832155336852246	0.003528827161058956	0.000117526260776879	-0.0005375477607385548
3.192552834385687e-05	0.00019972256046374426	0.0008347069962615361	-0.0005639063706412983	-0.00036832155336852246	0.003778464759288891	0.0004919826581211151	0.0002737744335090664
-0.00021771206988652203	0.00044936015869412316	0.0013963915922792225	-0.0008135439688712331	-0.0004931403524834899	0.0038408741588464856	0.0004919826581211151	-0.00022550076295080324
0.00021915372701619695	0.0003245413595789337	0.001271572793164033	-0.00043908757152588684	-0.00030591215381092773	0.0036536459601741456	0.0004919826581211151	0.0003361838330666611
-0.0005297590676736075	7.49037613489989e-05	0.0005850693980316013	-0.000626315770198449	-0.0004931403524834899	0.003091961364156237	-0.00013211133745327786	-0.00041272896162336536
0.000843247722591034	0.000262131960021339	8.579420157195372e-05	-0.0001270405737388014	0.0005054100404362494	0.002904733165484119	-7.292538338532495e-06	0.0003361838330666611
0.0005936101243606551	0.00019972256046374426	-0.00010143399710083045	0.0003722346227208462	0.0005054100404362494	0.0026550955672541843	-0.0003817489356827686	-0.0003503195620655486
0.0009680665217062234	0.000262131960021339	-0.0007879373922332622	0.0006842816205083757	0.0011295040360110864	0.0026550955672541843	-0.00031933953612606203	0.00039859323262425583
0.0007808383230334393	0.000262131960021339	-0.0009127561913480076	0.000621872220950781	0.0011295040360110864	0.0026550955672541843	-0.0005065677347984021	-0.0001630913633932085
0.0014049323186082763	0.0005117695582517179	-0.000600709193560478	0.0011211474174108726	0.0013167322346834265	0.0034040083619437667	-6.970193789612722e-05	0.0005234120317392232
9.43349279010075e-05	0.00019972256046374426	-0.00047589039444573267	0.0004970534218360356	0.0005678194399938441	0.003716055359731296	-0.0002569301365684673	-0.00022550076295080324
0.00028156312657356963	0.00044936015869412316	0.000210613000686255	0.00030982522316325145	0.00044300064087865465	0.004589786953536068	0.00017993566033402963	0.000585821431296818
-0.0006545778667885749	0.0003245413595789337	0.0008971163958191308	-0.0003766781719691803	-0.00043073095292589514	0.005276290348668944	5.5116861218840185e-05	-0.0001630913633932085
-3.0483871213737856e-05	0.0009486353551537707	0.0015212103913939679	-0.00018944997329639612	6.134843976157711e-06	0.0063996595407034285	0.0009288484550240561	0.0010850966277562435
-0.002963725650415805	-0.00011232443732378528	0.000210613000686255	-0.0016248661631184103	-0.001741328343633386	0.004464968154421323	-0.0008186147325859316	-0.00028791016250795387
-0.006583470824749638	-0.0002995526359963474	-0.0021609441824976816	-0.0020617319600211292	-0.0022406035400934776	0.0019685921721217525	-0.002628487319753292	0.0007106402304115633
-0.007894068215456906	-0.0008612372320131456	-0.003970816769665264	-0.0026234165560379274	-0.002552650537881007	-2.8508613717947995e-05	-0.0040014941100179335	-3.827256427846315e-05
-0.006146605027847807	-0.0004867808346682434	-0.004220454367894977	-0.0013752285648886975	-0.0013668719462887058	-0.0007774214084079745	-0.0037518565117875546	0.0008354590295267528
-0.0074572024185548536	-0.000986056031128335	-0.005531051758602468	-0.0014376379644460702	-0.0016165095445181965	-0.002150428198672616	-0.0046255881055927706	-3.827256427846315e-05
-0.0062090144274054015	-0.0008612372320131456	-0.005843098756389775	-0.0008759533684288279	-0.0007427779507134247	-0.0019631999999998317	-0.0044383599069204305	0.000773049629969158
-0.005772148630502905	-0.0011108748302435245	-0.005219004760814494	-0.0010007721675435732	-0.0010548249485013983	-0.0009646496070803146	-0.004251131708247646	-0.00028791016250795387
-0.004087094842450512	-0.00036196203555305395	-0.0038459979705500746	-0.00018944997329639612	-0.00043073095292589514	0.0014069075761045102	-0.0027533061188675934	0.0007106402304115633
-0.004024685442892917	-0.0004867808346682434	-0.0027850381780729627	-0.001063181567101168	-0.0010548249485013983	0.0030295519645993085	-0.0023164403219655405	-0.0001630913633932085
-0.0018403564583808762	7.49037613489989e-05	-0.0007879373922332622	-0.0007511345693140825	-0.00068036855115583	0.005213880949111349	-0.0008186147325859316	0.000773049629969158
-0.0025892692530709027	-4.9915037765968506e-05	-0.00010143399710083045	-0.0011880003662163574	-0.0014292813458458564	0.0057755655451285914	-0.0005065677347984021	-0.00010068196383561379
-0.0017779470588232815	1.2494361791626218e-05	0.000210613000686255	-0.0014376379644460702	-0.0011172343480581048	0.005713156145570997	-0.0002569301365684673	0.0004610026321816285
-0.0017779470588232815	-4.9915037765968506e-05	0.00039784119935903917	-0.001250409765773508	-0.0014292813458458564	0.004527377553978917	-0.0004441583352412515	-0.00022550076295080324
0.0012177041199363803	0.0005117695582517179	0.0010219351949343203	6.0187624933538686e-05	0.0002557724422060925	0.003778464759288891	0.000741620256351494	0.0005234120317392232
0.005024677492942775	0.000886225955596176	0.0024573513847563344	0.0013707850156408075	0.001816007431143296	0.004215330556191388	0.0020522176470587628	-0.0001630913633932085
0.008269966269932372	0.0012606823529408562	0.003206264179446361	0.002743791805905671	0.0033762424200804997	0.004777015152208852	0.0031755868390934694	0.0005234120317392232
0.00783310047302943	0.001135863553826555	0.0027069889829862692	0.002743791805905671	0.003313833020522905	0.003716055359731296	0.0026763116426331557	-0.0003503195620655486
0.00995502005798432	0.0016975481498437972	0.003580720576790819	0.0038671609979403776	0.004437202212558278	0.00490183395132382	0.003924499633783274	0.000585821431296818
0.009018879064622398	0.0014479105516136404	0.004079995773251133	0.003555114000153292	0.0036258800183106565	0.0059627937438009315	0.0037996808346683064	-0.00022550076295080324
0.006584912481879979	0.001135863553826555	0.003206264179446361	0.0023693354085603247	0.002502510826275728	0.006711706538490958	0.0029883586404211293	0.00021136503395191575
0.004026127100022592	0.0007614071564814306	0.002956626581216426	0.0008091004196231211	0.0009422758373385243	0.007585438132295286	0.0021146270466163575	-0.0005375477607385548
0.0045254022964831275	0.0011982729533837055	0.0038927675745783485	0.0009339192187383105	0.001004685236896119	0.009083263721675339	0.0029259492408630905	0.0004610026321816285
-0.0001553026703289273	0.00038695075913652843	0.0019580761882962427	-0.0008135439688712331	-0.0009300061493857648	0.006774115938048109	0.0008040296559090887	-0.00041272896162336536
0.000843247722591034	0.0006989977569238359	0.001895666788738648	-0.0003766781719691803	-5.6274555581437014e-05	0.006774115938048109	0.0011160766536963962	0.0006482308308539686
0.0005312007248039485	0.00038695075913652843	0.0013963915922792225	-0.00025185937285399085	-0.00011868395513814356	0.0047146057526512575	0.0006168014572367486	-0.00028791016250795387
0.001904207515068368	0.0006989977569238359	0.0007722975967039414	0.0005594628213936303	0.0010670946364537137	0.0032167801632714266	0.0008040296559090887	0.0007106402304115633
0.001467341718166315	0.00019972256046374426	2.3384802014358996e-05	0.000434644022278885	0.001004685236896119	0.001219679377431726	-0.00013211133745327786	-0.0003503195620655486
0.0024034827115282376	0.0005117695582517179	8.579420157195372e-05	0.0016204226138707423	0.0018784168307008908	0.0012820887769893208	0.0003671638590063697	0.000585821431296818
0.0012177041199363803	0.000262131960021339	-0.0006631185931180728	0.0009339192187383105	0.0012543228351262758	0.0013444981765469155	-0.0003817489356827686	-0.00022550076295080324
0.002341073311971087	0.0006989977569238359	0.000210613000686255	0.001433194415197958	0.0018784168307008908	0.0034040083619437667	0.0004919826581211151	0.0006482308308539686
3.192552834385687e-05	7.49037613489989e-05	-3.902459754323573e-05	0.0003722346227208462	0.0002557724422060925	0.004215330556191388	-0.0002569301365684673	-0.0003503195620655486
0.00021915372701619695	0.0005741789578084244	0.00033543179980144444	6.0187624933538686e-05	0.0002557724422060925	0.0059627937438009315	0.00024234505989162436	0.0006482308308539686
-0.0009666248645761044	1.2494361791626218e-05	0.00039784119935903917	-0.0009383627679859785	-0.0007427779507134247	0.0063996595407034285	-0.00019452073701087258	-0.0003503195620655486
-0.0007793966659033202	0.0003245413595789337	0.0007098881971467907	-0.0006887251697564878	-0.00068036855115583	0.0068365253376061474	0.00024234505989162436	0.0004610026321816285
-0.0014034906614786014	-4.9915037765968506e-05	0.0002730224002442938	-0.001250409765773508	-0.0009924155489438036	0.0057755655451285914	-0.0002569301365684673	-0.00041272896162336536
0.00015674432745860223	0.00038695075913652843	0.0005226599984742286	-0.0003142687724115856	-5.6274555581437014e-05	0.005026652750439009	0.00024234505989162436	0.0005234120317392232
-0.00021771206988652203	0.00013731316090659362	8.579420157195372e-05	-0.00025185937285399085	-0.00011868395513814356	0.003528827161058956	-0.0002569301365684673	-0.00028791016250795387
0.0010928853208207467	0.00044936015869412316	-3.902459754323573e-05	0.0004970534218360356	0.0009422758373385243	0.0025926861676965895	5.5116861218840185e-05	0.000585821431296818
0.0006560195239182498	0.00019972256046374426	-0.00028866219577317054	0.0004970534218360356	0.0006926382391090335	0.0024678673685820662	-0.0005065677347984021	-0.00028791016250795387
0.00028156312657356963	0.00038695075913652843	-0.0006631185931180728	0.0009339192187383105	0.001004685236896119	0.01457529088273457	-0.0011306617303732391	0.000585821431296818
-0.001653128259708092	-0.0004867808346682434	-0.0024105817807280605	-0.001250409765773508	-0.00018109335469573828	0.014013606286716884	-0.002815715518425632	-0.0004751383611809601
-0.006458652025635336	-0.0007364184328981782	-0.004594910765240101	-0.0017496849622335997	-0.001491690745403007	0.014325653284504192	-0.004687997505149921	0.0003361838330666611
-0.008705390409704528	-0.0012356936293582699	-0.005281414160372089	-0.002748235355153561	-0.002615059937438158	0.015698660074769277	-0.005561729098954915	-0.0004751383611809601
-0.00795647761501539	-0.0009236466315707403	-0.005281414160372089	-0.002748235355153561	-0.0022406035400934776	0.01694684806591895	-0.0052496821011671635	0.0004610026321816285
-0.008955028007934906	-0.0012981030289158646	-0.005655870557717213	-0.003372329350728398	-0.0031767445334554	0.017009257465476546	-0.0058737760967420005	-0.00041272896162336536
-0.007894068215456906	-0.0008612372320131456	-0.005281414160372089	-0.002997872953383496	-0.002365422339208223	0.016697210467689017	-0.005187272701610013	0.000585821431296818
-0.0072699742198825135	-0.0010484654306854857	-0.004532501365682506	-0.0028730541542683063	-0.0023030129396506283	0.01794539845883847	-0.005000044502937673	-0.00028791016250795387
-0.004586370038910603	-0.0004867808346682434	-0.0036587697718777346	-0.001687275562676449	-0.0012420531471732943	0.01794539845883847	-0.003939084710460117	0.0005234120317392232
-0.0034630008468752305	-0.00036196203555305395	-0.003097085175860048	-0.0013752285648886975	-0.00068036855115583	0.017570942061494232	-0.0033774001144428745	-0.0001630913633932085
-0.0009042154650189538	-4.9915037765968506e-05	-0.0022233535820552763	-0.000626315770198449	0.00044300064087865465	0.01794539845883847	-0.0025036685206381026	0.0004610026321816285
-0.000841806065460915	-0.00017473383688115796	-0.0018488971847103741	-0.0003142687724115856	0.0003181818417634652	0.01888153945220128	-0.0023164403219655405	-0.0003503195620655486
9.43349279010075e-05	0.00019972256046374426	-0.0017864877851532235	-2.2217746236119496e-06	0.001004685236896119	0.021065868436712876	-0.0018795745250628215	0.000585821431296818
-9.289327077133258e-05	1.2494361791626218e-05	-0.0017240783855949626	-0.00043908757152588684	0.0007550476386661842	0.023687063218127413	-0.0021292121232932004	-0.0001630913633932085
0.002091435713740708	0.0005117695582517179	-0.00028866219577317054	0.0003722346227208462	0.0013167322346834265	0.028305358785382095	-0.0010058429312580497	0.0005234120317392232
0.004837449294270213	0.000886225955596176	0.0015212103913939679	0.000621872220950781	0.0020032356298163023	0.03273642615396333	0.0004919826581211151	-0.00022550076295080324
0.007333825276569561	0.0015727293507286078	0.003143854779888766	0.001433194415197958	0.0031890142214081596	0.03654339952697061	0.001802580048828828	0.000773049629969158
0.005960818486304698	0.0011982729533837055	0.003206264179446361	0.0008091004196231211	0.0023776920271609825	0.0420354266880294	0.0011160766536963962	-0.00022550076295080324
0.008394785069047117	0.001510319951171235	0.00383035817502142	0.0010587380178535	0.003126604821850565	0.041161695094224626	0.0020522176470587628	0.0005234120317392232
0.00808273807125981	0.0013855011520560456	0.004267223971923917	0.0013083756160832127	0.002939376623178669	0.03754194991989057	0.0020522176470587628	-0.00028791016250795387
0.006148046684977482	0.000886225955596176	0.0028942171816583873	0.0010587380178535	0.002440101426718577	0.031176191165026568	0.001178486053253991	0.00021136503395191575
0.005336724490730305	0.001135863553826555	0.002519760784313929	0.001245966216526062	0.002440101426718577	0.024435976012817662	0.0009288484550240561	-0.0001630913633932085
0.006272865484092671	0.0012606823529408562	0.002519760784313929	0.0018700602121008991	0.002876967223621074	0.01925599584954618	0.0014281236514839257	0.0006482308308539686
0.0021538451132983027	0.0006365883573664632	0.0006474787975894181	0.0009339192187383105	0.0015039604333562107	0.015012156679636846	-0.0003817489356827686	-0.00010068196383561379
0.0025907109102007997	0.0007614071564814306	0.0002730224002442938	0.0011835568169684674	0.0019408262302587076	0.015449022476539342	-0.00031933953612606203	0.000773049629969158
0.0015297511177239098	0.0005741789578084244	0.00014820360112954845	0.0007466910200659704	0.0013791416342414653	0.019006358251315802	-0.0010058429312580497	-3.827256427846315e-05
0.0013425229190511256	0.0006365883573664632	-0.0001638433966579811	0.000434644022278885	0.0011919134355686811	0.025122479407950538	-0.0012554805294884286	0.000585821431296818
0.00015674432745860223	0.000262131960021339	-0.00047589039444573267	-0.0007511345693140825	0.00044300064087865465	0.031113781765468973	-0.002191621522850351	-0.0003503195620655486
0.0007184289234758445	0.00038695075913652843	-0.00010143399710083045	-0.0006887251697564878	0.0005678194399938441	0.036668218326085356	-0.0021292121232932004	0.0005234120317392232
-0.0005297590676736075	0.0003245413595789337	-0.0001638433966579811	-0.0011880003662163574	6.854424353375244e-05	0.03941423190661486	-0.0025660779201952533	-0.00022550076295080324
0.0004687913252463538	0.0003245413595789337	-0.0003510715953305432	-0.0011880003662163574	0.0005054100404362494	0.038478090913252494	-0.002441259121080508	0.0004610026321816285
-0.0004049402685593062	-4.9915037765968506e-05	-0.00047589039444573267	-0.0013752285648886975	-0.00011868395513814356	0.03385979534599848	-0.002878124917982783	-0.0004751383611809601
0.0005312007248039485	0.00013731316090659362	-0.00047589039444573267	-0.0005014969710839257	0.0006302288395514388	0.02811813058670931	-0.0020668027237356057	0.0003361838330666611
0.0006560195239182498	0.000262131960021339	-0.0005382997940028833	-0.0003766781719691803	0.0008174570382237789	0.02156514363317341	-0.001817165125506115	-0.0001630913633932085
0.0007184289234758445	0.00013731316090659362	-0.0007255279926756675	0.0002474158236061008	0.0009422758373385243	0.01713407626459129	-0.0016923463263904814	0.0003361838330666611
-3.0483871213737856e-05	-4.9915037765968506e-05	-0.001037574990462975	-0.0001270405737388014	0.0005054100404362494	0.01588588827344184	-0.002004393324178011	-0.0005375477607385548
0.0009056571221481846	0.00019972256046374426	-0.0007879373922332622	0.0002474158236061008	0.0011295040360110864	0.01844467365529856	-0.0015051181277183634	0.0003361838330666611
-0.00028012146944367267	0.00013731316090659362	-0.00047589039444573267	-6.463117418120667e-05	0.00044300064087865465	0.022750922224765713	-0.0018795745250628215	-0.0003503195620655486
-0.0009042154650189538	1.2494361791626218e-05	-0.0001638433966579811	-0.0008759533684288279	-5.6274555581437014e-05	0.0254345264057374	-0.0017547557259485203	0.0003361838330666611
-0.001278671862363634	-0.00011232443732378528	0.000210613000686255	-0.0015624567635612596	-0.0009300061493857648	0.024435976012817662	-0.0019419839246204162	-0.0004751383611809601
-0.00021771206988652203	0.00019972256046374426	0.00014820360112954845	-0.0006887251697564878	-5.6274555581437014e-05	0.021627553032730562	-0.0013802993286027299	0.0004610026321816285
-0.001902765857938471	-0.0004867808346682434	-0.0015368501869228446	-0.001500047364003665	-0.00030591215381092773	0.01413842508583163	-0.002815715518425632	-0.0004751383611809601
-0.0066458802243076764	-0.0012981030289158646	-0.004158044968337604	-0.0019369131609059398	-0.0011796437476156996	0.007959894529640632	-0.005062453902494823	0.00014895563439432102
-0.00795647761501539	-0.0012981030289158646	-0.004594910765240101	-0.0016248661631184103	-0.0018661471427485754	0.006087612542916121	-0.005124863302052418	-0.00041272896162336536
-0.007145155420767324	-0.0011732842298011192	-0.004782138963911997	-0.0020617319600211292	-0.0018037377431905366	0.005338699748226539	-0.004875225703822927	0.0003361838330666611
-0.008455752811474815	-0.0015477406271453553	-0.004969367162584781	-0.0030602823529410905	-0.002739878736552903	0.006649297138933363	-0.005748957297627255	-0.0004751383611809601
-0.007082746021209729	-0.0008612372320131456	-0.003970816769665264	-0.002124141359578502	-0.0018037377431905366	0.012203733699549746	-0.004875225703822927	0.0004610026321816285
-0.006396242626077742	-0.0008612372320131456	-0.003908407370107225	-0.0021865507591360966	-0.0016789189440757912	0.01732130446326363	-0.004937635103380078	-0.00028791016250795387
-0.004523960639352564	-0.0005491902342258381	-0.0036587697718777346	-0.001687275562676449	-0.0009300061493857648	0.023125378622110615	-0.004750406904707294	0.0005234120317392232
-0.0037126384451056094	-0.0006115996337834329	-0.0027850381780729627	-0.0014376379644460702	-0.00068036855115583	0.029553546776531325	-0.004500769306478025	-0.0004751383611809601
-0.0019651752574960657	-0.0002995526359963474	-0.002285762981612871	-0.001250409765773508	6.134843976157711e-06	0.03423425174334338	-0.003939084710460117	0.0002737744335090664
-0.0014034906614786014	-0.0002995526359963474	-0.0014120313878080992	-0.0013752285648886975	-0.00018109335469573828	0.03610653373006767	-0.0035646283131152146	-0.0004751383611809601
-0.0007793966659033202	7.49037613489989e-05	-0.0009751655909056023	-0.0011880003662163574	6.854424353375244e-05	0.03473352693980325	-0.0030029437170979723	0.0004610026321816285
-0.0007793966659033202	-4.9915037765968506e-05	-0.0005382997940028833	-0.0013752285648886975	-5.6274555581437014e-05	0.02961595617608892	-0.002628487319753292	-0.0001630913633932085
0.0030899861066606693	0.0005741789578084244	0.0012091633936064383	0.0002474158236061008	0.001441551033798616	0.024248747814144878	-0.0003817489356827686	0.0004610026321816285
0.00564877148851739	0.0009486353551537707	0.0028318077821014587	0.001433194415197958	0.0023152826276033878	0.019006358251315802	0.0013033048523691804	-0.00028791016250795387
0.00777069107347228	0.0013855011520560456	0.0036431299763486358	0.0023693354085603247	0.003313833020522905	0.014824928480964061	0.0025514928435184103	0.0005234120317392232
0.007146597077896999	0.0010110447547109214	0.00383035817502142	0.002057288410773239	0.0027521484245058847	0.013015055893796923	0.002426674044403665	-0.00041272896162336536
0.008706832066834203	0.0013855011520560456	0.00457927096971078	0.0026813824063480762	0.0033762424200804997	0.015199384878309408	0.003300405638208659	0.0002737744335090664
0.007645872274357091	0.001135863553826555	0.0043296333714810675	0.0019324696116580498	0.0028145578240634794	0.018132626657511253	0.0025514928435184103	-0.0005999571602957054
0.005711180888075429	0.0010734541542689602	0.003143854779888766	0.001682832013428115	0.002440101426718577	0.02175237183184575	0.001365714251925887	0.0002737744335090664
0.004400583497367938	0.0006989977569238359	0.002519760784313929	0.0008091004196231211	0.0017535980315861455	0.02487284180972016	0.0003671638590063697	-0.0004751383611809601
0.004712630495155468	0.0010110447547109214	0.0023949419851982956	0.0009963286182956832	0.0021904638284886424	0.027306808392462134	0.00024234505989162436	0.0004610026321816285
0.0005936101243606551	0.000262131960021339	0.0007098881971467907	-0.00018944997329639612	0.0005054100404362494	0.027057170794231755	-0.0017547557259485203	-0.0004751383611809601
0.0012177041199363803	0.00038695075913652843	0.0006474787975894181	-0.0001270405737388014	0.0008174570382237789	0.026370667399099323	-0.0013802993286027299	0.00039859323262425583
0.0006560195239182498	0.00013731316090659362	0.0006474787975894181	-0.000626315770198449	0.00044300064087865465	0.024123929015030576	-0.0016923463263904814	-0.0003503195620655486
0.0010304759212638182	0.000262131960021339	0.0006474787975894181	-0.00018944997329639612	0.0005054100404362494	0.02212682822919043	-0.0014427087281603246	0.00039859323262425583
9.43349279010075e-05	-4.9915037765968506e-05	0.000210613000686255	-0.0006887251697564878	0.00013095364309090307	0.019692861646448234	-0.0017547557259485203	-0.0005375477607385548
0.0014049323186082763	0.000262131960021339	0.00039784119935903917	-0.0001270405737388014	0.0008798664377818177	0.01844467365529856	-0.0012554805294884286	0.0002737744335090664
9.43349279010075e-05	-4.9915037765968506e-05	8.579420157195372e-05	-0.00018944997329639612	0.00038059124132172606	0.01856949245441375	-0.0016923463263904814	-0.0005375477607385548
0.0009056571221481846	0.0003245413595789337	0.00014820360112954845	0.00012259702449091137	0.0010670946364537137	0.01956804284733371	-0.0010682523308156444	0.00039859323262425583
0.00028156312657356963	-4.9915037765968506e-05	-0.00010143399710083045	-0.0003766781719691803	0.0006926382391090335	0.020441774441138483	-0.0016299369268333308	-0.0003503195620655486
0.0005936101243606551	0.0003245413595789337	0.0002730224002442938	0.0002474158236061008	0.0010670946364537137	0.022875741023880236	-0.0012554805294884286	0.0004610026321816285
-0.0007169872663466137	-0.00011232443732378528	-0.00041348099488813794	-0.0008135439688712331	0.0003181818417634652	0.02318778802166732	-0.0018795745250628215	-0.0005375477607385548
0.00028156312657356963	1.2494361791626218e-05	-3.902459754323573e-05	-0.0005639063706412983	0.0007550476386661842	0.023874291416800197	-0.0015051181277183634	0.0002737744335090664
-0.0005921684672312022	-0.0002371432364383086	-3.902459754323573e-05	-0.0007511345693140825	0.0002557724422060925	0.023936700816357792	-0.0018795745250628215	-0.0004751383611809601
0.0005312007248039485	0.00013731316090659362	0.00039784119935903917	-0.0005014969710839257	0.0009422758373385243	0.023687063218127413	-0.0011306617303732391	0.0003361838330666611
-0.0003425308690008233	-0.00011232443732378528	0.0002730224002442938	-0.0008759533684288279	0.00019336304264894189	0.021877190630960497	-0.0016299369268333308	-0.0005375477607385548
0.0003439725261313864	1.2494361791626218e-05	0.00039784119935903917	-0.0005014969710839257	0.0005054100404362494	0.020004908644235764	-0.0011930711299308339	0.0002737744335090664
-0.0003425308690008233	-0.00036196203555305395	-3.902459754323573e-05	-0.001063181567101168	-5.6274555581437014e-05	0.016822029266803762	-0.0015051181277183634	-0.0005999571602957054
0.0003439725261313864	-4.9915037765968506e-05	8.579420157195372e-05	-0.00043908757152588684	0.00038059124132172606	0.014512881483176976	-0.0010682523308156444	0.0002737744335090664
-0.0036502290455480146	-0.00036196203555305395	-0.0015368501869228446	-0.0009383627679859785	-0.0007427779507134247	0.011704458503090098	-0.0025660779201952533	-0.0003503195620655486
-0.007519611818112004	-0.0012356936293582699	-0.004470091966124912	-0.002311369558251286	-0.001928556542305726	0.008334350926985756	-0.004812816304265333	0.0003361838330666611
-0.00770684001678501	-0.0010484654306854857	-0.004282863767452572	-0.0019993225604635345	-0.0019909659418630987	0.009270491920347679	-0.004937635103380078	-0.00028791016250795387
-0.007769249416342605	-0.0010484654306854857	-0.004532501365682506	-0.0018745037613487892	-0.0018661471427485754	0.01126759270618738	-0.004812816304265333	0.0005234120317392232
-0.009079846807049652	-0.0016101500267033941	-0.005094185961699749	-0.003122691752498019	-0.002615059937438158	0.01257819009689487	-0.0058737760967420005	-0.0005375477607385548
-0.007582021217669599	-0.0012356936293582699	-0.004282863767452572	-0.0024361883573660315	-0.0020533753414209155	0.015511431876096937	-0.005124863302052418	0.0003361838330666611
-0.006708289623864827	-0.0009236466315707403	-0.0034091321736475777	-0.0023737789578084367	-0.0018037377431905366	0.017383713862821226	-0.0046255881055927706	-0.00022550076295080324
-0.004087094842450512	-0.0004867808346682434	-0.0024105817807280605	-0.0018120943617911944	-0.0007427779507134247	0.017820579659723723	-0.003502218913558064	0.0006482308308539686
-0.0028389068513006155	-0.0002371432364383086	-0.0010999843900207917	-0.0010007721675435732	-0.0005555497520413066	0.018070217257954102	-0.0025660779201952533	-3.827256427846315e-05
-0.0010914436636912939	1.2494361791626218e-05	-0.00041348099488813794	-0.0005014969710839257	0.00019336304264894189	0.01694684806591895	-0.001567527527275736	0.0006482308308539686
-0.000841806065460915	-0.00017473383688115796	-0.0003510715953305432	-0.0007511345693140825	6.854424353375244e-05	0.01457529088273457	-0.0015051181277183634	-0.00028791016250795387
9.43349279010075e-05	0.000262131960021339	8.579420157195372e-05	6.0187624933538686e-05	0.0006926382391090335	0.014076015686274479	-0.0008810241321433043	0.0007106402304115633
-0.0007793966659033202	-0.00011232443732378528	-0.0001638433966579811	-0.0003142687724115856	0.00019336304264894189	0.01413842508583163	-0.0011306617303732391	-0.0003503195620655486
0.0032772143053330094	0.0007614071564814306	0.0015836197909511185	0.0009963286182956832	0.001816007431143296	0.01657239166857405	0.0008040296559090887	0.0007106402304115633
0.005711180888075429	0.000886225955596176	0.0032686735790039556	0.0015580132143135916	0.0023152826276033878	0.019630452246891306	0.0020522176470587628	-0.00028791016250795387
0.006584912481879979	0.0010734541542689602	0.0036431299763486358	0.001682832013428115	0.0028145578240634794	0.021814781231403346	0.0024890834439612597	0.00039859323262425583
0.006584912481879979	0.0009486353551537707	0.004267223971923917	0.0015580132143135916	0.0026273296253906953	0.0234374256198977	0.002426674044403665	-0.00041272896162336536
0.008457194468604712	0.0012606823529408562	0.005140955565728245	0.0021821072098879846	0.0030641954222938583	0.024373566613259623	0.003300405638208659	0.00021136503395191575
0.0073962346761276	0.0010110447547109214	0.00489131796749831	0.0013707850156408075	0.0026273296253906953	0.022064418829632837	0.0028011304417487892	-0.0005375477607385548
0.006085637285419887	0.0011982729533837055	0.004454452170596035	0.0015580132143135916	0.002502510826275728	0.019006358251315802	0.0025514928435184103	0.0006482308308539686
0.005336724490730305	0.0010110447547109214	0.004454452170596035	0.0013707850156408075	0.002065645029373897	0.01601070707255703	0.0023642646448460702	-0.00010068196383561379
0.004899858693827808	0.001135863553826555	0.0038927675745783485	0.001433194415197958	0.0023776920271609825	0.01270300889601006	0.0023018552452886976	0.0007106402304115633
0.001654569916838211	0.00044936015869412316	0.0022701231860839943	0.000434644022278885	0.0011295040360110864	0.009520129518578058	0.0006792108567938993	-3.827256427846315e-05
0.0020290263141835574	0.0005741789578084244	0.0022701231860839943	0.0008091004196231211	0.0013791416342414653	0.010206632913710045	0.0008664390554660173	0.000585821431296818
0.0007184289234758445	0.00013731316090659362	0.0016460291905091573	0.0001850064240485061	0.0007550476386661842	0.011642049103532504	0.00017993566033402963	-0.00028791016250795387
0.0010304759212638182	0.000262131960021339	0.0013963915922792225	0.0001850064240485061	0.0008798664377818177	0.01438806268406223	0.000117526260776879	0.0003361838330666611
0.00015674432745860223	0.00019972256046374426	0.0015212103913939679	-2.2217746236119496e-06	0.0006302288395514388	0.017508532661936194	-6.970193789612722e-05	-0.00022550076295080324
0.0011552947203783415	0.0005117695582517179	0.0015212103913939679	6.0187624933538686e-05	0.0012543228351262758	0.019193586449988587	0.00024234505989162436	0.0007106402304115633
0.00021915372701619695	0.0003245413595789337	0.0014588009918368172	-0.00018944997329639612	0.0005054100404362494	0.019692861646448234	-0.0002569301365684673	-0.0001630913633932085
0.0010928853208207467	0.0005741789578084244	0.0016460291905091573	0.00030982522316325145	0.0010670946364537137	0.019380814648660927	0.0003047544594492191	0.0006482308308539686
-3.0483871213737856e-05	1.2494361791626218e-05	0.0008971163958191308	-0.0006887251697564878	0.0002557724422060925	0.016322754070344114	-0.0005065677347984021	-0.00028791016250795387
0.0005312007248039485	7.49037613489989e-05	0.0012091633936064383	-6.463117418120667e-05	0.0005678194399938441	0.014076015686274479	-7.292538338532495e-06	0.0003361838330666611
-0.0004049402685593062	-0.00017473383688115796	0.0008971163958191308	-0.0005014969710839257	6.134843976157711e-06	0.011517230304417758	-0.0002569301365684673	-0.0004751383611809601
0.00028156312657356963	1.2494361791626218e-05	0.0008347069962615361	-0.00025185937285399085	0.0005678194399938441	0.009395310719462868	0.000117526260776879	0.00039859323262425583
-0.0004049402685593062	-0.00017473383688115796	0.0008347069962615361	-0.0003766781719691803	6.854424353375244e-05	0.008646397924772842	-0.00013211133745327786	-0.0005375477607385548
0.00015674432745860223	1.2494361791626218e-05	0.0008971163958191308	-6.463117418120667e-05	0.00044300064087865465	0.009208082520790528	0.00024234505989162436	0.0002737744335090664
-0.00021771206988652203	-4.9915037765968506e-05	0.0005850693980316013	-0.00025185937285399085	0.00038059124132172606	0.009457720119020241	-6.970193789612722e-05	-0.00028791016250795387
0.00021915372701619695	7.49037613489989e-05	0.0006474787975894181	0.0001850064240485061	0.0005678194399938441	0.011017955107957667	5.5116861218840185e-05	0.0003361838330666611
-0.0005921684672312022	-0.0002995526359963474	0.00039784119935903917	-0.0003142687724115856	6.134843976157711e-06	0.011766867902647249	-0.0004441583352412515	-0.0005999571602957054
-0.0003425308690008233	1.2494361791626218e-05	0.0005226599984742286	-0.0001270405737388014	0.0003181818417634652	0.01226614309910734	-0.0005065677347984021	0.0003361838330666611
-0.004773598237582943	-0.0006740090333405835	-0.0013496219882505045	-0.0014376379644460702	-0.001304462546730667	0.010830726909284882	-0.0025660779201952533	-0.0003503195620655486
-0.007582021217669599	-0.0010484654306854857	-0.0032843133745323883	-0.0023737789578084367	-0.002115784740978288	0.009083263721675339	-0.004126312909132457	0.0004610026321816285
-0.007894068215456906	-0.0010484654306854857	-0.002972266376745303	-0.0024361883573660315	-0.002365422339208223	0.008833626123445404	-0.004251131708247646	-0.00028791016250795387
-0.00808129641412969	-0.0011732842298011192	-0.0032843133745323883	-0.0023737789578084367	-0.0023030129396506283	0.008271941527428162	-0.004313541107805241	0.0003361838330666611
-0.009142256206607247	-0.0017349688258183615	-0.00378358857099248	-0.003185101152055614	-0.0029271069352254653	0.007086162935835416	-0.004937635103380078	-0.0006623665598533002
-0.0068331084229800165	-0.0009236466315707403	-0.0026602193789577733	-0.002124141359578502	-0.0016789189440757912	0.008084713328755377	-0.0035646283131152146	0.000585821431296818
-0.006396242626077742	-0.0009236466315707403	-0.0017864877851532235	-0.0018120943617911944	-0.001741328343633386	0.009020854322118188	-0.003065353116655123	-0.00028791016250795387
-0.004523960639352564	-0.000798827832456217	-0.0017240783855949626	-0.0015624567635612596	-0.0011172343480581048	0.00958253891813543	-0.002378849721522913	0.00021136503395191575
-0.0030261350499733997	-0.0008612372320131456	-0.0009127561913480076	-0.0013752285648886975	-0.0008675967498286141	0.010331451712825235	-0.0017547557259485203	-0.0006623665598533002
-0.0017155376592661309	-0.0004867808346682434	-3.902459754323573e-05	-0.0005639063706412983	-0.00011868395513814356	0.012203733699549746	-0.0008810241321433043	0.00014895563439432102
-0.0015907188601513855	-0.0005491902342258381	2.3384802014358996e-05	-0.0008759533684288279	-0.00030591215381092773	0.012890237094682622	-0.0008186147325859316	-0.0007871853589676014
-0.0005921684672312022	-0.0002371432364383086	0.0004602505989166339	-0.00018944997329639612	0.00038059124132172606	0.014013606286716884	-0.00031933953612606203	0.00021136503395191575
-0.0007169872663466137	-0.0002995526359963474	0.0008971163958191308	-0.0005014969710839257	6.854424353375244e-05	0.014824928480964061	-0.00019452073701087258	-0.0005999571602957054
0.0032772143053330094	0.0005117695582517179	0.0030814453803311714	0.0004970534218360356	0.0016911886320285507	0.01638516346990171	0.0019273988479435733	0.0003361838330666611
0.005960818486304698	0.0009486353551537707	0.005140955565728245	0.0013083756160832127	0.0023776920271609825	0.017383713862821226	0.0033628150377660315	-0.00041272896162336536
0.0068345500801099135	0.001323091752498895	0.005640230762188336	0.0019324696116580498	0.002939376623178669	0.017009257465476546	0.004174137232013209	0.0006482308308539686
0.007333825276569561	0.001135863553826555	0.006077096559090833	0.0016204226138707423	0.002939376623178669	0.015136975478751813	0.004174137232013209	-0.00028791016250795387
0.009393335461967078	0.0018847763485156932	0.007138056351567945	0.0029934294041351617	0.0038755176165405913	0.01470010968184976	0.005422325223162661	0.000773049629969158
0.007645872274357091	0.0013855011520560456	0.006389143556878363	0.00230692600900273	0.0030641954222938583	0.012515780697337275	0.004486184229800738	-0.00010068196383561379
0.006085637285419887	0.0010110447547109214	0.004641680369268375	0.0017452414129859317	0.0026273296253906953	0.009644948317693025	0.003300405638208659	0.000585821431296818
0.005399133890287899	0.0010734541542689602	0.00451686157015363	0.0019324696116580498	0.002252873228045793	0.009270491920347679	0.0031131774395358747	-3.827256427846315e-05
0.0037140801022359504	0.000886225955596176	0.0032686735790039556	0.0013707850156408075	0.001816007431143296	0.009083263721675339	0.0023018552452886976	0.000585821431296818
0.0009056571221481846	0.00013731316090659362	0.001708438590066308	0.00030982522316325145	0.0005054100404362494	0.00877121672388781	0.0006168014572367486	-0.0003503195620655486
0.001654569916838211	0.0005117695582517179	0.001895666788738648	0.0007466910200659704	0.0010670946364537137	0.010456270511940202	0.0011160766536963962	0.0007106402304115633
0.0007808383230334393	0.0005117695582517179	0.00208289498741121	0.00030982522316325145	0.0008174570382237789	0.011330002105745418	0.0008040296559090887	2.4136835279131574e-05
0.0011552947203783415	0.00044936015869412316	0.0019580761882962427	0.0002474158236061008	0.0008798664377818177	0.01145482090485972	0.0008664390554660173	0.0007106402304115633
3.192552834385687e-05	0.00013731316090659362	0.00208289498741121	-2.2217746236119496e-06	0.00019336304264894189	0.01108036450751504	0.0003671638590063697	-0.00022550076295080324
0.0007184289234758445	0.00019972256046374426	0.0018332573891814974	0.00012259702449091137	0.0005678194399938441	0.009832176516365365	0.000741620256351494	0.0005234120317392232
0.0006560195239182498	0.00019972256046374426	0.0019580761882962427	-0.0001270405737388014	0.0005678194399938441	0.008396760326543351	0.0005543920576787098	-0.00022550076295080324
0.0012177041199363803	0.0006989977569238359	0.002332532585641589	0.0009963286182956832	0.0011295040360110864	0.008896035523002999	0.0013033048523691804	0.0008978684290843475
3.192552834385687e-05	7.49037613489989e-05	0.0014588009918368172	0.00012259702449091137	0.00044300064087865465	0.00852157912565854	0.0005543920576787098	-0.00010068196383561379
0.0005312007248039485	7.49037613489989e-05	0.0011467539940490656	-6.463117418120667e-05	0.0006302288395514388	0.009332901319905718	0.0005543920576787098	0.00039859323262425583
-0.00028012146944367267	0.00013731316090659362	0.0013963915922792225	6.0187624933538686e-05	0.00038059124132172606	0.012016505500877406	0.0005543920576787098	-0.00010068196383561379
-3.0483871213737856e-05	0.000262131960021339	0.0011467539940490656	-6.463117418120667e-05	0.0006926382391090335	0.013826378088044544	0.0006168014572367486	0.0006482308308539686
-0.00046734966811601275	-4.9915037765968506e-05	0.0012091633936064383	-0.0003142687724115856	0.0003181818417634652	0.01507456607919444	0.00042957325856396444	-0.00022550076295080324
0.00015674432745860223	0.00044936015869412316	0.0014588009918368172	0.0001850064240485061	0.0008174570382237789	0.015948297672999434	0.0009288484550240561	0.0007106402304115633
-0.0004049402685593062	1.2494361791626218e-05	0.0014588009918368172	-0.0005014969710839257	0.00038059124132172606	0.014013606286716884	0.0005543920576787098	-0.00022550076295080324
0.0004687913252463538	0.0003245413595789337	0.0018332573891814974	0.00012259702449091137	0.0008174570382237789	0.012078914900435	0.0009912578545816508	0.0007106402304115633
-0.00021771206988652203	0.00013731316090659362	0.001708438590066308	-6.463117418120667e-05	0.0003181818417634652	0.009270491920347679	0.0006792108567938993	-0.0001630913633932085
-0.00028012146944367267	0.000262131960021339	0.0012091633936064383	0.00012259702449091137	0.0005678194399938441	0.0059627937438009315	0.0006168014572367486	0.0007106402304115633
-0.005210464034485218	-0.0006740090333405835	-0.0012248031891357591	-0.001250409765773508	-0.001304462546730667	0.0017813639734494124	-0.0019419839246204162	-0.00022550076295080324
-0.007332383619440108	-0.0007364184328981782	-0.0028474475776305574	-0.0015624567635612596	-0.0018037377431905366	0.000595585381856889	-0.002815715518425632	0.0007106402304115633
-0.008268524612802475	-0.0014853312275882047	-0.00378358857099248	-0.0024361883573660315	-0.0024278317387653736	0.0007828135805292291	-0.0035646283131152146	-0.0003503195620655486
-0.00820611521324488	-0.0011732842298011192	-0.003970816769665264	-0.0021865507591360966	-0.0022406035400934776	0.0032167801632714266	-0.0035646283131152146	0.0004610026321816285
-0.008767799809262122	-0.0010484654306854857	-0.00378358857099248	-0.002124141359578502	-0.0023030129396506283	0.006462068940261023	-0.00368944711222996	-3.827256427846315e-05
-0.007020336621652135	-0.000798827832456217	-0.0032219039749747935	-0.0019369131609059398	-0.0015541001449610459	0.009083263721675339	-0.0029405343175403775	0.0006482308308539686
-0.00589696742961765	-0.0004867808346682434	-0.0019737159838255636	-0.001500047364003665	-0.0013668719462887058	0.01108036450751504	-0.0022540309224079458	0.00021136503395191575
-0.0038998666437777274	-0.00011232443732378528	-0.0009751655909056023	-0.0008759533684288279	-0.0004931403524834899	0.011642049103532504	-0.0011306617303732391	0.0008354590295267528
-0.002526859853513308	-0.00036196203555305395	-0.0001638433966579811	-0.001063181567101168	-0.0004931403524834899	0.0100818141145953	-0.0005689771343555527	-0.00022550076295080324
-0.000841806065460915	7.49037613489989e-05	0.0007722975967039414	-6.463117418120667e-05	0.0002557724422060925	0.009020854322118188	0.00042957325856396444	0.0007106402304115633
-0.0009042154650189538	-0.00011232443732378528	0.0010219351949343203	-0.00018944997329639612	0.00019336304264894189	0.007210981734950828	0.0004919826581211151	-0.0001630913633932085
0.0005936101243606551	0.00044936015869412316	0.0013339821927216278	0.00030982522316325145	0.0010670946364537137	0.006150021942473716	0.001365714251925887	0.0008978684290843475
0.00028156312657356963	0.00013731316090659362	0.001708438590066308	0.00030982522316325145	0.0005678194399938441	0.0063996595407034285	0.001178486053253991	-0.0001630913633932085
0.004462992896925089	0.0009486353551537707	0.0034559017776758516	0.0013707850156408075	0.0020032356298163023	0.00852157912565854	0.0034252244373236262	0.0007106402304115633
0.0068345500801099135	0.001323091752498895	0.004704089768825526	0.0018076508125433044	0.0028145578240634794	0.009332901319905718	0.004548593629357889	2.4136835279131574e-05
0.007146597077896999	0.001510319951171235	0.00489131796749831	0.0024317448081179194	0.003126604821850565	0.01001940471503815	0.00498545942626083	0.0007106402304115633
0.0074586440756847505	0.0011982729533837055	0.00507854616617065	0.002119697810330834	0.002939376623178669	0.01014422351415245	0.00486064062714564	-0.00022550076295080324
0.0091436978637367	0.001759957549401392	0.005952277759975422	0.003118248203250795	0.003750698817425846	0.010581089311055392	0.005796781620507563	0.0007106402304115633
0.0074586440756847505	0.0016351387502864245	0.0055778213626302975	0.0028062012054628216	0.0031890142214081596	0.009894585915922516	0.00498545942626083	2.4136835279131574e-05
0.005399133890287899	0.001135863553826555	0.004392042771038218	0.0018076508125433044	0.002440101426718577	0.00852157912565854	0.0037372714351107117	0.000585821431296818
0.005211905691615559	0.0012606823529408562	0.0049537273670559046	0.0018076508125433044	0.0021280544289306036	0.00877121672388781	0.0036124526359959663	0.00014895563439432102
0.003339623704890604	0.0012606823529408562	0.004017586373693538	0.0015580132143135916	0.001816007431143296	0.008583988525215247	0.00286353984130594	0.0010226872281990929
0.0011552947203783415	0.0005117695582517179	0.0030814453803311714	0.0004970534218360356	0.0007550476386661842	0.007835075730525665	0.0016153518501562658	8.65462348367263e-05
0.0021538451132983027	0.0009486353551537707	0.003393492378118257	0.0008091004196231211	0.0015039604333562107	0.008147122728313416	0.001989808247501168	0.0010850966277562435
0.0005312007248039485	0.0005117695582517179	0.0030814453803311714	0.0003722346227208462	0.0006302288395514388	0.008646397924772842	0.0013033048523691804	2.4136835279131574e-05
0.0015921605172806164	0.0009486353551537707	0.0032686735790039556	0.0008715098191807158	0.001441551033798616	0.00970735771725062	0.0019273988479435733	0.0010226872281990929
0.0004687913252463538	0.0005117695582517179	0.0026445795834286745	0.0003722346227208462	0.0008798664377818177	0.009270491920347679	0.001365714251925887	0.00014895563439432102
0.0010304759212638182	0.0006989977569238359	0.0028318077821014587	0.0008091004196231211	0.0013791416342414653	0.00995699531548011	0.001802580048828828	0.0008354590295267528
0.00021915372701619695	0.0003245413595789337	0.0024573513847563344	0.00012259702449091137	0.0006926382391090335	0.009457720119020241	0.0013033048523691804	-3.827256427846315e-05
0.0009056571221481846	0.0005117695582517179	0.0026445795834286745	0.0008091004196231211	0.0010670946364537137	0.010331451712825235	0.001802580048828828	0.000773049629969158
-0.00021771206988652203	0.000262131960021339	0.002145304386969027	0.00030982522316325145	0.0005678194399938441	0.0100818141145953	0.0012408954528115856	-3.827256427846315e-05
0.0004063819256887591	0.000262131960021339	0.0022077137865263996	0.0002474158236061008	0.0009422758373385243	0.00995699531548011	0.001552942450598449	0.0005234120317392232
-0.0005297590676736075	7.49037613489989e-05	0.002145304386969027	-0.0001270405737388014	0.0002557724422060925	0.00976976711680777	0.0011160766536963962	-0.00028791016250795387
-3.0483871213737856e-05	0.00038695075913652843	0.0018332573891814974	6.0187624933538686e-05	0.0005678194399938441	0.009457720119020241	0.001365714251925887	0.0006482308308539686
-0.0005297590676736075	-4.9915037765968506e-05	0.0005850693980316013	-0.0006887251697564878	0.00019336304264894189	0.007210981734950828	0.0009912578545816508	-0.00028791016250795387
3.192552834385687e-05	0.00019972256046374426	-0.0022233535820552763	-2.2217746236119496e-06	0.0005678194399938441	0.006337250141146056	0.0014905330510410764	0.0005234120317392232
3.192552834385687e-05	0.00013731316090659362	-0.000600709193560478	-2.2217746236119496e-06	0.0005054100404362494	0.005026652750439009	0.001552942450598449	-0.00010068196383561379
0.000843247722591034	0.00038695075913652843	0.0002730224002442938	0.0003722346227208462	0.0011919134355686811	0.0039032835584036363	0.0014905330510410764	0.0006482308308539686
-0.00021771206988652203	-4.9915037765968506e-05	0.0002730224002442938	0.0002474158236061008	0.0003181818417634652	0.003341598962386616	0.0009288484550240561	-0.00028791016250795387
-0.0014034906614786014	-0.00017473383688115796	-0.00041348099488813794	-0.00018944997329639612	-5.6274555581437014e-05	0.002904733165484119	0.0003047544594492191	0.0003361838330666611
-0.006521061425192043	-0.000986056031128335	-0.0025978099794001785	-0.0017496849622335997	-0.0018037377431905366	0.0013444981765469155	-0.0023164403219655405	-0.0003503195620655486
-0.007644430617227416	-0.000986056031128335	-0.003346722774089983	-0.0017496849622335997	-0.0020533753414209155	0.0018437733730070072	-0.0030029437170979723	0.00039859323262425583
-0.008518162211032188	-0.0011732842298011192	-0.0032843133745323883	-0.0021865507591360966	-0.0024902411383229683	0.0022182297703516873	-0.0035646283131152146	-0.00028791016250795387
-0.008018887014572096	-0.0009236466315707403	-0.0027850381780729627	-0.0019993225604635345	-0.0020533753414209155	0.0024678673685820662	-0.003314990714885724	0.0006482308308539686
-0.008955028007934906	-0.0012981030289158646	-0.002722628778514924	-0.002498597756923626	-0.002739878736552903	0.002967142565041714	-0.00368944711222996	-0.00028791016250795387
-0.006770699023422422	-0.0008612372320131456	-0.00166166898603759	-0.0019369131609059398	-0.001741328343633386	0.0038408741588464856	-0.0026908967193104427	0.0005234120317392232
-0.005647329831387715	-0.000798827832456217	-0.0005382997940028833	-0.0017496849622335997	-0.0014292813458458564	0.004028102357518826	-0.0021292121232932004	-0.00028791016250795387
-0.004024685442892917	-0.0006115996337834329	0.000210613000686255	-0.0009383627679859785	-0.0011172343480581048	0.004464968154421323	-0.0011306617303732391	0.0003361838330666611
-0.0021524034561681837	-0.0004867808346682434	0.0010219351949343203	-0.0010007721675435732	-0.00030591215381092773	0.004402558754863284	-0.00031933953612606203	-0.0003503195620655486
-0.0010290342641336991	-4.9915037765968506e-05	0.0014588009918368172	-2.2217746236119496e-06	0.00044300064087865465	0.005900384344243337	0.000741620256351494	0.00039859323262425583
-0.001278671862363634	-0.00017473383688115796	0.0015212103913939679	-0.0001270405737388014	-0.00011868395513814356	0.006150021942473716	0.000741620256351494	-0.00028791016250795387
3.192552834385687e-05	0.00044936015869412316	0.0015836197909511185	6.0187624933538686e-05	0.0008798664377818177	0.0065868877393757685	0.0014905330510410764	0.0008354590295267528
0.0005312007248039485	0.0003245413595789337	0.0023949419851982956	0.0006842816205083757	0.0008798664377818177	0.008147122728313416	0.001802580048828828	-0.00010068196383561379
0.0045254022964831275	0.000886225955596176	0.004204814572365878	0.0016204226138707423	0.0021904638284886424	0.01014422351415245	0.0037372714351107117	0.000585821431296818
0.006647321881437129	0.001510319951171235	0.006077096559090833	0.0022445166094460234	0.0027521484245058847	0.010331451712825235	0.004798231227588268	-3.827256427846315e-05
0.007271415877012188	0.0014479105516136404	0.006201915358205579	0.0023693354085603247	0.0030641954222938583	0.009270491920347679	0.004923050026702791	0.000773049629969158
0.0074586440756847505	0.0012606823529408562	0.006826009353780416	0.00230692600900273	0.0027521484245058847	0.009020854322118188	0.00498545942626083	-0.00028791016250795387
0.009206107263294294	0.0018847763485156932	0.007387693949798324	0.003118248203250795	0.0036882894178682513	0.008646397924772842	0.005859191020065602	0.0007106402304115633
0.0068345500801099135	0.001323091752498895	0.006326734157320768	0.0021821072098879846	0.0026273296253906953	0.0068365253376061474	0.004548593629357889	-0.00010068196383561379
0.00527431509117271	0.0010734541542689602	0.005140955565728245	0.0018076508125433044	0.0021904638284886424	0.006649297138933363	0.0037372714351107117	0.0004610026321816285
0.004587811696040722	0.0006365883573664632	0.00457927096971078	0.0011211474174108726	0.001628779232470956	0.0068365253376061474	0.0031755868390934694	-0.0005375477607385548
0.0022162545128558975	0.0007614071564814306	0.003206264179446361	0.0009963286182956832	0.0011295040360110864	0.007086162935835416	0.0023642646448460702	0.0005234120317392232
0.0005936101243606551	0.00044936015869412316	0.0025821701838710798	0.0004970534218360356	0.0007550476386661842	0.007335800534066239	0.0016777612497138605	-0.00010068196383561379
0.0017169793163958058	0.0008238165560390254	0.0030814453803311714	0.0009339192187383105	0.001441551033798616	0.007835075730525665	0.002177036446173952	0.0008354590295267528
0.00015674432745860223	0.00013731316090659362	0.0024573513847563344	0.00030982522316325145	0.00038059124132172606	0.007086162935835416	0.0013033048523691804	-0.0003503195620655486
0.0014049323186082763	0.00044936015869412316	0.003019035980774021	0.0008091004196231211	0.0011295040360110864	0.006524478339818618	0.0018649894483859786	0.000585821431296818
-9.289327077133258e-05	-0.0002371432364383086	0.0025821701838710798	-0.0001270405737388014	0.0003181818417634652	0.005026652750439009	0.0009288484550240561	-0.0004751383611809601
0.0009680665217062234	0.00038695075913652843	0.0033310829785615503	0.0006842816205083757	0.0008798664377818177	0.005525927946898435	0.0016777612497138605	0.00039859323262425583
0.00021915372701619695	1.2494361791626218e-05	0.003143854779888766	6.0187624933538686e-05	0.00038059124132172606	0.004964243350881414	0.0013033048523691804	-0.0003503195620655486
0.0007184289234758445	0.00013731316090659362	0.0028942171816583873	0.00012259702449091137	0.0007550476386661842	0.004964243350881414	0.0014281236514839257	0.0003361838330666611
-0.00021771206988652203	-4.9915037765968506e-05	0.0025821701838710798	-0.0001270405737388014	0.00019336304264894189	0.005650746746013624	0.001178486053253991	-0.0004751383611809601
0.00028156312657356963	0.00038695075913652843	0.002332532585641589	0.0002474158236061008	0.0007550476386661842	0.0063996595407034285	0.0016153518501562658	0.0006482308308539686
-0.0004049402685593062	7.49037613489989e-05	0.0017708479896239027	-0.0003766781719691803	0.00044300064087865465	0.005900384344243337	0.0012408954528115856	-0.00028791016250795387
0.00021915372701619695	0.0005117695582517179	0.00208289498741121	0.0004970534218360356	0.001004685236896119	0.006898934737163298	0.0017401706492712332	0.0008354590295267528
-0.0003425308690008233	0.00038695075913652843	0.001895666788738648	0.0003722346227208462	0.0006926382391090335	0.0063996595407034285	0.001552942450598449	-3.827256427846315e-05
0.0006560195239182498	0.0006365883573664632	0.00208289498741121	0.0008715098191807158	0.0012543228351262758	0.005401109147783245	0.001802580048828828	0.0008978684290843475
-0.00028012146944367267	0.00038695075913652843	0.0020204855878538375	0.0006842816205083757	0.0006302288395514388	0.004652196353093663	0.0012408954528115856	0.00014895563439432102
0.0007808383230334393	0.0007614071564814306	0.0024573513847563344	0.0009339192187383105	0.0011295040360110864	0.004090511757076198	0.0016777612497138605	0.0010226872281990929
3.192552834385687e-05	0.000262131960021339	0.0023949419851982956	0.0004970534218360356	0.00044300064087865465	0.0036536459601741456	0.0011160766536963962	2.4136835279131574e-05
-0.0010290342641336991	0.0005117695582517179	0.0018332573891814974	0.0004970534218360356	0.00044300064087865465	0.0038408741588464856	0.000741620256351494	0.0010850966277562435
-0.007020336621652135	-0.0006740090333405835	-0.0009751655909056023	-0.001687275562676449	-0.001741328343633386	0.002093410971236942	-0.0023164403219655405	2.4136835279131574e-05
-0.006957927222095206	-0.0004243714351106487	-0.0013496219882505045	-0.001500047364003665	-0.001491690745403007	0.002967142565041714	-0.002378849721522913	0.0010850966277562435
-0.00770684001678501	-0.0005491902342258381	-0.0012248031891357591	-0.0016248661631184103	-0.0016789189440757912	0.0039032835584036363	-0.0025036685206381026	0.0004610026321816285
-0.007894068215456906	-0.000798827832456217	-0.0019737159838255636	-0.0019369131609059398	-0.0016789189440757912	0.003591236560616551	-0.0026908967193104427	0.0009602778286414981
-0.00839334341191722	-0.0011108748302435245	-0.0020361253833829362	-0.0021865507591360966	-0.002115784740978288	0.0034664177615018055	-0.0030029437170979723	2.4136835279131574e-05
-0.006271423826962552	-0.0006115996337834329	-0.0010999843900207917	-0.0013128191653311028	-0.0012420531471732943	0.003965692957961231	-0.0017547557259485203	0.0007106402304115633
-0.005335282833600186	-0.0006740090333405835	-0.00047589039444573267	-0.001250409765773508	-0.0010548249485013983	0.0032167801632714266	-0.0012554805294884286	2.4136835279131574e-05
-0.0026516786526280534	7.49037613489989e-05	0.0007722975967039414	0.00012259702449091137	6.134843976157711e-06	0.0039032835584036363	0.00024234505989162436	0.0010226872281990929
-0.0020275846570532163	-0.0002371432364383086	0.0012091633936064383	-0.0001270405737388014	-0.00011868395513814356	0.003591236560616551	0.00042957325856396444	-3.827256427846315e-05
-0.0003425308690008233	0.000262131960021339	0.0018332573891814974	0.0004970534218360356	0.0006926382391090335	0.004090511757076198	0.0012408954528115856	0.000773049629969158
-0.0011538530632484445	-4.9915037765968506e-05	0.001895666788738648	6.0187624933538686e-05	6.854424353375244e-05	0.0047146057526512575	0.0009912578545816508	-0.0001630913633932085
-0.00021771206988652203	0.000262131960021339	0.002145304386969027	0.000434644022278885	0.0006926382391090335	0.00583797494468663	0.001552942450598449	0.000773049629969158
0.0011552947203783415	0.000262131960021339	0.0027069889829862692	0.0001850064240485061	0.0008174570382237789	0.006462068940261023	0.0019273988479435733	-0.00010068196383561379
0.0051494962920575205	0.0010110447547109214	0.004828908567941159	0.001682832013428115	0.002252873228045793	0.008958444922560593	0.004049318432898463	0.0007106402304115633
0.0062104560845350765	0.0012606823529408562	0.005952277759975422	0.0018700602121008991	0.0026273296253906953	0.009332901319905718	0.004673412428473078	2.4136835279131574e-05
0.007521053475242345	0.0015727293507286078	0.006264324757763173	0.002494154207675514	0.003501061219195911	0.008209532127870567	0.005297506424048359	0.0008354590295267528
0.008145147470817182	0.0015727293507286078	0.00688841875333801	0.002743791805905671	0.0033762424200804997	0.007523028732738579	0.005609553421835667	-3.827256427846315e-05
0.0091436978637367	0.0018223669489589867	0.007387693949798324	0.003367885801480508	0.0038755176165405913	0.006961344136720893	0.006171238017853131	0.0008978684290843475
0.006647321881437129	0.001510319951171235	0.006201915358205579	0.002556563607233109	0.0028145578240634794	0.00508906214999616	0.004923050026702791	0.00014895563439432102
0.005711180888075429	0.001135863553826555	0.005203364965285839	0.0022445166094460234	0.002440101426718577	0.004215330556191388	0.004298956031128398	0.0007106402304115633
0.005024677492942775	0.0010110447547109214	0.00507854616617065	0.0019324696116580498	0.0019408262302587076	0.004464968154421323	0.0039869090333408685	-0.0001630913633932085
0.001904207515068368	0.0006989977569238359	0.003393492378118257	0.0011211474174108726	0.0012543228351262758	0.004152921156634237	0.0024890834439612597	0.000773049629969158
0.0010304759212638182	0.0003245413595789337	0.003206264179446361	0.0005594628213936303	0.0006302288395514388	0.004464968154421323	0.0018649894483859786	-0.0001630913633932085
0.001467341718166315	0.00044936015869412316	0.0034559017776758516	0.0005594628213936303	0.001004685236896119	0.004839424551766447	0.0019273988479435733	0.0006482308308539686
0.0004063819256887591	0.00019972256046374426	0.003393492378118257	0.0001850064240485061	0.0005678194399938441	0.00490183395132382	0.0014281236514839257	-0.00022550076295080324
0.0009680665217062234	0.0003245413595789337	0.0036431299763486358	0.0006842816205083757	0.0010670946364537137	0.005525927946898435	0.001802580048828828	0.0005234120317392232
0.0003439725261313864	0.0003245413595789337	0.0034559017776758516	0.00030982522316325145	0.0008174570382237789	0.005151471549553754	0.0014905330510410764	-0.0001630913633932085
0.0010928853208207467	0.0005741789578084244	0.0035183111772334463	0.0007466910200659704	0.0012543228351262758	0.00583797494468663	0.001989808247501168	0.0007106402304115633
-3.0483871213737856e-05	0.0003245413595789337	0.003206264179446361	0.00030982522316325145	0.00044300064087865465	0.006087612542916121	0.001802580048828828	-0.00010068196383561379
0.0006560195239182498	0.000262131960021339	0.0028942171816583873	0.0003722346227208462	0.0008798664377818177	0.005713156145570997	0.0020522176470587628	0.000585821431296818
-0.0005297590676736075	7.49037613489989e-05	0.002519760784313929	-2.2217746236119496e-06	0.00013095364309090307	0.005401109147783245	0.0014905330510410764	-0.0003503195620655486
-0.00021771206988652203	1.2494361791626218e-05	0.0022701231860839943	0.00030982522316325145	0.00038059124132172606	0.0057755655451285914	0.0016777612497138605	0.0002737744335090664
-0.0005921684672312022	-4.9915037765968506e-05	0.002519760784313929	0.00012259702449091137	0.00038059124132172606	0.005151471549553754	0.001552942450598449	-0.00028791016250795387
-9.289327077133258e-05	1.2494361791626218e-05	0.0024573513847563344	0.0002474158236061008	0.0005678194399938441	0.00490183395132382	0.0014281236514839257	0.00039859323262425583
-0.0009042154650189538	-0.00017473383688115796	0.002519760784313929	-0.00025185937285399085	6.134843976157711e-06	0.005026652750439009	0.0010536672541388015	-0.0004751383611809601
-3.0483871213737856e-05	0.00013731316090659362	0.0026445795834286745	0.00012259702449091137	0.0007550476386661842	0.00490183395132382	0.0014281236514839257	0.0004610026321816285
-0.0005297590676736075	0.00013731316090659362	0.002519760784313929	-2.2217746236119496e-06	0.00038059124132172606	0.004277739955748983	0.0010536672541388015	-0.00010068196383561379
0.0004687913252463538	0.0005741789578084244	0.002956626581216426	0.0007466910200659704	0.0011295040360110864	0.004277739955748983	0.0017401706492712332	0.0008978684290843475
3.192552834385687e-05	0.00038695075913652843	0.0025821701838710798	0.00030982522316325145	0.0005678194399938441	0.0027799143663689296	0.0011160766536963962	-3.827256427846315e-05
-0.001902765857938471	1.2494361791626218e-05	0.0010219351949343203	6.0187624933538686e-05	-0.00011868395513814356	0.0014069075761045102	0.0003047544594492191	0.0007106402304115633
-0.007769249416342605	-0.0009236466315707403	-0.0020361253833829362	-0.0017496849622335997	-0.002178194140535883	-0.0013391060044249947	-0.002628487319753292	-3.827256427846315e-05
-0.007394793018997703	-0.000798827832456217	-0.002348172381170466	-0.0015624567635612596	-0.0020533753414209155	-0.0014639248035401842	-0.0025660779201952533	0.0006482308308539686
-0.008268524612802475	-0.0011732842298011192	-0.0025978099794001785	-0.0018745037613487892	-0.002615059937438158	-0.0014015154039825894	-0.0030029437170979723	-0.00022550076295080324
-0.00808129641412969	-0.0009236466315707403	-0.002722628778514924	-0.001687275562676449	-0.002115784740978288	-0.0009022402075227198	-0.002878124917982783	0.0007106402304115633
-0.007831658815899756	-0.000798827832456217	-0.0020361253833829362	-0.001687275562676449	-0.0020533753414209155	-0.0002781462119478828	-0.0027533061188675934	2.4136835279131574e-05
-0.0062090144274054015	-0.0006740090333405835	-0.0010999843900207917	-0.0013128191653311028	-0.001491690745403007	0.001219679377431726	-0.0020668027237356057	0.0006482308308539686
-0.0051480546349276235	-0.0004867808346682434	-0.00010143399710083045	-0.0011255909666583186	-0.0011796437476156996	0.0024678673685820662	-0.0014427087281603246	2.4136835279131574e-05
-0.002526859853513308	-0.00011232443732378528	0.0010843445944910268	-0.000626315770198449	-0.000243502754253333	0.003528827161058956	-0.00031933953612606203	0.0007106402304115633
-0.0019651752574960657	-0.00017473383688115796	0.0019580761882962427	-0.0003766781719691803	-0.000243502754253333	0.004340149355306577	0.00017993566033402963	-0.0001630913633932085
-0.00028012146944367267	0.00013731316090659362	0.0023949419851982956	6.0187624933538686e-05	0.0005054100404362494	0.004402558754863284	0.0010536672541388015	0.0006482308308539686
-0.00021771206988652203	0.00019972256046374426	0.0026445795834286745	6.0187624933538686e-05	0.0005054100404362494	0.0039032835584036363	0.0012408954528115856	8.65462348367263e-05
-0.0001553026703289273	0.00019972256046374426	0.0023949419851982956	0.0004970534218360356	0.0005054100404362494	0.004090511757076198	0.001552942450598449	0.0007106402304115633
0.002091435713740708	0.0006989977569238359	0.003767948775463603	0.0008715098191807158	0.0013791416342414653	0.004652196353093663	0.0027387210421911945	0.00014895563439432102
0.006272865484092671	0.0012606823529408562	0.0055778213626302975	0.00230692600900273	0.002876967223621074	0.006025203143358526	0.004673412428473078	0.0008354590295267528
0.0062104560845350765	0.001323091752498895	0.006326734157320768	0.0024317448081179194	0.002689739024948512	0.0070237535362784875	0.00498545942626083	-3.827256427846315e-05
0.007271415877012188	0.0015727293507286078	0.006763599954222821	0.0026189730067904815	0.0032514236209657543	0.0070237535362784875	0.005422325223162661	0.0007106402304115633
0.00808273807125981	0.001510319951171235	0.007512512748913069	0.0026813824063480762	0.003126604821850565	0.006898934737163298	0.005547144022278072	-3.827256427846315e-05
0.008706832066834203	0.0018223669489589867	0.007824559746700377	0.0029934294041351617	0.003501061219195911	0.007086162935835416	0.005859191020065602	0.0007106402304115633
0.00527431509117271	0.0009486353551537707	0.006201915358205579	0.0017452414129859317	0.0021280544289306036	0.00490183395132382	0.003924499633783274	-0.0003503195620655486
0.00527431509117271	0.0010110447547109214	0.005702640161745487	0.0019324696116580498	0.0023152826276033878	0.004464968154421323	0.003674862035553117	0.0005234120317392232
0.0043381740978107874	0.0010734541542689602	0.005702640161745487	0.0018700602121008991	0.0020032356298163023	0.004340149355306577	0.0034252244373236262	2.4136835279131574e-05
0.0018417981155107732	0.0007614071564814306	0.003767948775463603	0.0010587380178535	0.0013167322346834265	0.0030295519645993085	0.002177036446173952	0.000773049629969158
0.0007184289234758445	0.0003245413595789337	0.003206264179446361	0.0004970534218360356	0.0005054100404362494	0.0028423237659265244	0.001552942450598449	-0.0001630913633932085
0.0010304759212638182	0.00044936015869412316	0.003019035980774021	0.0007466910200659704	0.0006302288395514388	0.0034040083619437667	0.0017401706492712332	0.0004610026321816285
0.0003439725261313864	0.00013731316090659362	0.0028318077821014587	0.0002474158236061008	0.0003181818417634652	0.003091961364156237	0.001365714251925887	-0.0003503195620655486
0.0007184289234758445	0.0003245413595789337	0.003019035980774021	0.0008091004196231211	0.0006926382391090335	0.003778464759288891	0.001802580048828828	0.0005234120317392232
-3.0483871213737856e-05	1.2494361791626218e-05	0.002956626581216426	0.00030982522316325145	0.0002557724422060925	0.003716055359731296	0.0014281236514839257	-0.00041272896162336536
0.0007808383230334393	0.0005117695582517179	0.0032686735790039556	0.0006842816205083757	0.0008174570382237789	0.003778464759288891	0.001802580048828828	0.0007106402304115633
-3.0483871213737856e-05	7.49037613489989e-05	0.0035183111772334463	0.000434644022278885	0.00038059124132172606	0.004028102357518826	0.0014905330510410764	-0.00028791016250795387
0.00028156312657356963	0.000262131960021339	0.0033310829785615503	0.000434644022278885	0.0008174570382237789	0.004277739955748983	0.001552942450598449	0.0005234120317392232
-0.00021771206988652203	0.00013731316090659362	0.003206264179446361	6.0187624933538686e-05	0.00044300064087865465	0.004028102357518826	0.0012408954528115856	-0.00022550076295080324
0.00015674432745860223	0.000262131960021339	0.0032686735790039556	0.0004970534218360356	0.0006926382391090335	0.00508906214999616	0.0014905330510410764	0.0005234120317392232
-0.0010914436636912939	0.00013731316090659362	0.002769398382543864	-2.2217746236119496e-06	6.854424353375244e-05	0.004652196353093663	0.0010536672541388015	-0.00010068196383561379
0.0005312007248039485	0.00038695075913652843	0.0028318077821014587	0.0002474158236061008	0.0008798664377818177	0.0038408741588464856	0.001552942450598449	0.0007106402304115633
