Sensor_1	Sensor_2	Sensor_3	Sensor_4	Sensor_5	Sensor_6	Sensor_7	Sensor_8
-0.00048466203555341814	2.369060807216883e-05	0.0013548206912337157	-0.0006620482719152943	-0.000861196665903563	0.005459068757152519	0.00022971651789149838	-0.0003821889219501884
0.0007011165560384391	0.00027332820630165955	0.0009179548943307747	2.445512321669341e-05	0.00026217252613092157	0.004585337163347969	0.00041694471656428256	0.0003667238727398381
0.0005138883573660991	-0.00010112819104302062	0.00016904209964119232	-3.7954276340901316e-05	0.00026217252613092157	0.003087511573968138	-0.0002695586785685933	-0.0004445983215077831
0.0013876199511708709	2.369060807216883e-05	-0.00039264249637582793	0.0006485491187913084	0.001011085320820948	0.0023385987792781116	-0.00014473987945362587	0.00017949567406727596
0.0006387071564812885	-0.00016353759060017126	-0.0009543270923935143	0.000523730319676563	0.0009486759212633533	0.0019017329823760587	-0.0007688338750280188	-0.0005070077210649337
0.0013252105516141643	-3.8718791485425896e-05	-0.0008919176928359196	0.00096059611657906	0.0011983135194932881	0.0025258269779504516	-0.0005816056763552346	0.00017949567406727596
0.0002018413595790136	8.610000762976355e-05	-0.00039264249637582793	0.0007733679179062758	0.0006990383230331965	0.003524377370870413	-0.00045678687724093336	-0.00031977952239259366
0.0003890695582509096	0.00039814700541707104	0.00010663270008404169	0.000523730319676563	0.0006366289234764899	0.004897384161135276	4.24883192191583e-05	0.0006787708705273676
-0.0007967090333409477	0.000210918806744953	0.00048108909742916595	-0.0003500012741282088	-0.0004867402685586608	0.005459068757152519	-8.233047989558706e-05	-0.0001949607232778483
-0.0009215278324563592	0.00027332820630165955	0.0007307266956588787	-0.000537229472800993	-0.0006115590676738503	0.005895934554055238	0.00022971651789149838	0.0006787708705273676
-0.0018576688258178375	-0.00028835638971513866	0.0003562702983139765	-0.0014109610666057648	-0.0014228812619210274	0.004834974761577682	-0.00039437747768333864	-0.0005070077210649337
-0.0003598432364386728	8.610000762976355e-05	0.0007307266956588787	-0.0005996388723585877	-0.0006115590676738503	0.0044605183642327795	0.00016730711833390366	0.0003667238727398381
-0.0008591184328983203	-0.00022594699015776598	4.422330052600287e-05	-0.0007244576714733331	-0.0007363778667888177	0.0025258269779504516	-0.00045678687724093336	-0.0005070077210649337
0.0002018413595790136	-0.00028835638971513866	-0.0005798706950483901	-0.00022518247501301936	0.00019976312657332684	0.0025258269779504516	-0.0005816056763552346	0.00011708627450968123
1.4613160906451483e-05	-0.0006004033875031123	-0.001016736491950665	-0.00016277307545586872	1.2534927900764714e-05	0.001215229587243627	-0.0012056996719305157	-0.00088146411841028
0.0005138883573660991	-0.00028835638971513866	-0.0011415552910658544	0.0006485491187913084	0.0007614477225907912	0.0010280013885708428	-0.0007688338750280188	5.467687495208651e-05
-0.0037299508125430147	-0.0009124503852901977	-0.0032634748760203003	-0.0009116858701458952	-0.0005491496681162555	-9.536780346386386e-05	-0.002828344060425758	-0.0005694171206225285
-0.007100058388647357	-0.0012869067826351	-0.004761300465400353	-0.001598189265278105	-0.0018597470588235243	-0.0004698242008087661	-0.004388579049362518	0.00017949567406727596
-0.008161018181125135	-0.0017237725795373748	-0.004948528664072249	-0.002596739658197844	-0.002733478652628296	0.0005911355916683458	-0.0046382166475928965	-0.0008190547188526853
-0.008161018181125135	-0.0015365443808650348	-0.0048861192645146545	-0.003033605455100119	-0.0029207068513006362	0.0015896859845885292	-0.004575807248035302	5.467687495208651e-05
-0.009284387373159397	-0.0017861819790949696	-0.004761300465400353	-0.0035328806515602107	-0.003794438445105852	0.001839323582818464	-0.00495026364537976	-0.0007566453192955347
-0.008098608781566652	-0.0017237725795373748	-0.004574072266728013	-0.0034080618524450212	-0.0035448008468754733	0.002276189379720961	-0.004388579049362518	-7.732524605064128e-06
-0.006351145593957552	-0.0011620879835199105	-0.0033882936751350456	-0.0027215584573130336	-0.002608659853513551	0.002837873975737759	-0.003452438056000151	-0.0005694171206225285
-0.0039795884107729496	-0.000850040985732603	-0.0027641996795604307	-0.0016605986648354776	-0.0017349282597083349	0.0025882363775080464	-0.002641115861752974	0.00024190507362464864
-0.0025441722209502693	-0.0006628127870598188	-0.0022025150835431884	-0.0012861422674905754	-0.0012356530632491314	0.0020889611810479547	-0.0021418406652928823	-0.0005694171206225285
-0.00023502443732348333	-0.00028835638971513866	-0.0015160116884107566	-0.00016277307545586872	0.00013735372701639825	0.0022137799801635882	-0.0012056996719305157	0.00024190507362464864
-0.0007967090333409477	-0.000850040985732603	-0.0017656492866406914	-0.00041241067368580353	-0.0004243308690010661	0.0015272765850309344	-0.0017673842679482021	-0.00088146411841028
-0.0003598432364386728	-0.0006628127870598188	-0.0018904680857552147	-0.00010036367589849604	-0.00011228387121442474	0.002026551781490804	-0.0014553372701608946	-0.000257370122835443
-0.0001726150377658886	-0.0006004033875031123	-0.0012663740901810439	-0.00022518247501301936	-0.00011228387121442474	0.002837873975737759	-0.0012681090714881105	-0.0007566453192955347
0.0033223113374534208	0.00027332820630165955	0.0007931360952164734	0.00096059611657906	0.0009486759212633533	0.005084612359808061	0.0007914011139091848	5.467687495208651e-05
0.005444230922407645	0.00039814700541707104	0.002603008682383612	0.0010854149156938053	0.0013231323186084776	0.00664484734874482	0.0022892267032887936	-0.0007566453192955347
0.007004465911345292	0.0010222410009921301	0.0037263778744180964	0.0016470995117114917	0.0020096357137404652	0.007580988342107187	0.0033501864957654615	0.0003667238727398381
0.0063179625162128605	0.00083501280231979	0.004038424872205626	0.0013974619134813349	0.0015727699168379683	0.007456169542991997	0.003287777096208755	-0.0006318265201803452
0.007878197505150064	0.0011470598001068755	0.004412881269550528	0.001584690112153897	0.0021968639124132494	0.007518578942549592	0.003974280491340743	0.00017949567406727596
0.006630009514000168	0.0007101940032041565	0.004288062470435783	0.0012726431143661454	0.0016975887159533798	0.006707256748302415	0.00322536769665116	-0.0008190547188526853
0.005132183924620559	0.0008974222018769407	0.003414330876630567	0.001584690112153897	0.0017599981155109745	0.0057087063553824535	0.0027260925001906244	0.00024190507362464864
0.004383271129930977	0.0005229658045322605	0.002540599282826017	0.0010230055161366547	0.0015103605172808177	0.005022202960250466	0.0018523609063862967	-0.0006318265201803452
0.004071224132143003	0.0005853752040894111	0.001916505287250958	0.0012102337148085507	0.0016975887159533798	0.004834974761577682	0.0014154951094837998	0.00024190507362464864
0.0008259353551540727	2.369060807216883e-05	0.0004186796978713492	0.0004613209201189683	0.0006366289234764899	0.004023652567330505	-1.9921080338436425e-05	-0.0005070077210649337
0.001762076348515773	0.00039814700541707104	0.00029386089875638177	0.0008981867170214652	0.0012607229190508829	0.0044605183642327795	0.00041694471656428256	0.0003667238727398381
0.000950754154268596	-3.8718791485425896e-05	0.00023145149919878705	0.0004613209201189683	0.0005742195239184511	0.004772565362020531	-8.233047989558706e-05	-0.0005070077210649337
0.0007011165560384391	2.369060807216883e-05	0.00023145149919878705	0.0002740927214466282	0.00044940072480370574	0.0055214781567101134	4.24883192191583e-05	0.00024190507362464864
-0.00011020563820873797	0.00014850940718735828	0.00048108909742916595	-0.00010036367589849604	0.00019976312657332684	0.006020753353169761	0.00016730711833390366	-0.000257370122835443
0.0002018413595790136	2.369060807216883e-05	0.0004186796978713492	-0.0002875918745706141	-4.987447165638592e-05	0.0063328003509572905	-1.9921080338436425e-05	0.00030431447318224336
-0.001545621828030752	-0.0005379939879450735	0.00010663270008404169	-0.0010365046692606406	-0.000861196665903563	0.011200733516441241	-0.0008312432745860576	-0.0007566453192955347
-0.0010463466315706604	0.000210918806744953	4.422330052600287e-05	-0.0010365046692606406	-0.0002995120698867648	0.027302358602273147	-0.0014553372701608946	0.00030431447318224336
0.00026425075913660834	8.610000762976355e-05	-0.00026782369726108257	-0.0015357798657205102	1.2534927900764714e-05	0.024743573220416426	-0.0017049748683908295	-0.00031977952239259366
1.4613160906451483e-05	0.000210918806744953	-0.0005174612954907953	-0.00047482007324339826	0.00044940072480370574	0.021872740840771954	-0.0014553372701608946	0.0005539520714121782
-0.00023502443732348333	0.00014850940718735828	-0.0005174612954907953	-0.00022518247501301936	0.00044940072480370574	0.016068666681925636	-0.0013929278706033	-0.0001949607232778483
0.000950754154268596	0.00033573760585969836	-0.0005798706950483901	0.0007109585183489031	0.0012607229190508829	0.010826277119096561	-0.000956062073700803	0.0006787708705273676
0.0008259353551540727	-3.8718791485425896e-05	-0.0012663740901810439	0.0002740927214466282	0.0009486759212633533	0.007144122545204912	-0.0012056996719305157	-0.000257370122835443
0.0015124387502860603	0.00027332820630165955	-0.0008919176928359196	0.0007109585183489031	0.001447951117723223	0.007705807141222154	-0.0007688338750280188	0.0004915426718545834
1.4613160906451483e-05	8.610000762976355e-05	-0.0008919176928359196	0.0007109585183489031	0.0007614477225907912	0.010763867719539189	-0.0013305184710457052	-0.000257370122835443
0.00045147895780850433	0.000210918806744953	-0.0011415552910658544	2.445512321669341e-05	0.0007614477225907912	0.01613107608148323	-0.0013929278706033	0.0004291332722969887
-0.0007967090333409477	-3.8718791485425896e-05	-0.001016736491950665	-0.0008492764705878564	1.2534927900764714e-05	0.023557794628824347	-0.002204250064850477	-0.00031977952239259366
-0.0011087560311286992	2.369060807216883e-05	-0.0009543270923935143	-0.0012237328679329806	-0.00017469327077157537	0.029611506385900377	-0.002641115861752974	0.0004291332722969887
-0.005851870397497461	-0.0006004033875031123	-0.00307624667734796	-0.0027839678568706283	-0.0016101094605940336	0.0307972849774929	-0.004763035446707198	-0.0001949607232778483
-0.008098608781566652	-0.000850040985732603	-0.004823709864957948	-0.0035328806515602107	-0.002359022255283616	0.029361868787670442	-0.006323270435644401	0.0006163614709697729
-0.008722702777141933	-0.0014741349813078841	-0.005260575661860001	-0.003720108850232995	-0.002983116250858231	0.027364768001830964	-0.006760136232547342	-0.0005070077210649337
-0.007786561783779344	-0.0013493161821922506	-0.0059470790569924326	-0.0034080618524450212	-0.0022966128557262433	0.021935150240329326	-0.006635317433432597	0.00030431447318224336
-0.00772415238422175	-0.0017237725795373748	-0.0063839448538947074	-0.003283243053330498	-0.0022966128557262433	0.01575661968413855	-0.006822545632104937	-0.0006318265201803452
-0.00597668919661265	-0.0012244973830775052	-0.005510213260089936	-0.0016605986648354776	-0.0012356530632491314	0.013197834302280942	-0.0054495388418396296	0.00024190507362464864
-0.005539823399709931	-0.0013493161821922506	-0.005385394460974746	-0.001785417463950667	-0.0012356530632491314	0.012386512108033543	-0.005324720042724884	-0.0005070077210649337
-0.002668991020065903	-0.000850040985732603	-0.004199615869382667	-0.0010989140688182353	-0.0002371026703291701	0.015569391485465545	-0.0042013508506904	0.00011708627450968123
-0.0020448970244906217	-0.0007252221866174136	-0.002951427878233215	-0.0010989140688182353	-0.00017469327077157537	0.02181033144121436	-0.0036396662546729353	-0.0005070077210649337
-0.001795259426261131	-0.0007876315861750083	-0.0028266090791180254	-0.0015357798657205102	-0.0002995120698867648	0.028051271396963617	-0.00351484745555819	-0.00013255132372025358
-0.0017328500267035363	-0.0006004033875031123	-0.0019528774853134756	-0.0019102362630658565	-0.0005491496681162555	0.03316884216067728	-0.00351484745555819	-0.0007566453192955347
-0.0010463466315706604	-0.00047558458838792284	-0.0015784210879683513	-0.001972645662623007	-0.0005491496681162555	0.03529076174563195	-0.0032028004577704383	5.467687495208651e-05
-0.00135839362935819	-0.0007876315861750083	-0.001640830487525946	-0.0025343302586406935	-0.0009236060654611578	0.03266956696421763	-0.0033276192568856278	-0.00088146411841028
0.0036343583352405062	0.000210918806744953	0.0008555454947740682	-0.00041241067368580353	0.0009486759212633533	0.028862593591210794	-0.0006440150759137175	-7.732524605064128e-06
0.006567600114443017	0.0006477846036470059	0.0026654180819412066	0.0008357773174640926	0.00207204511329806	0.02218478783856015	0.0012906763103686103	-0.0006318265201803452
0.008003016304265032	0.0010222410009921301	0.0030398744792861088	0.001771918310826237	0.003070595506217577	0.01494529748989093	0.002226817303731199	0.00017949567406727596
0.007878197505150064	0.0007101940032041565	0.0032271026779580048	0.0020839653086133225	0.0028209579079885305	0.010389411322194064	0.002226817303731199	-0.0007566453192955347
0.009251204295414928	0.0011470598001068755	0.003913606073090881	0.0029576969024180944	0.0036946895017928583	0.01095109591821175	0.0031629582970935655	5.467687495208651e-05
0.0073789223086901945	0.0007726034027621953	0.003351921477073194	0.001959146509498577	0.002945776707102832	0.014009156496528563	0.0022892267032887936	-0.00069423591973794
0.004757727527275435	0.0005853752040894111	0.002790236881056174	0.0012726431143661454	0.0019472263141833146	0.018752270862897324	0.0014779045090413945	5.467687495208651e-05
0.0029478549401080745	0.00027332820630165955	0.0030398744792861088	-0.00016277307545586872	0.00044940072480370574	0.021186237445639966	0.0009162199130239301	-0.0009438735179678748
0.0020741233463033026	0.00046055640497466577	0.0020413240863661475	-0.000537229472800993	0.00044940072480370574	0.020437324650949718	0.0004793541161214332	0.00024190507362464864
0.0005762977569236938	2.369060807216883e-05	0.0007931360952164734	-0.0006620482719152943	0.0003245819256885163	0.017004807675288003	-0.0007688338750280188	-0.0005070077210649337
0.001762076348515773	-3.8718791485425896e-05	0.00023145149919878705	-3.7954276340901316e-05	0.0013855417181656282	0.014758069291218368	-0.0007688338750280188	0.00011708627450968123
0.0008259353551540727	-0.00010112819104302062	0.00010663270008404169	0.00021168332188947758	0.0010734947203780987	0.013509881300068471	-0.0010184714732583977	-0.0005694171206225285
0.0012628011520565696	0.00027332820630165955	0.00023145149919878705	0.0006485491187913084	0.0011983135194932881	0.013697109498740812	-0.0003319680781257439	0.0004291332722969887
1.4613160906451483e-05	0.00014850940718735828	0.00010663270008404169	-0.0002875918745706141	0.00013735372701639825	0.013322653101396131	-0.0007688338750280188	-0.00031977952239259366
0.0008883447547110013	0.00033573760585969836	0.0003562702983139765	-0.00041241067368580353	0.0006366289234764899	0.014009156496528563	-0.0005816056763552346	0.0006163614709697729
1.4613160906451483e-05	0.00014850940718735828	0.0003562702983139765	-0.0003500012741282088	0.00019976312657332684	0.01513252568856327	-0.0008936526741432083	-0.0001949607232778483
0.0006387071564812885	0.000210918806744953	-0.00020541429770348785	2.445512321669341e-05	0.0006990383230331965	0.016567941878385284	-0.000956062073700803	0.0004915426718545834
-0.0005470714351105688	-0.00028835638971513866	-0.0011415552910658544	-0.00041241067368580353	0.00019976312657332684	0.018190586266880082	-0.0019546124666209863	-0.0006318265201803452
1.4613160906451483e-05	8.610000762976355e-05	-0.0008295082932783249	0.00033650212100422294	0.0008862665217057586	0.02181033144121436	-0.0015177466697184894	0.0004291332722969887
-0.0007967090333409477	-0.00028835638971513866	-0.0012663740901810439	-0.0007868670710307057	0.00019976312657332684	0.023682613427939314	-0.0022666594644080718	-0.0005070077210649337
0.00013943196002164093	0.00014850940718735828	-0.0007046894941631354	-0.0006620482719152943	0.0005118101243608564	0.025617304814221198	-0.0017673842679482021	0.0005539520714121782
-0.0006718902342257582	-0.00016353759060017126	-0.0005174612954907953	-0.0012237328679329806	-0.00017469327077157537	0.025430076615548858	-0.0019546124666209863	-0.0003821889219501884
0.0002018413595790136	-3.8718791485425896e-05	-0.00045505189593342266	-0.0010989140688182353	0.00044940072480370574	0.023245747631036817	-0.0015177466697184894	0.00024190507362464864
-0.0003598432364386728	-0.00047558458838792284	-0.0006422800946059848	-0.0012861422674905754	-0.00011228387121442474	0.020000458854047665	-0.0018922030670629475	-0.00069423591973794
0.00026425075913660834	-3.8718791485425896e-05	-0.00039264249637582793	-0.0003500012741282088	0.0005742195239184511	0.017566492271305245	-0.0012681090714881105	0.00011708627450968123
7.702256046382416e-05	-0.00022594699015776598	-0.0005174612954907953	-0.0007244576714733331	0.000386991325246111	0.014820478690775962	-0.0013305184710457052	-0.0005070077210649337
-0.00048466203555341814	-0.00041317518883055016	-0.001016736491950665	-0.0007244576714733331	0.00013735372701639825	0.013697109498740812	-0.0017049748683908295	5.467687495208651e-05
-0.00597668919661265	-0.0011620879835199105	-0.0034507030746926404	-0.002035055062180602	-0.0016725188601511842	0.01294819670405123	-0.003951713252460021	-0.0005694171206225285
-0.007474514785992259	-0.0012244973830775052	-0.005010938063629844	-0.0027215584573130336	-0.0017973376592663737	0.013509881300068471	-0.00495026364537976	0.00030431447318224336
-0.007661742984664599	-0.0012869067826351	-0.005010938063629844	-0.0027215584573130336	-0.002109384657053903	0.015819029083696146	-0.0052623106431672895	-0.0003821889219501884
-0.007661742984664599	-0.0009124503852901977	-0.005073347463187439	-0.002222283260852942	-0.0016725188601511842	0.019251546059357194	-0.00495026364537976	0.0006163614709697729
-0.008036199382009501	-0.0014117255817502894	-0.00557262265964753	-0.0031584242542153085	-0.0022966128557262433	0.01981323065537488	-0.005574357640954819	-0.0004445983215077831
-0.006039098596169801	-0.0009748597848473484	-0.0046988910658427585	-0.0023471020599679093	-0.001485290661478622	0.020811781048294398	-0.0046382166475928965	0.0004291332722969887
-0.005914279797055055	-0.0011620879835199105	-0.004074797070267477	-0.002659149057755439	-0.0017973376592663737	0.020250096452277155	-0.004263760250247328	-0.0003821889219501884
-0.00348031321431308	-0.0007252221866174136	-0.00307624667734796	-0.002035055062180602	-0.000861196665903563	0.019001908461127703	-0.003077981658655249	0.00030431447318224336
-0.001545621828030752	-0.00041317518883055016	-0.0015784210879683513	-0.001348551667047726	-0.0005491496681162555	0.017566492271305245	-0.002017021866178581	-0.0003821889219501884
-0.0005470714351105688	-0.00022594699015776598	-0.001453602288853162	-0.0009740952697034899	-4.987447165638592e-05	0.01525734448767846	-0.0015177466697184894	0.00024190507362464864
-0.0006094808346690517	-0.00041317518883055016	-0.001203964690623227	-0.0009116858701458952	-0.00017469327077157537	0.013385062500953726	-0.0014553372701608946	-0.0005694171206225285
0.00013943196002164093	-0.00010112819104302062	-0.0008919176928359196	-0.00016277307545586872	0.0003245819256885163	0.01294819670405123	-0.0010808808728157704	0.00030431447318224336
0.00032666015869420306	-0.0003507657892727334	-0.0008295082932783249	-0.0003500012741282088	0.00013735372701639825	0.01282337790493604	-0.0010184714732583977	-0.0005694171206225285
0.00482013692683303	0.0005853752040894111	0.0013548206912337157	0.0010854149156938053	0.0019472263141833146	0.01494529748989093	0.0012282669108114597	0.00030431447318224336
0.006380371915770233	0.0005229658045322605	0.002790236881056174	0.0014598713130387075	0.0020096357137404652	0.0174416734721905	0.002226817303731199	-0.00069423591973794
0.0069420565117872535	0.0008974222018769407	0.002977465079728514	0.0015222807125965243	0.002508910910200557	0.019313955458915233	0.0025388643015187284	0.00011708627450968123
0.007254103509575005	0.0010846504005492807	0.003663968474861168	0.0015222807125965243	0.0026337297093157463	0.021061418646524555	0.0027260925001906244	-0.0005070077210649337
0.008252653902494966	0.0012718785992218429	0.004412881269550528	0.0020839653086133225	0.003070595506217577	0.023245747631036817	0.003475005294880651	0.00030431447318224336
0.006505190714885423	0.0010222410009921301	0.003788787273975691	0.0012102337148085507	0.0024465015106431842	0.022808881834134542	0.002663683100633474	-0.0005070077210649337
0.005319412123292899	0.0009598316014340913	0.0030398744792861088	0.0008357773174640926	0.0021968639124132494	0.02162310324254202	0.001977179705501486	0.00030431447318224336
0.003883995933470885	0.00033573760585969836	0.0026654180819412066	0.0002740927214466282	0.0011983135194932881	0.019875640054932475	0.0014154951094837998	-0.00088146411841028
0.0025109891432062437	0.00039814700541707104	0.0014796394903489052	8.686452277384404e-05	0.0013855417181656282	0.016879988876172813	0.0009786293125815249	0.00017949567406727596
0.0011379823529413802	0.00014850940718735828	0.0008555454947740682	-0.00016277307545586872	0.0008238571221483859	0.014321203494316093	0.00010489771877675302	-0.0004445983215077831
0.0012003917524985308	2.369060807216883e-05	0.0006059078965436893	0.0002740927214466282	0.0008862665217057586	0.013634700099184105	0.00022971651789149838	5.467687495208651e-05
0.00013943196002164093	-0.00028835638971513866	-1.8186099030703673e-05	-0.0003500012741282088	0.0005118101243608564	0.013385062500953726	-0.0003319680781257439	-0.0007566453192955347
0.0007011165560384391	-0.00022594699015776598	-8.05954985882984e-05	-0.00022518247501301936	0.0007614477225907912	0.01494529748989093	-0.00014473987945362587	5.467687495208651e-05
-0.00048466203555341814	-0.00022594699015776598	-0.00014300489814589312	-0.00047482007324339826	0.00019976312657332684	0.017566492271305245	-0.0005191962767985281	-0.0007566453192955347
0.0003890695582509096	0.00014850940718735828	-1.8186099030703673e-05	-0.00047482007324339826	0.0007614477225907912	0.019938049454489626	-0.0002695586785685933	0.00017949567406727596
-0.0004222526359962675	-0.00022594699015776598	4.422330052600287e-05	-0.0007244576714733331	0.00013735372701639825	0.021061418646524555	-0.0008312432745860576	-0.00069423591973794
-0.00023502443732348333	-0.00022594699015776598	-0.0003302330968182332	-0.0007868670710307057	0.00013735372701639825	0.020686962249180096	-0.0007064244754708682	5.467687495208651e-05
-0.00048466203555341814	-0.00022594699015776598	-8.05954985882984e-05	-0.0010989140688182353	1.2534927900764714e-05	0.018252995666437677	-0.0008936526741432083	-0.0006318265201803452
0.00013943196002164093	-3.8718791485425896e-05	0.00016904209964119232	-0.000537229472800993	0.00019976312657332684	0.01525734448767846	-0.00039437747768333864	0.00024190507362464864
-0.0004222526359962675	-0.00016353759060017126	4.422330052600287e-05	-0.0005996388723585877	-4.987447165638592e-05	0.011512780514228771	-0.0005816056763552346	-0.0004445983215077831
0.00026425075913660834	-0.00010112819104302062	-0.00014300489814589312	-0.0002875918745706141	0.0003245819256885163	0.008267491737240062	-0.0003319680781257439	0.00024190507362464864
-0.00029743383688107805	-0.0003507657892727334	-8.05954985882984e-05	-0.00041241067368580353	-4.987447165638592e-05	0.0067696661478600095	-0.0005191962767985281	-0.00069423591973794
7.702256046382416e-05	-0.00016353759060017126	-0.00014300489814589312	8.686452277384404e-05	0.000386991325246111	0.007893035339894938	-0.0002695586785685933	0.00011708627450968123
-0.0005470714351105688	-0.0003507657892727334	-0.00045505189593342266	-0.00047482007324339826	1.2534927900764714e-05	0.009952545525291567	-0.0007064244754708682	-0.0005694171206225285
1.4613160906451483e-05	2.369060807216883e-05	-8.05954985882984e-05	2.445512321669341e-05	0.0005742195239184511	0.014196384695200903	-0.0003319680781257439	0.00030431447318224336
-0.0008591184328983203	-0.00010112819104302062	-8.05954985882984e-05	-0.000537229472800993	7.49443274581374e-05	0.017504082871748095	-0.0007688338750280188	-0.0004445983215077831
-0.00135839362935819	-0.00016353759060017126	-0.0008919176928359196	-0.0009740952697034899	1.2534927900764714e-05	0.019251546059357194	-0.0012056996719305157	0.0004291332722969887
-0.006788011390859383	-0.001037269184404943	-0.0032010654764627056	-0.0025343302586406935	-0.0019845658579387138	0.01812817686732293	-0.0038268944533452753	-0.0005070077210649337
-0.007911380582894756	-0.0014741349813078841	-0.0046988910658427585	-0.0031584242542153085	-0.0024214316548412107	0.01631830428015557	-0.0046382166475928965	5.467687495208651e-05
-0.008098608781566652	-0.0014117255817502894	-0.004511662867170418	-0.003220833653772903	-0.002608659853513551	0.014196384695200903	-0.004763035446707198	-0.0006318265201803452
-0.00797378998245235	-0.0014117255817502894	-0.0046988910658427585	-0.002846377256427335	-0.0024214316548412107	0.011949646311131268	-0.004513397848477707	0.00024190507362464864
-0.007911380582894756	-0.0013493161821922506	-0.004636481666285164	-0.0029711960555429684	-0.0022966128557262433	0.009640498527504038	-0.004388579049362518	-0.0005070077210649337
-0.005851870397497461	-0.001037269184404943	-0.003949978271152732	-0.0022846926604105366	-0.001485290661478622	0.008704357534142115	-0.00351484745555819	0.00030431447318224336
-0.005914279797055055	-0.0012244973830775052	-0.0034507030746926404	-0.002159873861295347	-0.0017973376592663737	0.00914122333104439	-0.003265209857327589	-0.0006318265201803452
-0.0033554944151978905	-0.0009124503852901977	-0.0027641996795604307	-0.0015357798657205102	-0.0007987872663466344	0.010202183123521724	-0.0021418406652928823	0.00011708627450968123
-0.002232125223162962	-0.0009748597848473484	-0.0018904680857552147	-0.001348551667047726	-0.0007363778667888177	0.01145037111467162	-0.0017673842679482021	-0.00088146411841028
-0.00048466203555341814	-0.00010112819104302062	-0.0008295082932783249	-0.00016277307545586872	0.0003245819256885163	0.014133975295643753	-0.0005191962767985281	0.00030431447318224336
-0.0012335748302434446	-0.00047558458838792284	-0.0011415552910658544	-0.0009740952697034899	-0.0002371026703291701	0.014009156496528563	-0.0010184714732583977	-0.0005694171206225285
1.4613160906451483e-05	-3.8718791485425896e-05	-0.00045505189593342266	-0.0003500012741282088	0.00026217252613092157	0.014321203494316093	-0.00045678687724093336	0.0003667238727398381
0.0007011165560384391	0.000210918806744953	0.00048108909742916595	-0.00016277307545586872	0.00026217252613092157	0.014321203494316093	0.00022971651789149838	-0.0003821889219501884
0.004508089929045722	8.610000762976355e-05	0.001978914686808775	0.0002740927214466282	0.0011983135194932881	0.013759518898298406	0.0017275421072711072	5.467687495208651e-05
0.006754828313114913	0.0007101940032041565	0.004038424872205626	0.0013350525139241842	0.0019472263141833146	0.013634700099184105	0.003038139497978376	-0.00069423591973794
0.006879647112230103	0.0008974222018769407	0.004100834271763665	0.001584690112153897	0.0022592733119704	0.01269855910582085	0.003287777096208755	5.467687495208651e-05
0.007441331708247345	0.0009598316014340913	0.004600109468222868	0.0015222807125965243	0.002508910910200557	0.012136874509804052	0.0035998240939958404	-0.00069423591973794
0.008689519699397241	0.0012718785992218429	0.005286612863355744	0.0023336029068437014	0.003070595506217577	0.013322653101396131	0.004348736888685423	0.00024190507362464864
0.005756277920194952	0.0007101940032041565	0.004100834271763665	0.0014598713130387075	0.0020096357137404652	0.013946747096970746	0.0031629582970935655	-0.0007566453192955347
0.005007365125505814	0.0007101940032041565	0.002977465079728514	0.0010230055161366547	0.0021344545128556547	0.014570841092545583	0.002601273701076323	5.467687495208651e-05
0.004258452330815343	0.00046055640497466577	0.002977465079728514	0.0008357773174640926	0.0015727699168379683	0.01619348548104038	0.002226817303731199	-0.0007566453192955347
0.0013876199511708709	2.369060807216883e-05	0.0011675924925613756	8.686452277384404e-05	0.0008238571221483859	0.016692760677500473	0.0009162199130239301	-7.732524605064128e-06
7.702256046382416e-05	-0.0003507657892727334	0.0004186796978713492	-0.0006620482719152943	0.00013735372701639825	0.016505532478828133	0.00016730711833390366	-0.00088146411841028
0.0012003917524985308	0.00027332820630165955	0.0009803642938888135	0.0002740927214466282	0.001011085320820948	0.017254445273517716	0.0009162199130239301	0.00030431447318224336
0.00013943196002164093	-0.00010112819104302062	0.0007307266956588787	-0.0005996388723585877	0.000386991325246111	0.01619348548104038	0.00041694471656428256	-0.0006318265201803452
0.000763525955596478	-3.8718791485425896e-05	0.0009803642938888135	-0.00041241067368580353	0.0008238571221483859	0.0154445726863508	0.0007914011139091848	0.00011708627450968123
-0.0001726150377658886	-0.00028835638971513866	0.0009179548943307747	-0.0007244576714733331	0.00013735372701639825	0.014071565896085714	0.00035453531700624374	-0.0008190547188526853
0.00026425075913660834	-3.8718791485425896e-05	0.0007307266956588787	-0.000537229472800993	0.000386991325246111	0.01269855910582085	0.0005417635156790279	0.00024190507362464864
-0.0001726150377658886	-0.0003507657892727334	0.000668317296101284	-0.0007868670710307057	0.00013735372701639825	0.010639048920423999	0.00010489771877675302	-0.0007566453192955347
1.4613160906451483e-05	-0.00010112819104302062	0.0007307266956588787	-0.00016277307545586872	0.0003245819256885163	0.009827726726176822	0.00035453531700624374	0.00017949567406727596
-0.0005470714351105688	-0.0003507657892727334	0.00023145149919878705	-0.00041241067368580353	1.2534927900764714e-05	0.008142672938124873	0.00010489771877675302	-0.0007566453192955347
0.00045147895780850433	2.369060807216883e-05	4.422330052600287e-05	-3.7954276340901316e-05	0.000386991325246111	0.006707256748302415	0.00022971651789149838	0.00011708627450968123
-0.0009215278324563592	-0.00047558458838792284	-0.0003302330968182332	-0.0003500012741282088	-0.0002995120698867648	0.007705807141222154	-0.0002695586785685933	-0.0008190547188526853
-0.0003598432364386728	-0.00022594699015776598	-0.00039264249637582793	-0.0002875918745706141	0.00013735372701639825	0.008704357534142115	-1.9921080338436425e-05	0.00011708627450968123
-0.0009215278324563592	-0.0007252221866174136	-0.0005174612954907953	-0.0008492764705878564	-0.0005491496681162555	0.009328451529716952	-0.0005191962767985281	-0.0009438735179678748
-0.00029743383688107805	-0.00028835638971513866	-1.8186099030703673e-05	-0.00041241067368580353	-0.00011228387121442474	0.010826277119096561	-0.00014473987945362587	-7.014192416265885e-05
-0.0010463466315706604	-0.00041317518883055016	-1.8186099030703673e-05	-0.0010365046692606406	-0.0004867402685586608	0.01095109591821175	-0.00045678687724093336	-0.00088146411841028
-0.0001726150377658886	-0.00010112819104302062	0.0005434984969865386	-0.00047482007324339826	1.2534927900764714e-05	0.011200733516441241	-1.9921080338436425e-05	0.00011708627450968123
-0.0009839372320130657	-0.0003507657892727334	0.000668317296101284	-0.0007244576714733331	-0.0004243308690010661	0.010451820721752103	-0.00020714927901099855	-0.0007566453192955347
-0.0018576688258178375	-0.0003507657892727334	-0.00039264249637582793	-0.0009740952697034899	-0.0002995120698867648	0.00864194813458452	-0.0006440150759137175	0.00024190507362464864
-0.007287286587319475	-0.0013493161821922506	-0.0030138372777908096	-0.0025343302586406935	-0.002359022255283616	0.005771115754940048	-0.0033900286564430004	-0.00069423591973794
-0.007536924185549854	-0.001037269184404943	-0.00357552187380783	-0.001972645662623007	-0.0019845658579387138	0.0061455721522849505	-0.003265209857327589	0.0004291332722969887
-0.008223427580681841	-0.0015989537804226295	-0.004449253467612824	-0.0029087866559849296	-0.0024838410543988054	0.0057087063553824535	-0.003889303852902426	-0.00069423591973794
-0.008285836980239436	-0.0016613631799797801	-0.0048861192645146545	-0.002846377256427335	-0.002546250453955956	0.007019303746089722	-0.003951713252460021	-0.00013255132372025358
-0.008722702777141933	-0.001911000778210159	-0.004823709864957948	-0.0031584242542153085	-0.0029207068513006362	0.008704357534142115	-0.0040141226520180595	-0.0010686923170826201
-0.006475964393072298	-0.0013493161821922506	-0.004074797070267477	-0.0025343302586406935	-0.0017349282597083349	0.010389411322194064	-0.0029531628595400594	-7.732524605064128e-06
-0.00597668919661265	-0.0013493161821922506	-0.0032634748760203003	-0.0022846926604105366	-0.0017973376592663737	0.011575189913786366	-0.0025787064621953792	-0.0007566453192955347
-0.003667541412984976	-0.0009748597848473484	-0.0021401056839858157	-0.0017230080643930723	-0.0009860154650187525	0.01163759931334396	-0.0015177466697184894	-7.732524605064128e-06
-0.002169715823605811	-0.0007252221866174136	-0.0008295082932783249	-0.0014733704661629154	-0.0005491496681162555	0.01070145831998115	-0.0007688338750280188	-0.0007566453192955347
-0.0009215278324563592	-0.0003507657892727334	-0.0003302330968182332	-0.0006620482719152943	-0.00017469327077157537	0.00907881393148724	-0.0003319680781257439	-7.014192416265885e-05
-0.00135839362935819	-0.0006004033875031123	-8.05954985882984e-05	-0.0008492764705878564	-0.0005491496681162555	0.00645761915007248	-0.0005191962767985281	-0.0007566453192955347
0.0002018413595790136	-0.00010112819104302062	0.0003562702983139765	-0.00010036367589849604	0.00026217252613092157	0.004647746562905342	0.00022971651789149838	0.00024190507362464864
0.0012003917524985308	-0.00016353759060017126	0.0009179548943307747	8.686452277384404e-05	0.00019976312657332684	0.004086061966888099	0.0006041729152366226	-0.0006318265201803452
0.005319412123292899	0.00033573760585969836	0.002540599282826017	0.0012726431143661454	0.001635179316395563	0.00627039095140014	0.0027260925001906244	0.00011708627450968123
0.0069420565117872535	0.00083501280231979	0.003663968474861168	0.0016470995117114917	0.0021968639124132494	0.00895399513237205	0.0037246428931108078	-0.00069423591973794
0.0069420565117872535	0.0008974222018769407	0.003788787273975691	0.001959146509498577	0.0023840921110853674	0.012136874509804052	0.003911871091783592	-7.732524605064128e-06
0.007004465911345292	0.0009598316014340913	0.004225653070877966	0.001771918310826237	0.0024465015106431842	0.01513252568856327	0.004223918089570677	-0.0006318265201803452
0.007940606904707437	0.0011470598001068755	0.004662518867780907	0.0018967371099414265	0.002945776707102832	0.017192035873960343	0.004598374486915802	0.00011708627450968123
0.005007365125505814	0.0006477846036470059	0.004038424872205626	0.0011478243152514	0.0017599981155109745	0.017254445273517716	0.0035374146944382456	-0.00069423591973794
0.004695318127718062	0.0008974222018769407	0.0037263778744180964	0.0010854149156938053	0.0020096357137404652	0.016068666681925636	0.0035374146944382456	0.00017949567406727596
0.004445680529488127	0.0006477846036470059	0.003851196673533286	0.0006485491187913084	0.001635179316395563	0.013197834302280942	0.0031005488975361928	-0.00069423591973794
0.0012628011520565696	0.000210918806744953	0.002353371084153677	0.0002740927214466282	0.0008238571221483859	0.010327001922636914	0.0018523609063862967	0.00011708627450968123
0.0005762977569236938	-3.8718791485425896e-05	0.001729277088578396	-0.00010036367589849604	0.0005742195239184511	0.007518578942549592	0.001353085709925983	-0.0007566453192955347
0.0011379823529413802	-3.8718791485425896e-05	0.0014172300907908664	0.00014927392233143877	0.0008238571221483859	0.0065824379491876694	0.0015403139085987672	0.00011708627450968123
0.00026425075913660834	2.369060807216883e-05	0.0014796394903489052	8.686452277384404e-05	0.00044940072480370574	0.0073937601434348466	0.0014154951094837998	-0.0005694171206225285
0.0005762977569236938	0.00027332820630165955	0.0009179548943307747	0.00014927392233143877	0.0008238571221483859	0.008454719935911958	0.0016027233081563619	0.0003667238727398381
-0.0004222526359962675	-0.0003507657892727334	0.00016904209964119232	-0.0006620482719152943	-4.987447165638592e-05	0.008891585732814455	0.0009162199130239301	-0.00088146411841028
-4.779623865114324e-05	-3.8718791485425896e-05	0.00023145149919878705	-0.00010036367589849604	0.00044940072480370574	0.010576639520866404	0.0012282669108114597	0.00024190507362464864
-0.0003598432364386728	-3.8718791485425896e-05	0.00029386089875638177	-0.0003500012741282088	0.000386991325246111	0.010576639520866404	0.0011034481116967143	-0.0005694171206225285
-0.00011020563820873797	2.369060807216883e-05	0.00029386089875638177	2.445512321669341e-05	0.0005742195239184511	0.009952545525291567	0.0011034481116967143	0.00030431447318224336
-0.0007342996337833529	-0.00022594699015776598	0.0003562702983139765	-0.0002875918745706141	-4.987447165638592e-05	0.008454719935911958	0.0005417635156790279	-0.0006318265201803452
0.00013943196002164093	2.369060807216883e-05	0.0008555454947740682	-0.00010036367589849604	0.0003245819256885163	0.007144122545204912	0.0007914011139091848	0.00030431447318224336
-0.0011087560311286992	-0.0003507657892727334	0.000668317296101284	-0.0005996388723585877	-0.0005491496681162555	0.005583887556268152	4.24883192191583e-05	-0.0007566453192955347
-0.0004222526359962675	-0.00022594699015776598	0.0006059078965436893	-0.0003500012741282088	-0.0002371026703291701	0.005022202960250466	0.000292125917448649	-7.732524605064128e-06
-0.0007967090333409477	-0.00041317518883055016	0.0006059078965436893	-0.0007244576714733331	-0.0004243308690010661	0.004710155962462936	-1.9921080338436425e-05	-0.00088146411841028
0.00013943196002164093	-0.00010112819104302062	0.0009803642938888135	-0.0002875918745706141	0.00013735372701639825	0.0055214781567101134	0.0005417635156790279	0.00011708627450968123
-0.0012335748302434446	-0.00022594699015776598	0.000668317296101284	-0.000537229472800993	-0.0004243308690010661	0.006832075547416938	0.00041694471656428256	-0.0005070077210649337
-0.00023502443732348333	-0.00016353759060017126	0.0004186796978713492	-0.00041241067368580353	0.00026217252613092157	0.008329901136796769	0.00072899171435159	0.00011708627450968123
-0.0010463466315706604	-0.00041317518883055016	0.0004186796978713492	-0.0005996388723585877	-0.00017469327077157537	0.009890136125733973	0.0006041729152366226	-0.0007566453192955347
-0.0024817628213931187	-0.00028835638971513866	-0.0005798706950483901	-0.0007868670710307057	-0.00011228387121442474	0.009453270328832142	0.00035453531700624374	0.00030431447318224336
-0.008161018181125135	-0.0014117255817502894	-0.00357552187380783	-0.002659149057755439	-0.002171794056611054	0.00645761915007248	-0.002641115861752974	-0.0005694171206225285
-0.007599333585107448	-0.0012869067826351	-0.003513112474250235	-0.002159873861295347	-0.0019845658579387138	0.0065824379491876694	-0.002391478263522817	0.00024190507362464864
-0.008597883978026966	-0.0014741349813078841	-0.0038875688715946932	-0.002659149057755439	-0.0024838410543988054	0.0057087063553824535	-0.0029531628595400594	-0.0005694171206225285
-0.007911380582894756	-0.0012244973830775052	-0.0038251594720379867	-0.002409511459525504	-0.0020469752574958644	0.005334249958037551	-0.002828344060425758	0.0003667238727398381
-0.008410655779354625	-0.0017237725795373748	-0.0038875688715946932	-0.003033605455100119	-0.0028582974517434856	0.005271840558479957	-0.0033276192568856278	-0.0007566453192955347
-0.006663192591745082	-0.0014117255817502894	-0.0032634748760203003	-0.0024719208590830988	-0.0020469752574958644	0.005833525154497643	-0.002391478263522817	-7.014192416265885e-05
-0.005539823399709931	-0.0012869067826351	-0.0026393808804454633	-0.0024719208590830988	-0.0017973376592663737	0.005334249958037551	-0.0020794312657352876	-0.0007566453192955347
-0.003230675616083145	-0.0009748597848473484	-0.001640830487525946	-0.0015357798657205102	-0.0012356530632491314	0.005958343953612388	-0.0008936526741432083	-0.00013255132372025358
-0.0024817628213931187	-0.0007876315861750083	-0.0011415552910658544	-0.0012861422674905754	-0.0009236060654611578	0.005396659357595146	-0.00045678687724093336	-0.0008190547188526853
-0.0007342996337833529	-0.0005379939879450735	-0.0008919176928359196	-0.0005996388723585877	-4.987447165638592e-05	0.004585337163347969	0.000292125917448649	-7.732524605064128e-06
-0.001545621828030752	-0.0007876315861750083	-0.0009543270923935143	-0.0006620482719152943	-0.0006115590676738503	0.004148471366444806	-1.9921080338436425e-05	-0.0009438735179678748
-0.0004222526359962675	-0.00047558458838792284	-0.0005798706950483901	-0.00022518247501301936	7.49443274581374e-05	0.004522927763790374	0.0006041729152366226	-7.014192416265885e-05
0.0012628011520565696	-0.00010112819104302062	0.0007931360952164734	0.00014927392233143877	0.00019976312657332684	0.0057087063553824535	0.0014154951094837998	-0.0007566453192955347
0.0056938685206382456	0.0007101940032041565	0.0032271026779580048	0.001584690112153897	0.0018224075150685692	0.008267491737240062	0.003662233493553435	0.00017949567406727596
0.006754828313114913	0.0010222410009921301	0.004600109468222868	0.0017095089112686424	0.0021968639124132494	0.009390860929274547	0.004348736888685423	-0.0005694171206225285
0.0069420565117872535	0.0007726034027621953	0.004787337666895652	0.001584690112153897	0.0021344545128556547	0.009390860929274547	0.004348736888685423	5.467687495208651e-05
0.007254103509575005	0.0011470598001068755	0.005848297459372986	0.001959146509498577	0.0023840921110853674	0.009765317326619671	0.004848012085145514	-0.0004445983215077831
0.008502291500724457	0.001459106797894627	0.006222753856718111	0.0022711935072861067	0.0031954143053327666	0.00914122333104439	0.005347287281605606	0.0004291332722969887
0.00538182152285005	0.00083501280231979	0.005161794064240777	0.0015222807125965243	0.00207204511329806	0.007518578942549592	0.003911871091783592	-0.0005070077210649337
0.00482013692683303	0.00083501280231979	0.004600109468222868	0.0016470995117114917	0.0022592733119704	0.00695689434653235	0.003911871091783592	0.00030431447318224336
0.003696767734798101	0.00027332820630165955	0.003414330876630567	0.0007109585183489031	0.0015103605172808177	0.005958343953612388	0.0031629582970935655	-0.00069423591973794
0.0013876199511708709	0.00027332820630165955	0.002103733485923742	0.0007733679179062758	0.001011085320820948	0.0065824379491876694	0.002414045502403539	0.00017949567406727596
7.702256046382416e-05	-3.8718791485425896e-05	0.0013548206912337157	2.445512321669341e-05	0.00026217252613092157	0.0073937601434348466	0.0019147703059438914	-0.0006318265201803452
0.000950754154268596	0.000210918806744953	0.0011675924925613756	0.0002740927214466282	0.0009486759212633533	0.00864194813458452	0.0023516361028459443	0.00017949567406727596
-0.0004222526359962675	-0.00028835638971513866	0.0009179548943307747	-0.00022518247501301936	7.49443274581374e-05	0.009453270328832142	0.0014779045090413945	-0.0007566453192955347
0.0002018413595790136	0.00027332820630165955	0.0013548206912337157	0.00033650212100422294	0.0005742195239184511	0.009578089127946887	0.0021019985046162315	0.00030431447318224336
-0.00029743383688107805	-0.00028835638971513866	0.0011675924925613756	-0.0009116858701458952	1.2534927900764714e-05	0.007331350743876808	0.0010410387121391196	-0.0006318265201803452
7.702256046382416e-05	0.000210918806744953	0.0017916864881359906	0.0003989115205613736	0.0008238571221483859	0.007705807141222154	0.0016027233081563619	0.00030431447318224336
-0.0001726150377658886	-0.00016353759060017126	0.0017916864881359906	-0.00010036367589849604	0.00013735372701639825	0.005271840558479957	0.0010410387121391196	-0.0005070077210649337
0.00032666015869420306	-0.00010112819104302062	0.0011675924925613756	-0.00016277307545586872	0.0006366289234764899	0.0032123303730833275	0.0011034481116967143	0.00017949567406727596
-0.0007342996337833529	-0.00028835638971513866	0.0010427736934461862	-3.7954276340901316e-05	-0.00011228387121442474	0.002837873975737759	0.0005417635156790279	-0.0007566453192955347
-4.779623865114324e-05	-3.8718791485425896e-05	0.0010427736934461862	0.00014927392233143877	0.0003245819256885163	0.0033995585717556676	0.0011034481116967143	0.00024190507362464864
-0.0011711654306858499	-0.00041317518883055016	0.00016904209964119232	-0.0006620482719152943	-0.0004867402685586608	0.003274739772640478	0.00041694471656428256	-0.0007566453192955347
-0.0004222526359962675	-0.00022594699015776598	0.00029386089875638177	-0.00016277307545586872	-4.987447165638592e-05	0.005209431158922362	0.0009786293125815249	5.467687495208651e-05
