Sensor_1	Sensor_2	Sensor_3	Sensor_4	Sensor_5	Sensor_6	Sensor_7	Sensor_8
0.0007229667182442334	0.0006516379030330199	0.00022708480393496266	0.00040339087568441734	3.988793528275636e-05	9.155836803342865e-05	0.00014080192924526003	0.0008811182484869118
-0.0005876306724628133	-0.0005341406885592814	-2.25527942947501e-05	0.0003409814761268226	0.0004143443326272145	0.0014021557587409195	-0.00042088266677176023	0.0003818430520268201
0.0004733291200138545	0.0009012755012631768	-0.0008962843880995219	0.00015375327745426048	0.0009760289286449009	0.0007780617631656384	0.0003904395274754169	0.0006314806502565329
-0.0003379930742333226	0.00046440970436067985	0.0016000915941996041	0.000278572076569894	0.0002271161339553185	0.0009652899618386446	-0.00010883566898467478	0.0003194336524692254
0.0005357385195714492	-0.0002220936907717519	0.0011632257972973292	0.0002161626770122993	0.0006015725312999987	-0.0005325356275414084	-4.642626942663597e-05	0.0006314806502565329
0.0007229667182442334	0.0007764567021482094	0.0020993667906596958	0.0005906190743572015	0.00035193493307050794	0.00015396776759102337	0.00014080192924526003	0.00025702425291163067
-0.0005252212729056627	0.0003395909052454904	0.0012880445964125187	0.00040339087568441734	0.0009136195290873061	0.0009652899618386446	0.0002032113288030768	0.0009435276480440624
0.000598147919129044	0.0018374164946255434	0.00041431300260774684	0.000278572076569894	0.0007888007299727828	-0.0005949450270990031	-0.00010883566898467478	0.0006938900498141276
-0.000650040072020408	0.00040200030480308513	0.0011008163977399565	0.000278572076569894	0.0005391631317424039	0.0009028805622810498	-4.642626942663597e-05	0.0011307558467164025
0.000598147919129044	0.00040200030480308513	0.00010226600481999526	0.0005282096747996068	0.0004143443326272145	0.0012149275600681353	7.839252968810939e-05	0.0015676216436193435
-0.0007124494715782248	0.0017750070950679486	-0.00014737159341038364	0.000278572076569894	0.001163257127317685	0.0014645651582985142	7.839252968810939e-05	0.0010059370476021012
0.0007853761178013841	-9.727489165678449e-05	0.00035190360304926394	0.0003409814761268226	0.0010384383282029397	0.0011525181605105406	-4.642626942663597e-05	0.0013803934449465594
-0.0007124494715782248	0.0005892285034754252	0.0011008163977399565	0.0007778472730299857	0.0012880759264328745	0.0004660147653785529	0.00032803012791782216	0.0010059370476021012
-0.0007748588711353754	-0.00028450309032890253	0.0018497291924293169	0.0002161626770122993	0.0002895255335129132	0.0007780617631656384	-0.0001712450685422695	0.00019461485335403594
0.0006605573186866387	0.0011509130994926675	0.0014752727950844147	0.00040339087568441734	0.0004143443326272145	-9.566983063913348e-05	1.5983130130070577e-05	0.0003818430520268201
-0.0005252212729056627	0.0014629600972806411	0.0020993667906596958	0.00040339087568441734	0.0006639819308575934	-0.0003453074288690683	0.00014080192924526003	0.00044425245158397075
0.0004733291200138545	-0.00028450309032890253	0.0015376821946420094	0.00015375327745426048	0.00035193493307050794	0.0004036053658209582	-0.00029606386765701487	0.001068346447159696
-0.0005252212729056627	0.0015253694968380138	0.0002894942034925574	0.00040339087568441734	0.0008512101295303776	0.000216377167148174	-0.00010883566898467478	0.0005066618511420096
0.000598147919129044	0.0009636849008207715	0.00035190360304926394	0.00040339087568441734	0.0005391631317424039	0.0015893839574130375	0.0002032113288030768	0.001255574645831592
-0.0005876306724628133	-0.00015968429121437921	0.0005391318017220481	0.0002161626770122993	0.0004767537321848092	0.00034119596626336346	-0.00010883566898467478	0.0009435276480440624
0.0005357385195714492	0.0006516379030330199	-0.0006466467898700312	0.000278572076569894	0.0006639819308575934	0.0005908335644937424	1.5983130130070577e-05	0.0008187088489293171
0.0006605573186866387	-0.0009710064854617784	-0.00020978099296753427	0.0005282096747996068	0.0001647067343979458	0.00127733695962573	7.839252968810939e-05	0.0005066618511420096
-0.0007748588711353754	0.0008388661017055821	-0.000272190392525129	0.0002161626770122993	0.0002895255335129132	-3.3260431081538755e-05	-0.00023365446809942014	0.0006314806502565329
0.0007853761178013841	0.0007764567021482094	0.0016000915941996041	0.0006530284739143521	0.00010229733484012904	-0.0004077168284262189	0.0002656207283606715	-5.5022744875454777e-05
-0.0007748588711353754	-0.00034691248988649726	0.0015376821946420094	9.134387789710985e-05	-0.00020974966294717845	2.9148968475833925e-05	-0.0001712450685422695	0.00019461485335403594
0.0007229667182442334	0.0016501882959527592	0.0012880445964125187	0.0005906190743572015	0.0002895255335129132	-0.0009069920248863106	0.00014080192924526003	-0.0002422509435480169
-0.0005252212729056627	0.00027718150568833977	0.0018497291924293169	0.0003409814761268226	-8.493086383243309e-05	0.00034119596626336346	1.5983130130070577e-05	7.386654682139948e-06
0.0007229667182442334	-0.0004717312890016867	0.0005391318017220481	0.0003409814761268226	3.988793528275636e-05	-0.0005325356275414084	-0.00010883566898467478	0.0005066618511420096
-0.0007124494715782248	0.0011509130994926675	-0.0003345997920827237	0.00040339087568441734	-0.0002721590625047732	0.000216377167148174	-4.642626942663597e-05	-5.5022744875454777e-05
-0.000650040072020408	-0.000409321889444092	-0.0010211031872147114	0.0003409814761268226	0.0002271161339553185	0.0009652899618386446	-4.642626942663597e-05	0.0008187088489293171
0.0004733291200138545	0.0006516379030330199	-0.001333150185002241	0.0002161626770122993	0.00010229733484012904	-0.0003453074288690683	-0.00023365446809942014	0.0003818430520268201
-0.0005876306724628133	-0.0005965500881168762	-0.000272190392525129	0.0003409814761268226	0.0002271161339553185	0.0008404711627232331	-0.00010883566898467478	0.00044425245158397075
0.0007853761178013841	0.00021477210613074504	3.9856605261956446e-05	0.000715437873472391	0.0006639819308575934	0.0009028805622810498	0.0002656207283606715	0.00019461485335403594
-0.0007124494715782248	0.001275731898608301	0.0009759975986247671	0.0002161626770122993	0.0002271161339553185	-0.0007197638262135264	-0.00023365446809942014	-0.0006167073408931412
0.000410919720457148	-0.0006589594876744709	0.0016625009937567548	0.0002161626770122993	0.0004143443326272145	2.9148968475833925e-05	0.00032803012791782216	0.00044425245158397075
-0.0004004024737909173	0.0010885036999355169	0.0011008163977399565	0.000278572076569894	0.00010229733484012904	-0.0009694014244439053	-4.642626942663597e-05	7.386654682139948e-06
0.0005357385195714492	0.0010885036999355169	0.0008511787995095776	9.134387789710985e-05	0.00010229733484012904	0.000653242964050893	-0.00010883566898467478	0.00013220545379644122
0.0007229667182442334	0.0008388661017055821	-0.0003345997920827237	0.0005282096747996068	0.0004767537321848092	0.00034119596626336346	7.839252968810939e-05	0.0008187088489293171
-0.00046281187334806795	0.0010885036999355169	0.00022708480393496266	0.00040339087568441734	0.0008512101295303776	0.0005284241649352595	0.0002032113288030768	0.0011307558467164025
0.000598147919129044	-0.00028450309032890253	0.00010226600481999526	0.000278572076569894	0.00035193493307050794	0.00127733695962573	-4.642626942663597e-05	0.0009435276480440624
-0.000650040072020408	0.0014005506977228244	-0.0006466467898700312	0.00040339087568441734	0.0010384383282029397	0.0007156523636080436	-0.00010883566898467478	0.0006938900498141276
0.0006605573186866387	0.0009636849008207715	0.0006639506008372376	0.0005282096747996068	0.0009760289286449009	0.000216377167148174	-0.0001712450685422695	0.00044425245158397075
-0.0007124494715782248	-0.000409321889444092	0.0009759975986247671	9.134387789710985e-05	0.000726391330414744	9.155836803342865e-05	0.00014080192924526003	0.0009435276480440624
0.0007229667182442334	0.001712597695510354	0.0007263600003948323	0.0002161626770122993	0.0005391631317424039	0.00027878656670576873	-4.642626942663597e-05	0.00044425245158397075
-0.0005876306724628133	0.0010260943003779222	0.002036957391102101	0.0006530284739143521	0.0010384383282029397	0.0013397463591833247	0.0002656207283606715	0.0007562994493721664
-0.000650040072020408	0.001962235293740733	0.0014752727950844147	0.000278572076569894	0.0011008477277600903	-3.3260431081538755e-05	1.5983130130070577e-05	0.0009435276480440624
0.000598147919129044	0.0007140473025903926	0.0017249103933147936	0.00046580027524245615	0.000726391330414744	0.0004660147653785529	-0.00010883566898467478	0.0005066618511420096
-0.0003379930742333226	0.0007140473025903926	0.0010384069981821398	0.0006530284739143521	0.0012880759264328745	0.0016517933569706322	0.0004528489270325675	0.0016300310431764942
0.0002861009213419585	0.0015877788963956085	-0.00020978099296753427	-3.34749212180796e-05	0.0005391631317424039	-0.00047012622798425774	-0.00048329206632935495	0.0011931652462739972
-0.0004004024737909173	0.00046440970436067985	0.0010384069981821398	0.0005282096747996068	0.0009136195290873061	0.0012149275600681353	0.00014080192924526003	0.001255574645831592
0.0007229667182442334	0.00040200030480308513	-2.25527942947501e-05	0.0005906190743572015	0.000726391330414744	-0.00022048862975387884	-0.00023365446809942014	0.0010059370476021012
-0.0008372682706934143	0.0015253694968380138	-0.00020978099296753427	0.0003409814761268226	0.0005391631317424039	0.0009028805622810498	-4.642626942663597e-05	0.0005690712506996043
0.0007229667182442334	-0.0002220936907717519	0.00010226600481999526	0.00046580027524245615	0.0008512101295303776	0.0010276993613957952	7.839252968810939e-05	0.0013179840453889646
0.000598147919129044	0.0014629600972806411	0.000788769399952427	0.00040339087568441734	0.0006639819308575934	-0.00028289802931147356	1.5983130130070577e-05	0.0006938900498141276
-0.0005876306724628133	-0.000409321889444092	0.001225635196854924	0.00040339087568441734	0.0006015725312999987	0.0010901087609529458	0.00014080192924526003	0.0006938900498141276
0.000598147919129044	0.001275731898608301	-0.0003345997920827237	0.00040339087568441734	0.0006015725312999987	-0.0001580792301967282	-0.0001712450685422695	0.0010059370476021012
-0.0004004024737909173	0.0016501882959527592	0.0006639506008372376	0.0005906190743572015	0.0012256665268748357	-0.00047012622798425774	0.0003904395274754169	0.0008811182484869118
0.00034851032089910916	-0.00034691248988649726	-0.0008962843880995219	9.134387789710985e-05	-2.2521464274838365e-05	-0.00022048862975387884	0.0004528489270325675	0.0026285814360964554
-0.0003379930742333226	0.002336691691085191	-0.001957244180577078	0.000715437873472391	0.0006015725312999987	-0.0011566296231166895	-0.00029606386765701487	0.001442802844504154
0.00034851032089910916	0.0013381412981654517	-0.0023317005779224242	0.000278572076569894	0.0006639819308575934	0.000216377167148174	-4.642626942663597e-05	0.002066896840079213
-0.000650040072020408	0.00046440970436067985	-0.0029557945734970392	0.0005282096747996068	0.0006639819308575934	-0.0006573544266565978	-0.00010883566898467478	0.0024413532374236713
-0.0005876306724628133	0.0014005506977228244	-0.0027061569752666603	0.00046580027524245615	0.0008512101295303776	-0.0004077168284262189	1.5983130130070577e-05	0.0022541250387517753
0.000598147919129044	0.0005892285034754252	-0.003455069769957131	0.0005906190743572015	0.0006015725312999987	-9.566983063913348e-05	-0.00010883566898467478	0.0021917156391941806
-0.000650040072020408	0.002149463492412629	-0.0039543449664167785	0.0005906190743572015	0.0012256665268748357	-0.0006573544266565978	1.5983130130070577e-05	0.002940628433883763
0.0007229667182442334	0.001275731898608301	-0.0029557945734970392	0.0007778472730299857	0.0010384383282029397	-0.0009069920248863106	1.5983130130070577e-05	0.0030654472329989524
-0.0007124494715782248	0.001275731898608301	-0.004266391964203864	0.0007778472730299857	0.0011008477277600903	-0.00047012622798425774	-0.0001712450685422695	0.003377494230786038
0.000598147919129044	0.0022742822915278182	-0.0050153047588943345	0.001089894270816849	0.0012256665268748357	-0.0006573544266565978	1.5983130130070577e-05	0.0036895412285735674
-0.0005252212729056627	0.0017750070950679486	-0.003891935566859628	0.001713988266391464	0.0014753041251047705	-0.0004077168284262189	0.0002032113288030768	0.0038143600276885348
0.0007853761178013841	0.001899825894182694	-0.004266391964203864	0.0015891694672771628	0.001163257127317685	-0.0011566296231166895	1.5983130130070577e-05	0.0036271318290164167
0.000598147919129044	0.0016501882959527592	-0.003891935566859628	0.002400491661523896	0.00035193493307050794	-0.0010318108240015	-0.00010883566898467478	0.0028782190343263903
-0.0005252212729056627	0.001962235293740733	-0.004765667160663956	0.0031494044562139223	0.0007888007299727828	-0.0005325356275414084	0.00014080192924526003	0.003315084831228443
0.0006605573186866387	0.0023991010906427856	-0.0045784389619916155	0.003835907851346798	0.0004143443326272145	-0.0015310860204613697	-0.00010883566898467478	0.002753400235211645
-0.0007124494715782248	0.0012133224990502622	-0.004328801363761903	0.004272773648248851	0.0002895255335129132	-0.0009069920248863106	-0.00010883566898467478	0.003502313029900783
0.0009101949169170176	0.001899825894182694	-0.0056393987544691715	0.005583371038956342	0.0012880759264328745	-0.0004077168284262189	-0.00023365446809942014	0.0032526754316717366
-0.0007748588711353754	0.001962235293740733	-0.0056393987544691715	0.006769149630548421	0.0005391631317424039	-0.0014062672213459582	-4.642626942663597e-05	0.003315084831228443
0.0006605573186866387	0.0009012755012631768	-0.004828076560221994	0.010076847807095168	0.001163257127317685	-0.0006573544266565978	1.5983130130070577e-05	0.004251225824591254
-0.0005252212729056627	0.0013381412981654517	-0.006076264551371446	0.011325035798245064	0.0007888007299727828	-0.001468676620903775	0.00014080192924526003	0.0038143600276885348
-0.000650040072020408	0.0005892285034754252	-0.005452170555796831	0.010638532403112855	0.00010229733484012904	-0.0011566296231166895	-0.00010883566898467478	0.0036271318290164167
0.000598147919129044	0.001899825894182694	-0.006263492750043564	0.009265525612847547	0.0004143443326272145	-0.0011566296231166895	-4.642626942663597e-05	0.004001588226360875
-0.0005876306724628133	0.002523919889757531	-0.004703257761106805	0.007143606027893545	0.0007888007299727828	-0.0012814484222314348	0.00014080192924526003	0.003939178826803724
0.000598147919129044	0.002149463492412629	-0.00464084836154921	0.004085545449576289	0.0006015725312999987	-0.0005325356275414084	-4.642626942663597e-05	0.004625682221936156
-0.0005876306724628133	0.0034600608831198976	-0.005701808154026766	0.004085545449576289	0.0012256665268748357	-0.00028289802931147356	7.839252968810939e-05	0.004063997625918914
0.0006605573186866387	0.0032104232848895187	-0.00464084836154921	0.004397592447363596	0.0016625323237773326	-0.00028289802931147356	7.839252968810939e-05	0.004750501021051345
-0.0005876306724628133	0.0028359668875455046	-0.004453620162876648	0.004210364248691256	0.0015377135246623652	-0.0009069920248863106	-0.0001712450685422695	0.004313635224148404
0.0005357385195714492	0.002898376287102211	-0.004890485959779145	0.003461451454001674	0.0017249417233349273	-0.0005949450270990031	7.839252968810939e-05	0.004688091621493307
0.000598147919129044	0.0017750070950679486	-0.005452170555796831	0.0030869950566563276	0.001787351122892078	-0.00028289802931147356	-4.642626942663597e-05	0.004625682221936156
-0.0005876306724628133	0.0024615104902003804	-0.0056393987544691715	0.0032742232553286676	0.001974579321564862	-0.00047012622798425774	7.839252968810939e-05	0.004688091621493307
0.0004733291200138545	0.001962235293740733	-0.004328801363761903	0.002150854063293961	0.0012256665268748357	-0.0006573544266565978	-0.00023365446809942014	0.004251225824591254
-0.00046281187334806795	0.002336691691085191	-0.0045784389619916155	0.0020884446637368104	0.001600122924219738	0.00027878656670576873	0.00032803012791782216	0.0026285814360964554
0.000410919720457148	0.0020246446932974393	-0.005889036352699106	0.0018388070655068756	-0.0003969778616199626	-0.0020303612169214613	-0.0001712450685422695	-0.006295962700624269
-0.0003379930742333226	-0.007087127642095181	-0.01362780189782753	-0.0012192535128099369	-0.0023316692479016243	-0.002716864612053449	-0.00029606386765701487	0.001255574645831592
0.0005357385195714492	0.0005268191039178305	-0.007511680741193905	-0.0013440723119251263	0.00035193493307050794	-0.0011566296231166895	-0.00048329206632935495	0.003377494230786038
-0.0008996776702501208	0.0030231950862176227	-0.003829526167302033	0.0005282096747996068	0.0007888007299727828	-0.00084458262532916	0.00032803012791782216	0.0036895412285735674
-0.0007748588711353754	0.0017750070950679486	-0.006013855151813852	0.0008402566725866922	0.0009136195290873061	-0.00028289802931147356	-0.00010883566898467478	0.004063997625918914
0.0007229667182442334	0.002087054092855034	-0.0056393987544691715	0.0020260352641792156	0.0013504853259904692	-0.00084458262532916	1.5983130130070577e-05	0.0038767694272465736
-0.0007124494715782248	0.0010260943003779222	-0.005077714158451485	0.0024629010610819346	0.001163257127317685	-0.00047012622798425774	-0.00010883566898467478	0.004188816425033659
0.0006605573186866387	0.0012133224990502622	-0.006513130348273943	0.0020884446637368104	0.001787351122892078	0.00015396776759102337	1.5983130130070577e-05	0.0045008634228209665
-0.00046281187334806795	0.0020246446932974393	-0.0058266269531410675	0.0027125386593116474	0.0017249417233349273	-0.0007197638262135264	-0.00010883566898467478	0.004251225824591254
0.0005357385195714492	0.0018374164946255434	-0.005389761156239237	0.0019012164650644703	0.001600122924219738	-0.0006573544266565978	0.0002032113288030768	0.004875319820166091
-0.0005252212729056627	0.0030856044857752174	-0.006263492750043564	0.0011523036703744438	0.0007888007299727828	-0.0020303612169214613	-0.00010883566898467478	0.003939178826803724
0.000598147919129044	0.003834517280465022	-0.005389761156239237	0.000715437873472391	0.0004143443326272145	-0.0020303612169214613	-0.00029606386765701487	0.003751950628131384
0.0007229667182442334	0.004333792476924669	-0.006263492750043564	0.0011523036703744438	0.001163257127317685	-0.0015934954200187423	0.00014080192924526003	0.004251225824591254
-0.0005876306724628133	0.003959336079580211	-0.005389761156239237	0.0005906190743572015	0.0013504853259904692	-0.0018431330182486771	7.839252968810939e-05	0.004063997625918914
0.000598147919129044	0.00277355748798791	-0.006201083350486636	0.00046580027524245615	0.0013504853259904692	-0.0013438578217885855	-0.00010883566898467478	0.004001588226360875
-0.000650040072020408	0.0030231950862176227	-0.007137224343848336	0.00040339087568441734	0.001787351122892078	-0.0007821732257717873	-0.0001712450685422695	0.004812910420608496
0.0008477855173587567	0.0025863292893151257	-0.005514579955353982	0.0011523036703744438	0.0021618075202376463	-0.0006573544266565978	-0.00010883566898467478	0.004750501021051345
-0.0007124494715782248	0.0014629600972806411	-0.007074814944291186	0.00046580027524245615	0.0022866263193519476	-0.0001580792301967282	0.00032803012791782216	0.005312185617068588
0.0008477855173587567	0.0025863292893151257	-0.007012405544734035	0.0005906190743572015	0.001600122924219738	-0.0007821732257717873	-0.0001712450685422695	0.004688091621493307
-0.0007748588711353754	0.0022118728919702235	-0.006825177346061029	0.0009650754717018817	0.0013504853259904692	-0.0005949450270990031	-0.00010883566898467478	0.004750501021051345
-0.000650040072020408	0.003584879682235087	-0.006076264551371446	0.0008402566725866922	0.0014753041251047705	-0.0009694014244439053	-0.00010883566898467478	0.004812910420608496
0.0009726043164739462	0.0038969266800223945	-0.003891935566859628	0.000715437873472391	0.0016625323237773326	-0.00084458262532916	0.0003904395274754169	0.004563272822378561
-0.0008372682706934143	0.0030856044857752174	-0.0056393987544691715	-9.588432077567433e-05	0.0010384383282029397	-0.00084458262532916	-0.00029606386765701487	0.003939178826803724
0.0006605573186866387	0.003584879682235087	-0.00495289535933674	0.0002161626770122993	0.001163257127317685	-0.0012814484222314348	1.5983130130070577e-05	0.004063997625918914
-0.0003379930742333226	0.0032104232848895187	-0.003455069769957131	0.00046580027524245615	0.0016625323237773326	-0.0005325356275414084	-0.0003584732672146096	0.0038143600276885348
0.000410919720457148	0.001899825894182694	-0.006201083350486636	-0.00015829372033326905	0.002036988721122457	-0.00022048862975387884	7.839252968810939e-05	0.004563272822378561
-0.00046281187334806795	0.0025863292893151257	-0.00514012355800908	0.00040339087568441734	0.0016625323237773326	2.9148968475833925e-05	7.839252968810939e-05	0.004750501021051345
0.0007853761178013841	0.002149463492412629	-0.006450720948716349	0.00015375327745426048	0.002036988721122457	0.000653242964050893	1.5983130130070577e-05	0.005437004416183777
0.0006605573186866387	0.0030231950862176227	-0.0058266269531410675	0.000278572076569894	0.0016625323237773326	-0.00028289802931147356	1.5983130130070577e-05	0.005062548018838431
-0.0005252212729056627	0.003335242084005152	-0.005764217553583473	0.000278572076569894	0.0014753041251047705	-3.3260431081538755e-05	7.839252968810939e-05	0.0055618232152980784
0.0006605573186866387	0.004396201876482264	-0.006263492750043564	0.00040339087568441734	0.0016625323237773326	-0.0007197638262135264	0.0002032113288030768	0.005624232614855673
-0.0007124494715782248	0.004458611276039859	-0.0058266269531410675	-9.588432077567433e-05	0.0013504853259904692	-0.001468676620903775	-0.00010883566898467478	0.0051249574183955815
0.0004733291200138545	0.004708248874269572	-0.006450720948716349	9.134387789710985e-05	0.0012880759264328745	-0.0018431330182486771	0.0002032113288030768	0.005749051413970863
-0.00046281187334806795	0.005145114671172735	-0.006575539747831538	0.000278572076569894	0.001974579321564862	-0.0019055424178062719	-0.00029606386765701487	0.0051249574183955815
0.00034851032089910916	0.003959336079580211	-0.0073244525425211204	0.00015375327745426048	0.002473854518024954	-0.001655904819576337	0.00014080192924526003	0.005686642014413268
-0.0005252212729056627	0.004645839474712643	-0.008135774736768298	9.134387789710985e-05	0.002411445118467359	-0.0010318108240015	-0.0001712450685422695	0.005437004416183777
-0.0005876306724628133	0.0037096984813498324	-0.007199633743406819	9.134387789710985e-05	0.0027234921162544445	-0.00084458262532916	7.839252968810939e-05	0.005998689012200575
0.0005357385195714492	0.00277355748798791	-0.007511680741193905	9.134387789710985e-05	0.001974579321564862	-0.0005949450270990031	1.5983130130070577e-05	0.005312185617068588
-0.0005876306724628133	0.003397651483562303	-0.007511680741193905	0.00015375327745426048	0.001974579321564862	-0.0005325356275414084	1.5983130130070577e-05	0.005499413815740484
0.0007853761178013841	0.003584879682235087	-0.006263492750043564	0.00040339087568441734	0.0014753041251047705	-0.0009069920248863106	0.0002032113288030768	0.004875319820166091
-0.0007748588711353754	0.0026487386888727205	-0.007886137138538807	-0.0002831125194475703	0.001163257127317685	-0.0005949450270990031	-0.00010883566898467478	0.0049377292197236855
0.000598147919129044	0.003959336079580211	-0.007137224343848336	2.8934478339515124e-05	0.001600122924219738	-0.0006573544266565978	-0.00010883566898467478	0.005499413815740484
-0.0007124494715782248	0.0030231950862176227	-0.007511680741193905	0.0005282096747996068	0.0020993981206796075	-0.0005325356275414084	0.0003904395274754169	0.006248326610430954
0.0008477855173587567	0.0035224702826774923	-0.008884687531458768	-0.00015829372033326905	0.002036988721122457	-0.0005325356275414084	-0.00023365446809942014	0.005936279612643647
0.0005357385195714492	0.0022118728919702235	-0.009071915730130664	0.0002161626770122993	0.002036988721122457	-0.00047012622798425774	-0.00010883566898467478	0.006310736009988549
-0.0005252212729056627	0.0026487386888727205	-0.00863504993322839	0.00015375327745426048	0.002473854518024954	-0.0004077168284262189	0.00014080192924526003	0.0068100112064479745
0.0005357385195714492	0.0024615104902003804	-0.009508781527033161	9.134387789710985e-05	0.0020993981206796075	-0.00047012622798425774	-0.00010883566898467478	0.006497964208660445
-0.000650040072020408	0.004021745479137584	-0.008385412334998676	-3.34749212180796e-05	0.0020993981206796075	-0.001655904819576337	-0.00010883566898467478	0.006310736009988549
0.0007229667182442334	0.004458611276039859	-0.008385412334998676	0.000278572076569894	0.0021618075202376463	-0.0017183142191334877	0.0002032113288030768	0.005936279612643647
-0.0005252212729056627	0.005956436865419912	-0.00744927134163631	0.0002161626770122993	0.0014128947255471758	-0.0039026432036457503	-0.0001712450685422695	0.004313635224148404
0.0005357385195714492	0.005956436865419912	-0.0068875867456188455	0.000278572076569894	0.002036988721122457	-0.0032785492080711354	0.00014080192924526003	0.004313635224148404
-0.00046281187334806795	0.006330893262764814	-0.005452170555796831	0.000278572076569894	0.001600122924219738	-0.004089871402317868	0.00014080192924526003	0.0030654472329989524
-0.0007124494715782248	0.004333792476924669	-0.006263492750043564	-0.0002207031198899756	0.001600122924219738	-0.0030913210093985732	-0.0001712450685422695	0.002690990835653606
0.0007229667182442334	0.004458611276039859	-0.005576989354911577	9.134387789710985e-05	0.0015377135246623652	-0.002904092810725789	1.5983130130070577e-05	0.0028782190343263903
-0.0005876306724628133	0.00296078568666025	-0.005764217553583473	9.134387789710985e-05	0.0020993981206796075	-0.0014062672213459582	7.839252968810939e-05	0.003377494230786038
0.0007229667182442334	0.0023991010906427856	-0.006700358546946283	0.000278572076569894	0.0023490357189099864	-0.0009069920248863106	7.839252968810939e-05	0.004875319820166091
-0.000650040072020408	0.001962235293740733	-0.006825177346061029	-3.34749212180796e-05	0.0027859015158120393	-9.566983063913348e-05	-4.642626942663597e-05	0.004688091621493307
0.000598147919129044	0.0006516379030330199	-0.007823727738981212	0.0002161626770122993	0.0033475861118297257	0.00127733695962573	0.0003904395274754169	0.005437004416183777
-0.0004004024737909173	0.0003395909052454904	-0.006263492750043564	2.8934478339515124e-05	0.002411445118467359	0.000653242964050893	-4.642626942663597e-05	0.003502313029900783
0.0005357385195714492	-0.0005965500881168762	-0.0012083313858874956	-0.00015829372033326905	0.001163257127317685	-9.566983063913348e-05	-0.00023365446809942014	0.0017548498422916836
0.0007229667182442334	0.0009636849008207715	0.00041431300260774684	0.0003409814761268226	0.000726391330414744	-0.0005325356275414084	0.00014080192924526003	-0.0004918885417779517
-0.000650040072020408	0.0016501882959527592	0.002036957391102101	9.134387789710985e-05	0.0004143443326272145	-0.0019055424178062719	7.839252968810939e-05	-0.0024265799280602796
0.0005357385195714492	0.001962235293740733	0.004720561572073567	-9.588432077567433e-05	-0.002206850448786657	-0.0027792740116110437	-0.00023365446809942014	-0.003986814916997483
-0.0003379930742333226	0.0017750070950679486	0.003784420578712089	0.00040339087568441734	-0.0014579376540970745	0.0007780617631656384	0.00032803012791782216	-0.0020521235307155994
0.0006605573186866387	0.0015253694968380138	0.0020993667906596958	0.000278572076569894	0.0002271161339553185	-0.00022048862975387884	-0.00010883566898467478	-0.0008039355395650372
-0.0007124494715782248	-0.0007837782867892162	0.0022241855897748852	-9.588432077567433e-05	0.0001647067343979458	0.004647444535730072	-0.00010883566898467478	0.0010059370476021012
0.0006605573186866387	-0.005214845655370892	-0.0005218279907550638	0.0003409814761268226	0.0009760289286449009	0.008579236707851656	0.00032803012791782216	0.0018172592418488343
-0.00046281187334806795	-0.006712671244750501	-0.001957244180577078	-0.00015829372033326905	0.0005391631317424039	0.0037737129419253	-0.0003584732672146096	0.0013803934449465594
-0.0007124494715782248	-0.0024064226752837925	0.004533333373401227	-3.34749212180796e-05	0.0016625323237773326	0.0005284241649352595	-0.00010883566898467478	0.002129306239636586
0.0005357385195714492	0.00021477210613074504	0.0024114137884467812	0.00015375327745426048	0.0017249417233349273	0.0005284241649352595	-0.00010883566898467478	0.0013179840453889646
-0.00046281187334806795	0.006393302662321965	0.0019121385919869116	0.000278572076569894	0.0004143443326272145	-0.002342408214708769	0.0002032113288030768	-0.001053573137795416
0.000410919720457148	0.01113641702869117	0.006530434159241372	-9.588432077567433e-05	-0.004328770033741547	-0.009145032766475047	-0.0003584732672146096	-0.0036747679192099536
-0.0005876306724628133	0.012883880216300714	0.007591393951718484	0.0002161626770122993	-0.004391179433299142	-0.010393220757624722	0.0002656207283606715	-0.003799586718324699
0.0008477855173587567	0.009888229037541496	0.0040340581769415795	0.00040339087568441734	-0.0005217966607342639	-0.0010942202235590948	-0.00048329206632935495	-0.0037371773187675483
-0.0009620870698081596	0.001899825894182694	0.0011008163977399565	2.8934478339515124e-05	-0.00020974966294717845	0.002275887352545247	-0.0001712450685422695	-0.00248898932761743
0.0004733291200138545	-0.0029681072713008128	-0.0008962843880995219	0.0003409814761268226	0.001163257127317685	0.004460216337057732	0.00032803012791782216	-0.0011159825373527887
0.00034851032089910916	-0.011393376211562556	-0.004391210763319053	-0.00015829372033326905	0.0015377135246623652	0.0077055051140473285	-0.0003584732672146096	6.979605423973467e-05
-0.0005252212729056627	-0.013078429999614505	-0.0028933851739394445	9.134387789710985e-05	0.0012256665268748357	0.011262840888823789	7.839252968810939e-05	0.0036895412285735674
0.0005357385195714492	-0.010519644617756896	-0.0011459219863299008	0.00015375327745426048	0.0015377135246623652	0.009390558902098833	-0.00010883566898467478	0.003127856632556547
-0.000650040072020408	-0.0015951004810363933	0.0025986419871193434	9.134387789710985e-05	0.0009760289286449009	0.0009652899618386446	0.00014080192924526003	-0.0005542979413355464
0.000410919720457148	0.004084154878695179	0.006093568362338875	-0.0002207031198899756	-0.002206850448786657	-0.005338059393468209	7.839252968810939e-05	0.0013803934449465594
-0.0005252212729056627	0.006954987258339429	0.004096467576499174	0.0002161626770122993	-0.003267810241264435	-0.005525287592140771	7.839252968810939e-05	-0.0009287543386802266
0.0008477855173587567	0.008889678644621535	0.00141286339552682	-0.0002207031198899756	-0.002206850448786657	-0.007834435375767779	-0.00023365446809942014	-0.0028010363254047377
-0.0008996776702501208	0.008078356450373914	0.0015376821946420094	-3.34749212180796e-05	-0.0010210718571943556	-0.0030913210093985732	-0.0001712450685422695	-0.000429479142220357
-0.00046281187334806795	-0.005402073854043232	-0.0030806133726120066	0.0003409814761268226	0.0010384383282029397	0.006145270125110125	0.0002032113288030768	0.002690990835653606
0.0008477855173587567	-0.01070687281642968	-0.00763649954030865	0.00046580027524245615	0.002661082716697294	0.010451518694576167	0.0002032113288030768	0.002503762636981266
-0.0007748588711353754	-0.012391926604482517	-0.0056393987544691715	-0.00015829372033326905	0.0027859015158120393	0.01013947169678886	-0.0001712450685422695	0.004126407025476508
0.0006605573186866387	-0.010956510414659393	-0.0037047073681868437	0.00015375327745426048	0.0029107203149272287	0.008891283705639408	7.839252968810939e-05	0.0023789438378665206
-0.000650040072020408	-0.007711221637670462	-0.004328801363761903	9.134387789710985e-05	0.0023490357189099864	0.007081411118472047	0.00032803012791782216	0.0010059370476021012
0.0007853761178013841	-0.001657509880593988	-0.000272190392525129	0.00040339087568441734	-0.002019622250114317	-0.005462878192582954	-0.00023365446809942014	-0.0014280295351403183
-0.0008372682706934143	0.004333792476924669	0.004533333373401227	9.134387789710985e-05	-0.0032054008417068403	-0.00976912676204944	-4.642626942663597e-05	-0.0034875397205376135
0.000598147919129044	0.009451363240638777	0.005968749563224129	0.0002161626770122993	-0.0029557632434766834	-0.009207442166032198	0.0002032113288030768	-0.0035499491200952082
0.00022369152178458585	0.007828718852144423	0.004970199170304168	-0.00034552191900516505	-0.0033302196408215856	-0.007896844775325151	-0.0006081108654445444	-0.003425130320980019
-0.0004004024737909173	0.005894027465861873	0.0044709239738445206	0.00015375327745426048	-0.0009586624576367608	-0.00458914659877796	0.0002032113288030768	-0.0016152577338126584
0.0006605573186866387	0.0015253694968380138	0.0015376821946420094	0.000278572076569894	-2.2521464274838365e-05	-0.0012814484222314348	1.5983130130070577e-05	-0.0007415261400078865
-0.000650040072020408	-0.0027808790726289168	-0.0013955595845596136	0.00015375327745426048	0.0019121699220072674	0.003960941140598084	7.839252968810939e-05	0.002940628433883763
0.000598147919129044	-0.004965208057140957	-0.004079163765531524	0.00015375327745426048	0.0027859015158120393	0.006270088924224648	0.00014080192924526003	0.003315084831228443
-0.0005252212729056627	-0.004403523461123271	-0.004391210763319053	0.000278572076569894	0.003971680107404341	0.004085759939712608	0.0004528489270325675	0.002940628433883763
0.0008477855173587567	-0.002905697871743218	-0.0032678415712843467	-0.00015829372033326905	0.0022866263193519476	0.001963840354758606	-0.0001712450685422695	0.001879668641406873
-0.0009620870698081596	-0.0011582346841341185	-0.00020978099296753427	0.00015375327745426048	0.0008512101295303776	-0.0005325356275414084	1.5983130130070577e-05	0.0003818430520268201
-0.0007124494715782248	0.0049578864724999505	0.002848279585349278	2.8934478339515124e-05	-0.0005842060602927468	-0.004027462002760718	-0.00010883566898467478	-0.001053573137795416
0.000598147919129044	0.006580530860994305	0.005781521364551345	0.000278572076569894	-0.001333118854981885	-0.0063990191859455425	0.0002032113288030768	-0.0019897141311580047
-0.000650040072020408	0.006580530860994305	0.0057191119649937505	-0.00015829372033326905	-0.0020820316496719116	-0.006274200386830353	-0.0001712450685422695	-0.0024265799280602796
0.000598147919129044	0.005831618066304722	0.004845380371189201	2.8934478339515124e-05	-0.0025813068461320032	-0.00508842179523783	-0.00023365446809942014	-0.0015528483342555077
-0.00027558367467572786	0.005332342869844631	0.005095017969419358	0.00040339087568441734	-0.0015203470536544472	-0.0034657774067434755	-0.0001712450685422695	-0.0018648953320428152
0.0004733291200138545	0.003584879682235087	0.00334755478180937	2.8934478339515124e-05	-0.00020974966294717845	-0.0005325356275414084	-0.0003584732672146096	-0.0008039355395650372
-0.0007748588711353754	0.0011509130994926675	0.0006639506008372376	0.0005282096747996068	0.0012880759264328745	0.003149618946350463	0.00032803012791782216	0.0008811182484869118
0.0008477855173587567	-0.0012830534832488638	-0.0030806133726120066	2.8934478339515124e-05	0.0013504853259904692	0.004397806937500137	1.5983130130070577e-05	0.0015052122440613047
0.000598147919129044	-0.003155335469973597	-0.0026437475757095097	2.8934478339515124e-05	0.0011008477277600903	0.003960941140598084	-0.00010883566898467478	0.0011307558467164025
-0.0004004024737909173	-0.002718469673071322	-0.0017700159819047379	0.000278572076569894	0.0010384383282029397	0.0032744377454654305	0.0002656207283606715	0.001255574645831592
0.000598147919129044	-0.0019071474788237008	-0.0014579689841174304	0.00015375327745426048	0.0008512101295303776	0.0014645651582985142	1.5983130130070577e-05	0.00013220545379644122
-0.0007124494715782248	0.0007140473025903926	0.00041431300260774684	-0.00015829372033326905	0.0005391631317424039	-0.0019055424178062719	-0.0001712450685422695	-0.002114532930272306
0.000598147919129044	0.0032728326844480016	0.0024114137884467812	9.134387789710985e-05	-8.493086383243309e-05	-0.004963602996123084	0.0002656207283606715	-0.002114532930272306
-0.0004004024737909173	0.004645839474712643	0.0032227359826939583	0.000278572076569894	0.0005391631317424039	-0.0051508311947958685	-4.642626942663597e-05	-0.0020521235307155994
0.0006605573186866387	0.004583430075155048	0.0027858701857921275	-9.588432077567433e-05	0.000726391330414744	-0.0032785492080711354	-0.00010883566898467478	-0.001677667133370253
-0.0007124494715782248	0.0023991010906427856	0.0004767224021648975	0.0003409814761268226	0.0006639819308575934	-0.0005949450270990031	0.00014080192924526003	-0.001053573137795416
-0.0005876306724628133	-0.004341114061566564	-0.001333150185002241	9.134387789710985e-05	0.0006639819308575934	0.0032744377454654305	7.839252968810939e-05	0.00025702425291163067
0.000598147919129044	-0.007648812238112868	-0.0032678415712843467	2.8934478339515124e-05	-8.493086383243309e-05	0.006457317122897432	-0.0001712450685422695	0.0011931652462739972
-0.000650040072020408	-0.00870977203058998	-0.0037047073681868437	2.8934478339515124e-05	0.0001647067343979458	0.008516827308294506	-4.642626942663597e-05	0.0026285814360964554
0.0008477855173587567	-0.007773631037227613	-0.0029557945734970392	0.00040339087568441734	0.0006639819308575934	0.007955142712277041	0.00032803012791782216	0.0021917156391941806
-0.0007748588711353754	-0.006150986648733259	-0.0026437475757095097	-0.00015829372033326905	0.0002271161339553185	0.005708404328207406	-0.00023365446809942014	0.001255574645831592
0.0005357385195714492	-0.003529791867318499	-0.0017076065823475872	-9.588432077567433e-05	0.00010229733484012904	0.000653242964050893	0.0002032113288030768	0.0006938900498141276
-0.0004004024737909173	-0.00034691248988649726	0.00010226600481999526	0.0003409814761268226	3.988793528275636e-05	-0.0024672270138239583	0.00014080192924526003	-0.0008039355395650372
0.0007853761178013841	0.001712597695510354	0.002036957391102101	-0.00015829372033326905	-0.00014734026338958373	-0.004339509000548691	-0.0001712450685422695	-0.001677667133370253
0.0004733291200138545	0.002336691691085191	0.0020993667906596958	9.134387789710985e-05	0.0002895255335129132	-0.003965052603203567	-0.0001712450685422695	-0.0016152577338126584
-0.0004004024737909173	0.0015877788963956085	0.0019121385919869116	0.0003409814761268226	0.0009136195290873061	-0.002092770616478612	0.00032803012791782216	-0.0007415261400078865
0.000598147919129044	0.00021477210613074504	0.000788769399952427	-3.34749212180796e-05	0.0002895255335129132	-0.0010318108240015	-0.0001712450685422695	-0.0005542979413355464
-0.000650040072020408	-0.0005341406885592814	0.00022708480393496266	-3.34749212180796e-05	0.00035193493307050794	0.0009028805622810498	-4.642626942663597e-05	0.0013179840453889646
0.0004733291200138545	-0.0011582346841341185	-0.0007714655889852207	9.134387789710985e-05	-2.2521464274838365e-05	0.0024007061516604367	0.0005152583265901622	0.002753400235211645
-0.00021317427511813314	-0.0010958252845765237	-0.0006466467898700312	0.0005282096747996068	-0.0008962530580800543	0.003648894142810555	-0.00010883566898467478	0.002066896840079213
0.0005357385195714492	-0.0012830534832488638	-0.0012083313858874956	-3.34749212180796e-05	-0.0015203470536544472	0.003149618946350463	-0.0001712450685422695	0.001879668641406873
-0.0007124494715782248	-0.0005965500881168762	0.0010384069981821398	0.00040339087568441734	-0.001582756453212042	0.002088659153872907	0.0002032113288030768	0.0015676216436193435
-0.0007748588711353754	0.0011509130994926675	0.0017873197928723883	-0.0002831125194475703	-0.0018323940514415327	0.0005284241649352595	-0.00029606386765701487	0.0005690712506996043
0.000598147919129044	0.0023991010906427856	0.0027858701857921275	9.134387789710985e-05	-0.0014579376540970745	-0.0010942202235590948	-0.00010883566898467478	-0.00011743214443282746
-0.000650040072020408	0.0036472890817926817	0.00372201117915405	9.134387789710985e-05	-0.0009586624576367608	-0.002279998815150952	-4.642626942663597e-05	-0.00036706974266320636
0.0009101949169170176	0.004271383077367075	0.0040340581769415795	0.0005282096747996068	-0.00020974966294717845	-0.002966502210283384	0.0003904395274754169	-0.0011159825373527887
-0.0007748588711353754	0.0037096984813498324	0.0030355077840216182	-0.00015829372033326905	-0.00020974966294717845	-0.003528186806300626	-0.0001712450685422695	-0.0011159825373527887
0.0005357385195714492	0.0030856044857752174	0.0021617761902168464	0.00015375327745426048	0.0009136195290873061	-0.001468676620903775	0.0002032113288030768	-0.000429479142220357
-0.00046281187334806795	0.0022118728919702235	0.0016625009937567548	0.00015375327745426048	0.0006639819308575934	-0.0003453074288690683	1.5983130130070577e-05	-0.0004918885417779517
0.000598147919129044	0.00046440970436067985	-2.25527942947501e-05	-3.34749212180796e-05	0.0005391631317424039	0.0014645651582985142	-0.0001712450685422695	6.979605423973467e-05
0.0007853761178013841	-0.0014078722823636092	0.00010226600481999526	0.000278572076569894	0.0005391631317424039	0.002525524950775404	1.5983130130070577e-05	0.0003818430520268201
-0.0007748588711353754	-0.0012830534832488638	0.00010226600481999526	2.8934478339515124e-05	0.00010229733484012904	0.0022134779529880966	-4.642626942663597e-05	0.0003818430520268201
0.0005357385195714492	-0.00028450309032890253	0.0004767224021648975	2.8934478339515124e-05	-0.0003969778616199626	0.0009028805622810498	-0.00010883566898467478	7.386654682139948e-06
-0.000650040072020408	0.0015877788963956085	0.0009759975986247671	9.134387789710985e-05	-0.0006466154598494533	-0.0003453074288690683	-0.00010883566898467478	-0.0004918885417779517
0.0007853761178013841	0.003148013885332812	0.0017249103933147936	0.00046580027524245615	-0.00045938726117711326	-0.002092770616478612	-4.642626942663597e-05	-0.0013656201355831676
-0.000650040072020408	0.004021745479137584	0.0019121385919869116	-3.34749212180796e-05	-0.0007090248594070481	-0.00490119359656549	-0.0001712450685422695	-0.00192730473160041
0.0005357385195714492	0.003959336079580211	0.0015376821946420094	0.000278572076569894	0.00035193493307050794	-0.003965052603203567	0.0002656207283606715	-0.001490438934697913
-0.0004004024737909173	0.0034600608831198976	0.00035190360304926394	-0.0002207031198899756	3.988793528275636e-05	-0.00334095860762873	-0.0003584732672146096	-0.0019897141311580047
-0.0005876306724628133	2.754390745796087e-05	0.00022708480393496266	9.134387789710985e-05	0.001163257127317685	-0.0011566296231166895	7.839252968810939e-05	-0.0009911637382378213
0.000410919720457148	-0.0017823286797089555	-0.0008962843880995219	-9.588432077567433e-05	0.0011008477277600903	-3.3260431081538755e-05	-0.00029606386765701487	-0.001053573137795416
-0.0003379930742333226	-0.0026560602735137273	-0.0008962843880995219	0.0005282096747996068	0.0021618075202376463	0.0017766121560858217	0.0005152583265901622	7.386654682139948e-06
0.000410919720457148	-0.0036546106664336886	-0.0022692911783648295	-9.588432077567433e-05	0.0012880759264328745	0.001714202756528227	-0.00029606386765701487	0.0003194336524692254
-0.0005252212729056627	-0.0029681072713008128	-0.002144472379249862	0.0002161626770122993	0.0014128947255471758	0.002275887352545247	1.5983130130070577e-05	0.00013220545379644122
0.000598147919129044	-0.0026560602735137273	-0.0020196535801346727	0.00015375327745426048	0.0005391631317424039	0.0010901087609529458	-0.0001712450685422695	0.00019461485335403594
-0.0007124494715782248	-0.0019695568783817397	-0.0016451971827899925	9.134387789710985e-05	0.0002271161339553185	0.0004036053658209582	-0.0001712450685422695	6.979605423973467e-05
0.000598147919129044	-0.0012830534832488638	0.00010226600481999526	0.0003409814761268226	0.0004143443326272145	0.0005284241649352595	0.0002656207283606715	0.0006938900498141276
0.00034851032089910916	-0.0008461876863465889	-0.00020978099296753427	-0.0002207031198899756	-0.0007090248594070481	-0.0005325356275414084	-0.0003584732672146096	-5.5022744875454777e-05
-0.0005876306724628133	-0.00028450309032890253	0.0004767224021648975	2.8934478339515124e-05	-0.0003969778616199626	2.9148968475833925e-05	1.5983130130070577e-05	0.00044425245158397075
0.0006605573186866387	-0.0005341406885592814	0.00022708480393496266	0.0002161626770122993	-0.0007090248594070481	0.00027878656670576873	-4.642626942663597e-05	0.0003818430520268201
-0.0005252212729056627	-0.0004717312890016867	0.0005391318017220481	0.0002161626770122993	-0.00014734026338958373	0.0012149275600681353	0.0002656207283606715	0.00025702425291163067
0.0006605573186866387	-0.0013454628828064585	-0.000272190392525129	-9.588432077567433e-05	-0.0006466154598494533	0.0009028805622810498	1.5983130130070577e-05	0.0010059370476021012
-0.0005876306724628133	-0.001220644083691269	-0.0003345997920827237	0.0002161626770122993	3.988793528275636e-05	0.002338296752102842	1.5983130130070577e-05	0.0008187088489293171
0.000598147919129044	-0.0018447380792665502	-0.0007090561894276259	-3.34749212180796e-05	0.0002271161339553185	0.002712753149447744	-4.642626942663597e-05	0.0009435276480440624
-0.0007748588711353754	-0.0020319662779388903	-2.25527942947501e-05	-3.34749212180796e-05	0.0001647067343979458	0.002338296752102842	-0.00010883566898467478	0.0007562994493721664
-0.0005252212729056627	-0.0009710064854617784	0.0006015412012796428	0.00015375327745426048	0.0002895255335129132	0.002275887352545247	7.839252968810939e-05	0.0010059370476021012
0.0006605573186866387	-0.00034691248988649726	0.0011008163977399565	0.00015375327745426048	-0.00020974966294717845	0.0011525181605105406	1.5983130130070577e-05	0.0006938900498141276
-0.0005252212729056627	0.0009012755012631768	0.0016000915941996041	0.00015375327745426048	-0.00045938726117711326	0.00034119596626336346	0.00014080192924526003	0.0008187088489293171
0.000598147919129044	0.0017750070950679486	0.0016000915941996041	0.0002161626770122993	-0.0010834812567523944	-0.0005325356275414084	1.5983130130070577e-05	0.0010059370476021012
-0.0005252212729056627	0.0025863292893151257	0.0022241855897748852	0.00015375327745426048	-0.0009586624576367608	-0.0006573544266565978	-0.0001712450685422695	0.0005066618511420096
0.0004733291200138545	0.002523919889757531	0.0019745479915449504	2.8934478339515124e-05	-0.0012707094554247345	-0.0004077168284262189	1.5983130130070577e-05	0.0008811182484869118
-0.0005876306724628133	0.0022118728919702235	0.0019121385919869116	0.00015375327745426048	-0.0010834812567523944	0.0004660147653785529	-0.00010883566898467478	0.0009435276480440624
0.0005357385195714492	0.0015253694968380138	0.0016000915941996041	0.00046580027524245615	-0.0002721590625047732	0.0018390215556429723	0.0004528489270325675	0.0015052122440613047
0.000410919720457148	-0.0007213688872311774	0.0005391318017220481	-0.00015829372033326905	-0.0007714342589646428	0.0014645651582985142	-0.00029606386765701487	0.0005690712506996043
-0.0007124494715782248	-0.001220644083691269	0.0004767224021648975	-0.00015829372033326905	-0.0002721590625047732	0.0018390215556429723	-0.0001712450685422695	0.0005690712506996043
0.0008477855173587567	-0.0006589594876744709	0.0006639506008372376	0.00046580027524245615	0.00035193493307050794	0.0020262497543153124	0.00032803012791782216	0.0008811182484869118
-0.0005876306724628133	-0.00028450309032890253	0.0006639506008372376	9.134387789710985e-05	0.0006015725312999987	0.0010901087609529458	7.839252968810939e-05	6.979605423973467e-05
0.0006605573186866387	0.0005892285034754252	0.0006639506008372376	0.00015375327745426048	0.0004767537321848092	-0.00022048862975387884	-0.00010883566898467478	-0.00017984154399064423
-0.0007748588711353754	0.0015253694968380138	0.0006639506008372376	-3.34749212180796e-05	0.0004143443326272145	-0.002092770616478612	1.5983130130070577e-05	-0.0005542979413355464
0.000598147919129044	0.002149463492412629	0.0009135881990671724	9.134387789710985e-05	0.0004767537321848092	-0.002342408214708769	7.839252968810939e-05	-0.0004918885417779517
-0.0005876306724628133	0.0026487386888727205	0.0012880445964125187	0.000278572076569894	0.0002271161339553185	-0.002716864612053449	0.00014080192924526003	-0.0008039355395650372
-0.00046281187334806795	0.002336691691085191	0.0009135881990671724	0.0002161626770122993	0.0001647067343979458	-0.002279998815150952	7.839252968810939e-05	-0.0006167073408931412
0.00016128212222676908	0.0010260943003779222	-0.00039700919163987436	-0.00034552191900516505	-0.0006466154598494533	-0.002529636413380665	-0.0006705202650021391	-0.0014280295351403183
-0.0005252212729056627	0.0011509130994926675	-0.000272190392525129	0.000278572076569894	0.0005391631317424039	-0.0010318108240015	0.0002032113288030768	-5.5022744875454777e-05
0.0004733291200138545	0.00021477210613074504	-0.001333150185002241	-3.34749212180796e-05	0.0002895255335129132	-0.0007821732257717873	-0.00029606386765701487	0.0005066618511420096
-0.00046281187334806795	2.754390745796087e-05	-0.0012707407854446462	0.0003409814761268226	0.0014128947255471758	0.00027878656670576873	-0.00029606386765701487	-0.00017984154399064423
0.0004733291200138545	-0.0007837782867892162	-0.0020820629796920453	-9.588432077567433e-05	0.0014128947255471758	9.155836803342865e-05	0.00014080192924526003	0.00025702425291163067
-0.0005252212729056627	-0.0005965500881168762	-0.0017700159819047379	0.000278572076569894	0.0012256665268748357	-0.0006573544266565978	7.839252968810939e-05	-0.00036706974266320636
0.0007229667182442334	-0.0006589594876744709	-0.0008962843880995219	2.8934478339515124e-05	0.0013504853259904692	-0.0009694014244439053	1.5983130130070577e-05	-0.000429479142220357
0.0007229667182442334	8.99533070155556e-05	-0.0005842373903124365	0.00015375327745426048	0.0008512101295303776	-0.0018431330182486771	1.5983130130070577e-05	-0.0009287543386802266
-0.0007748588711353754	0.00046440970436067985	-0.0004594185911974691	-9.588432077567433e-05	0.0006639819308575934	-0.0022175894155933573	-0.00023365446809942014	-0.001053573137795416
0.0007853761178013841	0.0009636849008207715	0.00010226600481999526	0.00046580027524245615	0.0008512101295303776	-0.0017807236186910824	0.0002656207283606715	-0.0006791167404507359
-0.0005876306724628133	0.0007140473025903926	-0.000272190392525129	-3.34749212180796e-05	0.0006015725312999987	-0.001655904819576337	-4.642626942663597e-05	-0.0005542979413355464
0.0002861009213419585	2.754390745796087e-05	-0.0009586937876575607	-0.0002207031198899756	0.00010229733484012904	-0.0010942202235590948	0.0004528489270325675	0.0005690712506996043
-0.0003379930742333226	-0.0002220936907717519	-0.0005218279907550638	0.00046580027524245615	-8.493086383243309e-05	0.0008404711627232331	-0.00023365446809942014	-5.5022744875454777e-05
0.000410919720457148	-0.0015951004810363933	-0.0013955595845596136	-3.34749212180796e-05	0.00010229733484012904	0.0019014309552010111	-4.642626942663597e-05	0.0005690712506996043
-0.000650040072020408	-0.0019071474788237008	-0.0007090561894276259	0.00015375327745426048	-0.00020974966294717845	0.002088659153872907	-0.0001712450685422695	0.0003818430520268201
-0.0003379930742333226	-0.0015951004810363933	0.00016467540437736794	0.000278572076569894	0.0001647067343979458	0.002525524950775404	0.0003904395274754169	0.0009435276480440624
0.000598147919129044	-0.0013454628828064585	0.00016467540437736794	9.134387789710985e-05	-0.00045938726117711326	0.0013397463591833247	-0.00010883566898467478	0.00013220545379644122
-0.0008996776702501208	-0.00034691248988649726	0.0007263600003948323	-0.00015829372033326905	-0.0005842060602927468	0.000653242964050893	-0.00029606386765701487	0.00019461485335403594
0.0009726043164739462	0.0009636849008207715	0.0017873197928723883	0.00046580027524245615	-8.493086383243309e-05	0.0004036053658209582	0.0004528489270325675	0.00013220545379644122
-0.0008372682706934143	0.0012133224990502622	0.00141286339552682	-0.00015829372033326905	-0.0005842060602927468	-0.0005949450270990031	7.839252968810939e-05	7.386654682139948e-06
0.0007229667182442334	0.0015253694968380138	0.0016000915941996041	0.00015375327745426048	-0.0005842060602927468	-0.0003453074288690683	-4.642626942663597e-05	0.00019461485335403594
-0.000650040072020408	0.0014629600972806411	0.0016000915941996041	0.0003409814761268226	-0.00045938726117711326	0.0004036053658209582	0.0002032113288030768	0.0003818430520268201
0.0007229667182442334	0.0008388661017055821	0.0013504539959692252	-9.588432077567433e-05	-0.0005842060602927468	0.0010276993613957952	-0.00010883566898467478	0.00044425245158397075
0.000598147919129044	-0.0005965500881168762	0.0011632257972973292	0.00015375327745426048	-0.0006466154598494533	0.001963840354758606	-0.00010883566898467478	0.0006938900498141276
-0.00046281187334806795	-0.0009085970859037396	0.0012880445964125187	0.000278572076569894	-8.493086383243309e-05	0.0028375719485629336	0.0002032113288030768	0.0013179840453889646
0.0006605573186866387	-0.001220644083691269	0.0010384069981821398	0.000278572076569894	-0.0003969778616199626	0.0028375719485629336	0.00014080192924526003	0.0013179840453889646
-0.000650040072020408	-0.0010958252845765237	0.0006015412012796428	2.8934478339515124e-05	-0.00045938726117711326	0.002775162549005339	1.5983130130070577e-05	0.001255574645831592
0.0007853761178013841	-0.0008461876863465889	0.0008511787995095776	0.0003409814761268226	-0.0003345684620623679	0.002275887352545247	1.5983130130070577e-05	0.001068346447159696
-0.000650040072020408	-0.00028450309032890253	0.0008511787995095776	-9.588432077567433e-05	-0.0008962530580800543	0.00015396776759102337	-0.0003584732672146096	0.0005066618511420096
0.00034851032089910916	0.00021477210613074504	0.0007263600003948323	0.0003409814761268226	-2.2521464274838365e-05	0.000216377167148174	0.00032803012791782216	0.0009435276480440624
-0.00046281187334806795	0.0010885036999355169	0.0010384069981821398	-9.588432077567433e-05	-0.00045938726117711326	-0.0010318108240015	-0.00029606386765701487	7.386654682139948e-06
-0.0005876306724628133	0.0014005506977228244	0.0010384069981821398	2.8934478339515124e-05	-2.2521464274838365e-05	-0.0009069920248863106	1.5983130130070577e-05	0.00019461485335403594
0.0004733291200138545	0.0010260943003779222	0.0004767224021648975	2.8934478339515124e-05	-0.00014734026338958373	-0.0009694014244439053	-0.00023365446809942014	-0.00011743214443282746
-0.0004004024737909173	0.0010260943003779222	0.000788769399952427	0.00040339087568441734	0.0007888007299727828	9.155836803342865e-05	0.0004528489270325675	0.0006314806502565329
0.000410919720457148	-0.00015968429121437921	-0.0005842373903124365	-0.00015829372033326905	3.988793528275636e-05	-0.00028289802931147356	-0.00029606386765701487	0.0003194336524692254
-0.000650040072020408	-0.0004717312890016867	-0.0005842373903124365	-9.588432077567433e-05	0.00035193493307050794	0.0005284241649352595	0.00014080192924526003	0.0003194336524692254
0.0007229667182442334	-0.0008461876863465889	-0.0006466467898700312	0.0003409814761268226	0.0001647067343979458	0.000653242964050893	1.5983130130070577e-05	0.00019461485335403594
-0.000650040072020408	-0.0009085970859037396	-0.0004594185911974691	0.0002161626770122993	-8.493086383243309e-05	0.00027878656670576873	7.839252968810939e-05	-0.00011743214443282746
0.0006605573186866387	-0.0004717312890016867	0.00016467540437736794	9.134387789710985e-05	-0.00020974966294717845	-0.00028289802931147356	-4.642626942663597e-05	-0.00017984154399064423
0.0007853761178013841	0.0009012755012631768	0.0006639506008372376	0.0003409814761268226	-8.493086383243309e-05	-0.0009694014244439053	0.0002656207283606715	-0.00036706974266320636
-0.0007748588711353754	0.0010260943003779222	0.00035190360304926394	-0.0002207031198899756	-0.0005842060602927468	-0.0019679518173638666	-0.00023365446809942014	-0.0009287543386802266
0.000598147919129044	0.0013381412981654517	0.00041431300260774684	0.00015375327745426048	-0.00045938726117711326	-0.0024048176142659194	-0.00010883566898467478	-0.001053573137795416
-0.0005252212729056627	0.0014629600972806411	0.00035190360304926394	9.134387789710985e-05	3.988793528275636e-05	-0.0020303612169214613	0.00014080192924526003	-0.0009287543386802266
0.000598147919129044	0.0010260943003779222	3.9856605261956446e-05	0.0002161626770122993	0.00010229733484012904	-0.0020303612169214613	-0.00023365446809942014	-0.0009287543386802266
-0.0007748588711353754	0.00027718150568833977	-0.0004594185911974691	-0.00015829372033326905	0.0005391631317424039	-0.0007197638262135264	7.839252968810939e-05	-0.0005542979413355464
0.0006605573186866387	-0.00015968429121437921	-0.0005218279907550638	0.00040339087568441734	0.001163257127317685	0.00034119596626336346	0.00032803012791782216	7.386654682139948e-06
-0.0004004024737909173	-0.0004717312890016867	-0.0007714655889852207	-0.00015829372033326905	0.0004143443326272145	-3.3260431081538755e-05	-0.0003584732672146096	-0.0008039355395650372
-0.00046281187334806795	-0.0009710064854617784	-0.00014737159341038364	0.0003409814761268226	0.0007888007299727828	0.0007156523636080436	0.0002656207283606715	-0.00011743214443282746
0.000598147919129044	-0.001033415885019373	-0.00014737159341038364	9.134387789710985e-05	0.0002895255335129132	0.00015396776759102337	-0.0001712450685422695	-0.0006791167404507359
-0.0007124494715782248	-0.0004717312890016867	0.00010226600481999526	-9.588432077567433e-05	0.0001647067343979458	-0.00022048862975387884	-0.00010883566898467478	-0.0006167073408931412
0.0007229667182442334	0.00046440970436067985	0.0006639506008372376	0.0002161626770122993	-2.2521464274838365e-05	-0.0007197638262135264	7.839252968810939e-05	-0.0006791167404507359
-0.0007124494715782248	0.0009636849008207715	0.0007263600003948323	-9.588432077567433e-05	-0.0003345684620623679	-0.0011566296231166895	0.0002656207283606715	-0.00036706974266320636
0.0008477855173587567	0.001712597695510354	0.0012880445964125187	0.00046580027524245615	-0.0002721590625047732	-0.001468676620903775	-0.0001712450685422695	-0.0005542979413355464
-0.0007748588711353754	0.0015253694968380138	0.0008511787995095776	0.00015375327745426048	-2.2521464274838365e-05	-0.0010942202235590948	-4.642626942663597e-05	-0.0002422509435480169
0.000598147919129044	0.001712597695510354	0.000788769399952427	0.0002161626770122993	0.00035193493307050794	-0.00022048862975387884	0.0002032113288030768	0.0003194336524692254
0.0007229667182442334	0.0007140473025903926	0.0004767224021648975	0.000278572076569894	0.0004143443326272145	0.00027878656670576873	7.839252968810939e-05	0.00044425245158397075
-0.0007124494715782248	2.754390745796087e-05	-0.00020978099296753427	-3.34749212180796e-05	0.00035193493307050794	0.0007780617631656384	-0.0001712450685422695	0.0006314806502565329
0.0007229667182442334	-0.00034691248988649726	-8.496219385234483e-05	0.0003409814761268226	0.0006015725312999987	0.00127733695962573	0.0002032113288030768	0.0008187088489293171
-0.0007124494715782248	-0.0005965500881168762	-0.00020978099296753427	-0.00015829372033326905	0.0006015725312999987	0.0014645651582985142	-0.00010883566898467478	0.0008811182484869118
0.0005357385195714492	-0.000409321889444092	-0.00014737159341038364	9.134387789710985e-05	0.0004767537321848092	0.0013397463591833247	7.839252968810939e-05	0.0011307558467164025
-0.000650040072020408	2.754390745796087e-05	0.0004767224021648975	0.00015375327745426048	-0.00014734026338958373	0.0005284241649352595	-0.0001712450685422695	0.0006314806502565329
0.000410919720457148	0.00027718150568833977	0.000788769399952427	2.8934478339515124e-05	-0.00020974966294717845	0.0004660147653785529	7.839252968810939e-05	0.0008187088489293171
-0.0005876306724628133	0.0009012755012631768	0.0012880445964125187	0.000278572076569894	-0.0006466154598494533	0.00015396776759102337	-4.642626942663597e-05	0.0006314806502565329
-0.0005876306724628133	0.0010885036999355169	0.0013504539959692252	0.00015375327745426048	-0.0005217966607342639	0.0004036053658209582	7.839252968810939e-05	0.0008811182484869118
0.000410919720457148	0.00046440970436067985	0.000788769399952427	-9.588432077567433e-05	-0.0012707094554247345	2.9148968475833925e-05	-0.00029606386765701487	0.0003194336524692254
-0.0005252212729056627	0.0005892285034754252	0.0010384069981821398	0.0002161626770122993	-0.0005217966607342639	0.0012149275600681353	0.0002032113288030768	0.0013803934449465594
0.000598147919129044	-0.00034691248988649726	0.00041431300260774684	0.00015375327745426048	-0.0005842060602927468	0.0014645651582985142	-4.642626942663597e-05	0.0013803934449465594
-0.000650040072020408	-0.0007837782867892162	0.00010226600481999526	-3.34749212180796e-05	-0.0005217966607342639	0.001963840354758606	-4.642626942663597e-05	0.001255574645831592
0.0006605573186866387	-0.0011582346841341185	-0.00020978099296753427	0.0002161626770122993	0.0002271161339553185	0.0024007061516604367	0.0002656207283606715	0.0016300310431764942
-0.00046281187334806795	-0.0010958252845765237	-2.25527942947501e-05	-0.0002207031198899756	-0.00045938726117711326	0.0012149275600681353	-0.00048329206632935495	0.00044425245158397075
0.00022369152178458585	-0.001657509880593988	-2.25527942947501e-05	0.0002161626770122993	0.0002895255335129132	0.0012149275600681353	0.00032803012791782216	0.0009435276480440624
0.000410919720457148	-0.0006589594876744709	-0.0005218279907550638	-3.34749212180796e-05	-0.0003345684620623679	-9.566983063913348e-05	-0.00029606386765701487	-0.00011743214443282746
-0.0004004024737909173	0.00021477210613074504	0.00022708480393496266	0.00040339087568441734	0.0004143443326272145	-9.566983063913348e-05	0.0003904395274754169	0.0003818430520268201
0.000410919720457148	0.00027718150568833977	-8.496219385234483e-05	-3.34749212180796e-05	-0.00014734026338958373	-0.0011566296231166895	-0.00023365446809942014	-0.000429479142220357
-0.000650040072020408	0.0005892285034754252	-2.25527942947501e-05	-3.34749212180796e-05	-2.2521464274838365e-05	-0.0010318108240015	-0.0001712450685422695	-0.00011743214443282746
0.0007229667182442334	0.0006516379030330199	0.00022708480393496266	0.00040339087568441734	0.0002271161339553185	-0.0007197638262135264	-0.00010883566898467478	-0.0002422509435480169
-0.0007124494715782248	2.754390745796087e-05	-0.0003345997920827237	-3.34749212180796e-05	-0.00014734026338958373	-0.0005325356275414084	-0.00010883566898467478	-0.00017984154399064423
0.000598147919129044	-9.727489165678449e-05	-0.0005842373903124365	0.0002161626770122993	0.00035193493307050794	9.155836803342865e-05	0.0002656207283606715	0.00019461485335403594
-0.00046281187334806795	-0.0004717312890016867	-0.001520378383674803	-0.00015829372033326905	-0.0002721590625047732	-0.0004077168284262189	-0.0003584732672146096	-0.000429479142220357
-0.0007124494715782248	-0.0007837782867892162	-0.0012083313858874956	-0.00015829372033326905	0.00035193493307050794	-9.566983063913348e-05	-0.00010883566898467478	-5.5022744875454777e-05
0.0006605573186866387	-0.00028450309032890253	-0.001083512586772306	0.000278572076569894	0.0005391631317424039	-0.0003453074288690683	7.839252968810939e-05	-5.5022744875454777e-05
-0.0004004024737909173	0.00027718150568833977	-0.0005842373903124365	0.0003409814761268226	0.0014128947255471758	-0.0003453074288690683	0.0003904395274754169	0.00025702425291163067
0.0005357385195714492	0.00040200030480308513	-0.0008962843880995219	2.8934478339515124e-05	0.0008512101295303776	-0.0015934954200187423	-0.0001712450685422695	-0.0006167073408931412
-0.000650040072020408	0.0010260943003779222	-0.0004594185911974691	9.134387789710985e-05	0.0010384383282029397	-0.0018431330182486771	1.5983130130070577e-05	-0.001053573137795416
0.0006605573186866387	0.0012133224990502622	-2.25527942947501e-05	0.000278572076569894	0.0006639819308575934	-0.002342408214708769	-0.0001712450685422695	-0.001240801336467534
-0.000650040072020408	0.0012133224990502622	3.9856605261956446e-05	2.8934478339515124e-05	0.0004143443326272145	-0.002279998815150952	-0.00023365446809942014	-0.0013656201355831676
0.0005357385195714492	0.0012133224990502622	0.0008511787995095776	0.00040339087568441734	0.0008512101295303776	-0.0013438578217885855	0.0004528489270325675	-0.0006791167404507359
0.000598147919129044	0.0008388661017055821	0.0004767224021648975	9.134387789710985e-05	0.0002895255335129132	-0.0012814484222314348	1.5983130130070577e-05	-0.0009911637382378213
-0.0007124494715782248	0.0007140473025903926	0.00041431300260774684	2.8934478339515124e-05	0.0001647067343979458	-0.0004077168284262189	-0.00023365446809942014	-0.000429479142220357
0.0007853761178013841	0.0007140473025903926	0.0008511787995095776	0.00040339087568441734	0.0004143443326272145	0.00027878656670576873	0.0002656207283606715	0.00019461485335403594
-0.0007124494715782248	0.00040200030480308513	0.0006015412012796428	2.8934478339515124e-05	0.00010229733484012904	0.00034119596626336346	1.5983130130070577e-05	7.386654682139948e-06
0.0005357385195714492	0.0003395909052454904	0.0004767224021648975	-3.34749212180796e-05	-0.0003345684620623679	0.00027878656670576873	0.0002032113288030768	0.00044425245158397075
-0.0005252212729056627	0.0005892285034754252	0.000788769399952427	0.00015375327745426048	-0.00045938726117711326	2.9148968475833925e-05	-0.0001712450685422695	-5.5022744875454777e-05
0.0004733291200138545	0.0005268191039178305	0.000788769399952427	-3.34749212180796e-05	-0.00014734026338958373	9.155836803342865e-05	1.5983130130070577e-05	0.00019461485335403594
-0.0005876306724628133	0.0009636849008207715	0.0016000915941996041	0.00040339087568441734	3.988793528275636e-05	0.00015396776759102337	0.0002032113288030768	0.0003818430520268201
-0.000650040072020408	0.0009012755012631768	0.00141286339552682	-3.34749212180796e-05	-2.2521464274838365e-05	0.00015396776759102337	-0.00010883566898467478	0.00019461485335403594
0.0007229667182442334	0.0008388661017055821	0.0015376821946420094	0.0003409814761268226	-2.2521464274838365e-05	0.00027878656670576873	0.0002032113288030768	0.00019461485335403594
-0.000650040072020408	0.00040200030480308513	0.0014752727950844147	-3.34749212180796e-05	-8.493086383243309e-05	0.0004036053658209582	-4.642626942663597e-05	0.0003194336524692254
0.0005357385195714492	2.754390745796087e-05	0.0011632257972973292	0.0002161626770122993	-0.0003969778616199626	0.0007156523636080436	-0.00010883566898467478	0.0008187088489293171
-0.0005876306724628133	-0.00028450309032890253	0.0012880445964125187	0.000278572076569894	3.988793528275636e-05	0.0015893839574130375	0.00014080192924526003	0.0007562994493721664
0.0007229667182442334	-0.0006589594876744709	0.0009135881990671724	0.000278572076569894	-0.0007714342589646428	0.0017766121560858217	-0.00023365446809942014	0.0008187088489293171
-0.0007748588711353754	-0.0007213688872311774	0.0007263600003948323	0.0003409814761268226	-0.00045938726117711326	0.0020262497543153124	0.00014080192924526003	0.0011307558467164025
0.0006605573186866387	-0.0006589594876744709	0.0002894942034925574	-0.0002831125194475703	-0.0012083000558671397	0.0014021557587409195	-0.0003584732672146096	0.0006938900498141276
0.0006605573186866387	-0.00034691248988649726	0.0006639506008372376	0.00015375327745426048	-0.0007714342589646428	0.0014021557587409195	0.00014080192924526003	0.001068346447159696
-0.000650040072020408	-9.727489165678449e-05	0.0006015412012796428	0.00015375327745426048	-0.0007090248594070481	0.00127733695962573	1.5983130130070577e-05	0.001068346447159696
0.0006605573186866387	-9.727489165678449e-05	0.0005391318017220481	0.0002161626770122993	-0.0006466154598494533	0.0008404711627232331	1.5983130130070577e-05	0.0008187088489293171
-0.00046281187334806795	-9.727489165678449e-05	0.0005391318017220481	0.0002161626770122993	-0.0005217966607342639	0.0007780617631656384	0.00014080192924526003	0.0008811182484869118
0.000410919720457148	-0.0007213688872311774	-0.00020978099296753427	2.8934478339515124e-05	-0.0010210718571943556	0.00015396776759102337	7.839252968810939e-05	0.0003194336524692254
-0.000650040072020408	-0.0006589594876744709	0.00022708480393496266	2.8934478339515124e-05	-0.0003969778616199626	0.000216377167148174	-0.00010883566898467478	-0.00017984154399064423
0.0005357385195714492	-0.0010958252845765237	-2.25527942947501e-05	2.8934478339515124e-05	3.988793528275636e-05	0.000653242964050893	1.5983130130070577e-05	0.00013220545379644122
-0.0005252212729056627	-0.0009710064854617784	-2.25527942947501e-05	0.000278572076569894	3.988793528275636e-05	0.0005284241649352595	7.839252968810939e-05	-0.00011743214443282746
-0.0007748588711353754	-0.0012830534832488638	-0.00020978099296753427	-0.00015829372033326905	-2.2521464274838365e-05	0.00027878656670576873	-0.0001712450685422695	-0.00030466034310561163
0.0006605573186866387	-0.001033415885019373	-0.0003345997920827237	0.00015375327745426048	-2.2521464274838365e-05	-9.566983063913348e-05	7.839252968810939e-05	-0.0002422509435480169
-0.0007748588711353754	-0.0006589594876744709	-0.0005218279907550638	2.8934478339515124e-05	-0.00014734026338958373	-0.0001580792301967282	-0.00010883566898467478	-0.0002422509435480169
0.0007853761178013841	-0.00028450309032890253	-0.000272190392525129	0.00040339087568441734	0.0002271161339553185	-0.0001580792301967282	0.0002656207283606715	-0.0002422509435480169
-0.000650040072020408	-9.727489165678449e-05	-0.00039700919163987436	-9.588432077567433e-05	-0.00014734026338958373	-0.0005325356275414084	-4.642626942663597e-05	-0.0002422509435480169
0.000598147919129044	0.0001523627065735944	-0.0003345997920827237	0.0002161626770122993	0.0002271161339553185	-0.0005325356275414084	0.00014080192924526003	-0.00011743214443282746
-0.0005252212729056627	0.00027718150568833977	-8.496219385234483e-05	2.8934478339515124e-05	0.00010229733484012904	-0.00084458262532916	-0.00010883566898467478	-0.00036706974266320636
0.0004733291200138545	0.0001523627065735944	-0.00014737159341038364	0.00015375327745426048	0.0004143443326272145	-0.0005949450270990031	7.839252968810939e-05	-0.00017984154399064423
0.000598147919129044	8.99533070155556e-05	-0.00039700919163987436	2.8934478339515124e-05	0.0001647067343979458	-0.0009694014244439053	-0.00023365446809942014	-0.0006791167404507359
-0.0004004024737909173	0.00040200030480308513	0.00016467540437736794	0.00040339087568441734	0.0010384383282029397	-0.00028289802931147356	0.0003904395274754169	7.386654682139948e-06
0.00034851032089910916	-0.00015968429121437921	-0.0005218279907550638	-0.0002207031198899756	0.0002895255335129132	-0.0013438578217885855	-0.0003584732672146096	-0.0011159825373527887
-0.0005252212729056627	0.0005892285034754252	3.9856605261956446e-05	0.0002161626770122993	0.0009136195290873061	-0.0005949450270990031	0.00014080192924526003	-0.0007415261400078865
0.0006605573186866387	0.0005268191039178305	0.00016467540437736794	0.0002161626770122993	0.0007888007299727828	-0.0010942202235590948	7.839252968810939e-05	-0.00036706974266320636
-0.000650040072020408	0.0009012755012631768	0.00041431300260774684	2.8934478339515124e-05	0.0009136195290873061	-0.0009069920248863106	0.00014080192924526003	-0.00030466034310561163
0.0006605573186866387	0.001275731898608301	0.0006015412012796428	2.8934478339515124e-05	0.0004767537321848092	-0.0009069920248863106	-0.00010883566898467478	-0.0002422509435480169
-0.0007124494715782248	0.001275731898608301	0.0007263600003948323	0.0003409814761268226	0.0006015725312999987	-0.0007197638262135264	0.0002032113288030768	-5.5022744875454777e-05
-0.0007124494715782248	0.0011509130994926675	0.00041431300260774684	-3.34749212180796e-05	0.0002895255335129132	-0.0006573544266565978	-4.642626942663597e-05	6.979605423973467e-05
0.0008477855173587567	0.0012133224990502622	0.0006015412012796428	0.0003409814761268226	0.0002895255335129132	-0.00022048862975387884	0.00014080192924526003	0.00025702425291163067
-0.0007124494715782248	0.0009012755012631768	0.0004767224021648975	2.8934478339515124e-05	0.0002895255335129132	2.9148968475833925e-05	-4.642626942663597e-05	0.0003818430520268201
