Sensor_1	Sensor_2	Sensor_3	Sensor_4	Sensor_5	Sensor_6	Sensor_7	Sensor_8
-0.0007000618371866274	-0.0002448570382236337	-0.0019421805142290083	-0.0002086970321195647	-0.00018917225146841687	-0.0007468064774547312	-0.001225876630808198	0.00036883018997491135
-1.3558442054195652e-05	6.71899595632297e-05	-0.0014429053177686946	0.00029057816433986083	0.0003101029449912307	-0.0002475312809946395	-0.0008514202334630738	-0.00025526380560036976
0.0006105355535210855	-5.762883955129361e-05	-0.001567724116884106	0.00047780636301242296	0.0006221499427792043	-0.0002475312809946395	-0.0006641920347902897	0.0004312395895325061
4.885095750339907e-05	-0.00012003823910933242	-0.0010684489204242364	0.00029057816433986083	0.0001228747463193347	-0.0002475312809946395	-0.0007266014343478844	-0.0003176732051579645
0.0032941397344929957	0.00037923695735075924	0.000491786068512523	0.0010394909590294432	0.0010590157396812572	0.000875837911039623	0.0008960429541469139	0.00036883018997491135
0.006102562714580317	0.0006288745555811381	0.002613705653467857	0.001101900358587038	0.0011838345387960025	0.001999207103074996	0.002331459143968928	-0.00044249200427270985
0.0069138849088274945	0.0008161027542534782	0.003487437247272629	0.0013515379568171948	0.0012462439383535973	0.0023112541008625254	0.00301796253910136	0.0002440113908597219
0.007350750705729325	0.0012529685511559752	0.004735625238422303	0.0014139473563747895	0.0014334721370261594	0.002997757495994513	0.0037668753337913863	-0.00013044500648495827
0.009784717288471745	0.0016274249485006553	0.005921403830014604	0.0022252695506219666	0.0023072037308313753	0.0038090796902421342	0.004890244525825649	0.0005560583886472514
0.008536529297321849	0.001065740352483191	0.005297309834439767	0.0016011755550471296	0.0015582909361409047	0.0029353480964369183	0.0041413317311360665	-0.0005673108033870111
0.006539428511482592	0.0009409215533684456	0.0039867124437322765	0.0015387661554895349	0.0016207003356989436	0.0023112541008625254	0.003205190737773256	0.00036883018997491135
0.005478468719005036	0.0008785121538108509	0.003425027847715034	0.0014763567559323842	0.0016831097352560942	0.0020616165026321465	0.002581096742198863	-0.0003800826047151151
0.005915334515907755	0.0009409215533684456	0.0029881620508125373	0.0021004507515072213	0.0023072037308313753	0.0020616165026321465	0.002768324940871425	0.00036883018997491135
0.0011722201495385498	0.00012959935912104648	0.0006790142671853072	0.0007898533607999525	0.0010590157396812572	0.000501381513695387	0.0005839959563593844	-0.00044249200427270985
0.0017963141451129427	0.0001920087586786412	0.0001797390707254376	0.001101900358587038	0.0014958815365837541	0.0006262003128105764	0.000646405355916535	0.0003064207904173166
0.0014218577477687067	0.0003168275577936086	0.0004293766689558165	0.0009770815594722926	0.001308653337911192	0.000875837911039623	0.0005839959563593844	-0.0003176732051579645
0.0013594483482106678	6.71899595632297e-05	-7.489127946902485e-06	0.0005402157625695736	0.0009341969405665118	0.0006262003128105764	0.0005839959563593844	0.0003064207904173166
0.0006105355535210855	0.00044164635690835397	0.0006790142671853072	0.00047780636301242296	0.0004973311436635708	0.0010006567101548125	0.0007088147554741298	-0.00013044500648495827
0.0008601731517505762	0.0008785121538108509	0.0011158800640878042	0.0006026251621271683	0.0006845593423361329	0.001312703707942564	0.0012080899519342214	0.0009305147859921536
0.00017366975661858852	0.0005664651560235434	0.0013655176623172949	-2.14688334476687e-05	6.046534676173998e-05	0.001312703707942564	0.001083271152819254	0.00018160199130212717
0.0006729449530786802	0.0006912839551387329	0.0016151552605478958	0.00029057816433986083	0.00018528414587604125	0.0011878849088273746	0.0013329087510489668	0.0008681053864345589
-0.0005128336385142873	0.0005040557564659487	0.0013031082627605883	-8.387823300526343e-05	-0.00031399105058382837	0.000688609712367283	0.0007088147554741298	-5.62620737021291e-06
-7.596784161134629e-05	0.0002544181582360139	0.0006790142671853072	-0.00014628763256285815	-1.944052795854745e-06	0.000501381513695387	0.00045917715724419494	0.0005560583886472514
-0.00013837724116849692	0.0002544181582360139	0.0006790142671853072	0.00016575936522511547	-1.944052795854745e-06	0.0003765627145801975	0.0002095395590140381	-0.00019285440604277504
0.0002984885557333339	0.00037923695735075924	0.00030455786984062705	0.0007898533607999525	0.0006221499427792043	0.0003765627145801975	0.0003343583581290055	0.0007432865873198136
0.00023607915617618325	0.0003168275577936086	0.00011732967116828696	0.0006026251621271683	0.0006845593423361329	0.00043897211413779225	2.2311360341698006e-05	-6.803560692736355e-05
0.0009849919508657656	0.00044164635690835397	5.492027161069224e-05	0.0011643097581446327	0.001121425139239296	0.000501381513695387	0.0002095395590140381	0.0006184677882048462
-7.596784161134629e-05	4.780560005857026e-06	-0.00031953612573421	0.00047780636301242296	0.0004973311436635708	0.00018933451590741335	-0.00035214503700342625	-0.0003176732051579645
0.0006105355535210855	0.0002544181582360139	5.492027161069224e-05	0.0006026251621271683	0.0006221499427792043	0.0005637909132525376	0.00014713015945688745	0.0005560583886472514
0.0003608979552909286	0.0005664651560235434	0.0008662424658578693	0.0006026251621271683	0.00043492174410642015	0.000875837911039623	0.00045917715724419494	5.6783192187381815e-05
-0.00013837724116849692	0.0003168275577936086	0.0007414236667429019	0.00010334996566752075	-1.944052795854745e-06	0.0006262003128105764	0.0005215865568017897	0.0006184677882048462
-0.0038205318150605905	6.71899595632297e-05	-0.0001323079270618699	-0.001020019226367186	-0.0013125414435035676	-0.0002475312809946395	-0.0008514202334630738	0.00011919259174497654
-0.00875087438010258	-0.00012003823910933242	-0.002191818112458943	-0.0015817038223848723	-0.0021862730373078954	-0.0017453568703742484	-0.0025988834210726175	0.0012425617837796832
-0.009374968375677417	-0.0006817228351261306	-0.00300314030670612	-0.002268207217517304	-0.002685548233767987	-0.00224463206683434	-0.003347796215762644	0.00011919259174497654
-0.008189189784084894	-0.00043208523689641787	-0.0033151873044938718	-0.0017065226214996176	-0.0019366354390784046	-0.002057403868161556	-0.003160568017090304	0.0009929241855497484
-0.00881328377965973	-0.0007441322346837254	-0.004188918898298644	-0.001831341420614807	-0.0019366354390784046	-0.002494269665064719	-0.0036598432135499515	0.0002440113908597219
-0.007253048790722527	-0.0007441322346837254	-0.004688194094758513	-0.001394475623712088	-0.0011253132448312275	-0.00224463206683434	-0.0035974338139925788	0.0008056959868774083
-0.005755223201342918	-0.0008065416342413201	-0.004438556496528134	-0.0011448380254823753	-0.001000494445715816	-0.0018701756694894378	-0.0034102056153197946	-0.00019285440604277504
-0.003258847219042904	-0.00018244763866603897	-0.0036272343022809572	4.0940566109926024e-05	0.0001228747463193347	-0.0008092158770123259	-0.0022244270237279373	0.0009929241855497484
-0.0021354780270081974	-0.00018244763866603897	-0.0026910933089190348	-0.00014628763256285815	-6.435345235344947e-05	-0.00018512188143748887	-0.0017875612268254404	-0.00013044500648495827
-0.00013837724116849692	0.00012959935912104648	-0.0014429053177686946	0.00010334996566752075	0.0003101029449912307	0.000688609712367283	-0.0007266014343478844	0.0008056959868774083
-0.0003880148393988758	0.0002544181582360139	-0.00031953612573421	-8.387823300526343e-05	-0.0002515816510260116	0.001125475509270224	-0.00035214503700342625	5.6783192187381815e-05
-0.0004504242389562485	0.0002544181582360139	-6.989852750427517e-05	-0.0005207440299077604	-0.0005012192492559464	0.001312703707942564	-0.00010250743877260327	0.0006808771877622188
-0.00020078664072697983	0.0003168275577936086	0.0008038330663004967	-0.0005207440299077604	-0.0007508568474863253	0.0018119789044024337	2.2311360341698006e-05	5.6783192187381815e-05
0.0037310055313954926	0.0009409215533684456	0.002426477454795295	0.0007274439612423578	0.0006845593423361329	0.0031225762951097025	0.0017697745479512417	0.0009305147859921536
0.006789066109712305	0.0013777873502707205	0.003861893644617087	0.0014763567559323842	0.0016831097352560942	0.00412112668802922	0.00301796253910136	0.00018160199130212717
0.008162072899976947	0.00168983434805825	0.004049121843289871	0.0024124977492943067	0.0026816601281760555	0.004433173685816971	0.003642056534676197	0.0009929241855497484
0.008910985694666529	0.00168983434805825	0.004049121843289871	0.0026621353475242415	0.002993707125963363	0.004495583085374566	0.003642056534676197	0.00036883018997491135
0.011407361676966543	0.0018770625467308122	0.004610806439307336	0.0034734575417718627	0.004054666918440475	0.005182086480506998	0.004515788128480525	0.0009305147859921536
0.009722307888914594	0.0016274249485006553	0.004298759441519806	0.0033486387426571174	0.0035553917219803832	0.004682811284046906	0.003829284733348093	5.6783192187381815e-05
0.00703870370794224	0.00150260614938591	0.003300209048600289	0.0029117729457543984	0.0031185259250785524	0.004245945487144187	0.003142781338216105	0.0009305147859921536
0.005353649919889847	0.0008161027542534782	0.002613705653467857	0.0016011755550471296	0.0018703379339284343	0.0036842608911269448	0.0020818215457389933	-0.0003176732051579645
0.005041602922102539	0.0011281497520407857	0.003050571450370132	0.001725994354161875	0.0019951567330436237	0.0043707642862593765	0.002518687342640824	0.0006808771877622188
0.00017366975661858852	0.0003168275577936086	0.0012406988632029936	-2.14688334476687e-05	-1.944052795854745e-06	0.003184985694667297	0.00045917715724419494	-0.0003176732051579645
0.0006105355535210855	0.00037923695735075924	0.0011782894636453989	-8.387823300526343e-05	0.00018528414587604125	0.0035594420920117553	0.0007088147554741298	0.0004312395895325061
-7.596784161134629e-05	0.00012959935912104648	0.0008662424658578693	-0.0003959252307921268	-0.00037640045014075696	0.0033098044937820426	0.0002095395590140381	-0.00044249200427270985
0.0009849919508657656	0.00044164635690835397	0.0008662424658578693	0.0002281687647827102	0.0005597405432209435	0.0036842608911269448	0.000646405355916535	0.0004312395895325061
0.0003608979552909286	0.0002544181582360139	0.00030455786984062705	-8.387823300526343e-05	0.00037251234454838134	0.0031225762951097025	0.00014713015945688745	-0.00019285440604277504
0.0011722201495385498	0.0006288745555811381	0.00024214847028303232	0.0009146721599146979	0.001308653337911192	0.00343462329289701	0.0005215865568017897	0.0008056959868774083
0.000485716754405896	-5.762883955129361e-05	-0.0004443549248493994	0.0003529875638972335	0.0008717875410089171	0.0033098044937820426	-0.0002273262378882368	-0.00044249200427270985
0.0012346295490961445	0.0001920087586786412	-0.0006315831235217395	0.0005402157625695736	0.0013710627374685647	0.004058717288471625	-0.00010250743877260327	0.0004312395895325061
0.0003608979552909286	0.0002544181582360139	-0.00031953612573421	0.0006026251621271683	0.0009966063401236624	0.005119677080949403	-0.00035214503700342625	-0.00013044500648495827
0.00017366975661858852	0.0003168275577936086	-0.0003819455252918047	0.00041539696345482824	0.0009341969405665118	0.006430274471656228	-0.00035214503700342625	0.0005560583886472514
-0.0005752430380709939	0.0002544181582360139	-0.0001323079270618699	-0.00014628763256285815	0.00018528414587604125	0.007740871862363274	-0.0006641920347902897	-0.0003176732051579645
-0.0005128336385142873	0.0005664651560235434	0.00030455786984062705	-8.387823300526343e-05	0.00037251234454838134	0.009301106851300922	-0.00035214503700342625	0.0007432865873198136
-0.0013865652323190591	-5.762883955129361e-05	-7.489127946902485e-06	-0.0011448380254823753	-0.0006884474479282865	0.009425925650415667	-0.0009138296330206686	-0.0003176732051579645
-0.00013837724116849692	0.0006288745555811381	0.0007414236667429019	-0.0002711064316776035	0.00037251234454838134	0.010050019645990504	-0.00010250743877260327	0.0008056959868774083
-0.0008872900358589675	0.0002544181582360139	0.00024214847028303232	-0.0005207440299077604	-6.435345235344947e-05	0.008864241054398425	-0.000601782635233139	-6.803560692736355e-05
0.0002984885557333339	0.0005040557564659487	0.00011732967116828696	0.00016575936522511547	0.0008093781414513224	0.007740871862363274	-0.00010250743877260327	0.0006184677882048462
-1.3558442054195652e-05	4.780560005857026e-06	-0.0004443549248493994	-0.00014628763256285815	0.00043492174410642015	0.005806180476081613	-0.000601782635233139	-0.00019285440604277504
0.0006729449530786802	0.0006912839551387329	-0.00019471732661946461	0.0011643097581446327	0.0015582909361409047	0.0056189522774088285	-4.009803921589672e-05	0.0008681053864345589
-0.004070169413290969	-0.0002448570382236337	-0.0025662745098042894	-0.0005207440299077604	-6.435345235344947e-05	0.0038090796902421342	-0.0021620176241703426	-6.803560692736355e-05
-0.007939552185854959	-0.0004944946364535685	-0.004500965896085729	-0.0011448380254823753	-0.0008756756466006266	0.0033722138933394152	-0.003784662012664697	0.0008681053864345589
-0.00862605558098739	-0.0008689510337984707	-0.004813012893873481	-0.0017065226214996176	-0.0014997696421759077	0.004870039482719246	-0.0042839372091245664	-0.00013044500648495827
-0.008501236781872201	-0.0007441322346837254	-0.005000241092545821	-0.0019561602197297745	-0.0015621790417330583	0.006804730869001352	-0.0042839372091245664	0.0006184677882048462
-0.009749424773022097	-0.001056179232471255	-0.00512505989166101	-0.002642663614861984	-0.00243591063553783	0.00842737525749615	-0.004970440604256998	-0.00019285440604277504
-0.008376417982757456	-0.001056179232471255	-0.004875422293431297	-0.002642663614861984	-0.0021862730373078954	0.010237247844663289	-0.004408756008239756	0.0004936489890896567
-0.006941001792934998	-0.0008065416342413201	-0.003939281300068709	-0.002642663614861984	-0.0019990448386359994	0.011672664034485747	-0.0038470714122222915	-0.00025526380560036976
-0.004319807011520238	-0.00036967583733882314	-0.002878321507591375	-0.0017065226214996176	-0.0010629038452731887	0.012546395628290519	-0.0026612928206302122	0.0005560583886472514
-0.0031340284199281587	-0.00036967583733882314	-0.0023166369115739105	-0.0015192944228272776	-0.0009380850461582213	0.01223434863050299	-0.002099608224612748	-0.00013044500648495827
-0.0004504242389562485	4.780560005857026e-06	-0.001567724116884106	-0.0007703816281372511	0.00037251234454838134	0.011547845235370557	-0.0008514202334630738	0.0005560583886472514
-1.3558442054195652e-05	-5.762883955129361e-05	-0.0013180865186541713	-0.00045833463035016564	0.00037251234454838134	0.010486885442893223	-0.0008514202334630738	-0.00013044500648495827
0.0009849919508657656	0.0003168275577936086	-0.0010060395208666417	0.0003529875638972335	0.0012462439383535973	0.01029965724422044	-4.009803921589672e-05	0.0006808771877622188
0.0008601731517505762	-0.00012003823910933242	-0.0013180865186541713	-8.387823300526343e-05	0.0009341969405665118	0.009987610246433354	-0.00035214503700342625	-0.00025526380560036976
0.004667146524757415	0.0001920087586786412	0.00011732967116828696	0.0008522627603571031	0.001932747333486029	0.0121095298313878	0.0012080899519342214	0.00018160199130212717
0.006789066109712305	0.0006288745555811381	0.0017399740596630853	0.0011643097581446327	0.0023072037308313753	0.0149179528114749	0.0024562779430841175	-0.00044249200427270985
0.007600388303959926	0.0013777873502707205	0.0025512962539102624	0.001725994354161875	0.002993707125963363	0.017851194590676966	0.003205190737773256	0.0006184677882048462
0.007912435301747456	0.001065740352483191	0.003237799649042694	0.0014763567559323842	0.002556841329060866	0.019785885976959294	0.0035172377355610074	-0.00025526380560036976
0.009784717288471745	0.00168983434805825	0.004361168841077401	0.0021004507515072213	0.003430572922865638	0.02165816796368336	0.0047654257267109035	0.0006184677882048462
0.007413160105287364	0.0011281497520407857	0.0037994842450597144	0.0011643097581446327	0.002369613130388082	0.020534798771648877	0.0037044659342337916	-0.00019285440604277504
0.005478468719005036	0.0013153779507135699	0.0031129808499277267	0.0012891285572598221	0.0023072037308313753	0.018537697985809398	0.0032676001373312946	0.0006808771877622188
0.004667146524757415	0.0008161027542534782	0.0027385244525826025	0.0009146721599146979	0.0018079285343712836	0.015479637407492142	0.0026435061417562356	-0.00025526380560036976
0.004043052529182578	0.0011281497520407857	0.002364068055237478	0.0014139473563747895	0.002119975532158369	0.012546395628290519	0.002518687342640824	0.0007432865873198136
0.0008601731517505762	0.0006288745555811381	0.0009286518654156861	0.0007274439612423578	0.0012462439383535973	0.009301106851300922	0.001083271152819254	-6.803560692736355e-05
0.0012970389486530731	0.00012959935912104648	0.0001797390707254376	0.0005402157625695736	0.0012462439383535973	0.007990509460593653	0.0008960429541469139	0.00036883018997491135
0.0012346295490961445	0.00044164635690835397	0.0004293766689558165	0.0007274439612423578	0.001308653337911192	0.009113878652628582	0.0009584523537040646	-0.00025526380560036976
0.0009849919508657656	0.0005664651560235434	0.00011732967116828696	0.0008522627603571031	0.0014334721370261594	0.012047120431830427	0.0012080899519342214	0.0006808771877622188
0.0002984885557333339	0.0006288745555811381	0.0001797390707254376	0.00029057816433986083	0.0011838345387960025	0.01572927500572252	0.0011456805523761826	5.6783192187381815e-05
0.00023607915617618325	0.0005664651560235434	-0.0001323079270618699	0.00010334996566752075	0.001308653337911192	0.0197234765774017	0.0012080899519342214	0.0007432865873198136
-0.0003256054398412811	0.00044164635690835397	-7.489127946902485e-06	-0.00045833463035016564	0.0006221499427792043	0.0229063559548337	0.0011456805523761826	-6.803560692736355e-05
-0.00020078664072697983	0.0005664651560235434	-6.989852750427517e-05	-0.000583153429464911	0.0009341969405665118	0.02434177214465527	0.0014577275501641562	0.0006808771877622188
-0.0015113840314338045	-0.00018244763866603897	-0.0006315831235217395	-0.0012696568245973427	6.046534676173998e-05	0.022594308957046616	0.0005839959563593844	-0.0003800826047151151
0.00017366975661858852	0.0006288745555811381	0.00030455786984062705	-0.00014628763256285815	0.0011838345387960025	0.020222751773861347	0.0016449557488360522	0.0007432865873198136
-0.0003880148393988758	0.0003168275577936086	5.492027161069224e-05	-0.00045833463035016564	0.0007469687418937276	0.01510518101014724	0.001083271152819254	-6.803560692736355e-05
0.0006105355535210855	0.0005040557564659487	0.00024214847028303232	0.00041539696345482824	0.0014334721370261594	0.011048570038910466	0.001520136949721751	0.0006808771877622188
0.00023607915617618325	0.0002544181582360139	5.492027161069224e-05	0.00029057816433986083	0.001121425139239296	0.007928100061036059	0.001083271152819254	-0.00019285440604277504
0.0010474013504233604	0.0005664651560235434	-7.489127946902485e-06	0.0007274439612423578	0.0016831097352560942	0.007616053063248973	0.0014577275501641562	0.0006184677882048462
-0.00026319604028368637	-5.762883955129361e-05	-0.0004443549248493994	4.0940566109926024e-05	0.0008093781414513224	0.009488335049973706	0.0007088147554741298	-0.0005049014038303046
0.00023607915617618325	0.00012959935912104648	-0.00025712672617661525	0.00029057816433986083	0.0012462439383535973	0.013919402418554938	0.0013329087510489668	0.0004312395895325061
-0.0010745182345313076	-0.00012003823910933242	-0.00019471732661946461	-0.0007703816281372511	0.00037251234454838134	0.016665415999084443	0.0009584523537040646	-0.00044249200427270985
-0.0008872900358589675	0.0005040557564659487	0.0005541954680705619	-0.0003959252307921268	0.00043492174410642015	0.017976013389791712	0.0013953181506065615	0.0006808771877622188
-0.007065820592050187	-0.0005569040360111632	-0.0016925429159992955	-0.0022057978179597093	-0.0018118166399634372	0.013981811818112533	-0.0011634672312501593	-0.0003176732051579645
-0.008875693179217325	-0.001056179232471255	-0.0033775967040514665	-0.0027674824139771736	-0.0021862730373078954	0.007990509460593653	-0.0027861116197449576	0.0003064207904173166
-0.008314008583199861	-0.0008065416342413201	-0.003065549706263715	-0.0019561602197297745	-0.0014997696421759077	0.00393389848935688	-0.0029733398184175197	-0.00019285440604277504
-0.008563646181429796	-0.001056179232471255	-0.0038144625009537414	-0.0017689320210572124	-0.0014997696421759077	2.1063172352953075e-06	-0.0032853868162050492	0.0004936489890896567
-0.00843882738231505	-0.0008689510337984707	-0.0038144625009537414	-0.001644113221942467	-0.0017494072404056205	-0.0019949944686046273	-0.003347796215762644	-6.803560692736355e-05
-0.006691364194705285	-0.0009313604333565095	-0.0036272343022809572	-0.0015192944228272776	-0.0016245884412910971	-0.0010588534752418166	-0.0027861116197449576	0.00036883018997491135
-0.005630404402227729	-0.0006817228351261306	-0.0031903685053789044	-0.001394475623712088	-0.0012501320439455288	0.002623301098650055	-0.002037198825055375	-0.0003176732051579645
-0.004257397611963087	-0.0006817228351261306	-0.003252777904936277	-0.0012696568245973427	-0.0008756756466006266	0.007865690661478464	-0.0014131048294803161	0.0003064207904173166
-0.0029468002212558186	-0.0005569040360111632	-0.0025038651102466947	-0.0011448380254823753	-0.0006260380483711359	0.013732174219882598	-0.0004769638361181716	-0.0006297202029450499
-0.000762471236743778	0.00012959935912104648	-0.0016925429159992955	-0.0007079722285796564	0.0004973311436635708	0.01897456378271123	0.0009584523537040646	0.0004312395895325061
-0.0012617464332038697	-0.0003072664377812284	-0.0016925429159992955	-0.001207247425039748	0.0001228747463193347	0.02228226195925842	0.0009584523537040646	-0.0003176732051579645
-0.0004504242389562485	0.00037923695735075924	-0.0008812207217518964	-0.00045833463035016564	0.0009341969405665118	0.024404181544212866	0.0018321839475086144	0.0006184677882048462
0.0006105355535210855	0.00012959935912104648	-0.00019471732661946461	-0.0008327910276948458	0.0008717875410089171	0.02321840295262101	0.001957002746624026	-0.00019285440604277504
0.005104012321660134	0.0008161027542534782	0.001802383459220236	0.00047780636301242296	0.0020575661326007744	0.021533349164568616	0.003642056534676197	0.0006808771877622188
0.006976294308385089	0.0010033309529260404	0.0031753902494846553	0.001101900358587038	0.0024320225299461207	0.018100832188906457	0.004328559929808629	-0.00013044500648495827
0.007850025902189417	0.0012529685511559752	0.003425027847715034	0.0016635849546042802	0.002993707125963363	0.013607355420767409	0.004515788128480525	0.0007432865873198136
0.009223032692454725	0.0011905591515979363	0.004236350041962211	0.0021004507515072213	0.0031185259250785524	0.010923751239795276	0.004703016327153309	-0.00025526380560036976
0.010533630083161771	0.0015650155489430606	0.004673215838864486	0.002974182345311993	0.003867438719768135	0.01061170424200819	0.005576747920958525	0.0007432865873198136
0.008224482299534541	0.00150260614938591	0.004173940642404617	0.0024124977492943067	0.003180935324636147	0.01067411364156623	0.0049526539253832436	-6.803560692736355e-05
0.006227381513694619	0.00168983434805825	0.003300209048600289	0.0024124977492943067	0.0030561165255209577	0.012671214427405264	0.004515788128480525	0.0009929241855497484
0.005104012321660134	0.0011905591515979363	0.002863343251697348	0.0016011755550471296	0.0024320225299461207	0.01479313401235971	0.0041413317311360665	5.6783192187381815e-05
0.002982092736705466	0.0008161027542534782	0.0017399740596630853	0.0008522627603571031	0.001932747333486029	0.01572927500572252	0.00339241893644604	0.0006808771877622188
0.00017366975661858852	0.00037923695735075924	0.0010534706645302094	0.00016575936522511547	0.0009341969405665118	0.01597891260395201	0.002144230945296144	-0.00013044500648495827
0.0009225825513081709	0.0005040557564659487	0.0012406988632029936	0.0003529875638972335	0.001308653337911192	0.015791684405279227	0.0024562779430841175	0.0005560583886472514
0.0005481261539637128	0.0003168275577936086	0.0012406988632029936	-0.00014628763256285815	0.0008717875410089171	0.01448108701457218	0.0018945933470664311	-0.0003176732051579645
0.00023607915617618325	6.71899595632297e-05	0.0008662424658578693	-8.387823300526343e-05	0.0006221499427792043	0.013482536621652441	0.0015825463492793457	0.0003064207904173166
-0.0003256054398412811	0.0002544181582360139	0.0010534706645302094	-0.00014628763256285815	0.0005597405432209435	0.012983261425193016	0.001520136949721751	-0.0003176732051579645
0.0002984885557333339	0.0002544181582360139	0.0006790142671853072	-0.00014628763256285815	0.0009341969405665118	0.012983261425193016	0.001707365148394091	0.0004312395895325061
0.00017366975661858852	0.00044164635690835397	0.0009286518654156861	0.00016575936522511547	0.0009341969405665118	0.0149179528114749	0.001957002746624026	-0.00013044500648495827
-1.3558442054195652e-05	0.00037923695735075924	0.0001797390707254376	0.0002281687647827102	0.0011838345387960025	0.016353369001296914	0.002393868543526523	0.0006808771877622188
-0.000762471236743778	0.0001920087586786412	-0.00031953612573421	-0.0003335158312349762	0.0006845593423361329	0.01697746299687175	0.0020194121461813985	-0.00019285440604277504
4.885095750339907e-05	0.0005664651560235434	-6.989852750427517e-05	0.0003529875638972335	0.001308653337911192	0.017663966392004182	0.002768324940871425	0.0006184677882048462
-0.0010121088349737128	-5.762883955129361e-05	-0.0007564019226367069	-0.000583153429464911	0.0005597405432209435	0.016041322003509828	0.001957002746624026	-0.0003800826047151151
-7.596784161134629e-05	0.0005040557564659487	0.00011732967116828696	0.0003529875638972335	0.0014334721370261594	0.015229999809262429	0.002581096742198863	0.0006184677882048462
-0.0005128336385142873	-0.00012003823910933242	-7.489127946902485e-06	-0.0003959252307921268	0.0004973311436635708	0.012359167429617735	0.0018321839475086144	-0.0003800826047151151
0.00023607915617618325	0.0003168275577936086	0.0004293766689558165	-0.00014628763256285815	0.0012462439383535973	0.01029965724422044	0.0020194121461813985	0.0005560583886472514
-7.596784161134629e-05	0.00012959935912104648	0.0008038330663004967	-0.00014628763256285815	0.0007469687418937276	0.008989059853513393	0.0013953181506065615	-0.00044249200427270985
4.885095750339907e-05	0.00012959935912104648	0.0008662424658578693	-2.14688334476687e-05	0.0007469687418937276	0.008489784657053745	0.0013329087510489668	0.0004312395895325061
-0.00020078664072697983	-5.762883955129361e-05	0.0008662424658578693	-0.00045833463035016564	0.00037251234454838134	0.007740871862363274	0.0010208617532616593	-0.00025526380560036976
-0.000762471236743778	0.00037923695735075924	0.000491786068512523	4.0940566109926024e-05	0.0006845593423361329	0.00842737525749615	0.0008960429541469139	0.0005560583886472514
-0.007065820592050187	-0.000619313435569202	-0.0020669993133441977	-0.0015817038223848723	-0.0011877226443883782	0.007865690661478464	-0.0016003330281526562	-0.00025526380560036976
-0.008875693179217325	-0.0008689510337984707	-0.0036272343022809572	-0.0020185696192873692	-0.0016245884412910971	0.008364965857938556	-0.0024116552224002774	0.0004936489890896567
-0.009187740177004633	-0.0011809980315860003	-0.004126509498741493	-0.0024554354161892	-0.0019990448386359994	0.00961315384908823	-0.002723702220187807	-0.0003176732051579645
-0.009000511978331849	-0.0006817228351261306	-0.004251328297856238	-0.0018937508201721798	-0.001437360242618313	0.011797482833600492	-0.002037198825055375	0.0006808771877622188
-0.009312558976119822	-0.001056179232471255	-0.004438556496528134	-0.0025802542153043895	-0.0019990448386359994	0.012733623826962859	-0.0023492458228431268	-0.00025526380560036976
-0.007003411192492592	-0.000619313435569202	-0.0036272343022809572	-0.0017065226214996176	-0.0010629038452731887	0.01441867761501503	-0.0012882860303655708	0.0006184677882048462
-0.0063169077973597165	-0.0007441322346837254	-0.0031903685053789044	-0.0019561602197297745	-0.0013749508430607182	0.014356268215457213	-0.0011634672312501593	-0.00025526380560036976
-0.0033836660181585376	-0.00012003823910933242	-0.0019421805142290083	-0.0011448380254823753	-0.0001267628519110442	0.014231449416342468	8.472075989929273e-05	0.0007432865873198136
-0.0021354780270081974	-0.00036967583733882314	-0.001193267719539426	-0.0010824286259247806	-0.00031399105058382837	0.013482536621652441	0.0002719489585716328	-0.0003176732051579645
-0.00026319604028368637	6.71899595632297e-05	-0.0004443549248493994	-0.0003959252307921268	0.0005597405432209435	0.012546395628290519	0.0012704993514918161	0.0006808771877622188
-0.00026319604028368637	-5.762883955129361e-05	-0.00019471732661946461	-0.0007079722285796564	0.00043492174410642015	0.010362066643778034	0.001083271152819254	-0.0003176732051579645
0.00042330735484852333	0.00012959935912104648	-6.989852750427517e-05	-8.387823300526343e-05	0.0008717875410089171	0.009862791447318608	0.0015825463492793457	0.0005560583886472514
0.001109810749980511	4.780560005857026e-06	0.00024214847028303232	-8.387823300526343e-05	0.0008093781414513224	0.009925200846875759	0.0018945933470664311	-0.0003800826047151151
0.006227381513694619	0.0010033309529260404	0.002239249256122511	0.0012891285572598221	0.0026192507286184608	0.011922301632715238	0.004390969329366223	0.0006808771877622188
0.007101113107499835	0.0009409215533684456	0.003050571450370132	0.0016011755550471296	0.002556841329060866	0.013981811818112533	0.0049526539253832436	-0.00019285440604277504
0.007850025902189417	0.0014401967498278712	0.003487437247272629	0.0020380413519496265	0.0033057541237513366	0.015791684405279227	0.005701566720072826	0.0007432865873198136
0.008973395094224568	0.0015650155489430606	0.0044235782406349955	0.0020380413519496265	0.0033057541237513366	0.01728950999465928	0.0058263855191882374	-0.00019285440604277504
0.009597489089799405	0.0014401967498278712	0.004735625238422303	0.0024124977492943067	0.003368163523308043	0.018038422789349307	0.006076023117417728	0.0004312395895325061
0.006601837911040187	0.001065740352483191	0.004049121843289871	0.0012891285572598221	0.0024944319295032713	0.016228550202182612	0.004640606927596158	-0.00025526380560036976
0.005603287518120226	0.0012529685511559752	0.003674665445944525	0.0014763567559323842	0.002369613130388082	0.01441867761501503	0.004016512932020877	0.0006808771877622188
0.004854374723430199	0.0009409215533684456	0.0037370748455021197	0.0012891285572598221	0.001932747333486029	0.01229675803006014	0.0035172377355610074	-0.00025526380560036976
0.0022955893415730344	0.0007536933546954394	0.0024888868543526677	0.0009146721599146979	0.0014958815365837541	0.009238697451743327	0.002393868543526523	0.0006808771877622188
0.0006729449530786802	0.0005664651560235434	0.001802383459220236	0.00041539696345482824	0.0008717875410089171	0.007179187266346476	0.001520136949721751	-0.00013044500648495827
0.0012970389486530731	0.0008161027542534782	0.0016775646601054905	0.0009146721599146979	0.0014334721370261594	0.007616053063248973	0.0020818215457389933	0.0009305147859921536
0.001109810749980511	0.001065740352483191	0.001802383459220236	0.0009770815594722926	0.0015582909361409047	0.00867701285572653	0.002518687342640824	0.0003064207904173166
0.0012346295490961445	0.0008161027542534782	0.0012406988632029936	0.0007898533607999525	0.0015582909361409047	0.010424476043335629	0.0026435061417562356	0.0008681053864345589
-0.0006376524376285886	0.0002544181582360139	0.0005541954680705619	4.0940566109926024e-05	0.0007469687418937276	0.01223434863050299	0.002144230945296144	-0.00019285440604277504
0.0002984885557333339	0.00044164635690835397	0.0006166048676277125	0.00010334996566752075	0.0012462439383535973	0.013981811818112533	0.002768324940871425	0.0007432865873198136
4.885095750339907e-05	0.00037923695735075924	0.0010534706645302094	4.0940566109926024e-05	0.0009966063401236624	0.01498036221103205	0.0027059155413138303	-0.00025526380560036976
0.00023607915617618325	0.00037923695735075924	0.0010534706645302094	0.00010334996566752075	0.0012462439383535973	0.0149179528114749	0.0026435061417562356	0.0006184677882048462
-0.0005752430380709939	0.0001920087586786412	0.0008038330663004967	-0.00045833463035016564	0.0006221499427792043	0.013170489623864912	0.0018321839475086144	-0.00025526380560036976
-0.0003880148393988758	-0.00018244763866603897	0.000491786068512523	-0.0003335158312349762	0.0004973311436635708	0.011672664034485747	0.0014577275501641562	0.00011919259174497654
-0.0006376524376285886	6.71899595632297e-05	0.0008038330663004967	-0.0002086970321195647	0.0004973311436635708	0.010174838445106138	0.0013953181506065615	-0.0005049014038303046
4.885095750339907e-05	0.0002544181582360139	0.0007414236667429019	-2.14688334476687e-05	0.0008717875410089171	0.008614603456168934	0.0014577275501641562	0.0006184677882048462
-0.0003256054398412811	0.0001920087586786412	0.0008662424658578693	-2.14688334476687e-05	0.0006221499427792043	0.00855219405661134	0.0013329087510489668	-0.00025526380560036976
0.0003608979552909286	0.0008161027542534782	0.0011158800640878042	0.0006650345616852071	0.001308653337911192	0.00961315384908823	0.0022066403448537386	0.0009305147859921536
-0.00026319604028368637	0.00044164635690835397	0.0007414236667429019	0.00010334996566752075	0.0009341969405665118	0.009737972648203419	0.0018321839475086144	0.00011919259174497654
0.00042330735484852333	0.0005664651560235434	0.0006790142671853072	0.00047780636301242296	0.0012462439383535973	0.01086134184023857	0.002393868543526523	0.0007432865873198136
-0.00020078664072697983	0.0005040557564659487	0.0008038330663004967	0.00029057816433986083	0.0009966063401236624	0.011235798237583028	0.0022690497444113333	-5.62620737021291e-06
-0.002010659227893674	-0.00018244763866603897	-0.0004443549248493994	-0.00045833463035016564	0.00018528414587604125	0.009550744449530857	0.0009584523537040646	0.0003064207904173166
-0.007939552185854959	-0.0007441322346837254	-0.0025038651102466947	-0.001644113221942467	-0.001437360242618313	0.006991959067674136	-0.0016003330281526562	-0.0003800826047151151
-0.008563646181429796	-0.0008689510337984707	-0.00300314030670612	-0.0017689320210572124	-0.0014997696421759077	0.005494133478294527	-0.0022244270237279373	0.0004936489890896567
-0.008688464980544541	-0.0008689510337984707	-0.002878321507591375	-0.0020185696192873692	-0.0018118166399634372	0.005057267681391808	-0.002723702220187807	-6.803560692736355e-05
-0.008688464980544541	-0.0007441322346837254	-0.00300314030670612	-0.0017689320210572124	-0.0015621790417330583	0.005806180476081613	-0.0026612928206302122	0.0006808771877622188
-0.008563646181429796	-0.0009313604333565095	-0.00300314030670612	-0.002080979018844964	-0.0018118166399634372	0.00624304627298411	-0.0026612928206302122	-0.00013044500648495827
-0.006192088998245415	-0.00036967583733882314	-0.002441455710688656	-0.001644113221942467	-0.0008756756466006266	0.007990509460593653	-0.0017875612268254404	0.0007432865873198136
-0.006004860799573075	-0.0006817228351261306	-0.0022542275120160937	-0.0017689320210572124	-0.0013125414435035676	0.009862791447318608	-0.0015379236285959497	-0.00019285440604277504
-0.003071619020371008	-5.762883955129361e-05	-0.0014429053177686946	-0.0008327910276948458	6.046534676173998e-05	0.011110979438467616	0.0002095395590140381	0.0008056959868774083
-0.0014489746318757657	-0.00012003823910933242	-0.0008812207217518964	-0.0007703816281372511	0.000247693545433636	0.01086134184023857	0.0009584523537040646	-6.803560692736355e-05
-0.00020078664072697983	0.0002544181582360139	-0.0004443549248493994	4.0940566109926024e-05	0.0009966063401236624	0.010549294842450596	0.001957002746624026	0.0008056959868774083
0.0001112603570609938	0.00044164635690835397	0.0001797390707254376	0.00010334996566752075	0.0009966063401236624	0.00961315384908823	0.0022066403448537386	0.00011919259174497654
0.0006105355535210855	0.00037923695735075924	5.492027161069224e-05	0.0003529875638972335	0.0009341969405665118	0.00811532825970862	0.001957002746624026	0.0007432865873198136
0.0019211329442281322	0.0003168275577936086	0.0010534706645302094	0.00041539696345482824	0.0010590157396812572	0.0073040060654612216	0.0022690497444113333	-0.00025526380560036976
0.006789066109712305	0.001065740352483191	0.0031129808499277267	0.0016011755550471296	0.002556841329060866	0.00867701285572653	0.004078922331578472	0.0006808771877622188
0.006789066109712305	0.0008785121538108509	0.0037370748455021197	0.0014139473563747895	0.002119975532158369	0.009301106851300922	0.0037668753337913863	-0.0003176732051579645
0.007974844701304606	0.0013153779507135699	0.004485987640192146	0.001975631952392254	0.002806478927290801	0.010798932440680531	0.004390969329366223	0.0006184677882048462
0.009098213893339313	0.0013153779507135699	0.005297309834439767	0.001725994354161875	0.0028688883268481735	0.011298207637140623	0.004703016327153309	-0.00019285440604277504
0.009909536087586712	0.001939471946288407	0.0058589944304565655	0.0026621353475242415	0.003617801121537978	0.01242157682917533	0.005327110322728146	0.0008681053864345589
0.005915334515907755	0.001065740352483191	0.004298759441519806	0.0015387661554895349	0.002182384931716186	0.01086134184023857	0.0037668753337913863	-0.00019285440604277504
0.005416059319447886	0.0009409215533684456	0.003425027847715034	0.0013515379568171948	0.0022447943312737806	0.008864241054398425	0.0035172377355610074	0.0004936489890896567
0.004791965323873049	0.0005040557564659487	0.0031753902494846553	0.0011643097581446327	0.0018079285343712836	0.007616053063248973	0.003205190737773256	-0.0005673108033870111
0.001546676546883452	0.0005040557564659487	0.0018647928587773865	0.0007898533607999525	0.001308653337911192	0.006180636873426515	0.002331459143968928	0.0004936489890896567
0.0006105355535210855	0.0002544181582360139	0.001552745860990301	0.0003529875638972335	0.0008093781414513224	0.0056189522774088285	0.0018321839475086144	-0.00025526380560036976
0.001109810749980511	0.0005040557564659487	0.0014279270618753337	0.0007898533607999525	0.0011838345387960025	0.006555093270771417	0.0020194121461813985	0.0004936489890896567
0.0003608979552909286	0.0003168275577936086	0.001552745860990301	0.0003529875638972335	0.0008717875410089171	0.007366415465018816	0.0017697745479512417	-0.00019285440604277504
0.0005481261539637128	0.00037923695735075924	0.0014279270618753337	0.0002281687647827102	0.0008717875410089171	0.00855219405661134	0.0015825463492793457	0.0006808771877622188
-0.0005128336385142873	0.0003168275577936086	0.0016151552605478958	4.0940566109926024e-05	0.0004973311436635708	0.010237247844663289	0.0013329087510489668	-0.00025526380560036976
0.0009225825513081709	0.0009409215533684456	0.0023016586556801055	0.0006650345616852071	0.0014334721370261594	0.01086134184023857	0.0022066403448537386	0.0008056959868774083
-7.596784161134629e-05	0.0001920087586786412	0.0016775646601054905	-0.0002711064316776035	0.0006845593423361329	0.009550744449530857	0.0013953181506065615	-0.00013044500648495827
0.00023607915617618325	0.0005040557564659487	0.0016775646601054905	0.0003529875638972335	0.001121425139239296	0.00961315384908823	0.0018321839475086144	0.0006808771877622188
-0.0005128336385142873	0.00037923695735075924	0.0014279270618753337	4.0940566109926024e-05	0.0008717875410089171	0.00811532825970862	0.0018321839475086144	-0.00013044500648495827
0.0005481261539637128	0.0001920087586786412	0.0009910612649730588	0.00010334996566752075	0.0012462439383535973	0.007179187266346476	0.002144230945296144	0.0004936489890896567
-0.0004504242389562485	0.0003168275577936086	0.0008038330663004967	0.00029057816433986083	0.0008717875410089171	0.007616053063248973	0.0020194121461813985	-0.00019285440604277504
0.00017366975661858852	0.00037923695735075924	0.0006790142671853072	0.00041539696345482824	0.0012462439383535973	0.007616053063248973	0.002393868543526523	0.0005560583886472514
-0.00026319604028368637	0.0002544181582360139	0.0006166048676277125	0.00010334996566752075	0.0008093781414513224	0.007928100061036059	0.0018945933470664311	-0.00013044500648495827
4.885095750339907e-05	0.00037923695735075924	0.0006790142671853072	0.00041539696345482824	0.0010590157396812572	0.008739422255283236	0.0018945933470664311	0.0007432865873198136
-0.0006376524376285886	-5.762883955129361e-05	0.0006166048676277125	-0.0002711064316776035	0.0003101029449912307	0.008489784657053745	0.0010208617532616593	-0.00044249200427270985
0.00023607915617618325	0.0003168275577936086	0.0011158800640878042	0.00016575936522511547	0.0007469687418937276	0.008739422255283236	0.0010208617532616593	0.00036883018997491135
-0.00026319604028368637	0.00037923695735075924	0.0014903364614327064	4.0940566109926024e-05	0.0004973311436635708	0.007990509460593653	0.000646405355916535	-0.00013044500648495827
-0.002010659227893674	4.780560005857026e-06	0.000491786068512523	-0.0003959252307921268	0.00018528414587604125	0.004807630083161651	-0.0004145544365605769	0.0005560583886472514
-0.00881328377965973	-0.0011809980315860003	-0.0025038651102466947	-0.002268207217517304	-0.0021238636377507447	0.000688609712367283	-0.0036598432135499515	-0.0006297202029450499
-0.00843882738231505	-0.001056179232471255	-0.002878321507591375	-0.0018937508201721798	-0.0018118166399634372	-0.00018512188143748887	-0.003535024414435428	0.0002440113908597219
-0.009000511978331849	-0.0013058168307011897	-0.003502415503166212	-0.0023930260166316053	-0.0021862730373078954	-0.0009340346761270713	-0.0036598432135499515	-0.0005049014038303046
-0.008688464980544541	-0.0009313604333565095	-0.003876871900511336	-0.0017065226214996176	-0.00187422603952081	0.0003141533150226028	-0.003160568017090304	0.0004936489890896567
-0.00862605558098739	-0.0008065416342413201	-0.0038144625009537414	-0.0019561602197297745	-0.0019366354390784046	0.002186435301747336	-0.0026612928206302122	-0.00013044500648495827
-0.0059424514000154804	-0.0002448570382236337	-0.0029407309071485255	-0.0011448380254823753	-0.00081326624704392	0.0045579924849312725	-0.0012882860303655708	0.0009305147859921536
-0.005443176203555389	-0.0004944946364535685	-0.0025038651102466947	-0.001207247425039748	-0.0012501320439455288	0.006430274471656228	-0.001225876630808198	-6.803560692736355e-05
-0.0028219814221410733	4.780560005857026e-06	-0.001193267719539426	-0.00045833463035016564	-0.0001267628519110442	0.008240147058823366	2.2311360341698006e-05	0.0007432865873198136
-0.0017610216296637393	-0.00043208523689641787	-0.0005691737239641448	-0.0008952004272519964	-0.00031399105058382837	0.007616053063248973	2.2311360341698006e-05	-0.0003800826047151151
0.00017366975661858852	0.00044164635690835397	0.0007414236667429019	0.00010334996566752075	0.0006845593423361329	0.008302556458381405	0.0008960429541469139	0.0006808771877622188
-0.0008872900358589675	-0.0002448570382236337	0.000491786068512523	-0.000583153429464911	-0.0001267628519110442	0.006742321469443757	0.0002719489585716328	-0.00025526380560036976
0.0007977637521929815	0.0001920087586786412	0.0011158800640878042	4.0940566109926024e-05	0.0008717875410089171	0.0060558180743113255	0.0008960429541469139	0.0005560583886472514
0.0029196833371483155	0.0006912839551387329	0.0024888868543526677	0.0007898533607999525	0.0013710627374685647	0.006867140268558947	0.0018945933470664311	-5.62620737021291e-06
0.007101113107499835	0.0011281497520407857	0.0039867124437322765	0.0016635849546042802	0.0026192507286184608	0.007616053063248973	0.0038916941329061316	0.0006184677882048462
0.006601837911040187	0.0006912839551387329	0.0036122560463878184	0.001101900358587038	0.002119975532158369	0.0064926838712140444	0.003642056534676197	-0.00044249200427270985
0.007725207103074672	0.0008785121538108509	0.003924303044174904	0.0017884037537199138	0.0026192507286184608	0.0073040060654612216	0.004515788128480525	0.00018160199130212717
0.00928544209201232	0.0011905591515979363	0.004985262836651794	0.0021004507515072213	0.0031185259250785524	0.007428824864576189	0.005451929121843335	-0.0005049014038303046
0.00953507969024181	0.0011905591515979363	0.004922853437094643	0.002350088349737156	0.0033057541237513366	0.007054368467231287	0.0053895197222857405	0.00036883018997491135
0.005977743915465128	0.001065740352483191	0.004236350041962211	0.0021004507515072213	0.0024944319295032713	0.006867140268558947	0.004078922331578472	-0.00019285440604277504
0.005665696917677376	0.0012529685511559752	0.004111531242847688	0.0020380413519496265	0.002556841329060866	0.006804730869001352	0.0037668753337913863	0.0008056959868774083
0.0046047371252002645	0.0008785121538108509	0.004049121843289871	0.0014139473563747895	0.0018079285343712836	0.006867140268558947	0.00301796253910136	-0.00025526380560036976
0.0014842671473258573	0.0008161027542534782	0.0029257526512549425	0.0010394909590294432	0.0013710627374685647	0.006929549668116097	0.0016449557488360522	0.0008681053864345589
0.000485716754405896	0.0006912839551387329	0.002800933852140197	0.0005402157625695736	0.0008093781414513224	0.006867140268558947	0.0010208617532616593	-5.62620737021291e-06
0.0012970389486530731	0.0005664651560235434	0.002364068055237478	0.0005402157625695736	0.0010590157396812572	0.007366415465018816	0.0012080899519342214	0.0006808771877622188
-0.00026319604028368637	0.00037923695735075924	0.002176839856564916	0.0002281687647827102	0.0006221499427792043	0.007803281261921313	0.0007712241550312804	-0.00019285440604277504
0.0003608979552909286	0.0003168275577936086	0.0014903364614327064	0.00016575936522511547	0.0008093781414513224	0.007366415465018816	0.0012080899519342214	0.0006184677882048462
-0.00013837724116849692	0.00044164635690835397	0.001552745860990301	0.00016575936522511547	0.0006845593423361329	0.0073040060654612216	0.0012080899519342214	-0.00013044500648495827
0.0003608979552909286	0.0003168275577936086	0.0011782894636453989	0.00041539696345482824	0.0010590157396812572	0.006742321469443757	0.0017697745479512417	0.0004936489890896567
0.0001112603570609938	0.0002544181582360139	0.0011158800640878042	0.00016575936522511547	0.0008717875410089171	0.004870039482719246	0.0017697745479512417	-0.00025526380560036976
0.0009849919508657656	0.0008161027542534782	0.0014903364614327064	0.0009770815594722926	0.0014334721370261594	0.004308354886702226	0.002331459143968928	0.0008681053864345589
-0.0005128336385142873	0.0002544181582360139	0.0011158800640878042	0.00029057816433986083	0.0006221499427792043	0.0028729386968793236	0.001520136949721751	-0.00013044500648495827
0.0006729449530786802	0.00044164635690835397	0.0013655176623172949	0.0006026251621271683	0.001308653337911192	0.002623301098650055	0.0017697745479512417	0.0006808771877622188
-7.596784161134629e-05	0.00037923695735075924	0.0016151552605478958	0.00047780636301242296	0.0008717875410089171	0.002373663500419676	0.0012080899519342214	-5.62620737021291e-06
0.000485716754405896	0.0005040557564659487	0.001552745860990301	0.0006026251621271683	0.0010590157396812572	0.003621851491569794	0.0011456805523761826	0.0006808771877622188
-0.00013837724116849692	0.00012959935912104648	0.0013655176623172949	-0.0002086970321195647	0.00043492174410642015	0.003996307888914474	0.0005215865568017897	-0.00025526380560036976
-1.3558442054195652e-05	0.0003168275577936086	0.0013031082627605883	-2.14688334476687e-05	0.0006221499427792043	0.005306905279621743	0.00045917715724419494	0.0006808771877622188
-0.0005128336385142873	0.00037923695735075924	0.0014903364614327064	4.0940566109926024e-05	0.00037251234454838134	0.006180636873426515	0.000646405355916535	-0.00019285440604277504
0.0006729449530786802	0.0005664651560235434	0.0014279270618753337	0.00029057816433986083	0.0009966063401236624	0.0045579924849312725	0.000646405355916535	0.0006808771877622188
-0.0007000618371866274	4.780560005857026e-06	0.0008662424658578693	-2.14688334476687e-05	0.0003101029449912307	0.0034970326924546047	0.00014713015945688745	-0.00044249200427270985
-0.0030092096208134134	4.780560005857026e-06	-0.00025712672617661525	-0.0002086970321195647	6.046534676173998e-05	0.0018743883039598064	-0.00035214503700342625	0.0006184677882048462
-0.009125330777447482	-0.0009937698329141043	-0.00300314030670612	-0.0019561602197297745	-0.0019990448386359994	-0.001183672274357006	-0.0030357492179755585	-0.00025526380560036976
-0.007939552185854959	-0.0004944946364535685	-0.0027535027084761854	-0.0011448380254823753	-0.001437360242618313	-0.0004347594796669796	-0.0023492458228431268	0.0006808771877622188
-0.00881328377965973	-0.0009937698329141043	-0.0031903685053789044	-0.0018937508201721798	-0.00206145423819315	-0.0007468064774547312	-0.0029733398184175197	-0.00019285440604277504
-0.008376417982757456	-0.0006817228351261306	-0.00300314030670612	-0.001456885023270127	-0.0017494072404056205	0.0002517439154652301	-0.0029733398184175197	0.0007432865873198136
-0.008126780384527299	-0.0009937698329141043	-0.0025038651102466947	-0.001831341420614807	-0.0019990448386359994	0.0016871601052872442	-0.0032229774166478986	-0.00019285440604277504
-0.0063169077973597165	-0.0008689510337984707	-0.002191818112458943	-0.0017689320210572124	-0.0015621790417330583	0.002810529297322173	-0.0027861116197449576	0.00036883018997491135
-0.004631854009307768	-0.0004944946364535685	-0.0007564019226367069	-0.0013320662241549375	-0.001000494445715816	0.004495583085374566	-0.0019123800259401857	-0.00013044500648495827
-0.0025723438239109164	-0.00018244763866603897	-6.989852750427517e-05	-0.0007703816281372511	-0.00031399105058382837	0.005494133478294527	-0.001038648432135858	0.0006808771877622188
-0.0010745182345313076	0.00012959935912104648	0.0009286518654156861	-0.0003335158312349762	0.0003101029449912307	0.0056189522774088285	8.472075989929273e-05	-6.803560692736355e-05
0.0002984885557333339	0.0002544181582360139	0.0010534706645302094	-2.14688334476687e-05	0.0009966063401236624	0.004994858281834436	0.0008336335545888751	0.0007432865873198136
-0.0003256054398412811	4.780560005857026e-06	0.0009286518654156861	-0.00014628763256285815	0.0004973311436635708	0.004245945487144187	0.0012080899519342214	-0.00025526380560036976
0.0009849919508657656	0.0002544181582360139	0.0009286518654156861	0.00016575936522511547	0.001121425139239296	0.002810529297322173	0.0017697745479512417	0.0006184677882048462
0.003606186732280303	0.00044164635690835397	0.0020520210574501707	0.0008522627603571031	0.0013710627374685647	0.0029353480964369183	0.0026435061417562356	-0.0003176732051579645
0.006976294308385089	0.0006912839551387329	0.003300209048600289	0.0018508131532770644	0.002369613130388082	0.0035594420920117553	0.004078922331578472	0.0003064207904173166
0.006976294308385089	0.0008161027542534782	0.003861893644617087	0.001725994354161875	0.0023072037308313753	0.0034970326924546047	0.0037044659342337916	-0.00025526380560036976
0.008536529297321849	0.0015650155489430606	0.004922853437094643	0.002599725947966647	0.0030561165255209577	0.005244495880064148	0.004328559929808629	0.0005560583886472514
0.00928544209201232	0.0013777873502707205	0.0056717662317846695	0.002350088349737156	0.0028688883268481735	0.006679912069886607	0.004390969329366223	-0.00019285440604277504
0.009160623292896686	0.0017522437476156227	0.005921403830014604	0.002537316548409052	0.0032433447241932978	0.007366415465018816	0.004390969329366223	0.0008681053864345589
0.005728106317234971	0.0013153779507135699	0.004798034637979898	0.0016011755550471296	0.002182384931716186	0.006305455672541704	0.0028307343404285756	5.6783192187381815e-05
0.0052288311207751015	0.0013153779507135699	0.0044235782406349955	0.0017884037537199138	0.0022447943312737806	0.00593099927519658	0.0028931437399861704	0.0008681053864345589
0.004230280727854918	0.0010033309529260404	0.003861893644617087	0.0012891285572598221	0.0018703379339284343	0.003996307888914474	0.002393868543526523	-5.62620737021291e-06
0.0014842671473258573	0.0008785121538108509	0.0023016586556801055	0.0011643097581446327	0.0014334721370261594	0.0022488447013049306	0.0015825463492793457	0.0009305147859921536
0.000485716754405896	0.0005040557564659487	0.0016775646601054905	0.0006650345616852071	0.0006845593423361329	0.0012502943083849694	0.0012704993514918161	-6.803560692736355e-05
0.0012346295490961445	0.0006912839551387329	0.001552745860990301	0.0009146721599146979	0.001121425139239296	0.001125475509270224	0.0018321839475086144	0.0007432865873198136
0.0003608979552909286	0.0005040557564659487	0.0014903364614327064	0.0009146721599146979	0.0006221499427792043	0.001936797703517401	0.001520136949721751	-6.803560692736355e-05
0.0007353543526362749	0.0005664651560235434	0.001552745860990301	0.0008522627603571031	0.0008093781414513224	0.002623301098650055	0.001707365148394091	0.0006808771877622188
-0.00013837724116849692	0.0003168275577936086	0.0017399740596630853	0.00041539696345482824	0.00037251234454838134	0.002810529297322173	0.0009584523537040646	-0.00013044500648495827
0.0012346295490961445	0.0008161027542534782	0.002613705653467857	0.001101900358587038	0.0011838345387960025	0.004807630083161651	0.0015825463492793457	0.0008681053864345589
-0.00020078664072697983	0.00012959935912104648	0.0023016586556801055	0.00010334996566752075	0.0004973311436635708	0.004870039482719246	0.0007088147554741298	-0.00013044500648495827
