Sensor_1	Sensor_2	Sensor_3	Sensor_4	Sensor_5	Sensor_6	Sensor_7	Sensor_8
-0.009514153179918328	-0.0019659806862495355	-0.004960903984140064	-0.003597602272123135	-0.003780868627998313	0.0008779424484790521	-0.004910408845115066	-0.0009858284400197093
-0.007080186597176796	-0.001217067891559065	-0.003650306593433461	-0.002723870678318363	-0.0025326806368477506	0.0015644458436110398	-0.0036622208539658363	7.513135245695857e-05
-0.006643320800274299	-0.0015915242889046333	-0.003213440796530964	-0.002723870678318363	-0.002844727634635502	0.0005658954506915226	-0.0035998114544082416	-0.0009858284400197093
-0.003959716619302389	-0.001029839692887169	-0.002214890403611003	-0.0017253202853984018	-0.001596539643485828	0.0022509492387439156	-0.0023516234632583455	-0.00011209684621493743
-0.0026491192285946763	-0.0008426114942148288	-0.0017780246067080618	-0.0014132732876108722	-0.0010972644470261805	0.002625405636088818	-0.0021643952645857834	-0.0008610096409049639
-0.0006520184427551978	-0.000592973895984672	-0.0014659776089209764	-0.0004771322942487277	-0.0002859422527790034	0.001751674042284046	-0.0012906636707810115	-4.9687446657786793e-05
-0.0013385218378874075	-0.0006553832955422667	-0.0018404340062658786	-0.0004147228946906889	-0.0002235328532214087	0.0006283048502491173	-0.0014778918694533516	-0.0007986002413478133
-2.792444718080489e-05	-0.0004681550968699266	-0.001965252805380624	8.455230176918072e-05	0.00033815174279649973	0.0005658954506915226	-0.001165844871665822	-4.9687446657786793e-05
0.002156404537332124	-0.0001561080990823971	-0.0003426084168864918	0.0008334650964585411	0.0008374269392561473	0.0024381774374162557	8.234311948385198e-05	-0.0006737814422326238
0.0060257873098961134	0.0005928046956076294	0.0019041299671833656	0.0017696060898211297	0.00214802432996386	0.005309009817060728	0.0023290815035532653	7.513135245695857e-05
0.006275424908125604	0.00065521409516478	0.003089908558775889	0.0014575590920336001	0.0018359773321761086	0.00705647300467005	0.0027035379008981675	-0.0007361908417902185
0.006774700104585696	0.0009048516933949369	0.00408845895169585	0.0016447872907059402	0.0018359773321761086	0.008429479794935135	0.0033900412960305992	7.513135245695857e-05
0.006899518903700885	0.0007176234947221527	0.004712552947270243	0.0010206932951308811	0.001523930334388579	0.008991164390952378	0.003639678894260978	-0.0008610096409049639
0.007648431698390468	0.0009672610929525316	0.00533664694284508	0.0012079214938036653	0.0018983867317334813	0.008928754991395227	0.004014135291605658	1.272195290025202e-05
0.004403142921401759	0.000467985896492884	0.003963640152580661	0.0003341898999984494	0.0006501987405842513	0.006806835406440337	0.0025163097022260494	-0.0008610096409049639
0.004902418117861407	0.000467985896492884	0.0032147273578906344	0.0007086462973440177	0.0013991115352738337	0.005496238015733068	0.0023290815035532653	1.272195290025202e-05
0.004091095923613786	0.000467985896492884	0.002465814563200608	0.0008334650964585411	0.0012742927361586442	0.004060821825910832	0.0017049875079782062	-0.0006113720426750291
0.002281223336446425	0.00021834829826250512	0.0005935325764763189	0.0008958744960161358	0.001149473937044121	0.0022509492387439156	0.0005816183159437216	0.00019995015157214802
0.0013450823430840586	-0.00028092689819758654	-0.0006546554146737993	0.00027178050044174284	0.0007750175396985526	0.0011899894462663596	-0.00035452267741864496	-0.0007361908417902185
0.002093995137774085	9.352949914775976e-05	-0.0003426084168864918	0.0010206932951308811	0.0012742927361586442	0.0018764928413987914	-4.2475679631115426e-05	0.00019995015157214802
0.0010330353452971952	-3.128929996720764e-05	-0.000280199017328675	0.000646236897786423	0.0007126081401409579	0.0029374526338763474	-0.00010488507918826606	-0.0006113720426750291
0.0009706259457393784	0.00021834829826250512	-9.29708186561129e-05	0.0005214180986712336	0.0006501987405842513	0.004310459424140767	0.00020716191859859734	0.0003871783502444881
-0.0005896090431978251	-0.00028092689819758654	9.425738001622719e-05	-0.0006019510933634731	-0.0006603986501234616	0.0051841910179450945	-0.0004793414765338344	-0.0007361908417902185
-0.0004647902440826357	9.352949914775976e-05	0.0004687137773611294	-0.0006019510933634731	-0.0006603986501234616	0.006432379009095435	8.234311948385198e-05	0.0003247689506868934
-0.0007768372418703873	0.00021834829826250512	0.0010303983733785937	-0.0009764074907088194	-0.000785217449238651	0.0066820166073251475	0.0001447525190414467	-0.00042414384400291105
-0.0005896090431978251	-0.00028092689819758654	0.0005935325764763189	-0.0011012262898235647	-0.0009724456479109911	0.005059372218830793	-0.00010488507918826606	7.513135245695857e-05
-0.0002775620454102956	-3.128929996720764e-05	0.0006559419760334695	-0.0006019510933634731	-0.00034835165233570997	0.003623956029008335	1.9933719926257254e-05	-0.00042414384400291105
0.000845807146624411	0.0001559388987053545	3.184798045863246e-05	-4.026649734645282e-05	0.0005253799414690619	0.002126130439628726	-4.2475679631115426e-05	0.0003871783502444881
-0.00021515264585314497	-3.128929996720764e-05	-0.0004050178164438645	0.0003341898999984494	0.0006501987405842513	0.010676218179004326	-0.001165844871665822	-0.0002993250448877216
0.001719538740429627	0.00028075769782009985	-0.0012787494102486363	0.0003341898999984494	0.001523930334388579	0.008928754991395227	-0.0008537978738782925	0.0005119971493598996
0.000845807146624411	3.112009958972095e-05	-0.0012163400106912636	0.0005838274982288283	0.001336702135716239	0.01198681556971204	-0.0012906636707810115	-0.0002993250448877216
0.000845807146624411	0.0004055764969352893	-0.0007794742137885446	0.0008958744960161358	0.0013991115352738337	0.01604342654094837	-0.000978616672993926	0.0005744065489170502
-0.000839246641427982	-0.00021851749863954772	-0.0012787494102486363	-0.0004147228946906889	0.00021333294368108824	0.020474493909530045	-0.0019147576663554045	-0.00048655324356028373
0.00015930375149220133	0.0003431670973776946	-0.0007794742137885446	-0.0006019510933634731	0.0005877893410266566	0.026403386867491996	-0.0015403012690107243	0.0005119971493598996
-0.0017753876347903486	-0.0004057456973123319	-0.0011539306111334469	-0.0018501390845135912	-0.000785217449238651	0.029898313242711083	-0.002476442262373535	-0.0006113720426750291
-0.004646220014434377	-0.0004681550968699266	-0.0027141656000708725	-0.002474233080087984	-0.0013469020452558933	0.030085541441383645	-0.0036622208539658363	0.00026235955112929865
-0.009014877983458236	-0.001404296090231849	-0.005210541582370665	-0.003972058669468037	-0.0030319558333078422	0.025592064673244375	-0.00628341563537993	-0.0006113720426750291
-0.008265965188769098	-0.0012794772911175478	-0.005460179180600155	-0.0032231458747780106	-0.0024078618377330052	0.0211609973046627	-0.005846549838477877	0.00019995015157214802
-0.009014877983458236	-0.001653933688462228	-0.0060842731761754365	-0.0032855552743351613	-0.0025326806368477506	0.015044876148028852	-0.006158596836264962	-0.0006113720426750291
-0.007579461793636666	-0.001217067891559065	-0.005772226178387685	-0.002287004881415866	-0.0012844926456985206	0.011674768571924288	-0.005534502840689903	0.0003871783502444881
-0.0074546429945214765	-0.0013418866906746985	-0.005460179180600155	-0.0019749578836278925	-0.0014717208443710827	0.011362721574137202	-0.005472093441132753	-0.00042414384400291105
-0.006268864402929397	-0.001217067891559065	-0.005397769781043005	-0.0018501390845135912	-0.0009724456479109911	0.013422231759533831	-0.005222455842902596	0.0003247689506868934
-0.0057695892064695276	-0.0013418866906746985	-0.004773675785468168	-0.0021621860823006767	-0.001409311444813488	0.017603661529885573	-0.005097637043787406	-0.0007986002413478133
-0.0030859850254973953	-0.000592973895984672	-0.0031510313969729253	-0.0012884544884959048	-0.0005355798510082721	0.02409423908386432	-0.003724630253522543	7.513135245695857e-05
-0.0032108038246119186	-0.0006553832955422667	-0.0027141656000708725	-0.0020373672831859313	-0.0009724456479109911	0.028150850055101095	-0.0037870396530805817	-0.0007361908417902185
-0.0015881594361175644	-9.369869952480236e-05	-0.0015907964080361658	-0.0014132732876108722	-0.0002235328532214087	0.030584816637843515	-0.0027884892601606204	0.0003871783502444881
-0.002274662831249996	-0.00021851749863954772	-0.0016532058075937606	-0.0017877296849559965	-0.0008476268487958016	0.029086991048463906	-0.003038126858390555	-0.00048655324356028373
-0.0005896090431978251	-3.128929996720764e-05	-0.0010915212115760742	-0.0011636356893811595	0.00015092354412415965	0.025716883472359564	-0.0021643952645857834	0.0003247689506868934
0.001906766939102189	0.0001559388987053545	0.0004063043778037567	-0.00028990409557594354	0.0007750175396985526	0.021972319498909876	-0.0008537978738782925	-0.00042414384400291105
0.006400243707241238	0.0009672610929525316	0.0025282239627582026	0.0015823778911483455	0.002772118325538697	0.01966317171528309	0.0015801687088636829	0.0003871783502444881
0.007211565901488415	0.0009048516933949369	0.0029650897596606995	0.0017696060898211297	0.003021755923768188	0.017728480329000762	0.0018298063070938397	-0.00048655324356028373
0.008210116294408154	0.001092079892067277	0.003277136757448229	0.0023937000853957446	0.0035210311202282796	0.019101487119265625	0.0022666721039961146	0.00019995015157214802
0.008272525693965749	0.0012793080907400611	0.003714002554350726	0.002331290685838372	0.003458621720670907	0.023782192086077236	0.0023290815035532653	-0.00042414384400291105
0.008397344493080938	0.0014665362894124012	0.0033395461570053797	0.0022064718867231825	0.0037082593189010638	0.029773494443596338	0.002204262704438076	0.00044958774980230487
0.004777599318746439	0.00065521409516478	0.0018417205676253268	0.0005838274982288283	0.001960796131291076	0.034766246408195034	-4.2475679631115426e-05	-0.0006113720426750291
0.0043407335218441645	0.0007800328942799695	0.0013424453711659012	0.0003965992995560441	0.0018983867317334813	0.04000863597102433	-0.00016729447874586079	7.513135245695857e-05
0.0024060421355616146	0.00028075769782009985	0.0005311231769187241	-0.0007267698924784405	0.001149473937044121	0.041631280359518685	-0.0013530730703381622	-0.0006737814422326238
0.0009706259457393784	0.000467985896492884	-0.00015538021821370762	-0.0007267698924784405	0.0008374269392561473	0.04100718636394429	-0.0019147576663554045	0.0003247689506868934
-2.792444718080489e-05	9.352949914775976e-05	-0.0005298366155586098	-0.0012884544884959048	0.0004005611423538724	0.037637078787839506	-0.002289214063700973	-0.0005489626431178785
0.0012826729435264639	0.0003431670973776946	-0.00015538021821370762	-0.0006643604929210678	0.0012742927361586442	0.03339323961793039	-0.0015403012690107243	0.0003871783502444881
9.68943519346066e-05	-0.00028092689819758654	-0.0004050178164438645	-0.0009764074907088194	0.0004005611423538724	0.027838803057313566	-0.0021019858650281886	-0.0006737814422326238
0.0009706259457393784	0.00021834829826250512	-0.000280199017328675	-0.00016508529646119818	0.00108706453748586	0.02384460148563483	-0.0012906636707810115	0.0003871783502444881
0.0007833977470668163	0.0001559388987053545	-0.00021778961777130235	-0.00022749469601834882	0.0010246551379284874	0.020724131507760424	-0.0012906636707810115	-0.0003617344444450943
0.000845807146624411	0.0001559388987053545	-0.0004674272160014592	8.455230176918072e-05	0.0009622457383713368	0.019288715317937966	-0.0014154824698957569	0.0003247689506868934
0.0002841225506065026	0.0001559388987053545	-0.0005298366155586098	-0.00010267589690360346	0.0007126081401409579	0.01947594351661075	-0.0014778918694533516	-0.0003617344444450943
0.0007833977470668163	0.0001559388987053545	-0.000717064814231394	-4.026649734645282e-05	0.0009622457383713368	0.020973769105989915	-0.0014778918694533516	0.0003871783502444881
-0.0002775620454102956	3.112009958972095e-05	-0.0006546554146737993	-0.00035231349513353827	0.0004005611423538724	0.023220507490060438	-0.0018523482667982538	-0.0003617344444450943
-2.792444718080489e-05	3.112009958972095e-05	-0.00090429301290329	-0.0005395416938058784	0.0005877893410266566	0.02565447407280197	-0.0018523482667982538	0.0003247689506868934
-0.001026474840100322	-0.00021851749863954772	-0.0010291118120189235	-0.00122604508893831	-9.871405410621925e-05	0.027089890262624428	-0.002476442262373535	-0.0005489626431178785
-9.033384673751144e-05	0.00028075769782009985	-9.29708186561129e-05	-0.0006019510933634731	0.00046297054191146714	0.02802603125598635	-0.001602710668568319	0.0005744065489170502
-0.0007768372418703873	3.112009958972095e-05	-3.056141909896226e-05	-0.00122604508893831	-3.6304654548624526e-05	0.024843151878554792	-0.0017899388672411032	-0.0003617344444450943
9.68943519346066e-05	-3.128929996720764e-05	0.0001566667795738219	-0.0008515886915936299	0.00021333294368108824	0.020100037512185143	-0.0014154824698957569	0.0003871783502444881
3.4484952377233924e-05	0.00021834829826250512	0.0005311231769187241	-0.00028990409557594354	0.00046297054191146714	0.0147328291502411	-0.001165844871665822	-0.0002993250448877216
0.0010954447448545679	9.352949914775976e-05	0.00028148557868856727	8.455230176918072e-05	0.001149473937044121	0.009740077185642404	-0.0006665696752061745	0.0003871783502444881
3.4484952377233924e-05	-3.128929996720764e-05	3.184798045863246e-05	0.00020937110088370403	0.0007126081401409579	0.00705647300467005	-0.000978616672993926	-0.0002993250448877216
-0.003585260221957487	-0.0004681550968699266	-0.002152481004053408	-0.0006643604929210678	-0.0004107610518933047	0.0060579226117507545	-0.002663670461045875	0.00044958774980230487
-0.008078736990096314	-0.001217067891559065	-0.004524038187237789	-0.002474233080087984	-0.0020958148399456977	0.006806835406440337	-0.005035227644229812	-0.00042414384400291105
-0.007766689992309006	-0.0011546584920023584	-0.004773675785468168	-0.002474233080087984	-0.002033405440388103	0.011425130973694353	-0.005222455842902596	0.0003247689506868934
-0.009389334380803582	-0.001466705489789888	-0.005335360381484966	-0.0030983270756632653	-0.0025326806368477506	0.01679233933563884	-0.006096187436707368	-0.00048655324356028373
-0.008765240385228745	-0.0013418866906746985	-0.005772226178387685	-0.0030983270756632653	-0.002033405440388103	0.022159547697582438	-0.00628341563537993	0.00026235955112929865
-0.008765240385228745	-0.0013418866906746985	-0.005335360381484966	-0.0032231458747780106	-0.0024078618377330052	0.026278568068376362	-0.0065330532336098646	-0.0005489626431178785
-0.007017777197619202	-0.0009674302933295742	-0.004524038187237789	-0.0027862800778759578	-0.0016589490430429787	0.028774944050676377	-0.005659321639805537	0.0003871783502444881
-0.005707179806911933	-0.0008426114942148288	-0.0035254877943182716	-0.002723870678318363	-0.001409311444813488	0.027651574858641448	-0.004972818244672661	-0.0003617344444450943
-0.0023994816303651856	-9.369869952480236e-05	-0.0017156152071509112	-0.0012884544884959048	-0.00034835165233570997	0.02453110488076704	-0.003100536257947928	0.0006992253480322397
-0.0022122534316926235	-0.00021851749863954772	-0.0012163400106912636	-0.00122604508893831	-0.0004731704514508994	0.018352574324576043	-0.0026012610614882803	-0.00023691564533012688
-0.00015274324629510616	0.00021834829826250512	-0.0004674272160014592	-0.00010267589690360346	0.0007126081401409579	0.012860547163516811	-0.0012906636707810115	0.0006992253480322397
-0.0009016560409855767	-0.0001561080990823971	-0.0006546554146737993	-0.00016508529646119818	0.00015092354412415965	0.008991164390952378	-0.0017275294676830644	-0.00023691564533012688
0.0005961695483944762	0.0003431670973776946	-9.29708186561129e-05	0.0007710556969011684	0.0012118833366010495	0.009740077185642404	-0.0007289790747635472	0.0005744065489170502
0.002967726731578857	0.00028075769782009985	0.0012176265720509338	0.0007710556969011684	0.0015863397339461738	0.013734278757321139	8.234311948385198e-05	-0.00042414384400291105
0.00646265310679861	0.0011544892916248717	0.0033395461570053797	0.001956834288493692	0.002834527725096292	0.021535453702008045	0.0018298063070938397	0.00044958774980230487
0.0060257873098961134	0.0008424422938375642	0.003526774355678164	0.0010831026946884759	0.0023352525286362003	0.02790121245687205	0.0015177593093060882	-0.0005489626431178785
0.007898069296620847	0.0015913550885273686	0.004400505949482936	0.0015823778911483455	0.0032713935219981227	0.03351805841704514	0.0020794439053237745	0.0005744065489170502
0.007648431698390468	0.0014041268898543624	0.004837371746385433	0.0013951496924760054	0.0029593465242110373	0.03601443439934515	0.0021418533048813693	-0.00023691564533012688
0.007648431698390468	0.0013417174902976559	0.004400505949482936	0.0013327402929184107	0.0031465747228833774	0.0345166088099651	0.0021418533048813693	0.0003871783502444881
0.005089646316533747	0.0009048516933949369	0.0033395461570053797	0.0005214180986712336	0.0020856149304058214	0.028899762849791122	0.0009560747132890679	-0.0003617344444450943
0.005776149711666179	0.0012168986911824664	0.0035891837552357586	0.0013951496924760054	0.0025224807273085403	0.02334532628917474	0.0017049875079782062	0.0005744065489170502
0.0030925455306940464	0.0004055764969352893	0.0021537675654135224	0.00045900869911363884	0.001336702135716239	0.01573137954316106	0.0005192089163861269	-0.00048655324356028373
0.0019691763386593397	0.00028075769782009985	0.0010303983733785937	0.00027178050044174284	0.0012118833366010495	0.010364171181217241	1.9933719926257254e-05	0.00026235955112929865
0.0011578541444121626	9.352949914775976e-05	0.001155217172493339	0.0003341898999984494	0.0008374269392561473	0.009053573790509972	-4.2475679631115426e-05	-0.0005489626431178785
0.0013450823430840586	0.0003431670973776946	0.0008431701747062537	0.0005838274982288283	0.001336702135716239	0.010676218179004326	0.0001447525190414467	0.00044958774980230487
0.0005961695483944762	-3.128929996720764e-05	0.0005311231769187241	-4.026649734645282e-05	0.0007126081401409579	0.013921506955993923	-0.0007289790747635472	-0.00048655324356028373
0.0007833977470668163	0.00021834829826250512	0.0005935325764763189	0.00020937110088370403	0.0010246551379284874	0.019039077719708253	-0.000541750876090541	0.0003871783502444881
-0.00021515264585314497	9.352949914775976e-05	0.0004687137773611294	-0.0004147228946906889	0.00046297054191146714	0.022346775896255222	-0.0012282542712234168	-0.0002993250448877216
0.0004713507492792868	9.352949914775976e-05	0.00028148557868856727	-0.0007267698924784405	0.0005253799414690619	0.023470145088289485	-0.0013530730703381622	0.00026235955112929865
-0.00040238084452548506	-3.128929996720764e-05	0.00028148557868856727	-0.0007891792920360352	2.6104745008970198e-05	0.022970869891829615	-0.0017275294676830644	-0.00042414384400291105
0.0004713507492792868	9.352949914775976e-05	0.0004687137773611294	-0.0004147228946906889	0.0007126081401409579	0.02053690330908786	-0.0012282542712234168	0.0003871783502444881
-0.00021515264585314497	-0.00021851749863954772	0.00028148557868856727	-0.0006643604929210678	-9.871405410621925e-05	0.016480292337851088	-0.0015403012690107243	-0.0005489626431178785
0.000658578947952071	0.0003431670973776946	0.0005935325764763189	0.00014696170132633135	0.0008374269392561473	0.014046325755108668	-0.0007289790747635472	0.000636815948474645
-2.792444718080489e-05	0.00021834829826250512	0.0004063043778037567	-0.00016508529646119818	0.0005877893410266566	0.01217404376838438	-0.0010410260725506326	-0.00017450624577253215
0.0009082165461820058	0.00065521409516478	0.0009055795742638484	0.000646236897786423	0.00108706453748586	0.013422231759533831	-0.00035452267741864496	0.0008864535467045798
-0.00015274324629510616	9.352949914775976e-05	0.00028148557868856727	-0.00016508529646119818	0.00046297054191146714	0.015356923145816381	-0.0011034354721082273	-0.00023691564533012688
0.0005337601488368815	0.0004055764969352893	3.184798045863246e-05	2.21429022111419e-05	0.00108706453748586	0.01866462132236313	-0.0008537978738782925	0.000636815948474645
-2.792444718080489e-05	0.000467985896492884	0.0004687137773611294	2.21429022111419e-05	0.0008374269392561473	0.023095688690944804	-0.0010410260725506326	0.00019995015157214802
0.0003465319501649855	0.0007176234947221527	0.0004063043778037567	0.00027178050044174284	0.001336702135716239	0.026403386867491996	-0.0007289790747635472	0.0008864535467045798
-0.001026474840100322	0.00021834829826250512	-0.0003426084168864918	-0.0007891792920360352	0.0005253799414690619	0.0263409774679344	-0.0017899388672411032	-0.00011209684621493743
-0.004458991815761815	-0.00028092689819758654	-0.002152481004053408	-0.0015380920867260617	-0.0005355798510082721	0.024281467282537106	-0.0033501738561778627	0.0007616347475893903
-0.008328374588326248	-0.0009674302933295742	-0.0037751253925482064	-0.002723870678318363	-0.0019709960408305083	0.020786540907317574	-0.005097637043787406	-4.9687446657786793e-05
-0.007641871193193817	-0.0007802020946574562	-0.003899944191663396	-0.002536642479645579	-0.001596539643485828	0.01735402393165586	-0.004785590046000321	0.0006992253480322397
-0.008578012186556627	-0.0011546584920023584	-0.0039623535912201024	-0.002723870678318363	-0.002220633639060665	0.013859097556436328	-0.005160046443345445	-0.00017450624577253215
-0.008078736990096314	-0.001029839692887169	-0.004149581789892887	-0.0024118236805303894	-0.0019085866412729136	0.011612359172366693	-0.004785590046000321	0.0005744065489170502
-0.007891508791423973	-0.0012794772911175478	-0.004087172390335292	-0.002723870678318363	-0.0021582242395030704	0.009989714783872339	-0.004785590046000321	-0.0003617344444450943
-0.006144045603814208	-0.0007802020946574562	-0.003213440796530964	-0.0017253202853984018	-0.0013469020452558933	0.010925855777234261	-0.0038494490526377323	0.00044958774980230487
-0.004958267012221906	-0.000592973895984672	-0.0024645280018404936	-0.0015380920867260617	-0.0010348550474681417	0.01186199677059685	-0.0031629456575057446	-0.00017450624577253215
-0.0018377970343474992	-0.0001561080990823971	-0.001341158809805787	-0.0006643604929210678	8.851414456656492e-05	0.013547050558649243	-0.0019147576663554045	0.0005119971493598996
-0.0019626158334622446	-0.00028092689819758654	-0.00090429301290329	-0.0006019510933634731	-0.0001611234536633699	0.014608010351126355	-0.0018523482667982538	-0.0002993250448877216
-0.00021515264585314497	0.000467985896492884	-9.29708186561129e-05	0.00014696170132633135	0.0009622457383713368	0.015544151344488721	-0.0007913884743211419	0.0008864535467045798
-0.001276112438330257	-0.00028092689819758654	-0.0004674272160014592	-0.0007891792920360352	-3.6304654548624526e-05	0.0147328291502411	-0.001602710668568319	-0.00048655324356028373
0.00022171315104979605	0.00028075769782009985	0.0005311231769187241	0.00014696170132633135	0.0008374269392561473	0.015793788942718656	-0.0006041602756481357	0.000636815948474645
0.0032797737293666085	0.0008424422938375642	0.0025282239627582026	0.0007086462973440177	0.0016487491335042126	0.01654270173740824	0.0009560747132890679	-4.9687446657786793e-05
0.007336384700602938	0.001716173887642114	0.004962190545500178	0.0021440624871655878	0.0033338029215557174	0.018290164925018004	0.003202813097358259	0.0010736817453769198
0.006899518903700885	0.0013417174902976559	0.00527423754328793	0.0018320154893785023	0.002772118325538697	0.018414983724133194	0.0030779942982428476	-4.9687446657786793e-05
0.0083349350935229	0.0015913550885273686	0.005399056342402675	0.002081653087608437	0.0033338029215557174	0.01822775552546063	0.0035148600951453446	0.0005744065489170502
0.008646982091310429	0.0015913550885273686	0.005898331538862545	0.0022064718867231825	0.0033338029215557174	0.018414983724133194	0.0037020882938181288	-4.9687446657786793e-05
0.007898069296620847	0.0015913550885273686	0.00527423754328793	0.0023937000853957446	0.0033338029215557174	0.01872703072192028	0.0035772694947033834	0.0005744065489170502
0.005526512113436022	0.0014041268898543624	0.0040260495521382555	0.0017071966902633129	0.002772118325538697	0.01804052732678829	0.0024539003026684547	0.0001375407520145533
0.0060257873098961134	0.0014041268898543624	0.0037764119539083207	0.001894424888936097	0.0028969371246529985	0.018851849521035913	0.002391490903110638	0.000824044147146985
0.0026556797337913274	0.0009048516933949369	0.0024034051636434572	0.0009582838955737305	0.0017735679326185139	0.019039077719708253	0.0010184841128462185	1.272195290025202e-05
0.001719538740429627	0.0008424422938375642	0.0015296735698382413	0.0005838274982288283	0.0017111585330609191	0.019413534117053155	0.0004567995168294203	0.0008864535467045798
0.0005337601488368815	0.0003431670973776946	0.001155217172493339	-4.026649734645282e-05	0.0007750175396985526	0.01947594351661075	-0.00035452267741864496	-0.00017450624577253215
0.000658578947952071	0.00028075769782009985	0.0009679889738205549	2.21429022111419e-05	0.0008998363388132979	0.01947594351661075	-0.00029211327786105024	0.0003871783502444881
0.0005337601488368815	0.0003431670973776946	0.0013424453711659012	-0.00022749469601834882	0.0008998363388132979	0.01804052732678829	-0.0004169320769762397	-0.00011209684621493743
0.0009706259457393784	0.0005303952960495906	0.001592082969395836	0.00020937110088370403	0.00108706453748586	0.01641788293829305	-0.00010488507918826606	0.000636815948474645
0.00040894134972213614	0.0003431670973776946	0.001404854770723718	-4.026649734645282e-05	0.0006501987405842513	0.014046325755108668	-0.00029211327786105024	-0.00017450624577253215
0.0012202635439697573	0.0004055764969352893	0.0013424453711659012	0.00020937110088370403	0.0010246551379284874	0.011737177971481438	-4.2475679631115426e-05	0.0006992253480322397
0.00015930375149220133	9.352949914775976e-05	0.0010928077729357444	2.21429022111419e-05	0.000275742343238905	0.010176942982544679	-0.0004169320769762397	-0.0002993250448877216
0.0005961695483944762	0.00021834829826250512	0.0009055795742638484	0.0003341898999984494	0.0007750175396985526	0.010301761781659868	-0.00016729447874586079	0.0005119971493598996
0.00022171315104979605	0.00028075769782009985	0.0007807607751486589	8.455230176918072e-05	0.0005877893410266566	0.011175493375464418	-0.00035452267741864496	-0.00011209684621493743
0.00040894134972213614	0.000467985896492884	0.0007807607751486589	0.00045900869911363884	0.0009622457383713368	0.013796688156878734	-0.00010488507918826606	0.0006992253480322397
-0.0009016560409855767	3.112009958972095e-05	0.0001566667795738219	-0.0004771322942487277	0.000275742343238905	0.015294513746258787	-0.0008537978738782925	-0.0002993250448877216
0.0002841225506065026	0.0003431670973776946	0.0005935325764763189	-0.00010267589690360346	0.0008998363388132979	0.01735402393165586	-0.00029211327786105024	0.0006992253480322397
-0.0005896090431978251	9.352949914775976e-05	0.0007807607751486589	-0.00035231349513353827	0.000275742343238905	0.01804052732678829	-0.0006041602756481357	-0.00023691564533012688
0.00022171315104979605	0.00021834829826250512	0.0005935325764763189	-0.00028990409557594354	0.0007750175396985526	0.016979567534310736	-0.00029211327786105024	0.0003871783502444881
-9.033384673751144e-05	3.112009958972095e-05	0.0009055795742638484	-0.0005395416938058784	0.00046297054191146714	0.01492005734891344	-0.0004169320769762397	-0.00023691564533012688
0.0005961695483944762	0.00028075769782009985	0.0012176265720509338	8.455230176918072e-05	0.0008374269392561473	0.013422231759533831	0.0001447525190414467	0.00044958774980230487
-0.001276112438330257	-0.00028092689819758654	0.00021907617913141664	-0.0007267698924784405	8.851414456656492e-05	0.010364171181217241	-0.0007289790747635472	-0.00042414384400291105
-0.004895857612664756	-0.0008426114942148288	-0.002214890403611003	-0.001662910885840807	-0.0009724456479109911	0.007493338801572769	-0.0026012610614882803	0.0003247689506868934
-0.008515602786998366	-0.001466705489789888	-0.0037751253925482064	-0.0026614612787607683	-0.0024078618377330052	0.006806835406440337	-0.004348724249097824	-0.0005489626431178785
-0.007704280592751411	-0.0009674302933295742	-0.003899944191663396	-0.002287004881415866	-0.0016589490430429787	0.00811743279714805	-0.003911858452195105	0.00044958774980230487
-0.009077287383016275	-0.0013418866906746985	-0.0045864475867953836	-0.0029735082765478538	-0.0024078618377330052	0.008991164390952378	-0.004785590046000321	-0.00023691564533012688
-0.00882764978478634	-0.001217067891559065	-0.0045864475867953836	-0.0025990518792031736	-0.0021582242395030704	0.010676218179004326	-0.004535952447770164	0.0003871783502444881
-0.008078736990096314	-0.0010922490924447636	-0.004024762990777697	-0.0026614612787607683	-0.002033405440388103	0.010925855777234261	-0.004348724249097824	-0.00023691564533012688
-0.0063936832020439205	-0.0010922490924447636	-0.0035878971938758664	-0.002099776682743082	-0.0017213584426005735	0.010551399379889581	-0.003724630253522543	0.00026235955112929865
-0.004771038813549566	-0.000592973895984672	-0.0023397092027257482	-0.001475682687168467	-0.0012220832461407038	0.009740077185642404	-0.0029133080592753657	-0.0003617344444450943
-0.0019626158334622446	-0.0001561080990823971	-0.0009667024124606627	-0.0006643604929210678	-9.871405410621925e-05	0.008928754991395227	-0.0014154824698957569	0.0005744065489170502
-0.0015881594361175644	-0.0001561080990823971	-0.00021778961777130235	-0.0004147228946906889	-0.00034835165233570997	0.007680567000245109	-0.0012282542712234168	-0.0002993250448877216
-0.0009016560409855767	-0.00021851749863954772	-9.29708186561129e-05	-0.00028990409557594354	2.6104745008970198e-05	0.006806835406440337	-0.0009162072734363313	0.0003247689506868934
-0.0009016560409855767	-0.0001561080990823971	0.00028148557868856727	-0.0004147228946906889	-3.6304654548624526e-05	0.006494788408652807	-0.0007289790747635472	-0.0002993250448877216
0.00040894134972213614	0.00028075769782009985	0.0009679889738205549	0.00027178050044174284	0.0005877893410266566	0.007992613998032638	1.9933719926257254e-05	0.0005744065489170502
0.0035294113275965433	0.0008424422938375642	0.0032147273578906344	0.0012079214938036653	0.0017111585330609191	0.011237902775022013	0.001954625106208585	1.272195290025202e-05
0.0068371095041432906	0.0012168986911824664	0.004275687150367746	0.0018320154893785023	0.0028969371246529985	0.013671869357764432	0.0033900412960305992	0.00044958774980230487
0.006525062506355761	0.001092079892067277	0.004712552947270243	0.0018320154893785023	0.0025224807273085403	0.01573137954316106	0.0033900412960305992	-0.0002993250448877216
0.007648431698390468	0.0013417174902976559	0.005024599945058217	0.0021440624871655878	0.003208984122440972	0.017603661529885573	0.003951725892048064	0.0003871783502444881
0.007773250497505657	0.0010296704925096822	0.005149418744172518	0.0017071966902633129	0.0028969371246529985	0.017978117927230697	0.0037644976933752794	-0.0005489626431178785
0.007024337702816075	0.0010296704925096822	0.004774962346827838	0.001956834288493692	0.0027097089259811025	0.01804052732678829	0.0035772694947033834	0.0001375407520145533
0.00415350532317138	0.0004055764969352893	0.003464364956120569	0.0007710556969011684	0.0017111585330609191	0.016293064139178748	0.0021418533048813693	-0.0007986002413478133
0.005276874515206531	0.0007800328942799695	0.003963640152580661	0.00127033089336126	0.0023352525286362003	0.015606560744045872	0.0027035379008981675	0.00019995015157214802
0.0017819481399865555	0.0001559388987053545	0.0027154521614305427	0.0003341898999984494	0.0010246551379284874	0.013734278757321139	0.001330531110633304	-0.0005489626431178785
0.0009706259457393784	0.0001559388987053545	0.0019041299671833656	-0.00010267589690360346	0.0008374269392561473	0.01198681556971204	0.0008312559141736564	7.513135245695857e-05
0.00040894134972213614	-0.0001561080990823971	0.0017793111680686202	-0.0006019510933634731	0.00046297054191146714	0.010613808779447176	0.0005192089163861269	-0.0006737814422326238
0.0005337601488368815	3.112009958972095e-05	0.0017793111680686202	-0.00016508529646119818	0.0005877893410266566	0.010364171181217241	0.000706437115058911	7.513135245695857e-05
9.68943519346066e-05	3.112009958972095e-05	0.0016544923689534308	-0.00022749469601834882	0.0005877893410266566	0.009490439587412247	0.0005192089163861269	-0.00048655324356028373
0.0007833977470668163	3.112009958972095e-05	0.0012176265720509338	2.21429022111419e-05	0.0008374269392561473	0.008429479794935135	0.0004567995168294203	0.00026235955112929865
-2.792444718080489e-05	-0.0001561080990823971	0.0009679889738205549	-0.00016508529646119818	0.000275742343238905	0.007805385799360298	8.234311948385198e-05	-0.0006113720426750291
0.0005961695483944762	-3.128929996720764e-05	0.0007807607751486589	2.21429022111419e-05	0.0005877893410266566	0.007368520002457579	0.0003319807177137868	0.00019995015157214802
-0.0002775620454102956	-0.00028092689819758654	0.0004063043778037567	-0.00028990409557594354	-3.6304654548624526e-05	0.006744426006882742	-0.0002297038783034555	-0.0006737814422326238
0.0005337601488368815	0.00021834829826250512	0.0007807607751486589	0.0003965992995560441	0.0006501987405842513	0.007243701203342834	0.0003943901172709374	0.0003247689506868934
-0.00040238084452548506	-9.369869952480236e-05	0.0005311231769187241	-0.00022749469601834882	2.6104745008970198e-05	0.006744426006882742	-0.00029211327786105024	-0.00042414384400291105
9.68943519346066e-05	0.00021834829826250512	0.0009679889738205549	8.455230176918072e-05	0.00033815174279649973	0.007181291803785239	8.234311948385198e-05	0.00044958774980230487
-0.000839246641427982	3.112009958972095e-05	0.001155217172493339	-0.00028990409557594354	-3.6304654548624526e-05	0.007555748201129919	-0.0002297038783034555	-0.0003617344444450943
3.4484952377233924e-05	0.0001559388987053545	0.0012800359716085286	-0.00016508529646119818	0.0004005611423538724	0.007680567000245109	8.234311948385198e-05	0.0005119971493598996
-0.0002775620454102956	-9.369869952480236e-05	0.0015296735698382413	-0.0004147228946906889	8.851414456656492e-05	0.007680567000245109	-0.00016729447874586079	-0.00042414384400291105
-9.033384673751144e-05	3.112009958972095e-05	0.0013424453711659012	-4.026649734645282e-05	0.00046297054191146714	0.0081798421967052	8.234311948385198e-05	0.00026235955112929865
-0.0006520184427551978	-0.0004057456973123319	0.0006559419760334695	-0.0007891792920360352	-9.871405410621925e-05	0.0077429763998027035	-0.000541750876090541	-0.0007361908417902185
0.0005961695483944762	0.00028075769782009985	0.0012176265720509338	0.0003341898999984494	0.0007126081401409579	0.009240801989182756	0.0004567995168294203	0.00044958774980230487
-0.002337072230807591	-0.0006553832955422667	-0.000280199017328675	-0.0009764074907088194	-0.0006603986501234616	0.009115983190067567	-0.0010410260725506326	-0.0007361908417902185
-0.006144045603814208	-0.0009674302933295742	-0.0026517562005132778	-0.0019749578836278925	-0.0013469020452558933	0.008367070395377096	-0.0027884892601606204	0.00019995015157214802
-0.008578012186556627	-0.001466705489789888	-0.003650306593433461	-0.002536642479645579	-0.0024078618377330052	0.00830466099582039	-0.004099086650867889	-0.0006737814422326238
-0.008515602786998366	-0.0013418866906746985	-0.003837534792105801	-0.0025990518792031736	-0.0020958148399456977	0.00830466099582039	-0.003911858452195105	0.00019995015157214802
-0.009576562579475922	-0.0015915242889046333	-0.003899944191663396	-0.00316073647522086	-0.00265749943596294	0.007243701203342834	-0.004535952447770164	-0.0005489626431178785
-0.00870283098567115	-0.0015291148893470385	-0.003463078394760677	-0.0027862800778759578	-0.0024078618377330052	0.0066820166073251475	-0.004099086650867889	-4.9687446657786793e-05
