Sensor_1	Sensor_2	Sensor_3	Sensor_4	Sensor_5	Sensor_6	Sensor_7	Sensor_8
-0.00022141606775005762	0.0002468822232395418	-0.00039581289387369267	-0.0003459696269167978	-0.0002520278782327523	7.901966124990167e-05	-3.1076760509618495e-05	0.0006685388494696021
-0.0010327382619976788	-6.51647745477657e-05	-2.135649652879046e-05	-0.000907654222933818	-0.0010009406729225567	-0.00017061793698003314	-0.00034312375829714803	-0.00026760214389298653
0.00021544972915221727	0.000621338620584666	0.0009147844968337981	0.00015330556954329388	-0.0001272090791177849	0.0003286572594798365	0.0006554266346228133	0.0009805858472571316
0.0014636377203023354	0.0004965198214694766	0.0015388784924084131	0.00015330556954329388	0.000122428519112594	0.0007031136568251828	0.0009050642328531922	4.4444853894765046e-05
0.006456389684901032	0.0013078420157170978	0.0034111604791331462	0.0019007687571526155	0.0020571199053940337	0.002325758045319537	0.0029645744182495992	0.0009805858472571316
0.007267711879148209	0.0013078420157170978	0.0040976638742658	0.002400043953612485	0.0023067575036246346	0.0026378050431064004	0.0033390308155947235	0.0001692636530095104
0.007954215274281085	0.0011830232166014643	0.0035983886778059304	0.002462453353170524	0.0027436233005264654	0.002762623842222034	0.003401440215152318	0.0006685388494696021
0.009639269062333033	0.0014950702143894379	0.004721757869840415	0.003086547348744917	0.0033677172961013024	0.0035115366369116163	0.004025534210727155	-8.037394521998031e-05
0.010388181857022616	0.0018071172121769674	0.00515862366674269	0.00371064134431931	0.003929401892118989	0.004010811833371486	0.004836856404974332	0.0007933576485847915
0.006955664881361123	0.0011206138170443136	0.0040976638742658	0.0022752251544977398	0.00261880450141172	0.0028250332417791846	0.003463849614709913	-1.796454566282968e-05
0.005957114488441384	0.001245432616159503	0.003848026276035199	0.0021504063553825503	0.00243157630273938	0.0025753956435490277	0.003276621416037573	0.0007309482490271968
0.004646517097733893	0.0006837480201422608	0.003848026276035199	0.001151855962462811	0.001370616510261824	0.002138529846646753	0.0029645744182495992	-0.00033001154345058126
0.001775684718089865	0.0008085668192570061	0.0027246570840007145	0.000527761966887752	0.0007465225146869869	0.0013896170519571704	0.0020284334248876768	0.0007933576485847915
-3.4187869077717536e-05	0.0003092916227971365	0.0019133348897535374	-0.00015874142824467974	-0.0002520278782327523	0.0007655230563818893	0.0011547018310824608	-0.00014278334477757504
0.0010267719233993944	0.0005589292210270713	0.001788516090638348	0.0003405337682154119	0.00037206611734164063	0.0010151606546118241	0.0014667488288704345	0.0006061294499122294
0.0005274967269395248	0.00043411042191188187	0.0010396032959483215	9.089616998569916e-05	0.0002472473182268953	0.0007655230563818893	0.0008426548332951533	-1.796454566282968e-05
0.0014636377203023354	0.00043411042191188187	0.0006027374990458245	0.0007773995651181309	0.0010585695124745165	0.0008903418554970788	0.0008426548332951533	0.0006061294499122294
0.0009019531242842049	0.00043411042191188187	-2.135649652879046e-05	0.0010270371633476216	0.0011209789120325553	0.0007031136568251828	0.00040578903639332253	4.4444853894765046e-05
0.0019005035172041662	0.000621338620584666	-0.0002085846952013526	0.0014639029602505627	0.001807482307164543	0.0010775700541694189	0.0005930172350656626	0.0007933576485847915
0.0010267719233993944	0.00012206342412457438	-0.00039581289387369267	0.001151855962462811	0.0011209789120325553	0.0005158854581523986	9.374203860557095e-05	-0.00026760214389298653
0.0009643625238417997	0.0003092916227971365	-0.0002709940947585032	0.000964627763790471	0.0011209789120325553	0.0005782948577099933	0.00028097023727791104	0.0006685388494696021
0.00015304032959462255	0.0003092916227971365	0.00047791869993063507	0.00040294316777300665	0.0004968849164568301	0.0004534760585948039	0.00028097023727791104	-8.037394521998031e-05
-0.00015900666819335108	0.0001844728236821691	0.0009771938963911708	0.00015330556954329388	6.001911955499928e-05	0.0002662478599220197	0.000717836034180408	0.00048131065079703994
-0.0011575570611126462	0.00037170102235428715	0.0017261066910811973	-0.0003459696269167978	-0.00037684667734749766	0.00039106665903720916	0.0008426548332951533	-8.037394521998031e-05
-0.0009079194628824894	0.0001844728236821691	0.0016636972915236026	-0.0006580166247043273	-0.0005640748760202818	0.0001414290608070523	0.000717836034180408	0.0006061294499122294
-0.0009079194628824894	0.0002468822232395418	0.0021005630884258775	-0.0004083790264739484	-0.0006888936751350272	0.0001414290608070523	0.0008426548332951533	-0.00014278334477757504
-0.00015900666819335108	0.0007461574196989673	0.0017261066910811973	0.00027812436865803924	0.00018483791866930055	0.0005782948577099933	0.0009674736324103428	0.0009805858472571316
-0.00022141606775005762	0.0004965198214694766	0.0012268314946211056	0.0002157149691008886	0.00030965671778449	0.0004534760585948039	0.00046819843595047317	0.00010685425345235977
0.0012140001220721786	0.0008085668192570061	0.0009147844968337981	0.0010894465629052164	0.0011209789120325553	0.0007031136568251828	0.000717836034180408	0.0009805858472571316
0.000277859128709812	0.00012206342412457438	-8.376589608616314e-05	0.0005901713664453467	0.0007465225146869869	0.00020383846036464703	-0.00015589555962480794	-8.037394521998031e-05
-0.0007206912642101493	0.00043411042191188187	-0.0008950880903337843	0.0010270371633476216	0.0009961601129169217	-0.0001082085374228825	-0.0005303519569694881	0.0009181764476995369
-0.007211268818188898	-0.0009388963683529816	-0.004077967467765786	-0.0010324730220490075	-0.0014378064698250537	-0.002542175120164414	-0.0035884125352863006	-0.0002051927443353918
-0.007148859418631748	-0.0007516681696801975	-0.004390014465553316	-0.0012821106202791643	-0.0013129876707103083	-0.002292537521934923	-0.00352600313572915	0.0006061294499122294
-0.008334638010223827	-0.0011885339665824723	-0.004577242664225212	-0.002155842214083936	-0.0023739474631874202	-0.002729403318837198	-0.004087687731746392	-0.00033001154345058126
-0.008584275608453762	-0.0009388963683529816	-0.004452423865110022	-0.002155842214083936	-0.0024987662623021656	-0.002542175120164414	-0.0035884125352863006	0.0006061294499122294
-0.008147409811551265	-0.0011261245670253217	-0.003953148668650597	-0.0027175268101014005	-0.002873222659647512	-0.002292537521934923	-0.00352600313572915	-0.00033001154345058126
-0.0061503090257117865	-0.0009388963683529816	-0.0032042358739607923	-0.0023430704127567203	-0.0023739474631874202	-0.0017932623254748314	-0.0027770903410386794	0.00029408245212469986
-0.006275127824826088	-0.0013133527656976618	-0.0033290546730757598	-0.0025302986114290604	-0.0027484038605323224	-0.0019804905241469495	-0.0029643185397112415	-0.0005796491416796279
-0.002655382650492477	-0.00043962117189288996	-0.0021432760814836804	-0.001344520019836759	-0.0010633500724799294	-0.0006698931334401248	-0.0015289023498896714	0.0006061294499122294
-0.0005334630655373651	0.0002468822232395418	-0.0007702692912185949	-9.633202868708501e-05	-2.3902800025954463e-06	0.00039106665903720916	-0.0005927613565268608	4.4444853894765046e-05
0.0006523155260547142	5.965402456675761e-05	-0.0008950880903337843	0.0004653525673306014	0.0004968849164568301	0.000640704257267144	-0.0002807143587391092	0.0006061294499122294
-0.00015900666819335108	-0.00037721177233529524	-0.0013943632867932099	-0.00022115082780138628	-2.3902800025954463e-06	0.0002662478599220197	-0.0008423989547567956	-0.0003924209430077319
0.0009019531242842049	-2.755374990615067e-06	-0.0008950880903337843	0.0005901713664453467	0.0006217037155724636	0.0007655230563818893	-0.00034312375829714803	0.00048131065079703994
0.0024621881132218526	5.965402456675761e-05	0.0004155093003739285	0.0007149901655605362	0.0007465225146869869	0.0017640734493018506	0.0005930172350656626	-0.00033001154345058126
0.006955664881361123	0.001058204417486719	0.002787066483558309	0.0019007687571526155	0.0023067575036246346	0.004010811833371486	0.0030893932173652328	0.0007309482490271968
0.006768436682688561	0.0011830232166014643	0.003910435675593016	0.0017759499580380922	0.0019323011062792883	0.004572496429389172	0.0035262590142672856	4.4444853894765046e-05
0.007891805874723046	0.001682298413061778	0.00484657666895516	0.0021504063553825503	0.0024939857022965306	0.00563345622186584	0.004649628206302436	0.0009805858472571316
0.008016624673838235	0.0011830232166014643	0.005096214267185539	0.001401493560692968	0.0018698917067216936	0.00563345622186584	0.004587218806744842	-0.0002051927443353918
0.009015175066758196	0.001682298413061778	0.005782717662317971	0.0023376345540553345	0.0026812139009693148	0.0061951408178835266	0.005398541000992019	0.0007309482490271968
0.0058322956893257505	0.001245432616159503	0.004347301472495513	0.0014639029602505627	0.0018698917067216936	0.004884543427176258	0.003838306012054371	-0.00014278334477757504
0.005707476890211005	0.0011206138170443136	0.0035359792782483357	0.001588721759365308	0.0023067575036246346	0.004510087029831578	0.0033390308155947235	0.0006685388494696021
0.004896154695963828	0.0007461574196989673	0.0029118852826730546	0.001588721759365308	0.001994710505836883	0.003823583634699146	0.0026525274204625138	-0.00033001154345058126
0.0020877317158767283	0.00043411042191188187	0.0007899656977186087	0.0012142653620201838	0.0017450729076069482	0.0026378050431064004	0.0012795206301980944	0.0006061294499122294
0.001526047119859486	0.0003092916227971365	0.00022828110170114435	0.000964627763790471	0.001370616510261824	0.0024505768444342824	0.0006554266346228133	-0.00026760214389298653
0.0019005035172041662	0.0005589292210270713	0.00022828110170114435	0.0015263123598077133	0.0016826635080493535	0.0030122614404515247	0.0010298830319679375	0.0007933576485847915
0.0007771343251699037	0.0002468822232395418	4.1052903028804266e-05	0.0006525807660033855	0.0009337507133597711	0.003137080239566714	0.000717836034180408	-0.00026760214389298653
0.0010267719233993944	0.00043411042191188187	0.0003530999008163338	0.0006525807660033855	0.0009961601129169217	0.004073221232929081	0.0012171112306404996	0.0006061294499122294
-0.0006582818646529986	0.00012206342412457438	0.0002906905012587391	-0.0002835602273594251	-0.0001272090791177849	0.004385268230716832	0.0009050642328531922	-0.00026760214389298653
9.063093003702782e-05	0.00043411042191188187	0.0007899656977186087	-0.0002835602273594251	0.00018483791866930055	0.0053838186236363494	0.001591567627985624	0.0006061294499122294
-0.0006582818646529986	0.0001844728236821691	0.0009147844968337981	-0.0006580166247043273	-0.00031443727779056907	0.005695865621423435	0.0015291582284280292	-0.0002051927443353918
-0.0006582818646529986	0.0001844728236821691	0.0006027374990458245	-0.0005956072251467326	-0.00031443727779056907	0.00575827502098103	0.0014043394293128397	0.0004189012512398893
-0.0007206912642101493	5.965402456675761e-05	0.0004155093003739285	-0.0007828354238190727	-0.0002520278782327523	0.0053838186236363494	0.0011547018310824608	-0.00026760214389298653
0.0006523155260547142	0.00043411042191188187	0.00047791869993063507	9.089616998569916e-05	0.0008713413138021764	0.005196590424964009	0.001591567627985624	0.0007309482490271968
-0.0005958724650949598	-0.00018998357366251106	-0.0005830410925460328	-0.00015874142824467974	0.00030965671778449	0.004010811833371486	0.0006554266346228133	-0.0004548303425653266
0.0012140001220721786	0.00037170102235428715	-0.00039581289387369267	0.0007149901655605362	0.0016202541084922029	0.004385268230716832	0.001341930029755245	0.0005437200503546347
0.00015304032959462255	-0.00037721177233529524	-0.0011447256885637191	9.089616998569916e-05	0.0007465225146869869	0.003761174235141551	0.00046819843595047317	-0.0006420585412376667
0.0010267719233993944	0.00037170102235428715	-0.0005830410925460328	0.0010270371633476216	0.0014954353093770134	0.005258999824521604	0.0015291582284280292	0.0005437200503546347
-0.00022141606775005762	-0.00012757417410580452	-0.0007702692912185949	-0.00015874142824467974	0.0005592943160142028	0.005883093820096219	0.0010922924315255322	-0.0003924209430077319
-0.00022141606775005762	-0.00012757417410580452	-0.00039581289387369267	-0.0003459696269167978	0.0002472473182268953	0.007193691210803488	0.0015291582284280292	0.0001692636530095104
-0.0010951476615550515	-2.755374990615067e-06	0.00022828110170114435	-0.000720426024261478	-0.00031443727779056907	0.008441879201953162	0.0017163864271003693	-0.0003924209430077319
-0.003529114244297249	-0.0003148023727777005	-0.0009574974898913791	-0.0019062046158540014	-0.0012505782711522695	0.00788019460593592	0.0005306078355080679	0.0003564918516822946
-0.009832463599603436	-0.0013133527656976618	-0.003641101670862845	-0.0035288490043487997	-0.00324767905699197	0.005071771625849042	-0.00246504334325115	-0.0004548303425653266
-0.00808500041199367	-0.0006892587701226027	-0.0035162828717481	-0.0025302986114290604	-0.002186719264514636	0.004073221232929081	-0.0020905869459064697	0.0006685388494696021
-0.008397047409781422	-0.001063715167467727	-0.004452423865110022	-0.002592708010986211	-0.0023739474631874202	0.0016392546501871053	-0.003276365537498771	-0.0002051927443353918
-0.007086450019074153	-0.0008764869687949428	-0.004764470862897774	-0.0015317482185090991	-0.0013129876707103083	1.661026169230695e-05	-0.0033387749370563657	0.0007309482490271968
-0.006649584222171656	-0.0013133527656976618	-0.005326155458915238	-0.0015941576180666939	-0.0014378064698250537	-0.0011691683298999944	-0.0037756407339584186	-0.0003924209430077319
-0.004028389440757341	-0.0006268493705656741	-0.004577242664225212	-0.000533197825589582	-6.479967956019017e-05	0.0004534760585948039	-0.002402633943693999	0.0005437200503546347
-0.004153208239872086	-0.0010013057679105763	-0.004265195666438126	-0.000907654222933818	-0.0006264842755778766	0.0025753956435490277	-0.0020905869459064697	-0.0003924209430077319
-0.0020936980544745687	-0.0007516681696801975	-0.0033290546730757598	-0.000907654222933818	-0.00031443727779056907	0.006382369016556311	-0.0002807143587391092	0.00023167305256710513
-0.0015320134584573264	-0.00043962117189288996	-0.0019560478828108963	-0.001344520019836759	-0.0005640748760202818	0.010189342389562706	0.0008426548332951533	-0.00033001154345058126
-0.0005334630655373651	0.0004965198214694766	-0.0005206316929888821	-0.0006580166247043273	6.001911955499928e-05	0.013933906363012394	0.002590118020905141	0.0006685388494696021
-0.0021561074540326075	-0.0005644399710076353	-0.0012695444876784645	-0.0023430704127567203	-0.0015002158693826484	0.013933906363012394	0.001591567627985624	-0.0005172397421229213
9.063093003702782e-05	0.00012206342412457438	-0.00033340349431609795	-0.0014069294193939097	-0.00031443727779056907	0.01374667816433961	0.0023404804226752063	0.0004189012512398893
0.002337369314106663	5.965402456675761e-05	0.000727556298161014	-0.0006580166247043273	6.001911955499928e-05	0.011375120981155229	0.0025277086213471023	-0.0004548303425653266
0.007205302479590614	0.0008709762188143788	0.0023502006866555902	0.0012766747615780005	0.002181938704509445	0.009065973197527999	0.004025534210727155	0.0004189012512398893
0.007642168276493555	0.0009333856183719735	0.0027246570840007145	0.0018383593575952428	0.0026812139009693148	0.005695865621423435	0.0035886684138251024	-0.00026760214389298653
0.009077584466315347	0.0011206138170443136	0.0029742946822306493	0.002836909750514982	0.0035549454947736425	0.004447677630273983	0.0039631248111695605	0.00048131065079703994
0.010076134859235086	0.001432660814831399	0.003848026276035199	0.003273775547417701	0.003866992492561394	0.00563345622186584	0.004712037605859587	-0.0002051927443353918
0.009576859662775439	0.0014950702143894379	0.003660798077362637	0.003086547348744917	0.0037421736934466487	0.008192241603723227	0.004899265804531927	0.0006685388494696021
0.004958564095521423	0.0006837480201422608	0.0023502006866555902	0.001401493560692968	0.0020571199053940337	0.010875845784695137	0.003838306012054371	-0.0002051927443353918
0.004958564095521423	0.0011206138170443136	0.002787066483558309	0.0010270371633476216	0.002181938704509445	0.014994866155489506	0.004774447005417182	0.0006061294499122294
0.0027118257114513433	0.0005589292210270713	0.0025374288853283744	-9.633202868708501e-05	0.0008713413138021764	0.016991966941329206	0.004150353009842345	-0.00033001154345058126
0.0005274967269395248	0.0007461574196989673	0.0018509254901954986	-0.0003459696269167978	0.0006217037155724636	0.017179195140001546	0.0035886684138251024	0.0007933576485847915
-0.000783100663767744	0.00012206342412457438	0.0008523750972759814	-0.0012821106202791643	-0.0002520278782327523	0.014183543961241885	0.0020908428244452715	-0.00026760214389298653
0.0011515907225141397	0.0008085668192570061	0.0015388784924084131	9.089616998569916e-05	0.0009961601129169217	0.011187892782482223	0.0024652992217903957	0.0006685388494696021
-9.659726863486817e-05	-0.0002523929732201058	0.0003530999008163338	-0.0003459696269167978	0.00018483791866930055	0.005945503219653592	0.0007802454337375586	-0.0005796491416796279
0.0013388189211867019	0.0003092916227971365	0.0004155093003739285	0.0005901713664453467	0.0013082071107044513	0.003199489639124309	0.0010922924315255322	0.0005437200503546347
0.0009643625238417997	0.00043411042191188187	0.0004155093003739285	0.000964627763790471	0.0013082071107044513	0.0024505768444342824	0.0009050642328531922	-0.00014278334477757504
0.0012140001220721786	0.00043411042191188187	-2.135649652879046e-05	0.001151855962462811	0.0016202541084922029	0.004135630632486231	0.0015291582284280292	0.0006061294499122294
0.00021544972915221727	-2.755374990615067e-06	-0.00033340349431609795	0.00015330556954329388	0.0009337507133597711	0.0072561006103610826	0.001591567627985624	-0.00033001154345058126
-3.4187869077717536e-05	0.00012206342412457438	-0.0004582222934312874	0.00015330556954329388	0.0007465225146869869	0.011687167978942314	0.0023404804226752063	0.0003564918516822946
-0.0014696040589001758	-0.00018998357366251106	-0.0005830410925460328	-0.000907654222933818	-2.3902800025954463e-06	0.014495590959029636	0.0023404804226752063	-0.0003924209430077319
-0.0006582818646529986	0.00012206342412457438	-0.0002709940947585032	-0.0009700636224918568	0.00037206611734164063	0.01630546354619722	0.0027773462195777032	0.00029408245212469986
-0.0017192416571301106	-0.00043962117189288996	-0.00033340349431609795	-0.0015941576180666939	-0.0004392560769050924	0.015306913153277035	0.0020908428244452715	-0.0007044679407948173
-0.000783100663767744	-0.00012757417410580452	0.00010346230258639899	-0.0012197012207215696	6.001911955499928e-05	0.012810537170977465	0.0020908428244452715	0.00010685425345235977
-0.0005958724650949598	-6.51647745477657e-05	0.0005403280994886739	-0.000907654222933818	6.001911955499928e-05	0.008504288601510757	0.0014667488288704345	-0.0005796491416796279
9.063093003702782e-05	5.965402456675761e-05	0.0005403280994886739	-9.633202868708501e-05	0.00043447551689967945	0.004135630632486231	0.0010922924315255322	0.00023167305256710513
0.00015304032959462255	-2.755374990615067e-06	0.0006651468986034192	9.089616998569916e-05	0.0004968849164568301	0.0004534760585948039	0.000717836034180408	-0.0003924209430077319
0.0006523155260547142	-0.00012757417410580452	0.0002906905012587391	0.0002157149691008886	0.0006841131151293922	-0.0016060341268024914	0.00040578903639332253	0.00029408245212469986
-0.00028382546730765235	5.965402456675761e-05	0.000727556298161014	0.0006525807660033855	0.0005592943160142028	-0.001044349530785249	0.0005306078355080679	-0.00033001154345058126
-0.00309224844739453	-0.00012757417410580452	-0.0011447256885637191	-0.00022115082780138628	-2.3902800025954463e-06	-0.0006074837338825301	-0.0004679425574118934	0.0006061294499122294
-0.008459456809338572	-0.0008764869687949428	-0.0033914640726333545	-0.0018437952162966287	-0.0017498534676123612	-0.00017061793698003314	-0.0025898621423663393	-0.00014278334477757504
-0.007460906416419055	-0.0006892587701226027	-0.003453873472190061	-0.0014693388189519485	-0.0015002158693826484	0.0028250332417791846	-0.002028177546349097	0.0006685388494696021
-0.008709094407568951	-0.0011261245670253217	-0.004202786266880532	-0.0024678892118710216	-0.0021243098649574854	0.0043228588311587934	-0.0025274527428091886	-0.0002051927443353918
-0.007960181612878925	-0.0008140775692377922	-0.004077967467765786	-0.002218251613641531	-0.0016874440680549885	0.0061951408178835266	-0.0021529963454640644	0.0006685388494696021
-0.0073984970168614606	-0.0011885339665824723	-0.003953148668650597	-0.0025302986114290604	-0.0020619004653998907	0.007318510009918011	-0.0020905869459064697	-0.00033001154345058126
-0.00521416803234942	-0.0007516681696801975	-0.003266645273518165	-0.0020934328145267855	-0.0011881688715951189	0.008317060402837972	-0.001404083550774038	0.00048131065079703994
-0.005026939833676858	-0.0009388963683529816	-0.003079417074845603	-0.0023430704127567203	-0.0016874440680549885	0.008566698001068351	-0.001591311749446378	-0.0003924209430077319
-0.0017192416571301106	-0.00012757417410580452	-0.0016440008850233667	-0.0008452448233766674	-0.00037684667734749766	0.00987729539177562	9.374203860557095e-05	0.00048131065079703994
-0.0009079194628824894	-0.0005020305714500406	-0.0013319538872360592	-0.0012197012207215696	-0.0004392560769050924	0.009502838994430274	9.374203860557095e-05	-0.0006420585412376667
0.00015304032959462255	-0.00018998357366251106	-0.0012071350881213139	-0.0006580166247043273	6.001911955499928e-05	0.009939704791333215	0.0006554266346228133	0.00023167305256710513
-0.0005334630655373651	-0.0005644399710076353	-0.0013943632867932099	-0.000720426024261478	-0.00018961847867515758	0.009752476592660653	0.0005930172350656626	-0.0006420585412376667
0.0009643625238417997	-0.00012757417410580452	-0.0010199068894485297	-0.0002835602273594251	0.0006217037155724636	0.009939704791333215	0.0014667488288704345	0.00023167305256710513
0.0035231479056989645	0.0001844728236821691	0.0006027374990458245	0.0004653525673306014	0.0012457977111468566	0.011063073983367477	0.0029021650186924486	-0.0004548303425653266
0.0073301212787058034	0.0009333856183719735	0.0026622476844426757	0.0017135405584800534	0.0027436233005264654	0.012498490173189936	0.005086494003204711	0.0004189012512398893
0.006331570885785842	0.0007461574196989673	0.0029118852826730546	0.000964627763790471	0.00224434810406704	0.011749577378500353	0.004712037605859587	-0.0003924209430077319
0.008765537468528262	0.0016198890135041832	0.004534529671168297	0.0022752251544977398	0.003492536095216492	0.012935355970092655	0.0062722725947967906	0.0009181764476995369
0.009264812664988353	0.0015574796139465885	0.00534585186541503	0.002212815754940145	0.0035549454947736425	0.012685718371862276	0.006334681994354385	-1.796454566282968e-05
0.008765537468528262	0.0013702514152742484	0.0050338048676275005	0.002025587556267805	0.0033677172961013024	0.011624758579385164	0.005772997398337143	0.0006061294499122294
0.004584107698176743	0.0006837480201422608	0.0035359792782483357	0.0010270371633476216	0.0018698917067216936	0.009690067193102836	0.0037134872129400698	-0.00026760214389298653
0.0058322956893257505	0.0016198890135041832	0.004035254474707983	0.002025587556267805	0.00280603270008406	0.009440429594873123	0.004150353009842345	0.0009181764476995369
0.003023872709239095	0.00043411042191188187	0.0026622476844426757	0.0005901713664453467	0.0012457977111468566	0.007006463012130704	0.002215661623560017	-0.00033001154345058126
0.001089181322956989	0.0005589292210270713	0.0014764690928508184	0.0007149901655605362	0.0009961601129169217	0.005945503219653592	0.0014043394293128397	0.0007309482490271968
0.00034026852826696263	0.0003092916227971365	0.0010396032959483215	0.00027812436865803924	0.0006217037155724636	0.005446228023193944	0.0010922924315255322	-1.796454566282968e-05
0.0015884565194170808	0.0008709762188143788	0.0012892408941787004	0.0010270371633476216	0.001557844708934164	0.006507187815670834	0.0018412052262148926	0.0009805858472571316
-0.00015900666819335108	0.0001844728236821691	0.00047791869993063507	0.00040294316777300665	0.0005592943160142028	0.007443328809033423	0.0012795206301980944	-1.796454566282968e-05
0.0009643625238417997	0.0008085668192570061	0.0009771938963911708	0.0008398089646752815	0.0014954353093770134	0.009814885992218025	0.002402889822232801	0.0008557670481419422
-0.00022141606775005762	0.00037170102235428715	0.0005403280994886739	-3.392262912949029e-05	0.0007465225146869869	0.011187892782482223	0.0020908428244452715	-1.796454566282968e-05
0.00015304032959462255	0.0001844728236821691	0.0006027374990458245	-3.392262912949029e-05	0.0008713413138021764	0.012810537170977465	0.002402889822232801	0.00048131065079703994
-3.4187869077717536e-05	0.0001844728236821691	0.0007899656977186087	-0.000533197825589582	0.0007465225146869869	0.012872946570534616	0.0025277086213471023	-0.00014278334477757504
0.00021544972915221727	0.00043411042191188187	0.0009147844968337981	-0.00022115082780138628	0.0009961601129169217	0.012311261974517596	0.0025277086213471023	0.0007309482490271968
-0.0006582818646529986	0.0002468822232395418	0.0006651468986034192	-0.0004083790264739484	0.00043447551689967945	0.010314161188677895	0.0018412052262148926	4.4444853894765046e-05
0.0008395437247266102	0.0008085668192570061	0.0009771938963911708	0.000527761966887752	0.0014954353093770134	0.008192241603723227	0.002402889822232801	0.0010429952468147263
2.82215304794331e-05	0.0003092916227971365	0.0006651468986034192	0.00015330556954329388	0.0008089319142445817	0.005446228023193944	0.0014667488288704345	4.4444853894765046e-05
0.0007771343251699037	0.000621338620584666	0.0007899656977186087	0.0009022183642328763	0.0014330259098194187	0.004572496429389172	0.001966024025330304	0.0009181764476995369
-0.00015900666819335108	5.965402456675761e-05	0.00010346230258639899	9.089616998569916e-05	0.0008713413138021764	0.0035115366369116163	0.001341930029755245	-0.00014278334477757504
0.0005274967269395248	0.00043411042191188187	0.0004155093003739285	0.0006525807660033855	0.0011833883115892618	0.005071771625849042	0.00177879582665752	0.0006061294499122294
-0.0006582818646529986	-2.755374990615067e-06	0.00010346230258639899	2.8486770428104435e-05	0.00037206611734164063	0.006694416014343618	0.0014667488288704345	-0.00026760214389298653
-3.4187869077717536e-05	5.965402456675761e-05	0.00022828110170114435	-9.633202868708501e-05	0.0007465225146869869	0.008379469802396011	0.00177879582665752	0.0004189012512398893
-0.0010327382619976788	0.0002468822232395418	0.0003530999008163338	-0.0002835602273594251	0.00037206611734164063	0.009627657793545463	0.0014043394293128397	-8.037394521998031e-05
-0.004340436438544648	-2.755374990615067e-06	-0.0010199068894485297	-0.0008452448233766674	-0.0001272090791177849	0.008941154398413032	0.00021856083772031631	0.0009181764476995369
-0.008334638010223827	-0.0006892587701226027	-0.0027673700770580734	-0.0023430704127567203	-0.0016874440680549885	0.006070322018769225	-0.0022778151445788097	-1.796454566282968e-05
-0.007835362813763735	-0.0011261245670253217	-0.0033914640726333545	-0.0023430704127567203	-0.0018746722667275506	0.003948402433813891	-0.0027770903410386794	0.00048131065079703994
-0.00808500041199367	-0.0008140775692377922	-0.0031418264744031976	-0.001968614015411596	-0.0017498534676123612	0.002138529846646753	-0.002839499740596718	0.0001692636530095104
-0.006836812420843774	-0.0005644399710076353	-0.003266645273518165	-0.0015317482185090991	-0.0011257594720379682	0.0008279324559394841	-0.0027146809414815287	0.0009181764476995369
-0.006899221820401369	-0.001063715167467727	-0.003641101670862845	-0.0018437952162966287	-0.001812262867170178	0.000640704257267144	-0.002901909140154091	-0.0003924209430077319
-0.005026939833676858	-0.0007516681696801975	-0.0033914640726333545	-0.0012821106202791643	-0.0010633500724799294	0.0026378050431064004	-0.0017161305485615674	0.0005437200503546347
-0.004215617639429459	-0.0006268493705656741	-0.002892188876173263	-0.0014693388189519485	-0.0008761218738073673	0.004884543427176258	-0.0008423989547567956	-0.00014278334477757504
-0.0008455100633253387	0.0005589292210270713	-0.0011447256885637191	9.089616998569916e-05	0.0004968849164568301	0.009378020195315528	0.0014667488288704345	0.0009805858472571316
-0.001219966460670241	-0.00018998357366251106	-0.0012695444876784645	-0.000907654222933818	-0.0001272090791177849	0.01043897998779264	0.001341930029755245	-8.037394521998031e-05
0.000277859128709812	0.0001844728236821691	-0.0005830410925460328	-0.0005956072251467326	0.0004968849164568301	0.011187892782482223	0.0019036146257727093	0.0005437200503546347
-0.0006582818646529986	-0.00043962117189288996	-0.0005206316929888821	-0.0009700636224918568	-0.00018961847867515758	0.009814885992218025	0.0012171112306404996	-0.0005172397421229213
0.0013388189211867019	0.0002468822232395418	0.0004155093003739285	-9.633202868708501e-05	0.0009337507133597711	0.007755375806821174	0.0019036146257727093	0.00048131065079703994
0.004459288899061553	0.0002468822232395418	0.002162972487983028	0.0004653525673306014	0.001370616510261824	0.005508637422751539	0.0022780710231176116	-0.0004548303425653266
0.008079034073395386	0.0009333856183719735	0.003848026276035199	0.0018383593575952428	0.0026812139009693148	0.004385268230716832	0.0037134872129400698	0.00029408245212469986
0.006706027283130744	0.0005589292210270713	0.0035359792782483357	0.001401493560692968	0.0021195293049516284	0.0030122614404515247	0.0031518026169223834	-0.0005172397421229213
0.009015175066758196	0.0015574796139465885	0.00478416726939801	0.0027120909514000147	0.0033677172961013024	0.004634905828945879	0.004524809407186803	0.0005437200503546347
0.008640718669413072	0.0008709762188143788	0.004596939070725448	0.0021504063553825503	0.00261880450141172	0.006257550217441121	0.004587218806744842	-0.0004548303425653266
0.008203852872510575	0.0015574796139465885	0.004534529671168297	0.002462453353170524	0.003242898496986557	0.009003563797970404	0.005273722201877273	0.0007309482490271968
0.004771335896849083	0.0011206138170443136	0.0035359792782483357	0.001588721759365308	0.00224434810406704	0.010376570588235046	0.004212762409399717	-1.796454566282968e-05
0.005083382894636168	0.001245432616159503	0.0034111604791331462	0.0017759499580380922	0.002369166903181341	0.011687167978942314	0.004524809407186803	0.0007309482490271968
0.0029614633096819443	0.0009333856183719735	0.002787066483558309	0.0009022183642328763	0.0016826635080493535	0.010626208186465202	0.003401440215152318	4.4444853894765046e-05
0.0008395437247266102	0.0004965198214694766	0.0016636972915236026	0.000527761966887752	0.0011833883115892618	0.009065973197527999	0.0022780710231176116	0.0006685388494696021
0.00015304032959462255	0.0003092916227971365	0.001788516090638348	0.00040294316777300665	0.0008713413138021764	0.0076929664072635795	0.0017163864271003693	-0.00026760214389298653
0.0010267719233993944	0.00043411042191188187	0.0016012878919660078	0.0003405337682154119	0.0010585695124745165	0.005945503219653592	0.0014667488288704345	0.0006061294499122294
0.0005274967269395248	0.0003092916227971365	0.001788516090638348	0.00015330556954329388	0.0007465225146869869	0.005196590424964009	0.0012795206301980944	-0.00033001154345058126
0.0006523155260547142	0.0005589292210270713	0.0016636972915236026	0.0006525807660033855	0.0011833883115892618	0.005508637422751539	0.00177879582665752	0.0007933576485847915
0.000277859128709812	0.0005589292210270713	0.0012892408941787004	0.0002157149691008886	0.0009337507133597711	0.005446228023193944	0.001591567627985624	4.4444853894765046e-05
0.0008395437247266102	0.0006837480201422608	0.0011020126955059162	0.0005901713664453467	0.0012457977111468566	0.0066320066147860235	0.002153252224002422	0.0007933576485847915
-0.00040864426642261975	5.965402456675761e-05	0.0004155093003739285	-3.392262912949029e-05	0.0004968849164568301	0.006694416014343618	0.00177879582665752	-8.037394521998031e-05
0.00040267792782455736	0.0005589292210270713	0.0003530999008163338	0.00027812436865803924	0.0012457977111468566	0.007131281811245893	0.0022780710231176116	0.0006685388494696021
-0.00028382546730765235	0.00037170102235428715	0.00047791869993063507	0.0003405337682154119	0.0007465225146869869	0.007630557007705985	0.002153252224002422	-8.037394521998031e-05
0.00015304032959462255	0.0003092916227971365	0.0003530999008163338	0.0003405337682154119	0.0010585695124745165	0.0070688724116887425	0.0022780710231176116	0.0006061294499122294
-0.0009079194628824894	-6.51647745477657e-05	4.1052903028804266e-05	-0.0003459696269167978	0.00043447551689967945	0.005571046822309134	0.0014043394293128397	-0.00026760214389298653
0.00021544972915221727	0.00012206342412457438	0.000727556298161014	0.00015330556954329388	0.0008713413138021764	0.005820684420538624	0.0017163864271003693	0.0004189012512398893
-0.00047105366598065856	0.00012206342412457438	0.0009771938963911708	-3.392262912949029e-05	0.0006217037155724636	0.005508637422751539	0.0014043394293128397	-0.0002051927443353918
2.82215304794331e-05	0.0001844728236821691	0.0008523750972759814	-0.00015874142824467974	0.0005592943160142028	0.005321409224078755	0.0012171112306404996	0.0004189012512398893
-0.0006582818646529986	-6.51647745477657e-05	0.0007899656977186087	-0.0002835602273594251	0.000122428519112594	0.005571046822309134	0.0007802454337375586	-0.0004548303425653266
0.0006523155260547142	0.00043411042191188187	0.0012268314946211056	0.00015330556954329388	0.0009337507133597711	0.005820684420538624	0.0014667488288704345	0.0005437200503546347
-0.0014696040589001758	-0.00018998357366251106	0.00010346230258639899	-0.000720426024261478	-6.479967956019017e-05	0.004634905828945879	0.0003433796368352837	-0.0003924209430077319
-0.00521416803234942	-0.0002523929732201058	-0.0017064102845811835	-0.0009700636224918568	-0.0006264842755778766	0.0034491272373540216	-0.000967217753871985	0.0007933576485847915
-0.008896322606241291	-0.0011261245670253217	-0.003953148668650597	-0.002218251613641531	-0.00199949106584274	0.0010775700541694189	-0.002901909140154091	-0.00026760214389298653
-0.00752331581597665	-0.0007516681696801975	-0.003953148668650597	-0.0017189764171814392	-0.0014378064698250537	0.0008903418554970788	-0.0025274527428091886	0.0006685388494696021
-0.008646685008010913	-0.001063715167467727	-0.004327605065995721	-0.0019062046158540014	-0.002186719264514636	0.0010775700541694189	-0.003089137338826431	-0.0002051927443353918
-0.006711993621729251	-0.0002523929732201058	-0.003453873472190061	-0.0010948824216066022	-0.0008137124742506607	0.0020137110475320075	-0.002028177546349097	0.001105404646372321
-0.006649584222171656	-0.0009388963683529816	-0.003453873472190061	-0.001781385816739034	-0.0016250346684978378	0.002512986243991877	-0.0023402245441368486	-0.00014278334477757504
-0.004215617639429459	-6.51647745477657e-05	-0.002018457282368491	-0.000533197825589582	-0.00037684667734749766	0.005071771625849042	-0.0008423989547567956	0.0010429952468147263
-0.004153208239872086	-0.0005020305714500406	-0.0019560478828108963	-0.0015941576180666939	-0.000938531273364962	0.005009362226291447	-0.0012792647516592925	-0.0002051927443353918
-0.00040864426642261975	0.00012206342412457438	-0.0002085846952013526	-0.0004083790264739484	0.000122428519112594	0.007006463012130704	0.00040578903639332253	0.0007933576485847915
-0.0009703288624400841	-6.51647745477657e-05	-0.0002085846952013526	-0.0006580166247043273	-0.00018961847867515758	0.006944053612573553	0.00028097023727791104	-0.00014278334477757504
0.001089181322956989	0.0003092916227971365	0.00047791869993063507	-9.633202868708501e-05	0.0008089319142445817	0.006382369016556311	0.0011547018310824608	0.0006685388494696021
9.063093003702782e-05	-6.51647745477657e-05	0.00010346230258639899	-0.0002835602273594251	0.0002472473182268953	0.005134181025406415	0.0006554266346228133	-0.00026760214389298653
0.001775684718089865	0.0003092916227971365	0.0006027374990458245	0.0004653525673306014	0.0010585695124745165	0.005196590424964009	0.0016539770275423304	0.0006685388494696021
0.005520248691538665	0.0009957950179295683	0.0025374288853283744	0.0013390841611353732	0.0023067575036246346	0.00563345622186584	0.003463849614709913	0.00010685425345235977
0.008453490470740732	0.0016198890135041832	0.003910435675593016	0.00264968155184242	0.0033677172961013024	0.006944053612573553	0.0050240846036468945	0.0010429952468147263
0.006643617883573816	0.0009333856183719735	0.003660798077362637	0.0019007687571526155	0.0025563951018541253	0.006819234813458364	0.004337581208514907	-8.037394521998031e-05
0.009264812664988353	0.001682298413061778	0.00484657666895516	0.0027120909514000147	0.0036173548943312372	0.00794260400549307	0.005585769199664803	0.0009181764476995369
0.009264812664988353	0.0016198890135041832	0.005533080064087592	0.0027745003509576094	0.0033677172961013024	0.008566698001068351	0.005523359800106764	-1.796454566282968e-05
0.007704577676050706	0.0015574796139465885	0.005096214267185539	0.002462453353170524	0.003305307896544596	0.00794260400549307	0.004899265804531927	0.0007309482490271968
0.004459288899061553	0.0008709762188143788	0.003910435675593016	0.0012142653620201838	0.0018698917067216936	0.0060079126192111865	0.0029645744182495992	-0.0002051927443353918
0.005457839291981514	0.0013078420157170978	0.0044097108720531075	0.0019007687571526155	0.002369166903181341	0.006257550217441121	0.0033390308155947235	0.0006685388494696021
0.0016508659189742314	0.0003092916227971365	0.0027246570840007145	0.0005901713664453467	0.0009337507133597711	0.004010811833371486	0.0014667488288704345	-0.00026760214389298653
0.0010267719233993944	0.00043411042191188187	0.0019133348897535374	0.000527761966887752	0.0010585695124745165	0.0030746708400091194	0.0010298830319679375	0.0005437200503546347
-9.659726863486817e-05	-2.755374990615067e-06	0.0012268314946211056	9.089616998569916e-05	0.00030965671778449	0.0032618990386819036	0.0005930172350656626	-0.0005172397421229213
0.001089181322956989	0.0006837480201422608	0.0016012878919660078	0.0009022183642328763	0.0012457977111468566	0.0049469528267338525	0.0017163864271003693	0.0006685388494696021
-3.4187869077717536e-05	0.0002468822232395418	0.0009147844968337981	0.0002157149691008886	0.0008089319142445817	0.005446228023193944	0.0014667488288704345	-0.00014278334477757504
-0.00015900666819335108	-6.51647745477657e-05	0.0003530999008163338	0.00015330556954329388	0.0007465225146869869	0.006569597215228651	0.0016539770275423304	0.00029408245212469986
-0.0005334630655373651	5.965402456675761e-05	0.000727556298161014	-9.633202868708501e-05	0.0006841131151293922	0.006944053612573553	0.0019036146257727093	-0.00033001154345058126
0.00034026852826696263	0.00037170102235428715	0.0009147844968337981	0.00015330556954329388	0.0009337507133597711	0.006694416014343618	0.0019036146257727093	0.0007309482490271968
-0.00034623486686524707	5.965402456675761e-05	0.0009771938963911708	9.089616998569916e-05	0.00043447551689967945	0.005695865621423435	0.0014667488288704345	-0.00026760214389298653
0.00040267792782455736	0.00043411042191188187	0.0011020126955059162	0.00027812436865803924	0.0011833883115892618	0.003573946036469211	0.0016539770275423304	0.0006061294499122294
-0.00040864426642261975	-0.0002523929732201058	0.0008523750972759814	-0.00015874142824467974	0.0002472473182268953	0.0017640734493018506	0.0006554266346228133	-0.0005172397421229213
0.00021544972915221727	0.00037170102235428715	0.0011020126955059162	0.0006525807660033855	0.0008713413138021764	0.0018264828488594453	0.0010298830319679375	0.0005437200503546347
-0.00034623486686524707	0.00012206342412457438	0.000727556298161014	2.8486770428104435e-05	0.0004968849164568301	0.0008279324559394841	0.00046819843595047317	-0.00014278334477757504
0.0006523155260547142	0.0003092916227971365	0.0009771938963911708	0.00040294316777300665	0.0009337507133597711	0.0020137110475320075	0.0009050642328531922	0.0006685388494696021
-0.000783100663767744	0.00043411042191188187	0.0009771938963911708	0.00040294316777300665	0.0004968849164568301	0.0036363554360263617	0.0010922924315255322	0.00010685425345235977
9.063093003702782e-05	0.00037170102235428715	0.00047791869993063507	0.0002157149691008886	0.0008713413138021764	0.004135630632486231	0.0012795206301980944	0.0007309482490271968
2.82215304794331e-05	0.0003092916227971365	0.0007899656977186087	0.0002157149691008886	0.0007465225146869869	0.004447677630273983	0.0012795206301980944	-1.796454566282968e-05
0.00021544972915221727	0.0001844728236821691	0.0006027374990458245	0.00040294316777300665	0.0009337507133597711	0.004697315228503918	0.0014667488288704345	0.0006061294499122294
-0.001219966460670241	0.0003092916227971365	0.0004155093003739285	9.089616998569916e-05	0.0006217037155724636	0.0035115366369116163	0.0007802454337375586	0.00010685425345235977
-0.006025490226596597	-0.0006268493705656741	-0.0022680948805979817	-0.0010324730220490075	-0.000938531273364962	0.0007655230563818893	-0.0017161305485615674	0.0006061294499122294
-0.008521866208896167	-0.0013133527656976618	-0.0033914640726333545	-0.002155842214083936	-0.0021243098649574854	-0.0009195307316700596	-0.0034011843366135164	-0.00033001154345058126
-0.007336087617303644	-0.0005020305714500406	-0.002892188876173263	-0.0014693388189519485	-0.001375397070267459	-0.0004826649347677847	-0.002901909140154091	0.0008557670481419422
-0.00808500041199367	-0.0006892587701226027	-0.002892188876173263	-0.0014693388189519485	-0.0017498534676123612	0.0001414290608070523	-0.0033387749370563657	0.0001692636530095104
-0.006899221820401369	-0.00043962117189288996	-0.0029545982757304134	-0.0014069294193939097	-0.0013129876707103083	0.0008903418554970788	-0.0029643185397112415	0.0010429952468147263
-0.006399946623941721	-0.0008140775692377922	-0.002829779476615668	-0.0020934328145267855	-0.0017498534676123612	0.0015768452506295105	-0.0029643185397112415	4.4444853894765046e-05
-0.004402845838102243	-0.0002523929732201058	-0.002018457282368491	-0.0009700636224918568	-0.0008137124742506607	0.003823583634699146	-0.001591311749446378	0.0008557670481419422
-0.0037787518425269617	-0.0005020305714500406	-0.0020808666819260857	-0.0012197012207215696	-0.000938531273364962	0.003823583634699146	-0.0012168553521019199	-0.00014278334477757504
-0.00028382546730765235	-6.51647745477657e-05	-0.0012695444876784645	-0.0005956072251467326	0.000122428519112594	0.0035115366369116163	0.00021856083772031631	0.0006685388494696021
-0.00022141606775005762	-0.00012757417410580452	-0.0007702692912185949	-0.0002835602273594251	6.001911955499928e-05	0.003324308438238832	0.0005930172350656626	-0.00033001154345058126
0.00040267792782455736	-2.755374990615067e-06	-0.0006454504921036275	9.089616998569916e-05	0.0004968849164568301	0.0023881674448771317	0.0010298830319679375	0.0005437200503546347
0.00040267792782455736	-0.00012757417410580452	-0.0002085846952013526	-3.392262912949029e-05	0.0004968849164568301	0.0010151606546118241	0.0008426548332951533	-0.00026760214389298653
0.002774235111009382	0.00037170102235428715	0.0009147844968337981	0.0010270371633476216	0.0014330259098194187	0.0017640734493018506	0.0019036146257727093	0.0005437200503546347
0.005457839291981514	0.0001844728236821691	0.002412610086213407	0.000964627763790471	0.0016202541084922029	0.0026378050431064004	0.0020908428244452715	-0.0004548303425653266
0.007954215274281085	0.001058204417486719	0.004035254474707983	0.0019007687571526155	0.0027436233005264654	0.005446228023193944	0.004025534210727155	0.00048131065079703994
0.006706027283130744	0.0008085668192570061	0.004222482673380323	0.001588721759365308	0.0021195293049516284	0.007131281811245893	0.003651077813382475	-0.00033001154345058126
0.008827946868085856	0.0015574796139465885	0.00534585186541503	0.002212815754940145	0.0031804890974294064	0.008753926199741136	0.004712037605859587	0.0006061294499122294
0.008952765667200158	0.001682298413061778	0.006032355260547462	0.0021504063553825503	0.0031180796978718117	0.009190791996643188	0.004774447005417182	4.4444853894765046e-05
0.0058322956893257505	0.0009957950179295683	0.004534529671168297	0.0017135405584800534	0.0023067575036246346	0.007568147608148834	0.0035886684138251024	0.0004189012512398893
0.004209651300830952	0.0009333856183719735	0.0037232074769202317	0.001401493560692968	0.0020571199053940337	0.004884543427176258	0.002839755619134854	-8.037394521998031e-05
0.005457839291981514	0.001058204417486719	0.0034111604791331462	0.0018383593575952428	0.00243157630273938	0.00294985204089393	0.003214212016479534	0.0006685388494696021
0.0011515907225141397	0.0002468822232395418	0.0016636972915236026	0.0009022183642328763	0.0009961601129169217	0.0005158854581523986	0.0014043394293128397	-0.00033001154345058126
0.0014636377203023354	0.0007461574196989673	0.0015388784924084131	0.0012766747615780005	0.0014330259098194187	0.0002662478599220197	0.00177879582665752	0.0008557670481419422
0.0009019531242842049	0.0007461574196989673	0.0016636972915236026	0.0012766747615780005	0.0011209789120325553	0.0010151606546118241	0.0016539770275423304	0.0001692636530095104
0.0007771343251699037	0.00043411042191188187	0.0012268314946211056	0.0009022183642328763	0.0009961601129169217	0.0018264828488594453	0.0012171112306404996	0.0006685388494696021
0.00021544972915221727	0.0002468822232395418	0.0015388784924084131	0.00015330556954329388	0.0006841131151293922	0.003199489639124309	0.0009050642328531922	-0.00026760214389298653
-3.4187869077717536e-05	0.00043411042191188187	0.0015388784924084131	0.00027812436865803924	0.0007465225146869869	0.0049469528267338525	0.0009674736324103428	0.0006685388494696021
-0.0007206912642101493	5.965402456675761e-05	0.001351650293735407	-0.00022115082780138628	0.0002472473182268953	0.005508637422751539	0.00046819843595047317	-0.0002051927443353918
0.00015304032959462255	-6.51647745477657e-05	0.0011020126955059162	-0.0002835602273594251	0.0004968849164568301	0.004759724628061512	0.0006554266346228133	0.0003564918516822946
-0.00040864426642261975	0.00037170102235428715	0.0014764690928508184	0.00015330556954329388	0.0006217037155724636	0.004697315228503918	0.0006554266346228133	-0.0002051927443353918
-0.00047105366598065856	0.0002468822232395418	0.0005403280994886739	9.089616998569916e-05	0.00037206611734164063	0.003137080239566714	0.0003433796368352837	0.0009181764476995369
-0.00022141606775005762	0.0003092916227971365	0.00047791869993063507	-9.633202868708501e-05	0.00043447551689967945	0.0015144358510719158	0.0003433796368352837	0.00010685425345235977
0.00040267792782455736	0.00043411042191188187	0.000727556298161014	0.0008398089646752815	0.0011209789120325553	0.002076120447089602	0.001341930029755245	0.0007309482490271968
-0.0009703288624400841	-0.00012757417410580452	4.1052903028804266e-05	9.089616998569916e-05	0.0002472473182268953	0.0013896170519571704	0.000717836034180408	-0.00033001154345058126
0.00021544972915221727	5.965402456675761e-05	0.00010346230258639899	9.089616998569916e-05	0.0006841131151293922	0.0015144358510719158	0.0009674736324103428	0.0003564918516822946
-0.0005958724650949598	5.965402456675761e-05	0.00047791869993063507	0.0003405337682154119	0.00037206611734164063	0.0022009392462043476	0.000717836034180408	-0.00014278334477757504
0.00034026852826696263	0.0004965198214694766	0.0009147844968337981	0.0005901713664453467	0.0009337507133597711	0.0027002144426646613	0.0009674736324103428	0.0006685388494696021
-0.00034623486686524707	5.965402456675761e-05	0.0009147844968337981	-0.00022115082780138628	0.00037206611734164063	0.0024505768444342824	0.00021856083772031631	-0.00026760214389298653
0.0005274967269395248	0.00043411042191188187	0.0015388784924084131	0.000527761966887752	0.0008713413138021764	0.0034491272373540216	0.0006554266346228133	0.0006061294499122294
-0.0025929732509346604	-0.0003148023727777005	0.0002906905012587391	-0.000720426024261478	-0.00037684667734749766	0.0017640734493018506	-0.000967217753871985	-0.00033001154345058126
-0.006899221820401369	-0.0005644399710076353	-0.0018312290836957068	-0.0015317482185090991	-0.0011881688715951189	-0.00042025553520996795	-0.002839499740596718	0.0006685388494696021
-0.00820981921110886	-0.0008140775692377922	-0.0025801418783861774	-0.0016565670176242886	-0.0017498534676123612	-0.0011067589303423997	-0.003463593736171111	-1.796454566282968e-05
-0.006899221820401369	-0.00018998357366251106	-0.002642551277943328	-0.0010948824216066022	-0.0010009406729225567	-0.0011691683298999944	-0.0027146809414815287	0.0009805858472571316
-0.00820981921110886	-0.0010013057679105763	-0.003890739269093224	-0.001968614015411596	-0.0019370816662851453	-0.0017932623254748314	-0.0035884125352863006	-8.037394521998031e-05
-0.0067744030212861794	-0.00043962117189288996	-0.0038283298695356294	-0.001157291821164197	-0.0015002158693826484	-0.00042025553520996795	-0.0025898621423663393	0.0009181764476995369
-0.005963080827039446	-0.0008140775692377922	-0.003641101670862845	-0.0015941576180666939	-0.0015002158693826484	1.661026169230695e-05	-0.00246504334325115	-0.00014278334477757504
-0.004215617639429459	-0.0005644399710076353	-0.003017007675288008	-0.0010324730220490075	-0.0010009406729225567	0.0010151606546118241	-0.002028177546349097	0.0005437200503546347
-0.0030298390478373793	-0.00037721177233529524	-0.0018936384832533015	-0.000720426024261478	-0.000751303074693066	0.0017640734493018506	-0.0012792647516592925	-0.00014278334477757504
-0.00022141606775005762	-6.51647745477657e-05	-0.0006454504921036275	-0.00022115082780138628	0.0002472473182268953	0.0016392546501871053	-0.0002807143587391092	0.0006061294499122294
-0.00022141606775005762	-6.51647745477657e-05	-2.135649652879046e-05	-0.00022115082780138628	6.001911955499928e-05	0.0015768452506295105	-0.0002807143587391092	-0.0002051927443353918
0.0006523155260547142	5.965402456675761e-05	0.0004155093003739285	0.00015330556954329388	0.0005592943160142028	0.0017016640497447	9.374203860557095e-05	0.0005437200503546347
0.0005899061264973415	5.965402456675761e-05	0.000727556298161014	-3.392262912949029e-05	0.0006217037155724636	0.0011399794537272356	3.133263904797623e-05	-0.00026760214389298653
0.002774235111009382	0.0001844728236821691	0.001351650293735407	0.0003405337682154119	0.0011209789120325553	0.00188889224841704	0.0008426548332951533	0.0003564918516822946
0.0056450674906538545	0.0006837480201422608	0.003223932280460806	0.0012142653620201838	0.0016826635080493535	0.0038859930342567406	0.0024652992217903957	-0.00014278334477757504
0.0075173494773781435	0.0011830232166014643	0.0037232074769202317	0.0017135405584800534	0.00261880450141172	0.004198040032043826	0.0035262590142672856	0.0006685388494696021
0.006768436682688561	0.001058204417486719	0.003660798077362637	0.0015263123598077133	0.0020571199053940337	0.004073221232929081	0.003276621416037573	-0.0002051927443353918
0.009015175066758196	0.001432660814831399	0.004534529671168297	0.00264968155184242	0.003055670298314217	0.004385268230716832	0.004587218806744842	0.00048131065079703994
0.008391081071183137	0.001058204417486719	0.004534529671168297	0.0021504063553825503	0.0025563951018541253	0.0030746708400091194	0.004212762409399717	-0.0004548303425653266
0.006206752086670653	0.0011206138170443136	0.0037232074769202317	0.0022752251544977398	0.00243157630273938	0.002325758045319537	0.003463849614709913	0.00048131065079703994
0.0041472419012738015	0.0006837480201422608	0.003223932280460806	0.0014639029602505627	0.0016826635080493535	0.0017016640497447	0.0024652992217903957	-0.00033001154345058126
0.004958564095521423	0.0008085668192570061	0.003473569878690741	0.0017135405584800534	0.0018698917067216936	0.002076120447089602	0.002590118020905141	0.0004189012512398893
0.00021544972915221727	0.00012206342412457438	0.001788516090638348	0.00040294316777300665	0.0002472473182268953	0.0017016640497447	0.0005306078355080679	-0.0005796491416796279
0.0007771343251699037	0.0005589292210270713	0.0020381536888682827	0.0007149901655605362	0.0008713413138021764	0.0026378050431064004	0.0009050642328531922	0.0004189012512398893
0.000277859128709812	0.00037170102235428715	0.0021005630884258775	0.00015330556954329388	0.0006217037155724636	0.00294985204089393	0.0005306078355080679	-0.00026760214389298653
-9.659726863486817e-05	5.965402456675761e-05	0.0014140596932934457	-9.633202868708501e-05	0.00037206611734164063	0.0034491272373540216	0.00021856083772031631	0.00029408245212469986
-0.0006582818646529986	-6.51647745477657e-05	0.0012892408941787004	-0.00015874142824467974	0.000122428519112594	0.0034491272373540216	0.00028097023727791104	-0.0005796491416796279
0.00015304032959462255	0.0004965198214694766	0.0010396032959483215	0.0003405337682154119	0.0009337507133597711	0.003199489639124309	0.0007802454337375586	0.0007309482490271968
-0.00028382546730765235	0.0001844728236821691	0.0010396032959483215	0.0004653525673306014	0.0006217037155724636	0.0027002144426646613	0.0007802454337375586	-0.00026760214389298653
0.0009643625238417997	0.0008085668192570061	0.0012268314946211056	0.0008398089646752815	0.001370616510261824	0.0016392546501871053	0.0015291582284280292	0.0007933576485847915
-0.00034623486686524707	5.965402456675761e-05	0.0006027374990458245	0.0002157149691008886	0.00043447551689967945	1.661026169230695e-05	0.000717836034180408	-0.00014278334477757504
