Sensor_1	Sensor_2	Sensor_3	Sensor_4	Sensor_5	Sensor_6	Sensor_7	Sensor_8
0.0006822751583122066	9.97614251962986e-06	-0.001546511161974351	0.0003517893034259423	5.121939421726118e-05	-0.0005053101853973452	-0.0010891033112081505	0.0004110688715950328
5.8181162736703484e-05	-0.0003644802548254944	-0.0012344641641863774	-0.0003971234912640842	-0.000572874601358242	-0.00044290078583975045	-0.0011515127107653012	-0.0005874815213244844
0.00018299996185233702	-0.00023966145571074904	-0.0008600077668419193	-0.0004595328908216789	-0.00044805580224260844	-6.844438849440415e-05	-0.0005898281147480589	0.00016143127336554208
-0.0008155504310676243	-0.0004268896543835332	-0.00048555136949701705	-0.0009588080872815485	-0.001196968596932635	-0.00013085378805199888	-0.0007146469138632483	-0.0007747097199972686
0.0018056443503471353	-5.2433257037964864e-05	0.000762636621652879	-0.00033471409170693356	-0.00026082760357026835	0.0009925154039822637	0.0007207692759592099	3.661247425013059e-05
0.004926114328221098	0.0005716607385364281	0.0029469656061649196	0.000414198702983537	0.0004256757915617193	0.002240703395132382	0.002218594865339041	-0.0007123003204394518
0.006361530518044001	0.0005716607385364281	0.0035710596017397567	0.0011007020981155247	0.0012369979858093405	0.0028647973907067747	0.003217145258258336	-2.5796925307464136e-05
0.006299121118485962	0.000821298336766807	0.0038206971999701356	0.00122552089723027	0.0016114543831542427	0.0033016631876094937	0.00340437345693112	-0.0007747097199972686
0.0081089937056531	0.0011333453345541145	0.004382381795986934	0.002099252491035264	0.00261000477607376	0.0039881665827419255	0.004153286251621147	0.00016143127336554208
0.007297671511405923	0.0011957547341117092	0.004319972396430005	0.002473708888380388	0.002797232974746544	0.0039881665827419255	0.004028467452506401	-0.0005874815213244844
0.005050933127336732	0.0007588889372092122	0.002634918608377612	0.0020368430914778912	0.0026724141756317987	0.0031768443884943043	0.0029675076600288453	0.00016143127336554208
0.0038651545357439865	0.0006964795376516175	0.0020732340123597037	0.0019120242923627018	0.0022979577782864524	0.0029272067902650356	0.002218594865339041	-0.00046266272220929494
0.004426839131761007	0.0006340701380940228	0.001823596414130213	0.0019744336919207406	0.0025475953765170534	0.0031144349889371536	0.0024682324635687536	9.902187380794736e-05
0.00024540936140948766	0.00013479494163437522	0.0005129990234229442	0.000601426901655655	0.000924950988021811	0.002427931593804722	0.0007831786755168046	-0.0006498909208820791
0.0006822751583122066	0.000821298336766807	0.001199502418555376	0.0011007020981155247	0.0012994073853669352	0.0033640725871670885	0.0015945008697639818	0.0006607064698254117
-0.0006907316319524348	0.00038443253986431003	0.0011370930189980033	0.00010215170519556338	0.00011362879377463386	0.003488891386282278	0.0012200444724190795	-0.00021302512397980422
-0.0005659128328376895	0.0005092513389792774	0.0012619118181125266	-0.00033471409170693356	-1.1190005340333542e-05	0.00405057598229952	0.0014072726710911976	0.0005358876707102223
-0.0015644632257572066	-0.00011484265659555959	0.0010746836194401865	-0.0010212174868389212	-0.0010097403982598507	0.003863347783626736	0.0007831786755168046	-0.0006498909208820791
-0.0008779598306249969	0.0004468419394216827	0.001199502418555376	-0.00033471409170693356	-0.00026082760357026835	0.004487441779201795	0.0012200444724190795	0.0005358876707102223
-0.0007531410315100295	0.0003220231403067153	0.0009498648203252191	-0.0004595328908216789	-7.359940489815031e-05	0.004300213580529455	0.00090799747463155	-8.820632486505886e-05
0.0006822751583122066	0.0007588889372092122	0.0009498648203252191	0.000601426901655655	0.0008625415884648824	0.004300213580529455	0.001157635072861929	0.0007231158693825623
-0.0004410940337229441	-5.2433257037964864e-05	-0.0003607325703818276	0.00010215170519556338	0.00036326639200501276	0.0031768443884943043	3.426588082677817e-05	-0.00046266272220929494
0.0011815503547718542	0.0005716607385364281	-0.00023591377126708224	0.0009758832990007793	0.0016114543831542427	0.003426481986724683	0.0005959504768440205	0.000598297070267817
0.0003702281605246771	0.00013479494163437522	-0.0005479607690543897	0.0007262457007704004	0.0009873603875794057	0.0031768443884943043	3.426588082677817e-05	-0.00027543452353739895
0.0005574563591970172	0.0003220231403067153	-0.0005479607690543897	0.0008510644998860339	0.0012369979858093405	0.0039881665827419255	0.00040872227817190243	0.0005358876707102223
-0.0005035034332800947	-5.2433257037964864e-05	-0.0005479607690543897	-8.50764934767767e-05	0.0004256757915617193	0.004549851178759168	-9.055291828841128e-05	-0.0005250721217668897
-0.0004410940337229441	-0.00023966145571074904	-0.0005479607690543897	-0.0005843516899364243	-0.00026082760357026835	0.005361173373006789	9.667528038392881e-05	3.661247425013059e-05
-0.0012524162279701212	7.23855420763364e-05	0.0002633614251930094	-0.0008963986877239538	-0.000572874601358242	0.006671770763713836	0.00040872227817190243	-0.0004002533226521443
-0.0007531410315100295	9.97614251962986e-06	0.0002009520256354147	-0.0012084456855112613	-0.000760102800030138	0.007233455359731078	0.00047113167772905307	0.00016143127336554208
-0.0008155504310676243	0.00019720434119152586	0.000575408422980539	-0.0008339892881663591	-0.000572874601358242	0.007233455359731078	0.0006583598764020593	-0.00021302512397980422
5.8181162736703484e-05	0.00013479494163437522	7.61332265204473e-05	-0.0007091704890511696	-1.1190005340333542e-05	0.005798039169909508	0.00047113167772905307	0.00028625007248028744
-0.0024381948195624226	-0.0003644802548254944	-0.0014841017624169783	-0.0011460362859541107	-0.000572874601358242	0.0031768443884943043	-0.0011515127107653012	-0.00046266272220929494
-0.0064323963912416016	-0.0008637554512855861	-0.004292524742503412	-0.0013332644846264508	-0.0010721497978178895	0.0002436026092926813	-0.003273432295720413	0.00022384067292269272
-0.006557215190356125	-0.0014254400473028284	-0.0054158939345383406	-0.0018949490806441371	-0.0014466061951625697	-0.0006301289845120905	-0.004271982688640152	-0.0006498909208820791
-0.0052466177996493	-0.0009885742504003314	-0.00535348453498119	-0.0011460362859541107	-0.0008225121995875107	0.000742877805752773	-0.00389752629129525	0.0005358876707102223
-0.0064323963912416016	-0.0014254400473028284	-0.005603122133210681	-0.0019573584802012878	-0.0018834719920650667	0.002365522194247127	-0.0044592108873124925	-0.0005250721217668897
-0.004934570801861771	-0.0011133930495155209	-0.0050414375371938824	-0.0022069960784307785	-0.0016962437933927266	0.0056732203707943185	-0.0037727074921800607	0.00047347827115262753
-0.004934570801861771	-0.0011133930495155209	-0.004105296543831516	-0.0026438618753339416	-0.0021331095902950015	0.008731280949111131	-0.003273432295720413	-0.0005250721217668897
-0.0036863828107120966	-0.0004892990539404618	-0.0031067461509115546	-0.002331814877546412	-0.001821062592507472	0.011664522728313198	-0.0021500631036852624	0.00034865947203788217
-0.0026254230182349847	-0.0006141178530556513	-0.0022954239566643775	-0.00270627127489087	-0.001821062592507472	0.01253825432211797	-0.0015259691081104254	-0.00046266272220929494
-6.663763637759779e-05	-0.00011484265659555959	-0.001109645365071854	-0.0016453114824139803	-0.000760102800030138	0.012288616723887813	-0.0004025999160752747	0.00034865947203788217
-0.0003786846341649053	-0.0004268896543835332	-0.0012344641641863774	-0.0013956738841840455	-0.000760102800030138	0.009729831342030648	-0.0005898281147480589	-0.0005250721217668897
0.0009943221560999582	-0.00011484265659555959	-0.0012968735637446382	-0.000646761089494019	0.0002384475928898233	0.006734180163271208	-0.00027778111696075136	0.00016143127336554208
0.0008070939574273961	-0.0003644802548254944	-0.0012968735637446382	-0.00027230469214933883	0.0004256757915617193	0.004362622980086606	-0.0005898281147480589	-0.00046266272220929494
0.004426839131761007	0.0005716607385364281	7.61332265204473e-05	0.001475158495460649	0.001985910780499367	0.004861898176546253	0.0009704068741891447	0.00034865947203788217
0.006735986915388681	0.0005092513389792774	0.0012619118181125266	0.0015999772945756163	0.0025475953765170534	0.006671770763713836	0.0020313666666662566	-0.00046266272220929494
0.0074224903105206685	0.001008526535439147	0.002260462211032488	0.0023488900892651987	0.003046870572976479	0.01022910653849074	0.0029675076600288453	0.00034865947203788217
0.005987074120698654	0.0006964795376516175	0.0025100998092624227	0.001475158495460649	0.002173138979171707	0.013536804715037487	0.002780279461355839	-0.0006498909208820791
0.007048033913175988	0.001008526535439147	0.0033838314030669725	0.0013503396963454595	0.002422776577401864	0.017156549889371986	0.003841239253833839	3.661247425013059e-05
0.00561261772335353	0.001008526535439147	0.004070334798199404	0.0008510644998860339	0.0019235013809417723	0.0194032882734414	0.004028467452506401	-0.0005874815213244844
0.0028666041428242472	0.0006340701380940228	0.002884556206606881	-2.266709391873789e-05	0.0012369979858093405	0.01871678487830941	0.0031547358587011853	3.661247425013059e-05
0.0019304631494623248	0.0004468419394216827	0.0025725092088197954	-0.0005219422903788296	0.0008625415884648824	0.016407637094682404	0.002405823064011159	-0.0007747097199972686
0.002741785343709058	0.0004468419394216827	0.002447690409704828	0.00028937990386834755	0.001361816784924974	0.013536804715037487	0.0026554606622415378	-8.820632486505886e-05
-0.0006283222323952842	0.00013479494163437522	0.000762636621652879	-0.00033471409170693356	0.0005504945906769088	0.00885609974822632	0.0009704068741891447	-0.0006498909208820791
0.00024540936140948766	-0.0003644802548254944	-0.00023591377126708224	-0.00027230469214933883	0.0008001321889066215	0.0058604485694662145	0.00047113167772905307	-8.820632486505886e-05
0.0003702281605246771	0.0003220231403067153	0.0003881802243077548	0.0007262457007704004	0.0012994073853669352	0.006110086167696593	0.0007831786755168046	-0.00046266272220929494
0.0008695033569847688	0.00025961374074889854	-0.00011109497215189279	0.0007262457007704004	0.00154904498359687	0.0073582741588462675	0.0009704068741891447	0.00028625007248028744
-0.0001290470359351925	0.00019720434119152586	-0.0003607325703818276	0.00028937990386834755	0.0010497697871370004	0.010104287739375994	0.0005335410772866478	-0.00046266272220929494
-0.0005659128328376895	-0.00011484265659555959	-0.0008600077668419193	-8.50764934767767e-05	0.0006753133897920982	0.013599214114595082	0.0005335410772866478	9.902187380794736e-05
-0.0011900068284120824	-0.00017725205615315431	-0.0007975983672843245	-0.0008963986877239538	0.00011362879377463386	0.01634522769512481	0.0005335410772866478	-0.0006498909208820791
-0.0005035034332800947	7.23855420763364e-05	-0.0004231419699394223	-0.0007715798886092085	0.00036326639200501276	0.01852955667963707	0.0009704068741891447	-2.5796925307464136e-05
-0.0018765102235445141	-0.0004268896543835332	-0.0007975983672843245	-0.0015829020828563856	-0.0006352840009149485	0.018217509681849542	0.000283903479056713	-0.0008371191195546412
-0.0006907316319524348	0.00019720434119152586	-0.00029832317082467696	-0.0010212174868389212	0.0001760381933322286	0.01684450289158468	0.0007831786755168046	0.00028625007248028744
-0.0010027786297401864	-0.00017725205615315431	-0.00023591377126708224	-0.001083626886396516	-0.00019841820401267363	0.013536804715037487	0.0003463128786143077	-0.0006498909208820791
-0.0007531410315100295	-0.0006141178530556513	-0.0008600077668419193	-0.0008963986877239538	-0.00019841820401267363	0.009667421942473498	-0.0001529623178455619	-0.00021302512397980422
-0.0007531410315100295	-0.0004892990539404618	-0.0007351889677271739	-0.0008339892881663591	-0.0001360088044550789	0.0062973143663696	-0.0004650093156328694	-0.0009619379186693866
0.0006198657587546119	-0.00011484265659555959	-0.00048555136949701705	-2.266709391873789e-05	0.00048808519111931403	0.004986716975661887	-2.8143518730372463e-05	-8.820632486505886e-05
-6.663763637759779e-05	-0.00011484265659555959	-0.0004231419699394223	0.0001645611047531581	0.00036326639200501276	0.005173945174334227	-0.00021537171740315664	-0.0005874815213244844
0.0007446845578695793	0.00019720434119152586	-0.0004231419699394223	0.00047660810254068764	0.0009873603875794057	0.007046227161058738	0.000283903479056713	0.0004110688715950328
-0.0001914564354925652	-0.00011484265659555959	-0.0006103701686122065	3.9742305637968656e-05	0.00048808519111931403	0.009979468940261027	-2.8143518730372463e-05	-0.0005250721217668897
-4.228236820003062e-06	7.23855420763364e-05	-0.00048555136949701705	3.9742305637968656e-05	0.0008001321889066215	0.013724032913709827	0.0007207692759592099	0.00016143127336554208
-0.0034991546120393124	-0.0006141178530556513	-0.0019209675593194753	-0.0016453114824139803	-0.0006352840009149485	0.015721133699549528	-0.000777056313420843	-0.0005250721217668897
-0.008429497177080858	-0.001300621248188083	-0.004292524742503412	-0.0028934994735636543	-0.002008290791179812	0.016532455893797593	-0.0027741570992605435	-8.820632486505886e-05
-0.008367087777523707	-0.0013630306477456777	-0.004417343541618601	-0.0035175934691384914	-0.002632384786755093	0.016657274692911894	-0.002836566498817694	-0.0007123003204394518
-0.006931671587701693	-0.0013630306477456777	-0.004354934142061007	-0.003642412268254125	-0.002445156588082309	0.014285717509727514	-0.002649338300145354	3.661247425013059e-05
-0.007618174982833681	-0.002174352841992855	-0.004979028137636288	-0.004079278065155956	-0.0034437069810022702	0.009480193743801157	-0.0037727074921800607	-0.001086756717784576
-0.004622523804074463	-0.0008013460517284354	-0.0035436119478138295	-0.0020821772793164772	-0.0015714249942777592	0.005610810971236724	-0.0021500631036852624	0.00034865947203788217
-0.003998429808499404	-0.0010509836499579261	-0.0035436119478138295	-0.0020821772793164772	-0.0014466061951625697	0.0002436026092926813	-0.0023372913023576025	-0.00046266272220929494
-0.001502053826200056	-0.0007389366521708407	-0.0026698803540090577	-0.0005843516899364243	-0.0003856464026854578	-0.0018783169756622087	-0.0012763315098809347	0.00028625007248028744
-0.0007531410315100295	-0.0004892990539404618	-0.0019209675593194753	-0.00027230469214933883	-0.0001360088044550789	-0.0025648203707941963	-0.0005274187151904641	-0.00046266272220929494
0.0011815503547718542	-0.00023966145571074904	-0.0012968735637446382	3.9742305637968656e-05	0.00048808519111931403	-0.0012542229800864835	0.0005335410772866478	0.00028625007248028744
0.00012059056229518639	-0.0005517084534980565	-0.0010472359655142593	-0.00027230469214933883	-0.00019841820401267363	0.0018038375982298849	0.00040872227817190243	-0.0006498909208820791
0.0007446845578695793	9.97614251962986e-06	-0.0007351889677271739	-8.50764934767767e-05	0.00048808519111931403	0.005922857969023809	0.001344863271534269	0.0004110688715950328
-0.0001290470359351925	-0.0005517084534980565	-0.0007975983672843245	-0.0010212174868389212	-0.0001360088044550789	0.009230556145570779	0.0006583598764020593	-0.0008371191195546412
0.003178651140611999	0.00025961374074889854	0.0006378178225381337	0.0001645611047531581	0.0011121791866945951	0.014160898710612768	0.0022810042648964135	0.00028625007248028744
0.005675027122911569	0.0005716607385364281	0.0023852810101472333	0.0005390175020980603	0.0016738637827118374	0.01671968409246949	0.0034667828564882708	-0.0007123003204394518
0.006361530518044001	0.0008837077363244017	0.0030093750057225144	0.0009758832990007793	0.0021107295796141123	0.01671968409246949	0.0037164204547186497	0.00016143127336554208
0.00561261772335353	0.0003220231403067153	0.0029469656061649196	0.000601426901655655	0.0014242261844816806	0.014410536308842259	0.0031547358587011853	-0.0009619379186693866
0.007609718509193009	0.0010709359349965197	0.004132744197757221	0.0017872054932479564	0.00261000477607376	0.012475844922560375	0.004215695651178297	3.661247425013059e-05
0.006423939917600707	0.0013205735332264545	0.004319972396430005	0.0020368430914778912	0.00261000477607376	0.01016669713893359	0.004028467452506401	-0.00046266272220929494
0.003365879339283895	0.0007588889372092122	0.0027597374074925796	0.0017872054932479564	0.0021107295796141123	0.008731280949111131	0.0029050982604712505	0.00022384067292269272
0.002741785343709058	0.00038443253986431003	0.002198052811474893	0.00103829269855793	0.0017362731822694322	0.009168146746013406	0.002593051262683943	-0.0007747097199972686
0.002679375944151907	0.0006964795376516175	0.002198052811474893	0.0013503396963454595	0.002235548378729302	0.01241343552300278	0.0030923264591435906	0.00022384067292269272
-0.0015644632257572066	9.97614251962986e-06	0.0005129990234229442	-0.00014748589303414938	0.0006753133897920982	0.01515944910353273	0.001968957267109106	-0.0005250721217668897
-0.0003786846341649053	0.00038443253986431003	0.0005129990234229442	-0.0003971234912640842	0.0011121791866945951	0.01790546268406179	0.0024682324635687536	0.00028625007248028744
-0.0012524162279701212	-0.0003020708552678997	-4.8685572594298065e-05	-0.0012084456855112613	5.121939421726118e-05	0.01884160367742438	0.001781729068436766	-0.0007747097199972686
-0.0005035034332800947	-5.2433257037964864e-05	0.0002009520256354147	-0.0008339892881663591	0.0005504945906769088	0.01884160367742438	0.002156185465781446	-8.820632486505886e-05
-0.0006283222323952842	9.97614251962986e-06	0.0002009520256354147	-0.0009588080872815485	0.00036326639200501276	0.015658724299992377	0.0016569102693215765	-0.0005874815213244844
-0.00031627523460731055	9.97614251962986e-06	1.372382696285257e-05	-0.0004595328908216789	0.00048808519111931403	0.011664522728313198	0.0012200444724190795	0.00016143127336554208
-0.0007531410315100295	-0.0004892990539404618	-0.00017350437170948751	-0.000646761089494019	-1.1190005340333542e-05	0.007233455359731078	0.0005959504768440205	-0.000899528519112236
0.0008695033569847688	0.00019720434119152586	0.0003881802243077548	0.00028937990386834755	0.0009873603875794057	0.004737079377431952	0.0012200444724190795	0.00016143127336554208
-0.00031627523460731055	-0.00011484265659555959	1.372382696285257e-05	-2.266709391873789e-05	0.0004256757915617193	0.0039881665827419255	0.0006583598764020593	-0.0006498909208820791
-0.000253865835050604	-0.00011484265659555959	-0.0003607325703818276	0.0001645611047531581	0.0006129039902340594	0.005798039169909508	0.0009704068741891447	0.00022384067292269272
-0.0006907316319524348	-0.00017725205615315431	-0.0003607325703818276	-0.00033471409170693356	0.00036326639200501276	0.008668871549553536	0.00090799747463155	-0.0006498909208820791
-0.0005035034332800947	0.00013479494163437522	-0.00023591377126708224	3.9742305637968656e-05	0.0007377227893492488	0.01303752951857784	0.0014696820706492364	0.00028625007248028744
-0.0011900068284120824	-0.00017725205615315431	-0.0003607325703818276	-0.000646761089494019	0.0001760381933322286	0.015783543099107122	0.0012824538719766743	-0.0006498909208820791
-0.0001914564354925652	-5.2433257037964864e-05	-0.00017350437170948751	-0.0007715798886092085	0.00048808519111931403	0.017156549889371986	0.0015945008697639818	3.661247425013059e-05
-0.001502053826200056	-0.0004268896543835332	-0.00048555136949701705	-0.0012084456855112613	-0.0003856464026854578	0.016407637094682404	0.0008455880750743994	-0.0007123003204394518
0.0003702281605246771	0.0003220231403067153	0.0004505896238653495	-0.00033471409170693356	0.0007377227893492488	0.014597764507514599	0.0015320914702068311	0.00047347827115262753
-0.0006283222323952842	-0.0004892990539404618	-4.8685572594298065e-05	-0.0011460362859541107	-0.0003232370031278631	0.01022910653849074	0.000283903479056713	-0.000899528519112236
-0.000253865835050604	-0.00011484265659555959	1.372382696285257e-05	-0.00027230469214933883	5.121939421726118e-05	0.0073582741588462675	0.00040872227817190243	9.902187380794736e-05
-0.004185658007172188	-0.0008013460517284354	-0.0016713299610890964	-0.0014580832837416402	-0.0010721497978178895	0.0033640725871670885	-0.001401150308995236	-0.0007123003204394518
-0.007181309185931406	-0.0010509836499579261	-0.003668430746929019	-0.0020197678797588825	-0.0016338343938351318	0.0013045624017697932	-0.002836566498817694	0.00028625007248028744
-0.007680584382391276	-0.0015502588464180178	-0.004292524742503412	-0.0023942242771035627	-0.002257928389409747	0.002615159792477506	-0.0031486134966047796	-0.0008371191195546412
-0.006307577592126412	-0.0011133930495155209	-0.0046045717402911635	-0.002144586678874072	-0.0016338343938351318	0.005361173373006789	-0.0023372913023576025	0.00016143127336554208
-0.0073061279850465954	-0.002111943442435482	-0.005603122133210681	-0.0034551840695813407	-0.002819612985426989	0.007171045960173927	-0.0031486134966047796	-0.0009619379186693866
-0.004934570801861771	-0.0009261648508431808	-0.004292524742503412	-0.0020821772793164772	-0.0014466061951625697	0.011290066330967852	-0.0013387409094376412	0.00022384067292269272
-0.004248067406729339	-0.0009885742504003314	-0.003980477744716326	-0.0024566336766611574	-0.0016338343938351318	0.012038979125658322	-0.0013387409094376412	-0.0006498909208820791
-0.0024381948195624226	-0.0008637554512855861	-0.0032939743495838947	-0.0018949490806441371	-0.0010721497978178895	0.011914160326542689	-0.000777056313420843	0.00016143127336554208
-0.0009403692301825917	-0.0006765272526128019	-0.0017961487602042858	-0.0013956738841840455	-0.0006352840009149485	0.010915609933623172	-2.8143518730372463e-05	-0.0006498909208820791
0.0011815503547718542	7.23855420763364e-05	-0.0006103701686122065	-0.0004595328908216789	0.0005504945906769088	0.00898091854734151	0.0008455880750743994	0.00034865947203788217
0.00018299996185233702	-0.0003020708552678997	-0.00048555136949701705	-0.000646761089494019	5.121939421726118e-05	0.006858998962386398	0.000283903479056713	-0.00046266272220929494
0.0006198657587546119	-0.00011484265659555959	-0.0003607325703818276	-0.00014748589303414938	0.00030085699244741804	0.0058604485694662145	0.00047113167772905307	0.00028625007248028744
0.0003078187609670824	-0.0004268896543835332	-0.0006103701686122065	-0.000646761089494019	-7.359940489815031e-05	0.005173945174334227	9.667528038392881e-05	-0.0007747097199972686
0.0038651545357439865	0.00025961374074889854	0.0010122742198828139	0.0006638363012132498	0.0011745885862521899	0.007857549355306359	0.0018441384679943607	0.00016143127336554208
0.006049483520255805	0.0006964795376516175	0.002634918608377612	0.0012879302967878647	0.0018610919813846216	0.01072838173495061	0.0033419640573739695	-0.0004002533226521443
0.006236711718928811	0.0007588889372092122	0.002697328007934985	0.0014127490959028322	0.0022979577782864524	0.011602113328755603	0.003903648653391212	0.00022384067292269272
0.006735986915388681	0.0012581641336688598	0.003945515999084437	0.0019744336919207406	0.00261000477607376	0.01309993891813499	0.0045901520485236436	-0.00021302512397980422
0.0072352621118487725	0.0010709359349965197	0.004195153597314594	0.0019744336919207406	0.002797232974746544	0.01291271071946265	0.0050270178454259185	0.00016143127336554208
0.005362980125123817	0.0007588889372092122	0.003883106599526842	0.0012879302967878647	0.002173138979171707	0.011414885130082597	0.004278105050735892	-0.0006498909208820791
0.003802745136186614	0.0008837077363244017	0.0033838314030669725	0.0014127490959028322	0.0020483201800569617	0.010478744136721119	0.0037788298542760224	0.00022384067292269272
0.0021176913481342208	0.0003220231403067153	0.002884556206606881	0.0007262457007704004	0.0012994073853669352	0.009417784344243563	0.0030923264591435906	-0.0007747097199972686
0.0013063691538870437	9.97614251962986e-06	0.0020732340123597037	0.00022697050431075283	0.0011121791866945951	0.008793690348668726	0.0025306418631263483	-0.00027543452353739895
-0.0014396444266424613	-0.00011484265659555959	0.0013243212176701213	-0.00027230469214933883	0.00036326639200501276	0.009105737346455811	0.0015320914702068311	-0.0008371191195546412
-0.000253865835050604	9.97614251962986e-06	0.0010122742198828139	-0.00020989529259130002	0.0006753133897920982	0.009792240741588687	0.0019065478675510672	9.902187380794736e-05
-0.0006907316319524348	-0.0003020708552678997	0.000575408422980539	-0.0008339892881663591	0.00030085699244741804	0.00991705954070321	0.0015945008697639818	-0.0008371191195546412
-0.0006907316319524348	-0.0003644802548254944	0.0002633614251930094	-0.0005219422903788296	0.00036326639200501276	0.01041633473716308	0.0017193196688791712	-0.00021302512397980422
-0.0011900068284120824	-0.0004268896543835332	-0.00011109497215189279	-0.0007091704890511696	0.00011362879377463386	0.009542603143358308	0.0015320914702068311	-0.0007747097199972686
-0.0005035034332800947	-0.00023966145571074904	-0.0004231419699394223	-0.0004595328908216789	0.0006129039902340594	0.008481643350881418	0.0016569102693215765	3.661247425013059e-05
-0.0006283222323952842	-0.00011484265659555959	0.00013854262607804202	-2.266709391873789e-05	0.0005504945906769088	0.008169596353093445	0.0016569102693215765	-0.0007123003204394518
5.8181162736703484e-05	7.23855420763364e-05	7.61332265204473e-05	0.0001645611047531581	0.0008001321889066215	0.007420683558403862	0.001781729068436766	9.902187380794736e-05
-0.0010027786297401864	-0.0005517084534980565	-0.00011109497215189279	-0.0007091704890511696	5.121939421726118e-05	0.006422133165483901	0.0008455880750743994	-0.0009619379186693866
-0.0006907316319524348	-0.00023966145571074904	0.00013854262607804202	-0.00027230469214933883	0.0001760381933322286	0.007171045960173927	0.0007831786755168046	-0.0001506157244222095
-0.0013148256275272718	-0.0004892990539404618	1.372382696285257e-05	-0.0008339892881663591	-0.00019841820401267363	0.006983817761501587	0.00040872227817190243	-0.0008371191195546412
-0.0006283222323952842	-0.0003020708552678997	0.00013854262607804202	-0.000646761089494019	-1.1190005340333542e-05	0.007171045960173927	0.000283903479056713	-8.820632486505886e-05
-0.0011275974288553758	-0.0005517084534980565	0.0002009520256354147	-0.0008339892881663591	-0.00044805580224260844	0.007295864759289117	-9.055291828841128e-05	-0.000899528519112236
-0.0003786846341649053	-0.0003644802548254944	7.61332265204473e-05	-0.000646761089494019	-0.0001360088044550789	0.006422133165483901	-2.8143518730372463e-05	-8.820632486505886e-05
-0.0007531410315100295	-0.00023966145571074904	0.0002633614251930094	-0.0005219422903788296	-0.00019841820401267363	0.005548401571679129	-9.055291828841128e-05	-0.0005874815213244844
-0.0001914564354925652	-0.0003644802548254944	-4.8685572594298065e-05	-0.00020989529259130002	-1.1190005340333542e-05	0.004861898176546253	0.0001590846799424117	3.661247425013059e-05
-0.0004410940337229441	-0.00023966145571074904	-4.8685572594298065e-05	-0.00033471409170693356	-1.1190005340333542e-05	0.004549851178759168	0.000283903479056713	-0.0006498909208820791
-0.0004410940337229441	9.97614251962986e-06	-0.00023591377126708224	0.0001645611047531581	0.00048808519111931403	0.005361173373006789	0.0007207692759592099	0.00034865947203788217
-0.0052466177996493	-0.0007389366521708407	-0.0022954239566643775	-0.0011460362859541107	-0.0010721497978178895	0.005298763973449416	-0.0010891033112081505	-0.0005874815213244844
-0.007555765583276086	-0.0011758024490726715	-0.004167705943389111	-0.0022694054779883732	-0.0017586531929503213	0.005548401571679129	-0.002274881902800452	9.902187380794736e-05
-0.007805403181506465	-0.0013630306477456777	-0.003980477744716326	-0.002581452475776347	-0.0023203377889673416	0.0073582741588462675	-0.0025869289005879814	-0.0006498909208820791
-0.006931671587701693	-0.0011758024490726715	-0.004105296543831516	-0.002519043076218752	-0.002008290791179812	0.008294415152208634	-0.002212472503242413	0.00016143127336554208
-0.0064323963912416016	-0.001675077645532319	-0.004292524742503412	-0.0033303652704661513	-0.002445156588082309	0.0073582741588462675	-0.002836566498817694	-0.0007747097199972686
-0.004497705004959274	-0.0011133930495155209	-0.00341879314869864	-0.0022694054779883732	-0.0016962437933927266	0.007233455359731078	-0.002025244304570073	0.00022384067292269272
-0.004622523804074463	-0.0012382118486307103	-0.003231564950025856	-0.0023942242771035627	-0.001821062592507472	0.005485992172121978	-0.0019004255054553276	-0.0007123003204394518
-0.0018765102235445141	-0.0006141178530556513	-0.002420242755779123	-0.0014580832837416402	-0.0006352840009149485	0.003863347783626736	-0.0009018751125351443	0.00022384067292269272
-0.0011275974288553758	-0.0010509836499579261	-0.001983376958876626	-0.0013332644846264508	-0.0008849215991455495	0.0029272067902650356	-0.0008394657129775496	-0.0007747097199972686
0.0004950469596398666	-0.0004892990539404618	-0.0012968735637446382	-0.0005219422903788296	-1.1190005340333542e-05	0.0031768443884943043	0.0003463128786143077	3.661247425013059e-05
0.00043263756008227183	-0.0003020708552678997	-0.0007975983672843245	-0.00033471409170693356	0.0002384475928898233	0.0035513007858392065	0.0007207692759592099	-0.0005874815213244844
0.0005574563591970172	7.23855420763364e-05	-0.0005479607690543897	0.00022697050431075283	0.0007377227893492488	0.005610810971236724	0.001157635072861929	0.00022384067292269272
0.00043263756008227183	9.97614251962986e-06	-0.00017350437170948751	-8.50764934767767e-05	0.00048808519111931403	0.007108636560616333	0.0014072726710911976	-0.0004002533226521443
0.004239610933088667	0.0003220231403067153	0.0014491400167853108	0.000601426901655655	0.0014866355840392753	0.009043327946898216	0.0026554606622415378	0.00016143127336554208
0.006174302319371439	0.0006340701380940228	0.003259012603952449	0.0012879302967878647	0.0017986825818265828	0.010853200534065577	0.003654011055161055	-0.0006498909208820791
0.006486349317158302	0.0010709359349965197	0.003695878400854946	0.0015999772945756163	0.002360367177844047	0.01054115353627827	0.0039660580529488065	0.00028625007248028744
0.006174302319371439	0.0004468419394216827	0.003945515999084437	0.0011007020981155247	0.0016738637827118374	0.009043327946898216	0.00340437345693112	-0.0010243473182269813
0.007360080910963518	0.0009461171358811082	0.004819247592889653	0.0019744336919207406	0.0024851859769594586	0.00885609974822632	0.004278105050735892	-2.5796925307464136e-05
0.005300570725566223	0.0007588889372092122	0.004382381795986934	0.001475158495460649	0.001985910780499367	0.0069214083619439926	0.0035916016556034602	-0.0006498909208820791
0.003553107537956679	0.0007588889372092122	0.0034462408026250113	0.0014127490959028322	0.001985910780499367	0.006110086167696593	0.00302991705958644	0.00028625007248028744
0.002679375944151907	0.0004468419394216827	0.0029469656061649196	0.00103829269855793	0.0012994073853669352	0.0069214083619439926	0.002780279461355839	-0.0007123003204394518
0.0009319127565423635	9.97614251962986e-06	0.0014491400167853108	0.0003517893034259423	0.0009873603875794057	0.007295864759289117	0.0022810042648964135	-0.00021302512397980422
-0.001502053826200056	-0.00023966145571074904	0.0002633614251930094	-0.0004595328908216789	0.0001760381933322286	0.007919958754863954	0.0014072726710911976	-0.000899528519112236
-0.0003786846341649053	7.23855420763364e-05	0.000575408422980539	0.00010215170519556338	0.0007377227893492488	0.009605012542915903	0.0020937760662236293	3.661247425013059e-05
-0.0015644632257572066	-0.0006141178530556513	-0.00017350437170948751	-0.0008963986877239538	-7.359940489815031e-05	0.008294415152208634	0.0012824538719766743	-0.0010243473182269813
0.00018299996185233702	7.23855420763364e-05	0.0008250460212100297	3.9742305637968656e-05	0.0008001321889066215	0.00773273055619117	0.002156185465781446	0.00016143127336554208
-0.0007531410315100295	9.97614251962986e-06	0.0007002272220948402	-0.00014748589303414938	0.00036326639200501276	0.005610810971236724	0.0014696820706492364	-0.0005250721217668897
0.00024540936140948766	0.00013479494163437522	0.000762636621652879	3.9742305637968656e-05	0.000924950988021811	0.0033640725871670885	0.0014072726710911976	0.00034865947203788217
-0.0003786846341649053	-0.00011484265659555959	0.0010746836194401865	-0.00014748589303414938	0.0002384475928898233	0.002365522194247127	0.0007831786755168046	-0.0005250721217668897
-0.000253865835050604	-0.00023966145571074904	0.0007002272220948402	-0.00020989529259130002	0.00011362879377463386	0.0011797436026546038	0.0007207692759592099	3.661247425013059e-05
-0.0010651880292977811	-0.0004268896543835332	0.00013854262607804202	-0.0007715798886092085	-1.1190005340333542e-05	0.00155419999999995	0.00022149407949911826	-0.0007123003204394518
-0.0010027786297401864	-0.0003644802548254944	0.0003881802243077548	-0.0004595328908216789	0.0001760381933322286	0.004112985381857115	0.0003463128786143077	-8.820632486505886e-05
-0.001689282024872174	-0.0004892990539404618	-4.8685572594298065e-05	-0.0005843516899364243	-0.0003856464026854578	0.005236354573891822	0.00047113167772905307	-0.0008371191195546412
-0.00031627523460731055	-5.2433257037964864e-05	-0.00011109497215189279	-0.0004595328908216789	0.0004256757915617193	0.005985267368581404	0.00090799747463155	9.902187380794736e-05
-0.0011900068284120824	-0.00023966145571074904	1.372382696285257e-05	-0.00033471409170693356	-1.1190005340333542e-05	0.006983817761501587	0.0007207692759592099	-0.0007123003204394518
-0.000253865835050604	9.97614251962986e-06	0.0002633614251930094	3.9742305637968656e-05	0.00036326639200501276	0.006796589562829025	0.001157635072861929	0.00022384067292269272
-0.0001290470359351925	0.00013479494163437522	0.0006378178225381337	3.9742305637968656e-05	0.00036326639200501276	0.005548401571679129	0.00090799747463155	-0.0004002533226521443
0.00024540936140948766	-5.2433257037964864e-05	0.0005129990234229442	0.00010215170519556338	0.0004256757915617193	0.004612260578317207	0.0007831786755168046	0.00016143127336554208
-0.0006907316319524348	-0.0004892990539404618	0.0004505896238653495	-0.00033471409170693356	-7.359940489815031e-05	0.003863347783626736	0.0003463128786143077	-0.0007123003204394518
-0.00031627523460731055	7.23855420763364e-05	0.000575408422980539	-2.266709391873789e-05	0.00030085699244741804	0.003925757183184775	0.0003463128786143077	0.00028625007248028744
-0.006245168192568817	-0.0012382118486307103	-0.0020457863584337765	-0.0019573584802012878	-0.0019458813916222173	0.002802387991149402	-0.002274881902800452	-0.0008371191195546412
-0.007618174982833681	-0.0009885742504003314	-0.0031691555504691493	-0.0022069960784307785	-0.001821062592507472	0.0031144349889371536	-0.0027741570992605435	0.00034865947203788217
-0.007805403181506465	-0.001487849446860423	-0.003918068345159176	-0.003018318272678844	-0.0025699753871974984	0.0029272067902650356	-0.0034606604943927533	-0.0005874815213244844
-0.006245168192568817	-0.0006765272526128019	-0.003668430746929019	-0.0018949490806441371	-0.0017586531929503213	0.0039881665827419255	-0.002462110101472792	0.0005358876707102223
-0.006369986991684007	-0.0012382118486307103	-0.004292524742503412	-0.002519043076218752	-0.0021331095902950015	0.002427931593804722	-0.0027117476997025047	-0.00046266272220929494
-0.0047473426031892085	-0.001300621248188083	-0.004417343541618601	-0.0022069960784307785	-0.0017586531929503213	0.0014293812008852047	-0.0023372913023576025	9.902187380794736e-05
-0.0038736110093839926	-0.0009261648508431808	-0.00341879314869864	-0.0014580832837416402	-0.0014466061951625697	0.0018662469977874796	-0.0015883785076680201	-0.0005250721217668897
-0.0020637384222172983	-0.0007389366521708407	-0.0028571085526813977	-0.001083626886396516	-0.0006352840009149485	0.0013045624017697932	-0.0009018751125351443	0.00022384067292269272
-0.0001290470359351925	-0.0006141178530556513	-0.0014841017624169783	-0.0007091704890511696	-0.0003856464026854578	0.002240703395132382	-0.0001529623178455619	-0.0005874815213244844
