Sensor_1	Sensor_2	Sensor_3	Sensor_4	Sensor_5	Sensor_6	Sensor_7	Sensor_8
0.00010090975814436298	-0.0004802840161741706	-0.0005889294193941463	-0.00048770761425132036	-0.00012626045624486437	0.0014250250247960228	-0.0003427867475394031	-0.0008237853513384241
0.0009122319523919842	-0.00035546521705986933	-0.0008385670176245252	0.00032361457999541265	0.0005602429388880115	0.0010505686274508985	-9.314914930946827e-05	-0.0002621007553216259
0.00035054735637451984	-0.0004178746166165759	-0.0011506140154120548	0.00032361457999541265	0.0004978335393304167	0.001362615625238428	-0.00028037734798180836	-0.0008861947508964629
0.001161869550622141	-0.0001682370183873072	-0.0010257952162968653	0.0005732521782253475	0.0009346993362326916	0.002173937819485605	3.1669649805499134e-05	-1.2463157091691102e-05
-0.00046077483787354545	-0.00060510281528936	-0.0011506140154120548	-0.0001132512169066402	-0.00025107925535916564	0.0025483942168305074	-0.0004051961470961096	-0.0010110135500112083
-0.0002735466392007613	-0.0001682370183873072	-0.0005889294193941463	-5.084181734904547e-05	-1.4416571296749225e-06	0.004046219806210116	0.00028130724803587803	-1.2463157091691102e-05
-0.0014593252307928406	-0.0004802840161741706	-0.00033929182116443357	-0.0009245734111542614	-0.0009999920500491921	0.0044206762035552405	-0.00021796794842421363	-0.0007613759517817176
-0.0008976406347751542	-4.341821927189571e-05	0.00034721157396777613	-0.0006749358129238825	-0.0006879450522616626	0.005294407797360456	0.0004061260471506234	0.0002371744411382437
-0.0017713722285803701	-0.0004178746166165759	0.0002848021744101814	-0.001423848607614131	-0.0013744484473940943	0.004670313801785175	-9.314914930946827e-05	-0.0007613759517817176
-0.0007104124361028141	-0.0002930558175018305	0.00040962097352537086	-0.000986982810711412	-0.0007503544518192573	0.0044206762035552405	0.0002188978484782833	-1.2463157091691102e-05
-0.0013345064316778732	-0.00060510281528936	-0.0001520636224920935	-0.001236620408941791	-0.0011872202487215322	0.0031724882124053444	-0.0004051961470961096	-0.0010110135500112083
-2.3909040970382378e-05	-0.0004178746166165759	-0.0005265200198369957	-0.0005501170138093592	-6.385105668726965e-05	0.0024859848172733567	-0.0001555585488666189	-0.00013728195620643646
-0.00021113723964316655	-0.0006675122148469548	-0.0008385670176245252	-0.00048770761425132036	-0.00018866985580157092	0.0015498438239107681	-0.0005300149462117432	-0.0009486041504536136
-0.0005855936369878467	-0.0007923310139617001	-0.0016498892118717023	-0.00023807001602182964	6.096774242747571e-05	0.0009257498283361532	-0.000779652544441678	-0.00032451015487877655
-0.005079070405126673	-0.0013540156099793865	-0.004021446395056527	-0.0014862580071715037	-0.0013120390478367217	-0.0006968945601586451	-0.0029639815289537186	-0.001073422949568803
-0.008012312184329629	-0.0021653378042270077	-0.005956137781338189	-0.002484808400091465	-0.0025602270389863957	-0.0019450825513083192	-0.004711444716563262	-0.0005741477531093775
-0.009010862577249146	-0.0021653378042270077	-0.0058313189822234435	-0.002859264797436145	-0.0033091398336768663	-0.0011961697566187368	-0.004773854116120635	-0.0013230605477989599
-0.008948453177691107	-0.0019781096055542235	-0.005768909582665627	-0.0031713117952234526	-0.0033091398336768663	-0.0003848475623715597	-0.004649035317006112	-0.0005741477531093775
-0.009510137773708793	-0.002102928404668525	-0.005269634386205757	-0.0036081775921261716	-0.003933233829251703	0.0004888840314332121	-0.004524216517891366	-0.0011358323491263977
-0.008511587380789054	-0.002102928404668525	-0.005019996787976044	-0.003732996391240917	-0.0038708244296936645	0.0011129780270084932	-0.004087350720988203	-0.0005741477531093775
-0.007825083985656844	-0.0020405190051118183	-0.004520721591516175	-0.003732996391240917	-0.003746005630578919	0.0014874344243531734	-0.0038377131227589345	-0.0013854699473565546
-0.005016661005569523	-0.0015412438086517266	-0.003210124200808906	-0.002484808400091465	-0.0026226364385444345	0.0021115284199284545	-0.0025895251316085943	-0.0005741477531093775
-0.0033316072175175737	-0.0015412438086517266	-0.0026484396047914416	-0.002047942603188968	-0.002060951842526526	0.00204911902037086	-0.0019654311360337573	-0.0014478793469137052
-0.0012096876325626837	-0.001041968612191857	-0.0022739832074465394	-0.001236620408941791	-0.0007503544518192573	0.0018618908216980756	-0.0012789277409017696	-0.0005117383535517828
-0.0014593252307928406	-0.0012916062104217918	-0.0022739832074465394	-0.0010493922102690068	-0.001062401449607231	0.0009881592278933038	-0.0015909747386890771	-0.0014478793469137052
-0.000523184237430252	-0.0009171498130766675	-0.0020867550087741993	-0.0003628888151370191	-0.00018866985580157092	0.0017370720225833303	-0.0008420619439992727	-0.00044932895399418804
-0.00021113723964316655	-0.0011043780117490076	-0.0018371174105444865	-0.0006749358129238825	-0.00031348865491676037	0.0019243002212556704	-0.0010292901426713907	-0.0013854699473565546
0.004032701930266391	-0.00010582761882949043	0.0006592585717555277	0.0010101179751280664	0.001059518135347659	0.004545495002669986	0.0014670858396277353	-0.00032451015487877655
0.005904983916990458	0.0002686287785154118	0.0025315405584798167	0.0010725273746854391	0.0014339745326927833	0.006542595788509686	0.0029025020294497494	-0.0011358323491263977
0.00640425911345055	0.00039344757763060123	0.003155634554055098	0.0010101179751280664	0.0015587933318075287	0.007728374380101988	0.0035265960250245865	-0.00038691955443637127
0.005842574517433752	0.00014380997940022233	0.00371731915007234	0.0005108427786681968	0.0008098805371183904	0.00822764957656208	0.00346418662546788	-0.0014478793469137052
0.006778715510795674	0.00045585697718819596	0.004216594346532654	0.0005732521782253475	0.0011843369344628485	0.008414877775234864	0.004025871221485122	-0.0006365571526665281
0.005405708720530811	1.8991180285476972e-05	0.0039045473487446802	0.00013638638132307257	0.0005602429388880115	0.0071666897840847454	0.003214549027237501	-0.0014478793469137052
0.0044071583276108495	8.14005798430717e-05	0.0027811781567101956	0.00026120518043781793	0.0006850617380027568	0.005419226596474758	0.0025280456321050693	-0.0005741477531093775
0.004032701930266391	-0.00010582761882949043	0.0021570841611351366	0.00032361457999541265	0.0007474711375603516	0.003858991607537554	0.001966361036087827	-0.0011982417486837704
0.003471017334248927	0.00020621937895781706	0.0010337149690997638	0.0007604803768976875	0.0013715651331351886	0.0022987566186003505	0.0014046764400705847	-0.00013728195620643646
0.0010994601510641022	-0.0004802840161741706	-0.00040170122072180625	0.00032361457999541265	0.0004978335393304167	0.0006761122301055522	-3.0739749751873546e-05	-0.001073422949568803
0.0018483729457541287	1.8991180285476972e-05	-0.0007137482185093358	0.0010725273746854391	0.001309155733578038	0.0014250250247960228	0.0005309448462653688	-7.487255664928583e-05
0.0008498225528339454	-0.00035546521705986933	-0.0007137482185093358	0.0005108427786681968	0.0006226523384456062	0.002173937819485605	9.407904936353795e-05	-0.0008237853513384241
0.0009122319523919842	-4.341821927189571e-05	-0.00040170122072180625	0.0005108427786681968	0.0006226523384456062	0.004046219806210116	0.0005933542458234076	4.994624246590362e-05
-0.000523184237430252	-0.0002930558175018305	-0.00033929182116443357	-0.00048770761425132036	-0.00025107925535916564	0.005544045395589947	0.0004061260471506234	-0.0007613759517817176
-0.00014872784008557183	0.00020621937895781706	0.0004720303730829656	-0.0004252982146946138	-0.00018866985580157092	0.009288609369039635	0.0020911798352030164	0.00029958384069583843
-0.0017713722285803701	-0.00035546521705986933	0.0002848021744101814	-0.0016110768062866931	-0.0014992672465092838	0.013470039139390932	0.0020287704356454217	-0.0008237853513384241
-0.0008976406347751542	-0.0002930558175018305	-2.7244823376904037e-05	-0.0019231238040742227	-0.0011248108491648257	0.013719676737620867	0.0018415422369726375	-0.00013728195620643646
-0.0021458286259250503	-0.0004802840161741706	9.757397573828541e-05	-0.0016110768062866931	-0.0014992672465092838	0.01478063653009798	0.0025280456321050693	-0.0009486041504536136
-0.0008976406347751542	-0.0005426934157317653	-0.0009009764171816759	-0.001423848607614131	-0.0007503544518192573	0.013033173342488436	0.0020911798352030164	-0.0002621007553216259
-0.0006480030365454414	-0.0007299216144041054	-0.0015874798123141076	-0.0013614392080565363	-0.0004383074540319498	0.009226199969481597	0.0007805824444957477	-0.001073422949568803
0.0008498225528339454	-0.00035546521705986933	-0.0014002516136417675	0.00013638638132307257	0.0007474711375603516	0.005169588998245267	0.0011550388418406499	-0.00013728195620643646
-0.00021113723964316655	-0.00060510281528936	-0.0016498892118717023	0.00038602397955345147	0.0005602429388880115	0.0033597164110776845	0.0006557636453805582	-0.0010110135500112083
0.0007250037537192	-0.0002930558175018305	-0.0018371174105444865	0.0006980709773405369	0.0011843369344628485	0.004795132600900365	0.0010302200427254604	-0.00013728195620643646
0.00010090975814436298	-0.00060510281528936	-0.001712298611428853	1.1567582208105165e-05	0.0003730147402152273	0.007416327382314902	0.0012174482413982446	-0.0009486041504536136
-0.00021113723964316655	-0.00035546521705986933	-0.001088204615854238	-0.00030047941557942437	0.00012337714198551453	0.011348119554436487	0.002340817433432729	-0.00013728195620643646
-0.0018961910276951155	-0.000854740413519739	-0.0011506140154120548	-0.0016734862058438438	-0.0011248108491648257	0.013594857938506122	0.002403226832990324	-0.0011358323491263977
-0.002457875623712802	-0.0007299216144041054	-0.0011506140154120548	-0.0019855332036313733	-0.0016240860456244732	0.014718227130540829	0.0024656362325479186	-0.00032451015487877655
-0.00813713098344393	-0.0019157002059966288	-0.003834218196383743	-0.004107452788586707	-0.0038708244296936645	0.012034622949568918	-0.00028037734798180836	-0.0012606511482415872
-0.008948453177691107	-0.0017908814068818835	-0.00483276858930326	-0.003982633989471074	-0.003558777431906135	0.009163790569924446	-0.001216518341344175	-0.00032451015487877655
-0.008573996780346427	-0.0017908814068818835	-0.004895177988860855	-0.003358539993896237	-0.0032467304341188274	0.005544045395589947	-0.0017157935378038225	-0.0009486041504536136
-0.008074721583886335	-0.0017284720073242887	-0.0058313189822234435	-0.0027968553978789945	-0.002497817639428801	0.0019243002212556704	-0.002464706332493849	-0.00013728195620643646
-0.007825083985656844	-0.001853290806439034	-0.006018547180896228	-0.002484808400091465	-0.0022481800411993103	-0.00044725696192871034	-0.003088800328068464	-0.0008861947508964629
-0.006639305394063877	-0.0017284720073242887	-0.005644090783550881	-0.0016110768062866931	-0.0015616766460664344	0.004358266803997202	-0.0025895251316085943	-0.00032451015487877655
-0.005703164400701954	-0.001666062607766916	-0.005644090783550881	-0.0019855332036313733	-0.0016864954451816239	0.008477287174792458	-0.0020902499351489467	-0.0010110135500112083
-0.0033940166170747244	-0.0009795592126342623	-0.004395902792401429	-0.0014862580071715037	-0.0007503544518192573	0.01478063653009798	-0.00021796794842421363	4.994624246590362e-05
-0.0029571508201726715	-0.0011043780117490076	-0.003147714801251311	-0.0016734862058438438	-0.001249629648279127	0.02152085168230733	0.0010302200427254604	-0.001073422949568803
-0.002021009826810305	-0.0007299216144041054	-0.0028356678034642258	-0.0019231238040742227	-0.001062401449607231	0.026825650644693555	0.0020911798352030164	-0.0001996913557640312
-0.0019586004272527102	-0.0006675122148469548	-0.00214916440833135	-0.00223517080186153	-0.001249629648279127	0.029634073624780433	0.0024656362325479186	-0.0007613759517817176
-0.0012096876325626837	-0.0004802840161741706	-0.0016498892118717023	-0.0017983050049590332	-0.0006879450522616626	0.029696483024338027	0.0029649114290077883	-1.2463157091691102e-05
-0.0008976406347751542	-0.0007299216144041054	-0.0015874798123141076	-0.0021103520027465628	-0.0008751732509344468	0.027324925841153203	0.002340817433432729	-0.001073422949568803
0.004032701930266391	-4.341821927189571e-05	0.0004720303730829656	-0.00030047941557942437	0.001059518135347659	0.025203006256198757	0.0039010524223699328	-0.00032451015487877655
0.006466668513008367	0.00014380997940022233	0.0019698559624625744	0.0006980709773405369	0.001933249729152875	0.020834348287174898	0.004462737018387397	-0.0011982417486837704
0.007527628305485701	0.0005806757763029413	0.0024067217593650714	0.0016966213702604982	0.002931800122072392	0.017152193713282804	0.004774784016174927	-0.0001996913557640312
0.007714856504158041	0.00039344757763060123	0.002718768757152601	0.0018214401693754656	0.002806981322957647	0.015591958724345156	0.0045875558175021425	-0.001073422949568803
0.008713406897078002	0.0008303133745326541	0.0032180439536126926	0.002383124765392486	0.0032438471198594776	0.01777628770885764	0.0056485156099799205	-0.00013728195620643646
0.00690353430991042	0.0007679039749755034	0.0029684063553827578	0.0015093931715881581	0.0026821625238424573	0.021083985885404388	0.00539887801174932	-0.0006989665522241229
0.0048440241245135685	0.0005182663767449025	0.002032265362019947	0.000885299176012877	0.0018084309300374635	0.02457891226062414	0.004774784016174927	-7.487255664928583e-05
0.0037830643320360124	0.0002686287785154118	0.002032265362019947	7.397698176547784e-05	0.0011219275349052538	0.027449744640268392	0.00489960281528945	-0.0008861947508964629
0.0015363259479663771	8.14005798430717e-05	0.0008464867704278678	-0.000799754612039516	0.0005602429388880115	0.02657601304646362	0.0039634618219275275	-1.2463157091691102e-05
-0.000523184237430252	-0.0005426934157317653	0.0004720303730829656	-0.0015486674067290984	-0.0007503544518192573	0.022519402075226846	0.0025280456321050693	-0.001073422949568803
0.0001633191577019577	-0.0004178746166165759	0.00015998337529499196	-0.0009245734111542614	-0.00025107925535916564	0.017339421911955144	0.002403226832990324	-0.00013728195620643646
0.0006625943541616053	-0.00010582761882949043	0.00022239277485303077	-0.0006125264133667319	0.0004978335393304167	0.011036072556648957	0.0019039516365302322	-0.0007613759517817176
0.0015363259479663771	-0.0001682370183873072	0.00034721157396777613	0.00032361457999541265	0.0009971087357902864	0.0067298239871820265	0.0018415422369726375	-7.487255664928583e-05
-2.3909040970382378e-05	-0.0004178746166165759	-0.0001520636224920935	0.00013638638132307257	0.000435424139772822	0.005107179598687672	0.0012174482413982446	-0.0007613759517817176
0.0010370507515065075	1.8991180285476972e-05	-8.965422293449876e-05	0.0001987957808806673	0.0008722899366750969	0.005606454795147542	0.0016543140383005195	0.00011235564202349835
-0.00039836543831506255	-0.0006675122148469548	-0.00040170122072180625	-0.0006749358129238825	-0.00031348865491676037	0.007603555580987242	0.0010926294422830551	-0.001073422949568803
-0.00039836543831506255	-0.0004178746166165759	-0.0006513388189517411	-0.0006749358129238825	-0.00018866985580157092	0.011597757152666421	0.001529495239185108	-0.0001996913557640312
-0.000960050034333193	-0.0007923310139617001	-0.0014002516136417675	-0.0012990298084989416	-0.0005631262531469172	0.014905455329213169	0.0011550388418406499	-0.0011358323491263977
-0.0003359560387579119	-0.0004178746166165759	-0.0012754328145270222	-0.0004252982146946138	6.096774242747571e-05	0.01971097909513997	0.0019039516365302322	-0.0001996913557640312
-0.0019586004272527102	-0.001041968612191857	-0.0022115738078889446	-0.0016734862058438438	-0.0008751732509344468	0.02314349607080124	0.0012798576409558393	-0.0013230605477989599
-0.0007104124361028141	-0.0004178746166165759	-0.0014626610131993623	-0.000986982810711412	0.00012337714198551453	0.027200107042038457	0.002403226832990324	-0.0001996913557640312
-0.0017089628290223313	-0.0007923310139617001	-0.0016498892118717023	-0.0017358956054018826	-0.0008751732509344468	0.028947570229648445	0.0018415422369726375	-0.001073422949568803
-0.0005855936369878467	-0.0004178746166165759	-0.0012130234149694274	-0.0012990298084989416	-0.00018866985580157092	0.029446845426108537	0.0025280456321050693	-0.00013728195620643646
-0.0012720970321202785	-0.00060510281528936	-0.0011506140154120548	-0.0017983050049590332	-0.000625535652704734	0.027075288242924156	0.0018415422369726375	-0.0008861947508964629
-8.63184405279771e-05	-0.0001682370183873072	-0.0008385670176245252	-0.000799754612039516	0.00012337714198551453	0.023954818265049305	0.002340817433432729	0.00017476504158109307
-0.0005855936369878467	-0.0005426934157317653	-0.001088204615854238	-0.0011742110093837521	-0.00018866985580157092	0.01896206630044972	0.0014670858396277353	-0.0008861947508964629
-0.0012720970321202785	-0.00060510281528936	-0.0018371174105444865	-0.0009245734111542614	-0.00012626045624486437	0.014593408331425639	0.0007181730449381529	-0.0001996913557640312
-0.007013761791409445	-0.001666062607766916	-0.004458312191959024	-0.002484808400091465	-0.0021857706416417155	0.010162340962843963	-0.002027840535591352	-0.0011358323491263977
-0.007887493385213995	-0.0017908814068818835	-0.005706500183108476	-0.002859264797436145	-0.0023729988403140556	0.008789334172579322	-0.0027767533302809344	-0.00032451015487877655
-0.008511587380789054	-0.001853290806439034	-0.005706500183108476	-0.0029840835965513346	-0.002685045838101585	0.010474387960632159	-0.002901572129396124	-0.0010110135500112083
-0.008698815579461616	-0.0016036532082088772	-0.005893728381781038	-0.0027344459983209557	-0.0026226364385444345	0.014156542534523142	-0.0024022969329362542	-7.487255664928583e-05
-0.008948453177691107	-0.0017908814068818835	-0.006018547180896228	-0.0034833587930114263	-0.0028722740367739252	0.01746424071107011	-0.002277478133821287	-0.0008861947508964629
-0.006389667795834386	-0.0012291968108646412	-0.00483276858930326	-0.0026096271992066544	-0.0018113142442968133	0.021770489280537264	-0.0008420619439992727	4.994624246590362e-05
-0.006639305394063877	-0.0016036532082088772	-0.00483276858930326	-0.003108902395666524	-0.0023729988403140556	0.0241420464637212	-0.0006548337453269326	-0.0009486041504536136
-0.003269197817959979	-0.0009171498130766675	-0.003646989997711403	-0.0023599896009767196	-0.001062401449607231	0.02545264385442847	0.0009054012436107151	-7.487255664928583e-05
-0.0020834192263674556	-0.001041968612191857	-0.0024612114061193235	-0.002047942603188968	-0.001062401449607231	0.024828549858854077	0.0013422670405125459	-0.0009486041504536136
-0.0008352312352175595	-0.0005426934157317653	-0.00196193620965901	-0.001423848607614131	-0.0003758980544743551	0.02339313366903162	0.0020287704356454217	-0.0001996913557640312
-0.0012096876325626837	-0.000854740413519739	-0.0020867550087741993	-0.0017983050049590332	-0.0006879450522616626	0.01989820729381253	0.0014046764400705847	-0.0010110135500112083
-2.3909040970382378e-05	-0.0005426934157317653	-0.001525070412756957	-0.0009245734111542614	-6.385105668726965e-05	0.01796351590752998	0.0016543140383005195	-0.00013728195620643646
0.0005377755550464158	-0.00035546521705986933	-0.0007137482185093358	-0.0004252982146946138	0.00018578654154266516	0.01746424071107011	0.0020911798352030164	-0.0008237853513384241
0.005031252323186131	0.00045585697718819596	0.0013457619668879595	0.0009477085755702497	0.0020580685282671762	0.0192117038986801	0.004213099420157018	4.994624246590362e-05
0.006653896711680929	0.000643085175860314	0.0028435875562671242	0.0014469837720301193	0.002307706126497555	0.021333623483634545	0.005336468612192169	-0.0008237853513384241
0.00709076250858276	0.0008927227740902488	0.0030308157549399084	0.0015718025711453087	0.002806981322957647	0.023330724269474024	0.005835743808652261	4.994624246590362e-05
0.0071531719081407985	0.0008927227740902488	0.0034052721522845886	0.001322164972915374	0.0026197531242850847	0.024641321660181292	0.005960562607767006	-0.0006365571526665281
0.008276541100175283	0.0010175415732054383	0.00402936614785987	0.0018838495689326162	0.0030566189211871375	0.02570228145265885	0.006647066002899882	-1.2463157091691102e-05
0.006217030914778432	0.0007679039749755034	0.003342862752726994	0.0009477085755702497	0.002120477927825215	0.023705180666819148	0.005523696810864731	-0.0006989665522241229
0.004968842923628536	0.0005182663767449025	0.002469131158922666	0.0004484333791106021	0.0018084309300374635	0.020335073090714806	0.004525146417944548	-1.2463157091691102e-05
0.004344748928053699	0.0005806757763029413	0.0027811781567101956	0.0008228897764552823	0.001496383932250378	0.01771387830930049	0.004150690020599868	-0.0005117383535517828
0.001973191744869318	0.0007679039749755034	0.0014081713664455542	0.0005732521782253475	0.0012467463340199991	0.013532448538948527	0.0029649114290077883	0.00048681203936840056
0.0007250037537192	-4.341821927189571e-05	0.0006592585717555277	-0.00030047941557942437	0.0005602429388880115	0.010287159761959153	0.0018415422369726375	-0.00044932895399418804
0.0015363259479663771	0.0005806757763029413	0.0010337149690997638	0.000885299176012877	0.0012467463340199991	0.011160891355764146	0.0024656362325479186	0.00042440263981080584
0.00010090975814436298	-0.0001682370183873072	0.00022239277485303077	1.1567582208105165e-05	0.0005602429388880115	0.01284594514381654	0.001966361036087827	-0.0005117383535517828
0.0009746413519495789	0.00020621937895781706	9.757397573828541e-05	0.0001987957808806673	0.0009971087357902864	0.016652918516822934	0.0027152738307778534	0.00029958384069583843
-0.000523184237430252	-0.0001682370183873072	-0.00040170122072180625	-0.00048770761425132036	0.00018578654154266516	0.020834348287174898	0.0024656362325479186	-0.00044932895399418804
0.0002257285572593304	0.00020621937895781706	-0.00027688242160683885	-0.00023807001602182964	0.0008098805371183904	0.025515053253986508	0.0035265960250245865	0.00029958384069583843
-0.000523184237430252	-0.0001682370183873072	-0.0006513388189517411	-0.0010493922102690068	0.00012337714198551453	0.02757456343938336	0.003276958426795318	-0.0005117383535517828
0.0001633191577019577	0.00020621937895781706	-0.000464110620279401	-0.00030047941557942437	0.0007474711375603516	0.029197207827878158	0.0037138242236973706	0.00048681203936840056
-0.000960050034333193	-0.0004178746166165759	-0.001088204615854238	-0.001423848607614131	-0.00012626045624486437	0.027262516441596052	0.002840092629892599	-0.0007613759517817176
-2.3909040970382378e-05	-4.341821927189571e-05	-0.000464110620279401	-0.0007373452124819213	0.0004978335393304167	0.025327825055313724	0.003214549027237501	0.00017476504158109307
-0.0008976406347751542	-0.00035546521705986933	-0.0006513388189517411	-0.0009245734111542614	-1.4416571296749225e-06	0.022020126878766755	0.002340817433432729	-0.0005117383535517828
0.00010090975814436298	8.14005798430717e-05	-0.00033929182116443357	-0.0006125264133667319	0.0008098805371183904	0.018587609903105262	0.002590455031662664	0.00029958384069583843
-0.0002735466392007613	-0.0002930558175018305	-0.00021447302204924412	-0.0006749358129238825	0.0003730147402152273	0.015841596322575757	0.0019039516365302322	-0.0005741477531093775
-0.00021113723964316655	-0.00023064641794467988	-0.00027688242160683885	-0.00023807001602182964	0.000435424139772822	0.014406180132753299	0.001966361036087827	-1.2463157091691102e-05
-0.0005855936369878467	-0.00023064641794467988	-0.0005265200198369957	-0.0005501170138093592	0.0003730147402152273	0.013220401541160776	0.001529495239185108	-0.0006365571526665281
-0.00039836543831506255	-0.0006675122148469548	-0.0009633858167392706	-0.0005501170138093592	0.00018578654154266516	0.013594857938506122	0.001529495239185108	-0.0002621007553216259
-0.0007728218356608529	-0.0004178746166165759	-0.0006513388189517411	-0.00048770761425132036	6.096774242747571e-05	0.01540473052567326	0.0017791328374154869	-0.0006989665522241229
-0.0018337816281375208	-0.0001682370183873072	-0.0014002516136417675	-0.0006749358129238825	6.096774242747571e-05	0.016465690318150372	0.0015919046387429248	0.0002371744411382437
-0.007575446387426243	-0.0014164250095365372	-0.0041462651941712725	-0.002672036598763361	-0.0023729988403140556	0.01552954932478845	-0.001403746540016071	-0.0007613759517817176
-0.008074721583886335	-0.0013540156099793865	-0.00483276858930326	-0.002859264797436145	-0.002310589440756905	0.015591958724345156	-0.0017157935378038225	0.00011235564202349835
-0.008698815579461616	-0.0016036532082088772	-0.00483276858930326	-0.003358539993896237	-0.0028722740367739252	0.014843045929656018	-0.0021526593347065415	-0.0006365571526665281
-0.008324359182116714	-0.0016036532082088772	-0.00495758738841845	-0.0030464929961089293	-0.0027474552376587358	0.013906904936293207	-0.0023398875333788816	-1.2463157091691102e-05
-0.008573996780346427	-0.0017284720073242887	-0.004895177988860855	-0.0032337211947810474	-0.0028722740367739252	0.012284260547798853	-0.0025271157320514437	-0.0006989665522241229
-0.006327258396276791	-0.0014788344090941319	-0.004395902792401429	-0.0027344459983209557	-0.0019985424429691534	0.011036072556648957	-0.0017157935378038225	-1.2463157091691102e-05
-0.005765573800259549	-0.0014788344090941319	-0.003834218196383743	-0.0024223990005338703	-0.002060951842526526	0.010973663157091584	-0.001403746540016071	-0.0008237853513384241
-0.0033316072175175737	-0.001041968612191857	-0.003210124200808906	-0.0016110768062866931	-0.0011248108491648257	0.012034622949568918	-3.0739749751873546e-05	-0.00013728195620643646
-0.0020834192263674556	-0.0011043780117490076	-0.002586030205233625	-0.0016734862058438438	-0.0008751732509344468	0.013157992141603625	0.0006557636453805582	-0.0011358323491263977
-0.0008352312352175595	-0.0006675122148469548	-0.0017747080109862257	-0.000799754612039516	-0.00018866985580157092	0.015966415121690947	0.0018415422369726375	-7.487255664928583e-05
-0.0012096876325626837	-0.000854740413519739	-0.001712298611428853	-0.001236620408941791	-0.00025107925535916564	0.01740183131151274	0.001966361036087827	-0.0009486041504536136
-0.0006480030365454414	-0.0007299216144041054	-0.001712298611428853	-0.0011742110093837521	-0.00012626045624486437	0.018400381704432478	0.0020287704356454217	-0.0001996913557640312
0.0004753661554897093	-0.0005426934157317653	-0.00040170122072180625	-0.000799754612039516	0.00012337714198551453	0.01971097909513997	0.0026528644312198146	-0.0007613759517817176
0.00515607112230132	0.00014380997940022233	0.0017826277637902344	0.0001987957808806673	0.0016212027313651234	0.009787884565499283	0.004337918219272652	-0.0001996913557640312
0.0054681181200884055	0.00039344757763060123	0.0035925003509573727	0.0011349367742430339	0.0016836121309227181	0.023829999465934115	0.005835743808652261	-0.001073422949568803
0.007340400106813361	0.0008927227740902488	0.0038421379491870855	0.0011973461738006286	0.00237011552605515	0.018525200503547667	0.00539887801174932	4.994624246590362e-05
0.00709076250858276	0.000643085175860314	0.00402936614785987	0.0010725273746854391	0.0020580685282671762	0.015030274128328358	0.005149240413519829	-0.0008861947508964629
0.00802690350194557	0.0005806757763029413	0.004216594346532654	0.0015093931715881581	0.0024325249256123005	0.013345220340276409	0.005149240413519829	-0.00044932895399418804
0.005405708720530811	0.0003310381780730065	0.0034676815518421833	0.0011349367742430339	0.001496383932250378	0.011410528953993637	0.004213099420157018	-0.0010110135500112083
0.0048440241245135685	0.00020621937895781706	0.0022194935606927313	0.0010101179751280664	0.0016212027313651234	0.010037522163729218	0.0037138242236973706	-0.00038691955443637127
0.004095111329823542	-0.00010582761882949043	0.0019074465629049797	0.0005732521782253475	0.0011843369344628485	0.0107864349584188	0.00346418662546788	-0.0011982417486837704
0.0007250037537192	-0.00010582761882949043	0.0005344397726403383	0.00026120518043781793	0.0005602429388880115	0.013407629739833338	0.002777683230335448	-0.0001996913557640312
-0.00021113723964316655	-0.00060510281528936	-0.0001520636224920935	-0.000799754612039516	-0.00012626045624486437	0.015467139925230855	0.0022784080338753565	-0.0011982417486837704
0.0004753661554897093	-0.0002930558175018305	0.00015998337529499196	-0.0004252982146946138	0.0003730147402152273	0.01896206630044972	0.003027320828564939	-0.0002621007553216259
-0.000523184237430252	-0.0004802840161741706	0.00022239277485303077	-0.0008621640115966667	-6.385105668726965e-05	0.021146395284961983	0.003027320828564939	-0.0008861947508964629
0.00035054735637451984	-0.0002930558175018305	0.00034721157396777613	-0.0009245734111542614	0.0004978335393304167	0.021083985885404388	0.003401777225910285	-0.00013728195620643646
-0.0005855936369878467	-0.00035546521705986933	0.000596849172198155	-0.0010493922102690068	-0.00012626045624486437	0.01989820729381253	0.0033393678263526905	-0.0008861947508964629
-2.3909040970382378e-05	-0.00060510281528936	0.0002848021744101814	-0.000986982810711412	6.096774242747571e-05	0.01752665011062815	0.002777683230335448	-0.00032451015487877655
-0.00014872784008557183	-0.00010582761882949043	0.000596849172198155	-0.0005501170138093592	0.0003106053406582987	0.015217502327000476	0.002777683230335448	-0.0007613759517817176
0.00010090975814436298	-0.0001682370183873072	0.00034721157396777613	-0.0003628888151370191	0.000435424139772822	0.01284594514381654	0.002590455031662664	4.994624246590362e-05
-0.000523184237430252	-0.0002930558175018305	0.00034721157396777613	-0.00048770761425132036	0.00018578654154266516	0.011410528953993637	0.002153589234760611	-0.0006365571526665281
-0.0002735466392007613	-0.00035546521705986933	-0.00033929182116443357	-0.0005501170138093592	0.0003106053406582987	0.010661616159304499	0.001966361036087827	-7.487255664928583e-05
-0.0012096876325626837	-0.0005426934157317653	-0.000464110620279401	-0.0006125264133667319	-0.00018866985580157092	0.010973663157091584	0.0016543140383005195	-0.0008237853513384241
-0.0008352312352175595	-0.0004802840161741706	-0.0007137482185093358	-0.0006125264133667319	0.00012337714198551453	0.011972213550011324	0.0017791328374154869	-0.0001996913557640312
-0.0007728218356608529	-0.0004178746166165759	-0.0005889294193941463	-0.0007373452124819213	-6.385105668726965e-05	0.012471488746471193	0.0015919046387429248	-0.0007613759517817176
-0.0003359560387579119	-0.00010582761882949043	-0.00027688242160683885	-0.0001132512169066402	0.0003106053406582987	0.013157992141603625	0.0018415422369726375	0.00011235564202349835
-0.0012720970321202785	-0.0004802840161741706	-0.00040170122072180625	-0.0008621640115966667	-0.0003758980544743551	0.011597757152666421	0.0010302200427254604	-0.0008237853513384241
-0.0002735466392007613	-0.00035546521705986933	-0.0001520636224920935	-0.0007373452124819213	-0.00018866985580157092	0.009538246967269348	0.0010926294422830551	-7.487255664928583e-05
-0.0008976406347751542	-0.00060510281528936	3.516457618069069e-05	-0.000799754612039516	-0.000625535652704734	0.0075411461814292036	0.0006557636453805582	-0.0007613759517817176
-0.002645103822385142	-0.0007299216144041054	-0.0011506140154120548	-0.0011742110093837521	-0.0009999920500491921	0.004982360799572927	-0.00021796794842421363	-0.0001996913557640312
-0.008012312184329629	-0.001853290806439034	-0.004021446395056527	-0.0030464929961089293	-0.0028098646372163305	0.0016122532234683629	-0.003088800328068464	-0.001073422949568803
-0.007887493385213995	-0.0016036532082088772	-0.004208674593728867	-0.0024223990005338703	-0.002497817639428801	0.0029852600137332264	-0.0027767533302809344	-7.487255664928583e-05
-0.008886043778133956	-0.0017284720073242887	-0.004645540390631364	-0.00292167419699374	-0.002685045838101585	0.004982360799572927	-0.0027767533302809344	-0.0008237853513384241
-0.008511587380789054	-0.0017908814068818835	-0.005082406187533417	-0.00292167419699374	-0.0025602270389863957	0.007665964980544393	-0.002464706332493849	-7.487255664928583e-05
-0.008511587380789054	-0.0017284720073242887	-0.004770359189745665	-0.002859264797436145	-0.0026226364385444345	0.011098481956206552	-0.0017157935378038225	-0.0007613759517817176
-0.006389667795834386	-0.0011667874113070464	-0.0041462651941712725	-0.0023599896009767196	-0.0016240860456244732	0.0138444955367365	-0.00028037734798180836	4.994624246590362e-05
-0.006015211398489484	-0.0014164250095365372	-0.0037093993972689976	-0.002484808400091465	-0.002060951842526526	0.014718227130540829	-3.0739749751873546e-05	-0.0008237853513384241
-0.003019560219730044	-0.000854740413519739	-0.002398802006561729	-0.0015486674067290984	-0.0008751732509344468	0.015966415121690947	0.001529495239185108	0.00011235564202349835
-0.0020834192263674556	-0.0007299216144041054	-0.0014626610131993623	-0.0014862580071715037	-0.000625535652704734	0.01527991172655807	0.0020287704356454217	-0.0006989665522241229
-0.0006480030365454414	-0.00060510281528936	-0.0007137482185093358	-0.0009245734111542614	-0.00012626045624486437	0.014530998931868488	0.0024656362325479186	-1.2463157091691102e-05
-0.0013969158312352459	-0.0005426934157317653	-0.00027688242160683885	-0.0009245734111542614	-0.0003758980544743551	0.013345220340276409	0.0020287704356454217	-0.0006989665522241229
-8.63184405279771e-05	-0.0004178746166165759	-0.00021447302204924412	-0.000799754612039516	0.00024819594110003784	0.011472938353551676	0.0020287704356454217	-1.2463157091691102e-05
0.0007250037537192	-0.00060510281528936	0.000596849172198155	-0.000799754612039516	-1.4416571296749225e-06	0.01041197856107412	0.0019039516365302322	-0.0009486041504536136
0.005031252323186131	0.0003310381780730065	0.0029684063553827578	0.0009477085755702497	0.0017460215304798687	0.011909804150453729	0.004400327618829802	-0.00013728195620643646
0.006279440314336027	0.00045585697718819596	0.003530090951399556	0.0010725273746854391	0.002120477927825215	0.011036072556648957	0.004837193415732299	-0.0008861947508964629
0.007277990707255322	0.0007679039749755034	0.003779728549630157	0.001946258968490211	0.002744571923400052	0.011223300755321297	0.005461287411307358	-7.487255664928583e-05
0.007028353109025609	0.0007679039749755034	0.003966956748302275	0.0018838495689326162	0.0024949343251698952	0.011784985351338761	0.0056485156099799205	-0.0008861947508964629
0.00783967530327323	0.0007679039749755034	0.004091775547417464	0.0020086683680478057	0.002744571923400052	0.012346669947356448	0.006085381406882195	-0.00013728195620643646
0.005405708720530811	0.00045585697718819596	0.003342862752726994	0.001322164972915374	0.0017460215304798687	0.012221851148241258	0.004962012214847489	-0.0009486041504536136
0.004906433524070941	0.0005182663767449025	0.0030308157549399084	0.0010101179751280664	0.0018708403295952802	0.012471488746471193	0.004774784016174927	-1.2463157091691102e-05
0.0039702925307083525	0.00045585697718819596	0.0032804533531702873	0.0005732521782253475	0.001309155733578038	0.012533898146028788	0.004213099420157018	-0.0006365571526665281
0.0006625943541616053	-0.0004178746166165759	0.00122094316777277	-0.0003628888151370191	6.096774242747571e-05	0.011036072556648957	0.002403226832990324	-0.0001996913557640312
0.00010090975814436298	-4.341821927189571e-05	0.0012833525673303647	-0.0004252982146946138	0.00012337714198551453	0.010162340962843963	0.0020287704356454217	-0.0008237853513384241
0.0009746413519495789	1.8991180285476972e-05	0.0015329901655598555	-0.00017566061646423492	0.0006226523384456062	0.009101381170366851	0.002153589234760611	0.00017476504158109307
-0.00014872784008557183	-0.0002930558175018305	0.0014081713664455542	-0.00030047941557942437	-1.4416571296749225e-06	0.008539696574349165	0.0017167234378578922	-0.0008861947508964629
0.00028813795681714716	-0.0001682370183873072	0.0008464867704278678	-0.0001132512169066402	0.000435424139772822	0.008040421377889295	0.002153589234760611	-1.2463157091691102e-05
-2.3909040970382378e-05	-0.0002930558175018305	0.00040962097352537086	-0.0004252982146946138	0.00024819594110003784	0.007416327382314902	0.002153589234760611	-0.0007613759517817176
0.00010090975814436298	-0.0001682370183873072	9.757397573828541e-05	1.1567582208105165e-05	0.0003106053406582987	0.00860210597390676	0.0027152738307778534	0.00011235564202349835
-0.0008976406347751542	-0.0005426934157317653	-0.00033929182116443357	-0.0006749358129238825	-0.00018866985580157092	0.009663065766384538	0.0025280456321050693	-0.0010110135500112083
-0.00014872784008557183	-0.0002930558175018305	-0.0005265200198369957	-0.00030047941557942437	0.00018578654154266516	0.010973663157091584	0.0029649114290077883	-7.487255664928583e-05
-0.0012720970321202785	-0.0004802840161741706	-0.00040170122072180625	-0.0006749358129238825	-0.00031348865491676037	0.012159441748683664	0.0024656362325479186	-0.0008861947508964629
-0.0007104124361028141	-0.00035546521705986933	-8.965422293449876e-05	-0.0006749358129238825	6.096774242747571e-05	0.012471488746471193	0.002590455031662664	-7.487255664928583e-05
-0.0013345064316778732	-0.0004178746166165759	3.516457618069069e-05	-0.0009245734111542614	-0.00031348865491676037	0.011972213550011324	0.001966361036087827	-0.0007613759517817176
-0.0005855936369878467	1.8991180285476972e-05	0.0007840773708702731	-0.00030047941557942437	0.00024819594110003784	0.011597757152666421	0.002153589234760611	0.00029958384069583843
-0.0008976406347751542	-0.0004802840161741706	0.0006592585717555277	-0.0010493922102690068	-0.00025107925535916564	0.008914152971694511	0.0014670858396277353	-0.0007613759517817176
-0.00039836543831506255	-0.0002930558175018305	0.0008464867704278678	-0.0006125264133667319	0.00024819594110003784	0.0075411461814292036	0.0014670858396277353	-7.487255664928583e-05
-0.0011472782330055331	-0.00060510281528936	0.0007216679713126783	-0.0006125264133667319	-0.00031348865491676037	0.006043320592050039	0.0010926294422830551	-0.0009486041504536136
-0.00014872784008557183	-0.00035546521705986933	0.00040962097352537086	-0.00023807001602182964	0.0003730147402152273	0.004857542000457737	0.0016543140383005195	-7.487255664928583e-05
-0.000960050034333193	-0.0007923310139617001	-0.00027688242160683885	-0.0006749358129238825	-0.0003758980544743551	0.004483085603112835	0.0013422670405125459	-0.0010110135500112083
-0.0027075132219422926	-0.00060510281528936	-0.0012754328145270222	-0.0006749358129238825	-0.0005007168535893225	0.006043320592050039	0.0011550388418406499	-1.2463157091691102e-05
-0.008948453177691107	-0.0017284720073242887	-0.004458312191959024	-0.00292167419699374	-0.0028098646372163305	0.005793682993820548	-0.0016533841382466719	-0.0008861947508964629
-0.007825083985656844	-0.0012916062104217918	-0.004458312191959024	-0.0023599896009767196	-0.002310589440756905	0.008914152971694511	-0.000966880743113796	0.00011235564202349835
-0.009385318974594048	-0.001853290806439034	-0.004645540390631364	-0.003108902395666524	-0.0029970928358888926	0.010724025558861205	-0.0016533841382466719	-0.0008861947508964629
-0.00844917798123146	-0.0015412438086517266	-0.00427108399328624	-0.0031713117952234526	-0.002497817639428801	0.011036072556648957	-0.001403746540016071	4.994624246590362e-05
-0.008636406179904021	-0.001853290806439034	-0.0037093993972689976	-0.003296130594338642	-0.0030595022354464874	0.010037522163729218	-0.0019030217364761626	-0.0009486041504536136
-0.0069513523918518505	-0.0016036532082088772	-0.003210124200808906	-0.0027344459983209557	-0.0022481800411993103	0.008352468375677269	-0.0012789277409017696	-7.487255664928583e-05
-0.005079070405126673	-0.0012291968108646412	-0.0020243456092168266	-0.002297580201419125	-0.0015616766460664344	0.005481635996032352	-0.0008420619439992727	-0.0006365571526665281
-0.0025202850232703966	-0.0009171498130766675	-0.0009009764171816759	-0.0010493922102690068	-0.000812763851376852	0.004857542000457737	0.00034371664759302867	-0.00013728195620643646
-0.002457875623712802	-0.0011667874113070464	-0.0012130234149694274	-0.0012990298084989416	-0.001062401449607231	0.0042334480048829	0.00046853544670777403	-0.001073422949568803
-0.0003359560387579119	-0.00060510281528936	-0.0009009764171816759	-0.0006749358129238825	-1.4416571296749225e-06	0.0050447701991300775	0.0017167234378578922	-0.00013728195620643646
-0.0015217346303504353	-0.000854740413519739	-0.0012130234149694274	-0.0009245734111542614	-0.000812763851376852	0.007104280384527151	0.0016543140383005195	-0.0009486041504536136
-0.0008352312352175595	-0.00060510281528936	-0.0012130234149694274	-0.0007373452124819213	-0.00025107925535916564	0.009600656366826943	0.002153589234760611	-0.0002621007553216259
0.0007250037537192	-0.00060510281528936	-0.00033929182116443357	-0.0006749358129238825	-6.385105668726965e-05	0.01153534775310927	0.0027152738307778534	-0.001073422949568803
0.0054681181200884055	0.0005806757763029413	0.0025939499580374115	0.0011349367742430339	0.0019956591287104697	0.014468589532310894	0.005336468612192169	-1.2463157091691102e-05
0.005780165117875713	0.0003310381780730065	0.0034676815518421833	0.0009477085755702497	0.0017460215304798687	0.013407629739833338	0.005149240413519829	-0.0010110135500112083
0.007277990707255322	0.0008303133745326541	0.004528641344319517	0.0015093931715881581	0.002557343724727268	0.01153534775310927	0.005523696810864731	-1.2463157091691102e-05
0.0071531719081407985	0.000643085175860314	0.005027916540779387	0.0014469837720301193	0.0021828873273823657	0.008914152971694511	0.005086831013962234	-0.0008861947508964629
0.00802690350194557	0.0010175415732054383	0.0053399635385671385	0.0020710777676054004	0.0026197531242850847	0.006792233386740065	0.005336468612192169	4.994624246590362e-05
0.005592936919203151	0.0007054945754179087	0.004653460143434263	0.0015718025711453087	0.0019956591287104697	0.0042334480048829	0.004150690020599868	-0.0006365571526665281
0.005093661722743281	0.0005806757763029413	0.003779728549630157	0.0015718025711453087	0.0018084309300374635	0.003858991607537554	0.0039634618219275275	4.994624246590362e-05
0.00322137973601877	1.8991180285476972e-05	0.0025939499580374115	0.0006980709773405369	0.0009971087357902864	0.004670313801785175	0.0033393678263526905	-0.0009486041504536136
0.0012866883497368864	8.14005798430717e-05	0.0014081713664455542	0.00032361457999541265	0.0006226523384456062	0.006605005188067281	0.002840092629892599	-1.2463157091691102e-05
-8.63184405279771e-05	-0.00010582761882949043	0.0009088961699854625	-0.0001132512169066402	6.096774242747571e-05	0.009226199969481597	0.0029025020294497494	-0.0006989665522241229
0.00041295675593211456	-4.341821927189571e-05	0.0005344397726403383	-0.0001132512169066402	0.0004978335393304167	0.011223300755321297	0.0033393678263526905	0.00011235564202349835
-0.0005855936369878467	-0.0004802840161741706	0.0006592585717555277	-0.0005501170138093592	-0.00018866985580157092	0.012159441748683664	0.0029649114290077883	-0.0009486041504536136
-8.63184405279771e-05	-0.00010582761882949043	0.0009713055695430572	-5.084181734904547e-05	0.00024819594110003784	0.012783535744258945	0.0031521396276801283	-1.2463157091691102e-05
-0.0006480030365454414	-0.00035546521705986933	0.0012833525673303647	-0.000799754612039516	-6.385105668726965e-05	0.01041197856107412	0.0029025020294497494	-0.0007613759517817176
0.00028813795681714716	-0.00010582761882949043	0.0013457619668879595	-0.00017566061646423492	0.0004978335393304167	0.009475837567711975	0.0029649114290077883	0.00011235564202349835
-0.0008352312352175595	-0.00035546521705986933	0.001845037163347385	-0.00017566061646423492	-1.4416571296749225e-06	0.008664515373464354	0.0025280456321050693	-0.0006989665522241229
0.0002257285572593304	-0.00023064641794467988	0.0010961243686578026	-0.00030047941557942437	0.0003106053406582987	0.006355367589837346	0.0025280456321050693	4.994624246590362e-05
-0.0005855936369878467	-0.0004178746166165759	0.0009713055695430572	-0.0006749358129238825	-6.385105668726965e-05	0.006043320592050039	0.0020287704356454217	-0.0007613759517817176
-0.00039836543831506255	-0.00010582761882949043	0.0009088961699854625	-5.084181734904547e-05	0.000435424139772822	0.0075411461814292036	0.0025280456321050693	0.00017476504158109307
-0.0012096876325626837	-0.00035546521705986933	0.00022239277485303077	-0.000799754612039516	-0.00012626045624486437	0.007416327382314902	0.0020911798352030164	-0.0006989665522241229
-0.000523184237430252	-0.0001682370183873072	3.516457618069069e-05	-0.0004252982146946138	0.00012337714198551453	0.00822764957656208	0.002340817433432729	0.00017476504158109307
-0.0010224594338903437	-0.00035546521705986933	3.516457618069069e-05	-0.00048770761425132036	-1.4416571296749225e-06	0.008789334172579322	0.002340817433432729	-0.0006989665522241229
-0.00039836543831506255	-0.00023064641794467988	9.757397573828541e-05	-0.00017566061646423492	0.0005602429388880115	0.008726924773021727	0.0025280456321050693	0.00011235564202349835
-0.0011472782330055331	-0.00060510281528936	3.516457618069069e-05	-0.00048770761425132036	-0.00031348865491676037	0.007728374380101988	0.001966361036087827	-0.0009486041504536136
-0.00021113723964316655	-0.00023064641794467988	0.0004720303730829656	-0.00023807001602182964	0.00024819594110003784	0.007041870984969334	0.002153589234760611	0.00011235564202349835
-0.0012720970321202785	-0.0007299216144041054	0.00040962097352537086	-0.0009245734111542614	-0.000625535652704734	0.005169588998245267	0.0012174482413982446	-0.0007613759517817176
-0.003081969619287639	-0.0004802840161741706	-0.00040170122072180625	-0.000799754612039516	-0.000812763851376852	0.003921401007095149	0.00034371664759302867	0.00017476504158109307
-0.008386768581673865	-0.0014164250095365372	-0.0032725336003660566	-0.002484808400091465	-0.0026226364385444345	0.0010505686274508985	-0.002464706332493849	-0.0006365571526665281
-0.0073882181887543474	-0.0009795592126342623	-0.003210124200808906	-0.0021103520027465628	-0.002060951842526526	0.0008633404287785584	-0.002215068734263692	0.00029958384069583843
-0.009198090775921486	-0.0019157002059966288	-0.0041462651941712725	-0.0030464929961089293	-0.003184321034561677	0.0004888840314332121	-0.0031512097276265028	-0.0006989665522241229
-0.00844917798123146	-0.0014788344090941319	-0.004333493392843835	-0.002672036598763361	-0.0026226364385444345	0.0008633404287785584	-0.0025895251316085943	4.994624246590362e-05
-0.00813713098344393	-0.001666062607766916	-0.004333493392843835	-0.002859264797436145	-0.002685045838101585	0.0010505686274508985	-0.0025895251316085943	-0.0008237853513384241
-0.006639305394063877	-0.0011043780117490076	-0.0034597617990388407	-0.0016734862058438438	-0.0018113142442968133	0.002860441214618037	-0.001216518341344175	0.0002371744411382437
-0.00545352680247202	-0.0011043780117490076	-0.0028356678034642258	-0.0016734862058438438	-0.0015616766460664344	0.0036093540093080634	-0.0004051961470961096	-0.0005741477531093775
-0.0027699226214998873	-0.000854740413519739	-0.0018995268101016372	-0.000986982810711412	-0.0007503544518192573	0.004795132600900365	0.0007805824444957477	-7.487255664928583e-05
-0.002395466224154763	-0.0009171498130766675	-0.0010257952162968653	-0.0009245734111542614	-0.001062401449607231	0.006168139391164784	0.0011550388418406499	-0.0008861947508964629
-0.0008976406347751542	-0.00023064641794467988	-0.0001520636224920935	-0.0003628888151370191	6.096774242747571e-05	0.007416327382314902	0.0022784080338753565	0.00017476504158109307
-0.0013345064316778732	-0.0006675122148469548	9.757397573828541e-05	-0.0008621640115966667	-0.0005631262531469172	0.0077907837796595825	0.0017791328374154869	-0.0007613759517817176
-0.0006480030365454414	-0.0004802840161741706	0.0004720303730829656	-0.0006749358129238825	-0.00025107925535916564	0.008352468375677269	0.0020911798352030164	-7.487255664928583e-05
0.0014739165484096706	-0.0002930558175018305	0.0017826277637902344	-0.00030047941557942437	0.0003730147402152273	0.008539696574349165	0.002840092629892599	-0.0009486041504536136
0.0060922121156632425	0.000643085175860314	0.004154184946974615	0.0012597555733577792	0.002120477927825215	0.009600656366826943	0.00489960281528945	4.994624246590362e-05
0.0060922121156632425	0.0007679039749755034	0.004965507141222236	0.0015718025711453087	0.0020580685282671762	0.009351018768596786	0.005274059212635018	-0.0006365571526665281
0.007590037705042851	0.001079950972763033	0.005027916540779387	0.0020086683680478057	0.0028693907225152415	0.008290058976119674	0.005835743808652261	0.00017476504158109307
0.007590037705042851	0.0008303133745326541	0.0053399635385671385	0.0020710777676054004	0.002744571923400052	0.0077907837796595825	0.005960562607767006	-0.0007613759517817176
0.007964494102387976	0.0012047697718773343	0.0053399635385671385	0.0024455341649500806	0.0031190283207447322	0.008165240177004485	0.006459837804227098	0.0002371744411382437
0.005218480521858471	0.000643085175860314	0.004154184946974615	0.0015093931715881581	0.0019956591287104697	0.0071666897840847454	0.005274059212635018	-0.0006989665522241229
0.0048440241245135685	0.0005182663767449025	0.003530090951399556	0.0015093931715881581	0.0018708403295952802	0.007478736781872497	0.005024421614404639	-1.2463157091691102e-05
0.0031589703364616195	0.00039344757763060123	0.0030308157549399084	0.0008228897764552823	0.0011219275349052538	0.007603555580987242	0.004150690020599868	-0.0006989665522241229
0.0009122319523919842	-4.341821927189571e-05	0.0017202183642326396	7.397698176547784e-05	0.0004978335393304167	0.006917052185854811	0.0029025020294497494	-1.2463157091691102e-05
-0.00021113723964316655	-0.0004178746166165759	0.001657808964675045	-0.0004252982146946138	-0.00018866985580157092	0.0067298239871820265	0.0020287704356454217	-0.0008237853513384241
0.0006001849546040106	1.8991180285476972e-05	0.002032265362019947	7.397698176547784e-05	0.000435424139772822	0.007229099183642118	0.002153589234760611	-1.2463157091691102e-05
0.00028813795681714716	-0.0001682370183873072	0.002032265362019947	-0.0004252982146946138	0.00024819594110003784	0.005918501792934849	0.0017167234378578922	-0.0008237853513384241
0.00010090975814436298	-0.00023064641794467988	0.001657808964675045	-5.084181734904547e-05	0.00024819594110003784	0.006168139391164784	0.0020911798352030164	-7.487255664928583e-05
-0.0005855936369878467	-0.00035546521705986933	0.0013457619668879595	-0.0004252982146946138	-1.4416571296749225e-06	0.005731273594262509	0.0020287704356454217	-0.0008861947508964629
-0.00014872784008557183	-0.00035546521705986933	0.0007840773708702731	-0.0004252982146946138	0.00018578654154266516	0.005481635996032352	0.0022784080338753565	-0.0001996913557640312
-0.0008352312352175595	-0.0005426934157317653	0.000596849172198155	-0.00048770761425132036	-0.00025107925535916564	0.006230548790722157	0.0022159986343173177	-0.0010110135500112083
-0.0005855936369878467	-0.0002930558175018305	0.00022239277485303077	-0.0004252982146946138	0.00012337714198551453	0.006667414587624876	0.002590455031662664	-0.00013728195620643646
-0.0010224594338903437	-0.0006675122148469548	9.757397573828541e-05	-0.000799754612039516	-0.0003758980544743551	0.006355367589837346	0.0022784080338753565	-0.0011358323491263977
-0.000960050034333193	-0.0005426934157317653	-2.7244823376904037e-05	-0.00030047941557942437	-0.00012626045624486437	0.006667414587624876	0.002340817433432729	-0.0001996913557640312
-0.0018961910276951155	-0.000854740413519739	-0.0001520636224920935	-0.0009245734111542614	-0.000625535652704734	0.005544045395589947	0.0015919046387429248	-0.0011358323491263977
-0.0008352312352175595	-0.0006675122148469548	0.00022239277485303077	-0.0006749358129238825	-0.00025107925535916564	0.004857542000457737	0.0016543140383005195	-0.0002621007553216259
-0.0015217346303504353	-0.0009171498130766675	0.00034721157396777613	-0.0009245734111542614	-0.000812763851376852	0.003858991607537554	0.0010302200427254604	-0.0013854699473565546
-0.0007728218356608529	-0.00060510281528936	0.000596849172198155	-0.0006749358129238825	-0.00031348865491676037	0.002860441214618037	0.0011550388418406499	-0.0002621007553216259
-0.0008976406347751542	-0.00060510281528936	0.0007840773708702731	-0.0006749358129238825	-0.00031348865491676037	0.0019243002212556704	0.0009054012436107151	-0.0009486041504536136
-0.000523184237430252	-0.0005426934157317653	0.0007216679713126783	-0.0004252982146946138	-0.00018866985580157092	0.0017370720225833303	0.0010926294422830551	-0.0001996913557640312
-0.0013969158312352459	-0.000854740413519739	0.0002848021744101814	-0.0008621640115966667	-0.0005631262531469172	0.0014250250247960228	0.0009054012436107151	-0.0011358323491263977
-0.0038308824139774433	-0.0009171498130766675	-0.0013378422140841728	-0.001236620408941791	-0.001062401449607231	0.0011753874265656439	-9.314914930946827e-05	-7.487255664928583e-05
-0.008948453177691107	-0.0017908814068818835	-0.003771808796825704	-0.002672036598763361	-0.0027474552376587358	0.0009257498283361532	-0.0021526593347065415	-0.0008861947508964629
-0.008324359182116714	-0.0017908814068818835	-0.004083855794613678	-0.0027968553978789945	-0.0026226364385444345	0.002173937819485605	-0.0019030217364761626	-0.0002621007553216259
-0.009322909575036675	-0.001853290806439034	-0.004021446395056527	-0.0029840835965513346	-0.0030595022354464874	0.003671763408865214	-0.0019654311360337573	-0.0008237853513384241
-0.008886043778133956	-0.0019157002059966288	-0.004083855794613678	-0.002859264797436145	-0.0028098646372163305	0.00473272320134277	-0.0016533841382466719	-0.0001996913557640312
-0.00826194978255912	-0.0017908814068818835	-0.0032725336003660566	-0.0027968553978789945	-0.0027474552376587358	0.004857542000457737	-0.001403746540016071	-0.0009486041504536136
-0.006701714793621916	-0.0016036532082088772	-0.002586030205233625	-0.0023599896009767196	-0.0021857706416417155	0.005169588998245267	-0.0009044713435566454	-0.0001996913557640312
