Sensor_1	Sensor_2	Sensor_3	Sensor_4	Sensor_5	Sensor_6	Sensor_7	Sensor_8
0.0001756200503544303	0.0003664679942012583	0.00010867348744958427	0.0003040960402840298	0.00037109877164875904	0.005629003311208081	2.4305340657004848e-05	-1.6538490883011292e-05
-0.0003236551461056614	-7.988403143199818e-06	-1.6145311665605178e-05	-0.000569635553520742	-0.00044022342259841807	0.006752372503242787	-0.0002877416571300806	0.000357917906462335
-0.0016966619363698587	-7.039780270079454e-05	0.00042072048523689176	-0.0009440919508658663	-0.0011267268177308498	0.007688513496604932	-0.000412560456245048	-0.0004534042877848421
-0.0006981115434503415	0.00017923979552869618	0.0006079486839096759	-0.0009440919508658663	-0.0007522704203855035	0.007750922896162971	8.671474021548775e-05	0.00042032730601948565
-0.0013222055390251786	-0.00025762600137313463	0.0004831298847944865	-0.0013809577477683632	-0.0012515456168455952	0.006253097306783362	-0.000412560456245048	-0.0006406324864576263
5.080125124012902e-05	0.0003040585946438856	0.0005455392843520812	-0.0002575885557332125	-3.3576256956990846e-06	0.0054417751125357405	0.0001491241397721943	0.0005451461051346751
-0.00013642694743265515	5.4420996414394907e-05	-7.855471122275581e-05	-0.00044481675440599666	-3.3576256956990846e-06	0.0035070837262529686	-0.0003501510566876753	-0.0002661760891129461
0.0011741704432743916	0.00011683039597198963	-0.00026578290989554	0.0004913242389561479	0.0008703739681088507	0.0024461239337760787	-0.00016292285801533524	0.000357917906462335
-0.0003236551461056614	-0.00038244480048810203	-0.0012643333028148351	0.00017927724116884036	0.00037109877164875904	0.0011979359426259606	-0.0010990638513774798	-0.000703041886014999
-0.003756172121767154	-0.000819310597390821	-0.0035110716868851366	-0.0008192731517511209	-0.00037781402304082334	-0.00017507084763823677	-0.0027841176394294287	0.0001082803082324002
-0.007812783093003928	-0.0013809951934080633	-0.0050088972762647455	-0.0018178235446708602	-0.0020004584115351776	-0.0006743460440983284	-0.004593990226596567	-0.0005158136873424368
-0.007500736095215954	-0.0011313575951783506	-0.004634440878919621	-0.0018802329442284549	-0.0020004584115351776	0.0007610701457241298	-0.004094715030136475	0.000357917906462335
-0.009185789883268791	-0.001443404592965658	-0.004884078477149556	-0.0030036021362631615	-0.002999008804455139	0.0011355265430683659	-0.004656399626154162	-0.0004534042877848421
-0.008873742885481484	-0.0011937669947357232	-0.004447212680247059	-0.002878783337147972	-0.002999008804455139	0.005379365712978146	-0.004344352628367076	0.00042032730601948565
-0.009685065079728439	-0.001256176394293318	-0.004509622079804654	-0.003502877332723253	-0.0034982840009152305	0.024788688975356354	-0.005530131219959378	-0.00032858548866965265
-0.005441225909819103	-0.0006944917982760757	-0.0039479374837876335	-0.003565286732280404	-0.0018756396124204322	0.022916406988632065	-0.004406762027924671	0.0005451461051346751
-0.005191588311589612	-0.0009441293965055664	-0.0035110716868851366	-0.002441917540245475	-0.0018132302128632816	0.01879738661783814	-0.003969896231022174	-0.0005782230869000315
-0.002071118333715205	-0.00025762600137313463	-0.0022628836957347964	-0.0006944543526359315	-0.0002529952239256339	0.015052822644388453	-0.002284842442969337	0.00042032730601948565
-0.0008853397421226816	-0.00038244480048810203	-0.002138064896620051	-0.0003199979552912513	0.00043350817120635377	0.011308258670939209	-0.0021600236438550358	-0.00039099488822769146
0.0010493516441592021	5.4420996414394907e-05	-0.0018260178988327436	0.0005537336385137426	0.0013072397650120138	0.010309708278019247	-0.00147352024872216	0.00042032730601948565
-0.0006981115434503415	-0.00044485420004569676	-0.0023252930952928352	-0.0003199979552912513	0.00037109877164875904	0.01211958086518683	-0.002097614244296997	-0.0006406324864576263
0.0008621234454873061	0.0003040585946438856	-0.0012019239032574625	0.0004913242389561479	0.001244830365453975	0.017549198626688023	-0.001286292050050264	0.00048273670557708037
0.003358499427786432	0.0003040585946438856	0.00042072048523689176	0.00042891483939877517	0.001244830365453975	0.023852547981994432	-0.0003501510566876753	-0.0005158136873424368
0.00635415060654565	0.0009905619897767615	0.002293002471961625	0.0009905994354160175	0.002243380758373492	0.03003107853818565	0.0013973121309223124	0.00023309910734714556
0.005917284809643597	0.000865743190661572	0.003104324666208802	0.00042891483939877517	0.0018065149614716614	0.034212508308537615	0.0013349027313642736	-0.0005782230869000315
0.007165472800793715	0.0009905619897767615	0.0034787810635541483	0.0007409618371860827	0.002056152559701152	0.03577274329747526	0.0017717685282674367	-1.6538490883011292e-05
0.006791016403448813	0.0006161055924316372	0.0033539622644385148	0.00011686784161124564	0.0016192867627988772	0.034212508308537615	0.0014597215304799072	-0.0010774982833601232
0.007352700999465611	0.0009281525902191667	0.0034787810635541483	0.0007409618371860827	0.002305790157931087	0.030967219531548018	0.001896587327382182	-7.894789044060602e-05
0.00479391561760889	0.0004288773937590751	0.0023554118715187755	0.0004913242389561479	0.0014944679636839098	0.025412782970931636	0.0007108087357898807	-0.0008278606851301884
0.005854875410086002	0.0006161055924316372	0.0019185460746169447	0.0009905994354160175	0.002305790157931087	0.02048244040589009	0.0011476745326921556	-7.894789044060602e-05
0.003171271229114092	-7.988403143199818e-06	0.00042072048523689176	0.0002416866407264351	0.0013072397650120138	0.015552097840848544	-0.0002877416571300806	-0.0008902700846877831
0.0018606738384072674	-7.039780270079454e-05	-0.00039060170901028535	0.0004913242389561479	0.0011824209658963802	0.013929453452353746	-0.0007246074540325775	-7.894789044060602e-05
0.0011117610437167968	-0.00013280720225838927	-0.0007026487067980369	0.00011686784161124564	0.0008703739681088507	0.017112332829785748	-0.001286292050050264	-0.000703041886014999
0.001735855039292078	-7.039780270079454e-05	-0.0010146957045855665	0.00011686784161124564	0.0011200115663392296	0.02129376260013771	-0.0014111108491645652	0.0001082803082324002
0.0005500764476995545	-7.039780270079454e-05	-0.0008274675059127823	-0.00019517915617606185	0.0006207363698791379	0.02728506495765637	-0.0018479766460672842	-0.000703041886014999
0.0004876670481419598	0.00011683039597198963	-0.0009522863050279717	-0.0006320449530783367	0.0006207363698791379	0.03358841431296278	-0.0020352048447398463	0.00023309910734714556
-0.0005108833447780015	-0.00013280720225838927	-0.0008274675059127823	-0.0011937295490960231	-3.3576256956990846e-06	0.03883080387579163	-0.002721708239872278	-0.0005158136873424368
-1.1608148318353884e-05	-7.039780270079454e-05	-0.001077105104142717	-0.0015057765468835527	5.9051773861673595e-05	0.0417016362554361	-0.002721708239872278	0.0001082803082324002
-0.0003236551461056614	-7.039780270079454e-05	-0.0008274675059127823	-0.0018802329442284549	-6.576702525329381e-05	0.0417016362554361	-0.0028465270389874675	-0.0005158136873424368
-0.0003860645456623679	-0.00044485420004569676	-0.0011395145037003118	-0.0017554141451132654	-0.00037781402304082334	0.03833152867933176	-0.0030961646372169582	-0.00014135728999775665
-0.0007605209430074922	-0.0005072635996032915	-0.0012643333028148351	-0.001630595345998298	-0.0002529952239256339	0.03302672971694531	-0.0030337552376598076	-0.0009526794842449338
0.0004252576485848092	-0.00038244480048810203	-0.0014515615014876193	-0.0009440919508658663	0.0004959175707639485	0.026660970962081754	-0.002472070641642121	-0.00014135728999775665
-0.00019883634699024988	-0.0005696729991604421	-0.001513970901045436	-0.0008192731517511209	0.00012146117341926832	0.02098171560234996	-0.0026592988403149054	-0.0008902700846877831
0.0005500764476995545	-0.00013280720225838927	-0.001326742702373096	5.445844205365091e-05	0.0007455551689936613	0.01898461481651048	-0.0018479766460672842	0.0001082803082324002
0.00023802944991202502	-0.00032003540093117344	-0.001513970901045436	-0.00044481675440599666	0.0006831457694362886	0.019171843015183265	-0.002097614244296997	-0.0006406324864576263
0.0005500764476995545	-0.00032003540093117344	-0.0013891521019302466	-0.0002575885557332125	0.0007455551689936613	0.022916406988632065	-0.0020352048447398463	-7.894789044060602e-05
-0.0007605209430074922	-0.00032003540093117344	-0.001513970901045436	-0.0007568637521930821	0.00012146117341926832	0.028720481147478827	-0.002472070641642121	-0.0007654512855728157
-0.0005108833447780015	-0.00032003540093117344	-0.001513970901045436	-0.0012561389486531738	0.00012146117341926832	0.03402528010986483	-0.0027841176394294287	-0.00014135728999775665
-0.0021959371328299504	-0.0006320823987184809	-0.0017636084992751488	-0.0021298705424583897	-0.0008146798199430982	0.03664647489127959	-0.0036578492332342005	-0.0008902700846877831
-0.006127729304951091	-0.0008817199969479717	-0.003823118684672444	-0.003128420935378351	-0.0018132302128632816	0.0349614211032272	-0.005280493621728999	0.0001082803082324002
-0.008998561684596007	-0.0015058139925232528	-0.005133716075379491	-0.0040645619287402734	-0.002936599404897544	0.02909493754482373	-0.006653500411993862	-0.000703041886014999
-0.007687964293888738	-0.0010689481956203117	-0.004821669077591961	-0.0030036021362631615	-0.0022500960097651124	0.022042675394827294	-0.0057797688181888685	0.0002955085069047403
-0.008624105287251105	-0.0015058139925232528	-0.005508172472724837	-0.0030660115358207563	-0.0026245524071104587	0.013055721858548752	-0.0062166346150918095	-0.0004534042877848421
-0.0074383266956588034	-0.0013185857938504686	-0.005445763073166798	-0.002254689341572691	-0.0017508208133056868	0.00681478190280016	-0.005530131219959378	0.00017068970778999493
-0.007188689097428647	-0.0013809951934080633	-0.004946487876707151	-0.0016930047455558928	-0.0018132302128632816	0.005067318715190394	-0.0051556748226142535	-0.0006406324864576263
-0.0057532729076068545	-0.0011937669947357232	-0.004696850278477438	-0.0015681859464407033	-0.0011891362172880005	0.007626104097047559	-0.0045315808270394164	4.587090867458343e-05
-0.005066769512474423	-0.0010689481956203117	-0.0031366152895400123	-0.0017554141451132654	-0.0014387738155183794	0.012618856061646477	-0.003907486831464579	-0.000703041886014999
-0.003132078126192317	-0.0005072635996032915	-0.0016387897001599594	-0.001443367147325958	-0.0012515456168455952	0.018173292622263304	-0.002721708239872278	0.0001082803082324002
-0.002882440527962382	-0.0005696729991604421	-0.0015763803006028088	-0.0018802329442284549	-0.00131395501640319	0.021418581399252012	-0.0028465270389874675	-0.0007654512855728157
-0.0003860645456623679	-0.00032003540093117344	-0.0013891521019302466	-0.0013185483482112126	5.9051773861673595e-05	0.02247954119172957	-0.002534480041199716	0.00017068970778999493
-0.0006981115434503415	-0.00025762600137313463	-0.0013891521019302466	-0.0006944543526359315	0.00043350817120635377	0.024102185580224145	-0.0027841176394294287	-0.0005158136873424368
5.080125124012902e-05	-0.00032003540093117344	-0.001513970901045436	-0.000382407354848846	0.0008703739681088507	0.02553760177004727	-0.0024096612420845265	-1.6538490883011292e-05
0.0034833182269016216	0.00017923979552869618	0.0006703580834663825	0.00017927724116884036	0.001244830365453975	0.026660970962081754	-0.0007870168535901723	-0.0008902700846877831
0.006728607003891218	0.0007409243915463826	0.002729868268864122	0.0008657806363012721	0.0021809713588163415	0.02709783675898403	0.0012100839322497503	-1.6538490883011292e-05
0.006478969405660839	0.0005536961928740425	0.003291552864881586	0.00036650543984162454	0.0019313337605864067	0.02528796417181689	0.0013349027313642736	-0.0008902700846877831
0.008101613794156082	0.001052971389333468	0.0040404656595709465	0.001302646433203547	0.002742655954833584	0.024039776180667216	0.002333453124284235	-1.6538490883011292e-05
0.008101613794156082	0.0009905619897767615	0.004102875059128763	0.0016146934309912986	0.002742655954833584	0.022791588189516876	0.0023958625238418296	-0.000703041886014999
0.007851976195925703	0.001052971389333468	0.0036035998626688936	0.0018643310292207893	0.0032419311512936755	0.022916406988632065	0.002146224925612117	0.00017068970778999493
0.005043553215838825	0.0006785149919887878	0.002480230670633965	0.0013650558327609197	0.0021809713588163415	0.024788688975356354	0.000648399336232286	-0.0005782230869000315
0.00529319081406876	0.0006785149919887878	0.00223059307240403	0.001115418234531207	0.0021809713588163415	0.028096387151903768	0.00046117113755972383	4.587090867458343e-05
0.002172720836194131	0.00017923979552869618	0.000982405081254356	-0.0005072261539635914	0.0009327833676664454	0.02915734694438088	-0.0011614732509350745	-0.0006406324864576263
0.0012365798428319863	0.00011683039597198963	0.00035831108567929704	-0.0006320449530783367	0.00043350817120635377	0.02965662214084097	-0.001660748447394944	0.00017068970778999493
0.0005500764476995545	0.00011683039597198963	0.00042072048523689176	-0.0008816825513082716	0.00018387057297686304	0.02765952135500127	-0.0017231578469520947	-0.0005158136873424368
0.001298989242389137	0.000241649195086735	0.00017108288700695695	-0.0006320449530783367	0.0006207363698791379	0.022791588189516876	-0.0014111108491645652	0.00023309910734714556
0.000674895246814522	-7.988403143199818e-06	0.0002959016861221464	-0.0003199979552912513	0.00024627997253445777	0.017486789227130872	-0.0013487014496078586	-0.0005158136873424368
0.0010493516441592021	0.00011683039597198963	4.626408789198955e-05	-0.00013276975661868917	0.0005583269703210991	0.013180540657664164	-0.001036654451820107	0.00017068970778999493
0.000674895246814522	-7.039780270079454e-05	-7.855471122275581e-05	-0.00019517915617606185	0.0004959175707639485	0.010871392874036934	-0.0012238826504922251	-0.0006406324864576263
0.0009245328450449009	-0.00013280720225838927	-0.00020337351033794526	5.445844205365091e-05	0.0005583269703210991	0.012057171465629235	-0.0011614732509350745	4.587090867458343e-05
-0.0006357021438927468	-0.00032003540093117344	-0.0007650581063556317	-0.0006320449530783367	-0.0002529952239256339	0.015489688441291172	-0.0020352048447398463	-0.0008902700846877831
0.0005500764476995545	5.4420996414394907e-05	-0.00045301110856788007	-0.0003199979552912513	0.0006207363698791379	0.02079448740367762	-0.0018479766460672842	0.00017068970778999493
-0.0003236551461056614	-7.988403143199818e-06	-0.0005154205081254748	-0.0006320449530783367	0.00018387057297686304	0.025974467566949322	-0.002347251842527376	-0.0004534042877848421
0.00023802944991202502	0.000241649195086735	-0.0005778299076828475	-0.000569635553520742	0.0007455551689936613	0.029719031540398566	-0.0021600236438550358	0.0005451461051346751
-0.0003236551461056614	-7.988403143199818e-06	-0.0007026487067980369	-0.0010689107499808337	0.0003086893720920525	0.030779991332875678	-0.0026592988403149054	-0.00039099488822769146
0.0004252576485848092	0.0003040585946438856	-0.0003281923094531347	-0.0005072261539635914	0.0007455551689936613	0.030904810131990867	-0.0020352048447398463	0.0005451461051346751
-1.1608148318353884e-05	0.000241649195086735	-0.00020337351033794526	-0.0009440919508658663	0.0005583269703210991	0.02815879655146092	-0.0020352048447398463	-0.0002661760891129461
0.0007997140459297114	0.0003040585946438856	4.626408789198955e-05	-0.0005072261539635914	0.0008079645685519221	0.024913507774471766	-0.0015983390478373494	0.0005451461051346751
0.00030043884946961974	0.0003040585946438856	0.00023349228656455168	-0.0002575885557332125	0.0007455551689936613	0.021917856595712104	-0.0013487014496078586	4.587090867458343e-05
0.0011117610437167968	0.0004912867933166698	4.626408789198955e-05	-7.950957503943812e-06	0.0011200115663392296	0.019047024216068076	-0.000849426253147767	0.0006699649042498645
-0.0013846149385823292	-0.00032003540093117344	-0.001077105104142717	-0.0009440919508658663	-6.576702525329381e-05	0.01611378243686601	-0.002284842442969337	-0.0004534042877848421
-0.005815682307164449	-0.0007569011978332263	-0.003386252887769947	-0.0015057765468835527	-0.0011891362172880005	0.014366319249256021	-0.004094715030136475	0.00042032730601948565
-0.00837446768902117	-0.0011937669947357232	-0.004884078477149556	-0.002691555138475854	-0.0021876866102079617	0.013118131258106791	-0.005530131219959378	-0.0004534042877848421
-0.007563145494774437	-0.0011937669947357232	-0.004946487876707151	-0.0023170987411302857	-0.0018756396124204322	0.013804634653239223	-0.005405312420843744	0.0002955085069047403
-0.009123380483711196	-0.001256176394293318	-0.0051961254749370855	-0.002691555138475854	-0.0024997336079952692	0.014678366247043773	-0.005842178217746685	-0.00032858548866965265
-0.007875192492561522	-0.0006944917982760757	-0.004696850278477438	-0.0023170987411302857	-0.0015635926146329027	0.016238601235980754	-0.005218084222171848	0.0007323743038070152
-0.007251098496986463	-0.000819310597390821	-0.0039479374837876335	-0.0021922799420159844	-0.0016884114137480921	0.017798836224917958	-0.005093265423056659	-7.894789044060602e-05
-0.005628454108491665	-0.0005072635996032915	-0.0033238434882123524	-0.0018178235446708602	-0.001064317418172811	0.019546299412528167	-0.004219533829251665	0.0006075555046922698
-0.004005809719997089	-0.00044485420004569676	-0.002138064896620051	-0.0017554141451132654	-0.0006898610208279088	0.020607259205004835	-0.003533030434119677	-0.0002661760891129461
-0.0018838901350424209	-7.039780270079454e-05	-0.001077105104142717	-0.0009440919508658663	-6.576702525329381e-05	0.021730628397039764	-0.002347251842527376	0.00048273670557708037
-0.0018214807354850482	-7.039780270079454e-05	-0.0006402393072406642	-0.0010689107499808337	-6.576702525329381e-05	0.02129376260013771	-0.002284842442969337	-0.0002661760891129461
-0.00019883634699024988	0.0003040585946438856	-0.00039060170901028535	-0.0006320449530783367	0.0006831457694362886	0.019920755809872404	-0.00147352024872216	0.0006075555046922698
-0.0011973867399104332	-0.00032003540093117344	-0.0006402393072406642	-0.0008816825513082716	-6.576702525329381e-05	0.018235702021820455	-0.0019727954451822516	-0.00039099488822769146
0.0007997140459297114	0.00017923979552869618	-7.855471122275581e-05	-7.950957503943812e-06	0.0008079645685519221	0.017861245624475552	-0.0007870168535901723	0.0002955085069047403
0.004294640421148799	0.0004912867933166698	0.0016689084763865658	0.0006785524376284879	0.0017441055619136225	0.017986064423590964	0.0007732181353474754	-0.0005782230869000315
0.007352700999465611	0.001302608987564069	0.003541190463111299	0.002113968627451168	0.0028674747539487733	0.019483890012970573	0.002707909521628915	0.000357917906462335
0.006291741206988943	0.0007409243915463826	0.003291552864881586	0.001115418234531207	0.002243380758373492	0.01898461481651048	0.0022710437247270843	-0.000703041886014999
0.008476070191500762	0.001489837186235965	0.00453974085603126	0.002176378027008541	0.0034291593499660156	0.019858346410315253	0.003332003517204196	0.0002955085069047403
0.007976794995040892	0.0011153807888915068	0.004664559655146006	0.001739512230106044	0.0028674747539487733	0.019795937010757658	0.003207184718089451	-0.0005782230869000315
0.007165472800793715	0.0013650183871212196	0.004352512657358476	0.0018019216296631946	0.002929884153505924	0.01910943361562567	0.0030199565194166667	0.00048273670557708037
0.00491873441672408	0.0007409243915463826	0.0034787810635541483	0.0007409618371860827	0.0019313337605864067	0.01667546703288325	0.001709359128709842	-0.0005158136873424368
0.005355600213626133	0.0006161055924316372	0.0032291434653239914	0.0010530088349736122	0.0017441055619136225	0.015427279041733577	0.001709359128709842	-1.6538490883011292e-05
0.0017982644388492286	0.0004288773937590751	0.0017937272755017553	0.0002416866407264351	0.0008079645685519221	0.012681265461204072	0.00027394293888738375	-0.0004534042877848421
0.0016110362401773326	0.0003040585946438856	0.0010448144808117288	0.00011686784161124564	0.0006831457694362886	0.010996211673152123	-0.00016292285801533524	0.00023309910734714556
0.0007997140459297114	5.4420996414394907e-05	0.000982405081254356	5.445844205365091e-05	0.00024627997253445777	0.010871392874036934	-0.00047496985580219864	-0.0005782230869000315
0.0011117610437167968	0.00017923979552869618	0.0005455392843520812	0.00011686784161124564	0.0006831457694362886	0.01186994326695645	-0.0003501510566876753	0.00017068970778999493
0.00036284824902721446	-7.988403143199818e-06	0.00042072048523689176	-0.0002575885557332125	0.00024627997253445777	0.013804634653239223	-0.0009118356527044735	-0.0005782230869000315
0.0007373046463723387	0.0004912867933166698	0.0007951768825815719	0.0003040960402840298	0.0008703739681088507	0.017549198626688023	-0.000412560456245048	0.0005451461051346751
-0.0003860645456623679	-7.988403143199818e-06	0.00017108288700695695	-0.0007568637521930821	0.00024627997253445777	0.019421480613412534	-0.0011614732509350745	-0.0004534042877848421
0.0008621234454873061	0.0004288773937590751	0.0006703580834663825	-0.00013276975661868917	0.0008079645685519221	0.021730628397039764	-0.0005997886549173881	0.0005451461051346751
-0.00013642694743265515	0.0003664679942012583	0.0007951768825815719	-0.000382407354848846	0.0004959175707639485	0.022354722392615267	-0.000849426253147767	-0.00020376668955535138
0.0005500764476995545	0.0003040585946438856	0.0005455392843520812	-0.00044481675440599666	0.0008079645685519221	0.021044125001907554	-0.0005997886549173881	0.00048273670557708037
-1.1608148318353884e-05	5.4420996414394907e-05	0.0006703580834663825	-0.0006320449530783367	0.00024627997253445777	0.018922205416952886	-0.0007870168535901723	-0.0002661760891129461
0.0004252576485848092	0.0004288773937590751	0.000982405081254356	-7.950957503943812e-06	0.0008079645685519221	0.017112332829785748	-0.00010051345845729642	0.0006075555046922698
-0.00026124574654762256	-7.988403143199818e-06	0.0004831298847944865	-0.0006320449530783367	0.0003086893720920525	0.013554997055008844	-0.00047496985580219864	-0.00032858548866965265
0.0007373046463723387	0.00011683039597198963	0.0007951768825815719	-7.036035706065036e-05	0.0007455551689936613	0.012057171465629235	2.4305340657004848e-05	0.000357917906462335
-0.0006357021438927468	-0.0001952166018155399	0.0005455392843520812	-0.000382407354848846	0.00012146117341926832	0.011557896269169365	-0.0002877416571300806	-0.0005782230869000315
0.0005500764476995545	0.000241649195086735	0.0006703580834663825	-7.036035706065036e-05	0.0009951927672240402	0.011994762066072084	0.00033635233844497847	0.00042032730601948565
-0.00044847394521996264	-7.039780270079454e-05	0.0005455392843520812	-0.0003199979552912513	0.00037109877164875904	0.012868493659876412	-0.00016292285801533524	-0.00039099488822769146
-1.1608148318353884e-05	-7.988403143199818e-06	0.00035831108567929704	-0.0002575885557332125	0.0006207363698791379	0.014428728648813616	-0.00016292285801533524	0.00017068970778999493
-0.00250798413061748	-0.00032003540093117344	-0.0007026487067980369	-0.0011313201495384284	-0.0003154046234832286	0.014179091050583681	-0.0013487014496078586	-0.00039099488822769146
-0.006814232700083966	-0.000819310597390821	-0.0032614340886543136	-0.0020050517433432002	-0.0016884114137480921	0.012431627862974137	-0.003595439833676606	0.00042032730601948565
-0.008312058289463575	-0.001006538796063161	-0.003885528084230039	-0.002691555138475854	-0.002312505409322707	0.010746574074921966	-0.004344352628367076	-0.0002661760891129461
-0.007875192492561522	-0.0010689481956203117	-0.004135165682459974	-0.0026291457389182593	-0.0021876866102079617	0.00843742629129518	-0.004406762027924671	0.000357917906462335
-0.009185789883268791	-0.0015682233920799593	-0.004509622079804654	-0.002941192736705567	-0.0030614182040125115	0.006128278507667728	-0.004906037224384097	-0.0005782230869000315
-0.008249648889906425	-0.0013185857938504686	-0.004447212680247059	-0.0025667363393606646	-0.0024997336079952692	0.00450563411917293	-0.004406762027924671	0.00023309910734714556
-0.007063870298313901	-0.0010689481956203117	-0.003448662287327098	-0.002254689341572691	-0.0020004584115351776	0.004255996520943217	-0.0037202586327917953	-0.00039099488822769146
-0.005253997711146763	-0.0006320823987184809	-0.0024501118944075806	-0.0012561389486531738	-0.0011891362172880005	0.006190687907225323	-0.0026592988403149054	0.0005451461051346751
-0.004567494316014331	-0.000819310597390821	-0.002138064896620051	-0.0015057765468835527	-0.0012515456168455952	0.008375016891737364	-0.002347251842527376	-0.0005782230869000315
-0.0016966619363698587	-7.988403143199818e-06	-0.000889876905470377	-0.0006320449530783367	5.9051773861673595e-05	0.01168271506828411	-0.001036654451820107	0.0005451461051346751
-0.0018214807354850482	-0.0001952166018155399	-0.0003281923094531347	-0.0005072261539635914	-0.00012817642481111058	0.014303909849699314	-0.0009118356527044735	-0.00032858548866965265
-0.0008853397421226816	0.000241649195086735	-0.0003281923094531347	-0.000382407354848846	0.0004959175707639485	0.01592655423819367	-0.000412560456245048	0.0006075555046922698
-0.0013222055390251786	-7.039780270079454e-05	-0.0003281923094531347	-0.0006944543526359315	-0.00012817642481111058	0.016238601235980754	-0.0007870168535901723	-0.0002661760891129461
0.0012365798428319863	0.0003040585946438856	0.0009199956816967614	0.00017927724116884036	0.0008703739681088507	0.017237151628900493	0.0005235805371170965	0.000357917906462335
0.00473150621805174	0.0009281525902191667	0.0031667340657663967	0.0009905994354160175	0.002118561959258747	0.017674017425803212	0.0024582719233994244	-0.00020376668955535138
0.007352700999465611	0.0011153807888915068	0.00453974085603126	0.0018019216296631946	0.002929884153505924	0.017549198626688023	0.003768869314106915	0.000357917906462335
0.006728607003891218	0.0009281525902191667	0.004726969054704044	0.0015522840314337039	0.0024306089570464984	0.016613057633325656	0.0036440505149917257	-0.0005782230869000315
0.007976794995040892	0.0009281525902191667	0.004851787853818346	0.0014898746318761091	0.002929884153505924	0.015489688441291172	0.004080916311894223	-7.894789044060602e-05
0.00760233859769599	0.0007409243915463826	0.0051014254520485025	0.001302646433203547	0.0024306089570464984	0.014615956847485956	0.003831278713664288	-0.0008902700846877831
0.006416560006103245	0.0009905619897767615	0.004602150255588855	0.0015522840314337039	0.0023681995574889037	0.014241500450141276	0.0036440505149917257	0.0001082803082324002
0.004669096818493701	0.0004912867933166698	0.0034163716639965536	0.0006785524376284879	0.001681696162356472	0.012369218463416543	0.0023958625238418296	-0.0007654512855728157
0.005355600213626133	0.0006785149919887878	0.003291552864881586	0.0012402370336459523	0.0019937431601440014	0.01211958086518683	0.002583090722514614	4.587090867458343e-05
0.0009869422446016074	5.4420996414394907e-05	0.0014816802777144478	0.00011686784161124564	0.0004959175707639485	0.011058621072709274	0.0007108087357898807	-0.000703041886014999
0.0015486268406192938	0.0003040585946438856	0.0013568614785992583	0.00036650543984162454	0.0009327833676664454	0.01149548686961177	0.0007732181353474754	0.00042032730601948565
0.0008621234454873061	0.0003664679942012583	0.001419270878156853	0.0003040960402840298	0.0005583269703210991	0.012431627862974137	0.0005859899366751353	-0.0002661760891129461
0.0007997140459297114	0.00011683039597198963	0.0011072238803695456	-7.036035706065036e-05	0.0005583269703210991	0.012993312458991602	0.0003987617380021291	0.00023309910734714556
0.00011321065079727965	-0.00013280720225838927	0.0011072238803695456	-0.000569635553520742	5.9051773861673595e-05	0.013180540657664164	2.4305340657004848e-05	-0.0006406324864576263
0.0006124858472571493	0.000241649195086735	0.0014816802777144478	-7.036035706065036e-05	0.00043350817120635377	0.013867044052796151	0.00046117113755972383	0.0002955085069047403
-0.00044847394521996264	-7.039780270079454e-05	0.0012320426794840689	-0.0006944543526359315	-6.576702525329381e-05	0.012868493659876412	8.671474021548775e-05	-0.0005158136873424368
0.0009245328450449009	0.000241649195086735	0.0016064990768291931	-0.00019517915617606185	0.0007455551689936613	0.012244399664301575	0.000648399336232286	0.000357917906462335
-0.0003860645456623679	-7.988403143199818e-06	0.0013568614785992583	-0.000382407354848846	0.00012146117341926832	0.011308258670939209	0.00027394293888738375	-0.0005158136873424368
-1.1608148318353884e-05	-0.00013280720225838927	0.0007951768825815719	-0.0002575885557332125	0.00024627997253445777	0.010247298878462097	0.00027394293888738375	0.0001082803082324002
-0.0003860645456623679	-0.00032003540093117344	0.0002959016861221464	-0.0006944543526359315	5.9051773861673595e-05	0.009123929686427168	-3.810405890014579e-05	-0.000703041886014999
-0.00019883634699024988	-0.0001952166018155399	0.00035831108567929704	-0.00013276975661868917	0.00024627997253445777	0.0098104330815596	0.00027394293888738375	4.587090867458343e-05
-0.0008853397421226816	-0.00025762600137313463	0.00010867348744958427	-0.000569635553520742	-3.3576256956990846e-06	0.010372117677576842	0.00021153353932978902	-0.0006406324864576263
0.00011321065079727965	-0.0001952166018155399	0.00017108288700695695	-0.00044481675440599666	0.00043350817120635377	0.011121030472267313	0.0005235805371170965	0.00023309910734714556
-0.0007605209430074922	-0.00013280720225838927	0.00023349228656455168	-0.000569635553520742	-6.576702525329381e-05	0.0118075338673993	0.00021153353932978902	-0.000703041886014999
-0.0003860645456623679	-0.00025762600137313463	0.00023349228656455168	-0.0006944543526359315	0.00018387057297686304	0.01149548686961177	0.00033635233844497847	4.587090867458343e-05
-0.0006357021438927468	-0.0001952166018155399	0.0006079486839096759	-0.0007568637521930821	-3.3576256956990846e-06	0.010309708278019247	0.0001491241397721943	-0.0005158136873424368
0.00011321065079727965	0.0004288773937590751	0.0012320426794840689	0.00017927724116884036	0.0005583269703210991	0.009560795483329665	0.000835627534904626	0.0005451461051346751
-0.0028200311284047874	-0.00032003540093117344	-0.00014096411078035054	-0.0010689107499808337	-0.0006898610208279088	0.005691412710765675	-0.0007246074540325775	-0.00039099488822769146
-0.007126279697871052	-0.001006538796063161	-0.0030742058899824176	-0.002254689341572691	-0.001938049011978027	0.0014475735408561174	-0.0030961646372169582	0.000357917906462335
-0.00837446768902117	-0.001256176394293318	-0.003448662287327098	-0.0023170987411302857	-0.0024997336079952692	0.0005738419470513456	-0.0037202586327917953	-0.0004534042877848421
-0.008124830090791235	-0.0011937669947357232	-0.004010346883344784	-0.0023170987411302857	-0.0022500960097651124	0.0006362513466089403	-0.0036578492332342005	0.0002955085069047403
-0.009185789883268791	-0.0016930421911955928	-0.004696850278477438	-0.0027539645380327826	-0.002936599404897544	0.0012603453421835553	-0.004469171427481822	-0.0006406324864576263
-0.007875192492561522	-0.0010689481956203117	-0.004010346883344784	-0.0020050517433432002	-0.0020628678110927723	0.00450563411917293	-0.0034706210345618604	0.000357917906462335
-0.007812783093003928	-0.001256176394293318	-0.0036982998855574767	-0.0023795081406883245	-0.0021876866102079617	0.007064419501030095	-0.0034082116350044878	-0.00039099488822769146
-0.005191588311589612	-0.0005696729991604421	-0.0022628836957347964	-0.001443367147325958	-0.0011267268177308498	0.010684164675364372	-0.0020352048447398463	0.00048273670557708037
-0.0040682191195544615	-0.00032003540093117344	-0.0011395145037003118	-0.0013185483482112126	-0.0008146798199430982	0.012618856061646477	-0.0012238826504922251	-0.00020376668955535138
-0.0018838901350424209	-0.00032003540093117344	-0.00020337351033794526	-0.0009440919508658663	-3.3576256956990846e-06	0.013055721858548752	-0.00022533225757248587	0.0002955085069047403
-0.0018838901350424209	-0.00044485420004569676	0.0006079486839096759	-0.0009440919508658663	-0.0003154046234832286	0.012681265461204072	-0.00016292285801533524	-0.0004534042877848421
-0.0006981115434503415	0.00011683039597198963	0.0012944520790416636	-0.00013276975661868917	0.00043350817120635377	0.01186994326695645	0.0007108087357898807	0.00042032730601948565
-0.0006981115434503415	-0.00013280720225838927	0.0011696332799269182	-0.0006944543526359315	0.00018387057297686304	0.009061520286869573	0.0005859899366751353	-0.00032858548866965265
0.0020479020370791634	0.000241649195086735	0.0025426400701913376	0.00042891483939877517	0.0011824209658963802	0.008874292088197677	0.001896587327382182	0.0002955085069047403
0.004669096818493701	0.0006161055924316372	0.004227693858243731	0.0012402370336459523	0.0017441055619136225	0.009872842481116972	0.0035192317158765363	-0.0004534042877848421
0.00760233859769599	0.001302608987564069	0.004851787853818346	0.0018643310292207893	0.0029922935530635186	0.010684164675364372	0.0049546479056989945	0.0005451461051346751
0.0071030634012361205	0.0011153807888915068	0.004976606652933757	0.0019267404287788281	0.0028050653543911785	0.0118075338673993	0.004829829106584249	-0.00039099488822769146
0.008288841992828422	0.0016146559853515985	0.005288653650721287	0.002550834424353221	0.00330434055085127	0.013867044052796151	0.005516332501716237	0.0006075555046922698
0.007851976195925703	0.0014274277866788143	0.005163834851605653	0.002176378027008541	0.0030547029526208913	0.01411668165102653	0.005141876104371335	-0.00020376668955535138
0.006416560006103245	0.0013650183871212196	0.004414922056916071	0.0023011968261232862	0.002742655954833584	0.01367981585412359	0.00439296330968153	0.0006699649042498645
0.004856325017166041	0.001052971389333468	0.0038532374608983844	0.0013650558327609197	0.0019937431601440014	0.011433077470054398	0.0035192317158765363	-7.894789044060602e-05
0.00529319081406876	0.001302608987564069	0.004102875059128763	0.0015522840314337039	0.0021809713588163415	0.00918633908598454	0.003581641115434131	0.0006699649042498645
0.0013613986419471757	0.0004912867933166698	0.0023554118715187755	0.0006161430380713373	0.0006207363698791379	0.005691412710765675	0.0015221309300370578	-0.00020376668955535138
0.001735855039292078	0.0004912867933166698	0.002105774273289285	0.0006785524376284879	0.0008079645685519221	0.004068768322270877	0.0015221309300370578	0.0005451461051346751
0.0009245328450449009	0.00017923979552869618	0.00185613667505935	0.0003040960402840298	0.00037109877164875904	0.0030702179293509158	0.0010228557335769661	-0.00039099488822769146
0.0014238080415047705	0.0003664679942012583	0.0019185460746169447	0.00042891483939877517	0.0006207363698791379	0.004068768322270877	0.001272493331807345	0.00042032730601948565
0.00030043884946961974	0.0003664679942012583	0.0015440896772711543	0.00011686784161124564	0.00024627997253445777	0.005691412710765675	0.0010228557335769661	-0.00014135728999775665
0.0011117610437167968	0.0006161055924316372	0.0015440896772711543	0.00036650543984162454	0.0009327833676664454	0.007626104097047559	0.0014597215304799072	0.0006699649042498645
-0.00013642694743265515	0.00017923979552869618	0.0012320426794840689	-7.950957503943812e-06	0.00024627997253445777	0.009061520286869573	0.0010228557335769661	-0.00020376668955535138
0.0007997140459297114	0.0004288773937590751	0.0012320426794840689	0.00017927724116884036	0.0009327833676664454	0.010122480079347351	0.0014597215304799072	0.0006075555046922698
-1.1608148318353884e-05	0.000241649195086735	0.0012320426794840689	-7.036035706065036e-05	0.00043350817120635377	0.010496936476692031	0.0012100839322497503	-0.00014135728999775665
0.0004252576485848092	0.0004288773937590751	0.0013568614785992583	0.0004913242389561479	0.0008703739681088507	0.011058621072709274	0.0016469497291522472	0.0006699649042498645
