Sensor_1	Sensor_2	Sensor_3	Sensor_4	Sensor_5	Sensor_6	Sensor_7	Sensor_8
-7.298155184232158e-05	9.479675745782679e-05	0.0006574237354082246	0.000197744182498516	0.0001251090028224766	0.00021029783321857565	0.00023342675669479895	-0.0003539580300604417
0.00023906544594520795	-3.0022041657584708e-05	0.0003453767376211392	0.00013533478294092127	0.00018751840238007134	8.547903410360824e-05	0.00023342675669479895	0.0002701359655148394
-0.0004474379491872238	0.00015720615701519947	0.00047019553673544046	0.00013533478294092127	2.902037081753406e-07	0.00021029783321857565	4.619855802245887e-05	-0.00029154863050284696
5.183724727242378e-05	0.0002196155565727942	0.0003453767376211392	0.0003225629816130393	0.00024992780193766606	0.0002727072327763924	0.00035824555580976636	0.0005197735637447742
-0.0004474379491872238	-3.0022041657584708e-05	0.000158148538948355	7.292538338332655e-05	-0.00018693799496460883	8.547903410360824e-05	0.00023342675669479895	-0.0003539580300604417
0.00023906544594520795	0.0004068437552451343	9.573913939120438e-05	0.00044738178072822876	0.00024992780193766606	0.0003351166323337651	0.0007951113527120413	0.0007694111619749311
5.183724727242378e-05	0.00015720615701519947	-0.00027871725795369784	1.0515983825731823e-05	-0.0001245285954070141	0.0002727072327763924	0.0006078831540401453	-0.00010432043182984074
0.0004887030441749207	0.00034443435568753955	-0.0006531736552988221	0.0003225629816130393	0.0003123372014948167	0.00045993543144895455	0.0007327019531548906	0.0006445923628597416
-0.00013539095139947221	9.479675745782679e-05	-0.0012148582513165085	7.292538338332655e-05	2.902037081753406e-07	0.0005847542305636999	0.0002958361562523937	-0.00029154863050284696
0.0003014748455023586	0.0002196155565727942	-0.001090039452201319	0.0008218381780729089	0.0003747466010528555	0.0008343918287936347	0.00023342675669479895	0.0004573641641871795
-0.00013539095139947221	-0.0002796596398868534	-0.0007779924544137895	-0.0003015310139617977	0.00018751840238007134	0.00021029783321857565	-0.0010147612344550971	-0.0005411862287327818
-0.0020076729381246494	-0.00015484084077210802	-0.0009652206530865737	0.00013533478294092127	0.0001251090028224766	-0.0002265679636834772	-0.002262949225604327	0.0005197735637447742
-0.007936565896085934	-0.000778934836346945	-0.0026502744411385226	-0.0015497190051114718	-0.001809582383459185	-0.002410896948195962	-0.005258600404363989	-0.00010432043182984074
-0.008248612893873464	-0.0008413442359045398	-0.0022758180437931763	-0.0014249002059962823	-0.0019344011825743745	-0.0029725815442134262	-0.005570647402151074	0.0005197735637447742
-0.008373431692988431	-0.0010909818341349187	-0.0015893146486611887	-0.0022986317998014982	-0.002683313977264179	-0.0039711319371331655	-0.006007513199054015	-0.00029154863050284696
-0.007936565896085934	-0.0010909818341349187	-0.001526905249104038	-0.002361041199359093	-0.0027457233768215517	-0.004283178934920695	-0.0057578756008238585	0.0004573641641871795
-0.008123794094758274	-0.0013406194323644094	-0.001714133447776378	-0.002797906996261368	-0.0028081327763791464	-0.004283178934920695	-0.005945103799496199	-0.00047877682917518705
-0.005752236911573894	-0.0009037536354621345	-0.0020261804455636856	-0.0017993566033414066	-0.0016847635843446618	-0.0035342661402302245	-0.004946553406576237	0.000582182963302369
-0.004316820721751213	-0.0012782100328068147	-0.0034615966353852556	-0.002985135194933486	-0.001622354184786623	-0.003222219142443139	-0.005196191004806616	-0.0006035956282894883
-0.002943813931486794	-0.0003420690394444481	-0.004584965827420406	-0.00011430281528945763	-0.00031175679407957624	2.3069634546457607e-05	-0.0030118620202947977	0.0003949547646300289
-0.0022573105363548063	-0.00015484084077210802	-0.0031495496375983922	-0.0008008062104214453	0.0001251090028224766	0.001208848226138537	-0.0017636740291446795	-0.00029154863050284696
0.0008007500419620062	-0.00021725024033014684	0.0039027125123978212	0.0010714757763028437	0.0013732969939725947	0.0015208952239260665	0.0009823395513848254	0.0002701359655148394
-0.004753686518653932	-0.0005917066376743829	0.005026081704432306	-0.003609229190508767	-0.0023712669794770935	-0.007466058312352253	-0.0007027142366671235	-0.0006660050278475271
0.0036715824216069226	-3.0022041657584708e-05	3.332973983360965e-05	-0.004358141985198571	-0.002059219981689564	-0.0006010243610288235	0.005288588120851756	0.00033254536507243415
-0.006750787304493855	-3.0022041657584708e-05	0.0049012629053175605	0.008685422522316966	-0.0027457233768215517	0.0072001505836576385	0.013963494659342546	-0.0004163674296175923
0.017651287922484382	0.0009061189517052259	0.01338894124513601	-0.0035468197909511723	0.005055451567864466	-0.00771569591058241	0.012465669069962493	0.0006445923628597416
0.005106998611429159	0.0007188907530326638	0.011579068657969094	0.002070026169223027	-0.0030577703746095253	-0.013706998268101511	0.007036051308460856	-0.0004163674296175923
0.012533717158770052	0.0009061189517052259	0.005462947501335025	-0.0024858599984733942	0.0030583507820249878	0.002269808018616093	0.009782064888990805	0.0004573641641871795
0.0008631594415196009	0.0012805753490499061	0.004526806507973102	0.010370476310368915	0.004181719974059694	0.014065184534981734	0.012403259670404898	-0.00010432043182984074
0.011223119768062784	0.0012181659494927555	0.0044643971084150635	0.0025693013656824526	0.002995941382467393	0.0033931772106505775	0.00684882310978896	0.0004573641641871795
0.007603374593728951	0.0012181659494927555	0.004589215907530253	-0.0024858599984733942	-0.00081103199053989	0.002893902014190486	0.005350997520408907	-0.00022913923094525224
-0.0028189951323720486	0.0009061189517052259	-0.00034112665751129256	1.0515983825731823e-05	-0.0029953609750514865	0.008448338574807313	0.007597735904478542	0.0003949547646300289
0.007104099397268859	0.0004068437552451343	-0.005521106820782995	-0.002111403601129158	-0.0007486225909818511	0.00751219758144539	0.004102809529259233	-0.0006035956282894883
-7.298155184232158e-05	-3.0022041657584708e-05	-0.005396288021668028	0.005315314946212624	0.0024966661860073014	0.004578955802242435	-0.00045307663843741075	8.290776684249934e-05
0.0013000252384220978	0.00034443435568753955	0.001843202327000304	-0.000426349813076321	0.0033079883802544785	-0.0019116217517358702	-0.003323909018081883	-0.00029154863050284696
-0.0015708071412219304	0.0004068437552451343	0.0039027125123978212	-0.00017671221484705235	-6.211919584941938e-05	-0.008402199305714397	-0.004384868810558995	0.0004573641641871795
0.008414696787976128	0.000469253154802729	0.002280068123903023	-0.0026730881971461784	0.003620035378042008	-0.0045952259327080025	-0.003760774814983936	-0.00010432043182984074
-0.005752236911573894	0.0005316625543603237	0.006024632097352267	0.008373375524528992	0.003183169581139733	0.0021449892195009035	0.00035824555580976636	0.0008318205615320817
-0.001445988342106741	0.00034443435568753955	0.009769196070801955	-0.005543920576791095	0.0008740217975129472	-0.00652991731899033	-0.0030118620202947977	-4.191103227269011e-05
0.0001142466468300185	0.0005940719539179184	0.009644377271686766	-0.0036716385900663617	-0.002433676379034244	-0.0041583601358055056	-0.00163885523002949	0.0008318205615320817
-0.004316820721751213	0.0002196155565727942	0.008021732883191968	0.001258703974975628	-0.0011854883878847922	0.0038300430075532965	0.0009199301518276748	-0.00016672983138743547
-0.002319719935911957	9.479675745782679e-05	0.010143652468146636	-0.00017671221484705235	0.001934981589990059	-0.000288977363241516	-0.0005154860379950055	0.0003949547646300289
-0.0010715319447622829	-0.0002796596398868534	0.012515209651331016	-0.002111403601129158	0.0012484781948576273	-0.007840514709697599	-0.003573546616311818	-0.00047877682917518705
0.0009879782406347903	0.0002196155565727942	0.010580518265049133	-0.0013624908064391317	6.269960326577007e-05	-0.004907272930495088	-0.0019509022278170196	0.0005197735637447742
-0.0034430891279466636	0.0002820249561299448	0.005962222697794672	0.002506891966124858	0.00043715600061000615	0.0015208952239260665	0.0014192053482873224	-0.00010432043182984074
0.001924119233997157	0.000469253154802729	0.005650175700007587	0.0013835227740905953	0.00399449177538691	0.0020825798199433088	0.0013567959487297276	0.0007694111619749311
-0.0008843037460899428	9.479675745782679e-05	0.006835954291599444	0.0003225629816130393	0.001747753391317719	-0.0005386149614712288	0.0002958361562523937	-0.00022913923094525224
-0.0018204447394518652	0.00034443435568753955	0.005962222697794672	-0.0012376720073239422	-0.0011854883878847922	0.0013336670252537264	0.002292936942092094	0.0006445923628597416
-0.003131042130159134	-0.00015484084077210802	0.001406336530098251	-0.0004887592126343598	-0.0027457233768215517	0.0025194456168455837	0.004477265926604135	-0.00047877682917518705
0.0041084482185091975	9.479675745782679e-05	-0.00034112665751129256	-0.0026730881971461784	-0.0001245285954070141	0.002269808018616093	0.004664494125276919	0.0004573641641871795
-0.002694176333257081	-3.0022041657584708e-05	-0.0011524488517589138	0.00038497238117063404	-0.0021840387808043094	0.0005847542305636999	0.004414856527046984	-0.00029154863050284696
-0.0005722567483019692	0.0002820249561299448	-0.004085690630960981	-0.0013624908064391317	-0.0015599447852294723	-0.0012251183566034385	0.0032290779354540167	0.0007694111619749311
-0.0061891027084763905	-0.0009661630350192851	-0.01038903998626739	-0.00086321560997904	-0.003307407972838794	-0.004033541336690316	-0.00020343904020747594	-0.00022913923094525224
-0.0038175455252915658	-0.0011533912336920693	-0.010076992988479638	0.00013533478294092127	-0.00018693799496460883	-0.002161259349966027	-0.0006403048371095288	0.0004573641641871795
-0.011618720469978028	-0.0014030288319220041	-0.00583315381857008	0.001258703974975628	-0.00224644818036146	-0.003409447341115923	-0.0011395800335693984	-0.00047877682917518705
-0.007499700099183659	-0.0009661630350192851	-0.0028375026398108627	-0.004795007782100624	-0.0034322267719539834	-0.007154011314564723	-0.00126439883268481	0.0005197735637447742
-0.006938015503165973	-0.0012782100328068147	-0.00364882483405804	-0.005918376974135775	-0.005117280560006376	-0.004969682330053127	-0.00020343904020747594	-0.0003539580300604417
-0.006313921507590692	-0.000778934836346945	-0.0022758180437931763	-0.0021738130006863088	-0.0021840387808043094	0.0015208952239260665	0.0022305275425344995	0.0004573641641871795
-0.008248612893873464	-0.0009661630350192851	0.0009694707331959762	-0.0011752626077665695	-0.001622354184786623	-0.00035138676279822256	0.0004830643549249558	-0.0004163674296175923
-0.00188285413900946	-0.0003420690394444481	0.004339578309300318	-0.0024858599984733942	6.269960326577007e-05	-0.0052193199282826175	-0.0010771706340118037	0.000582182963302369
0.0004887030441749207	-0.00015484084077210802	0.00521330990310509	-0.0017993566033414066	0.0009988405966276925	-0.005032091729610277	-0.0015140364309151888	-0.00016672983138743547
0.00023906544594520795	-0.0003420690394444481	0.00521330990310509	0.0009466569771880984	0.0013732969939725947	-0.001974031151293465	-0.00045307663843741075	0.0003949547646300289
0.0022361662317849085	-0.00046688783855963756	0.0055253569008923975	0.002070026169223027	0.002371847386892556	-0.0015995747539483407	-0.0034487278171966285	-0.0005411862287327818
-0.0015708071412219304	9.479675745782679e-05	0.007460048287174725	0.0010714757763028437	0.004556176371404597	0.0013336670252537264	-0.003760774814983936	0.0005197735637447742
0.0011127970397495357	0.00015720615701519947	0.008645826878766805	-0.002985135194933486	-0.0021840387808043094	0.006264009590295272	4.619855802245887e-05	-0.00029154863050284696
0.001487253437094882	0.0009685283512623766	0.009519558472571577	-5.18934157318629e-05	-0.0017471729839018124	0.009384479568169679	0.0038531719310288537	0.000582182963302369
0.00679205239948133	0.0007813001525900365	0.010393290066376348	-0.000426349813076321	0.0016853439917601243	0.004204499404897977	0.001481614747844917	-0.0004163674296175923
0.0074785557946135395	0.000656481353474625	0.010518108865491538	-0.00011430281528945763	0.002746303784237236	0.0013336670252537264	-7.86202410918424e-05	0.00014531716639964998
0.005668683207446401	0.0011557565499351607	0.0098940148699167	0.0036302611581602307	0.0034952165789268186	0.0038300430075532965	0.0022305275425344995	-0.0004163674296175923
0.008851562584877959	0.001717441145952625	0.007023182490272006	0.00375507995727542	0.003245578980697772	0.003705224208438107	0.004789312924391664	0.0006445923628597416
0.00828987798886116	0.0007813001525900365	0.004838853505759966	0.0008842475776305037	0.001934981589990059	-0.0002265679636834772	0.002792212138552186	-0.0003539580300604417
0.003796401220722112	0.0010309377508199713	0.005275719302662685	0.0015083415732053407	0.0020598003891048045	-3.933976501113712e-05	0.003166668535896866	0.0005197735637447742
0.001924119233997157	0.0005316625543603237	0.0038403031128400045	0.0003225629816130393	0.00043715600061000615	0.00014788843366120297	0.003603534332799585	-0.00047877682917518705
0.0016744816357676662	0.0002196155565727942	9.573913939120438e-05	-0.0003639404135191704	-0.00018693799496460883	-0.0011002995574886931	0.003166668535896866	0.0003949547646300289
0.002360985030899654	0.0002820249561299448	-0.0004035360570688873	0.0005722005798429741	0.0014357063935301895	0.00021029783321857565	0.0032914873350120555	-0.00029154863050284696
-0.0003226191500722564	0.0005940719539179184	0.0005950143358506299	0.002506891966124858	0.001310887594415	0.001208848226138537	0.003603534332799585	0.0007070017624173364
-0.0006346661478595639	-9.243144121495739e-05	0.0005950143358506299	-0.00011430281528945763	-0.0001245285954070141	0.00014788843366120297	0.0024177557412072836	-0.0003539580300604417
0.0013624346379796926	0.00034443435568753955	0.0006574237354082246	-0.00017671221484705235	0.0001251090028224766	0.0019577610208285634	0.003166668535896866	0.000582182963302369
0.0001142466468300185	0.00015720615701519947	0.0005950143358506299	-0.0005511686121919546	-0.0004365755931943216	0.004142090005340382	0.0028546215381093365	-0.00022913923094525224
-0.0015083977416647798	-9.243144121495739e-05	0.0015311553292132185	-0.00011430281528945763	-0.00031175679407957624	0.004391727603570539	0.0021681181429769047	0.00014531716639964998
-0.0011963507438772503	-0.0003420690394444481	0.0030289809185930494	-0.0006759874113066999	-0.00031175679407957624	0.0023322174181736877	0.0010447489509424202	-0.0006660050278475271
0.0013000252384220978	0.0002196155565727942	0.004339578309300318	-0.0006759874113066999	0.0003123372014948167	0.0010840294270237916	0.0011695677500569435	0.0003949547646300289
-0.0003850285496298511	-0.00015484084077210802	0.004651625307087404	-0.0003015310139617977	0.0003747466010528555	0.0002727072327763924	0.0009199301518276748	-0.00047877682917518705
-0.0005722567483019692	3.238735790023206e-05	0.005774994499122776	0.001009066376745249	0.001560525192645379	2.3069634546457607e-05	0.0009823395513848254	0.0004573641641871795
-0.0003850285496298511	3.238735790023206e-05	0.006835954291599444	-0.0002391216144037589	0.0010612499961857313	-0.0016619841535059354	0.00023342675669479895	-0.00022913923094525224
0.0006135218432901102	0.0005316625543603237	0.007772095284962255	-5.18934157318629e-05	0.0009988405966276925	-0.0006634337605859741	0.0013567959487297276	0.0008942299610896765
-0.0016332165407795252	-3.0022041657584708e-05	0.007460048287174725	-0.000426349813076321	-0.0002493473945219815	8.547903410360824e-05	0.0011071583505000149	-0.00029154863050284696
-0.0003226191500722564	0.0004068437552451343	0.006960773090714634	-0.00011430281528945763	0.000686793598840163	0.0011464388265813863	0.0013567959487297276	0.0006445923628597416
-0.0015708071412219304	-0.00015484084077210802	0.006773544892042738	-0.0005511686121919546	-6.211919584941938e-05	0.0007095730296784453	0.00017101735713764832	-0.00022913923094525224
0.00017665604638761323	0.000469253154802729	0.007834504684519406	7.292538338332655e-05	0.0005619747997256397	0.0013336670252537264	0.00042065495536780517	0.0007694111619749311
-0.0009467131456470934	3.238735790023206e-05	0.006274269695582424	-0.0002391216144037589	2.902037081753406e-07	0.0006471636301217387	-0.0006403048371095288	-0.00016672983138743547
-0.0028814045319296433	-0.00040447843900204283	0.004838853505759966	-0.0003639404135191704	-0.0001245285954070141	-0.0005386149614712288	-0.002512586823834706	0.0004573641641871795
-0.008747888090333555	-0.0008413442359045398	0.0030289809185930494	-0.0015497190051114718	-0.0014351259861142829	-0.0026605345464254526	-0.005633056801708669	-0.00029154863050284696
-0.00787415649652834	-0.0011533912336920693	0.0032786185168232063	-0.0022986317998014982	-0.0014975353856718776	-0.003222219142443139	-0.006319560196841545	0.00033254536507243415
-0.008997525688562824	-0.0015278476310371936	0.0029665715190354547	-0.002735497596703773	-0.002496085778591395	-0.0030974003433279496	-0.00675642599374382	-0.00047877682917518705
-0.008061384695201124	-0.0011533912336920693	0.0029665715190354547	-0.0020489942015715634	-0.0017471729839018124	-0.0020364405508503935	-0.006069922598611166	0.00033254536507243415
-0.008061384695201124	-0.0012782100328068147	0.003091390318150644	-0.002548269398031433	-0.002059219981689564	-0.0018492123521782755	-0.006007513199054015	-0.00047877682917518705
-0.006126693308918796	-0.0011533912336920693	0.003091390318150644	-0.002361041199359093	-0.0016847635843446618	-0.0014747559548335953	-0.005196191004806616	0.0002077265659572447
-0.005065733516441462	-0.0008413442359045398	0.003528256115053141	-0.002111403601129158	-0.0015599447852294723	-0.000913071358815909	-0.004260050011443806	-0.0004163674296175923
-0.00188285413900946	-0.00046688783855963756	0.004339578309300318	-0.0009880344090942295	2.902037081753406e-07	-0.00010174916456873184	-0.0025749962233918566	0.0004573641641871795
-0.001445988342106741	-0.00040447843900204283	0.00521330990310509	-0.000426349813076321	0.00018751840238007134	2.3069634546457607e-05	-0.0020133116273746143	-0.0003539580300604417
-0.0004474379491872238	-0.0003420690394444481	0.005650175700007587	-0.0003639404135191704	0.0004995654001673788	-0.0002265679636834772	-0.001451627031357594	0.0002077265659572447
-0.0005722567483019692	-0.00040447843900204283	0.00540053810177743	-0.00105044380865138	-0.0001245285954070141	-0.000476205561913412	-0.001451627031357594	-0.00047877682917518705
0.001050387640192385	0.0002820249561299448	0.006087041496910306	0.00038497238117063404	0.0009988405966276925	0.0007095730296784453	0.0001086079575800536	0.0005197735637447742
0.0026106226291295886	-0.0002796596398868534	0.006399088494697613	7.292538338332655e-05	0.0008740217975129472	0.0009592106279083801	0.0004830643549249558	-0.0007908238269622725
0.007291327595941199	0.0009685283512623766	0.0087082362783244	0.0018203885709928702	0.002621484985122491	0.0028314926146333352	0.0031042591363397154	0.0004573641641871795
0.006604824200809212	0.0005940719539179184	0.008333779880979497	0.0013835227740905953	0.0018725721904324644	0.0030187208133056753	0.0030418497367821207	-0.0005411862287327818
0.007665783993286102	0.0007188907530326638	0.008146551682306713	0.001633160372320086	0.0020598003891048045	0.003517996009765767	0.0038531719310288537	0.00014531716639964998
0.00960047537956843	0.0012181659494927555	0.009332330273899014	0.0021324355687801777	0.0026838943846796415	0.004204499404897977	0.004789312924391664	-0.0005411862287327818
0.009101200183108338	0.001093347150377122	0.008770645677882216	0.002319663767452962	0.0029335319829097983	0.0038300430075532965	0.0043524471274893894	0.0002077265659572447
0.004732542214084479	0.0002196155565727942	0.007460048287174725	0.0009466569771880984	0.0013732969939725947	0.0025818550164029563	0.002105708743419754	-0.0006660050278475271
0.005731092607003996	0.0011557565499351607	0.008645826878766805	0.002257254367895367	0.0024966661860073014	0.004204499404897977	0.002979440337224082	0.0006445923628597416
0.0037339918211645173	0.0005316625543603237	0.007959323483634817	0.001633160372320086	0.001934981589990059	0.004017271206225637	0.0017936617456320025	-0.0003539580300604417
0.0009255688410771956	0.00015720615701519947	0.007272820088502385	0.0007594287785157583	0.0014357063935301895	0.0032059490119784595	0.00017101735713764832	0.0003949547646300289
-1.0572152285170944e-05	-0.00015484084077210802	0.007772095284962255	-5.18934157318629e-05	0.0006243841992825683	0.0027690832150757405	-0.0003282578393226654	-0.00047877682917518705
0.0006135218432901102	0.0002196155565727942	0.007834504684519406	0.0003225629816130393	0.0009988405966276925	0.0034555866102081723	0.00023342675669479895	0.0002077265659572447
5.183724727242378e-05	-0.0002796596398868534	0.006898363691157039	-0.000426349813076321	0.0005619747997256397	0.002644264415961217	-0.000390667238879816	-0.0006035956282894883
0.0003638842450599533	-0.00015484084077210802	0.006274269695582424	-0.00011430281528945763	0.0010612499961857313	0.002207398619058498	-0.0005778954375523782	0.00014531716639964998
-0.0009467131456470934	-0.0003420690394444481	0.005774994499122776	-0.00017671221484705235	0.0005619747997256397	0.001645714023041256	-0.0013268082322424046	-0.0007284144274046778
0.0004887030441749207	-0.00015484084077210802	0.005712585099565182	-0.00017671221484705235	0.0011860687953000326	0.0009592106279083801	-0.0009523518348975024	0.0002701359655148394
5.183724727242378e-05	-0.00021725024033014684	0.004963672304874711	-0.00017671221484705235	0.000686793598840163	0.00021029783321857565	-0.00126439883268481	-0.0007284144274046778
5.183724727242378e-05	-0.0002796596398868534	0.004526806507973102	1.0515983825731823e-05	0.0010612499961857313	-0.000288977363241516	-0.0013892176317995553	-4.191103227269011e-05
-0.0015708071412219304	-0.0008413442359045398	0.0034658467154955463	-0.0011752626077665695	-0.0001245285954070141	-0.0014747559548335953	-0.002325358625162366	-0.001102870824750024
-0.0006970755474176027	-0.0003420690394444481	0.003528256115053141	-0.0004887592126343598	0.0003123372014948167	-0.0010378901579306543	-0.001451627031357594	-0.00010432043182984074
-0.0011963507438772503	-0.00040447843900204283	0.0028417527199202652	-0.0008008062104214453	6.269960326577007e-05	-0.0012875277561610332	-0.0013268082322424046	-0.0006660050278475271
-0.0003226191500722564	9.479675745782679e-05	0.00271693392080552	-0.00011430281528945763	0.0006243841992825683	-0.0007882525597011636	-0.00045307663843741075	0.0002701359655148394
-0.001445988342106741	-0.0006541160372319776	0.0017183835278860027	-0.0009880344090942295	-0.0004365755931943216	-0.0022860781490812165	-0.0009523518348975024	-0.0008532332265198672
-0.0004474379491872238	-0.00015484084077210802	0.0015935647287708132	-0.0003639404135191704	0.0003123372014948167	-0.0026605345464254526	-0.00020343904020747594	8.290776684249934e-05
-0.0005098473487452626	-0.0003420690394444481	0.0014687459296556238	-0.000426349813076321	-6.211919584941938e-05	-0.0030974003433279496	0.0001086079575800536	-0.0006660050278475271
0.0005511124437327375	-3.0022041657584708e-05	0.0014687459296556238	7.292538338332655e-05	0.0003123372014948167	-0.003034990943770355	0.0009823395513848254	0.0002077265659572447
-0.0011339413443196555	-0.00040447843900204283	0.0010318801327531268	-0.000426349813076321	-0.0004365755931943216	-0.003222219142443139	0.0004830643549249558	-0.0006660050278475271
-0.004441639520866847	-0.0008413442359045398	-0.000902811253528979	-0.0017369472037838118	-0.0014975353856718776	-0.003846313138017976	-0.0009523518348975024	0.00014531716639964998
-0.009996076081482785	-0.0017774852292669063	-0.003211959037155987	-0.00335959159227861	-0.0036818643701843623	-0.004470407133593035	-0.003323909018081883	-0.0009156426260774619
-0.0088727068894483	-0.0014654382314791548	-0.0027126838406961173	-0.002797906996261368	-0.0029953609750514865	-0.003034990943770355	-0.002887043221179608	-4.191103227269011e-05
-0.009496800885022694	-0.001839894628824501	-0.003211959037155987	-0.0035468197909511723	-0.003494636171511578	-0.0037214943389027866	-0.0038231842145415307	-0.0009156426260774619
-0.008685478690775517	-0.0019647134279388023	-0.0032743684367133596	-0.0030475445944910806	-0.0029953609750514865	-0.004220769535362656	-0.00407282181277191	-0.00022913923094525224
-0.007562109498741254	-0.0013406194323644094	-0.001963771046006091	-0.002361041199359093	-0.0023712669794770935	-0.0037214943389027866	-0.0036983654154270074	-0.0006660050278475271
-0.005065733516441462	-0.0014030288319220041	-0.0014020864499884045	-0.0020489942015715634	-0.0016847635843446618	-0.003846313138017976	-0.0030742714198519483	-4.191103227269011e-05
-0.0038799549248491605	-0.0011533912336920693	-0.00034112665751129256	-0.0014249002059962823	-0.0013103071869990934	-0.0037214943389027866	-0.002699815022507046	-0.0007908238269622725
-0.0011963507438772503	-0.0008413442359045398	0.0014687459296556238	-0.0009256250095361906	-0.00031175679407957624	-0.002785353345540642	-0.0017636740291446795	2.0498367284904617e-05
-0.0015708071412219304	-0.001028572434577324	0.0024048869230182124	-0.0012376720073239422	-0.0006862131914247005	-0.0022860781490812165	-0.0020133116273746143	-0.0008532332265198672
-0.0005722567483019692	-0.000778934836346945	0.003341027916380357	-0.0008008062104214453	-0.0002493473945219815	-0.0014747559548335953	-0.001451627031357594	-0.00022913923094525224
-0.001258760143434845	-0.0012782100328068147	0.0032162091172656115	-0.0016121284046690665	-0.0008734413900974847	-0.0013499371557184059	-0.002075721026931987	-0.0012900990234223642
-7.298155184232158e-05	-0.0007165254367900165	0.004152350110627534	-0.00086321560997904	-0.00018693799496460883	8.547903410360824e-05	-0.0013268082322424046	-0.00022913923094525224
0.0030474884260320856	-9.243144121495739e-05	0.0065863166933699535	-0.00011430281528945763	0.0006243841992825683	0.001396076424810877	-1.6210841535135856e-05	-0.0007284144274046778
0.006480005401694022	0.0002820249561299448	0.008084142282749562	0.0008842475776305037	0.0018725721904324644	0.002207398619058498	0.0013567959487297276	-4.191103227269011e-05
0.006292777203021238	0.000656481353474625	0.008333779880979497	0.0011962945754178111	0.0018725721904324644	0.002269808018616093	0.001294386549172577	-0.0005411862287327818
0.00791542159151648	0.0007813001525900365	0.008645826878766805	0.0020076167696654323	0.002808713183794609	0.0023322174181736877	0.001918480544747192	0.00014531716639964998
0.008352287388418533	0.000469253154802729	0.008770645677882216	0.001633160372320086	0.0024966661860073014	0.0015833046234836612	0.001731252346074852	-0.0009780520256348346
0.008539515587090873	0.0014053941481650956	0.008770645677882216	0.0028189389639126095	0.0033079883802544785	0.0021449892195009035	0.002542574540321585	0.0003949547646300289
