Sensor_1	Sensor_2	Sensor_3	Sensor_4	Sensor_5	Sensor_6	Sensor_7	Sensor_8
-0.0050935712291142465	-0.0007353044251168228	-0.002421238185702057	-0.0010845193408095533	-0.0015504335927363222	-0.0024250638818956727	-0.004272020134279408	0.000484765011063093
-0.004095020836194729	-0.0005480762264440386	-0.0018595535896852589	-0.0012717475394823374	-0.0014880241931791716	-0.0005527818951702734	-0.0035855167391465326	-0.00026414778362671143
-0.0012865978561076297	-0.00017361982909891438	-0.0009234125963226703	-0.0003980159456771215	-0.0004894738002594323	0.0009450436942093354	-0.0023373287479970806	0.000484765011063093
-0.0015362354543380086	-0.0005480762264440386	-0.0007985937972077028	-0.0006476535439077225	-0.0009263395971619293	0.00019613089951930895	-0.00246214754711227	-0.00045137598229971765
-0.00010081926451555034	-0.0002360292286569532	-0.0002369092011902385	-8.596894789003606e-05	-0.00030224560158664815	-0.0006151912947278682	-0.0017756441519793942	0.0002975368123907529
-0.0007249132600899433	-0.0004232574273288492	-0.00017449980163286583	-0.0001483783474476308	-0.0006142925993739556	-0.0019881980849927317	-0.0020876911497669237	-0.0005137853818568683
0.0018338721217665555	1.3608369573425705e-05	0.0008864599908442461	0.000538125047684801	0.00032184839398796683	-0.0022378356832231105	-0.0009643219577322171	0.0002351274128331582
0.005516026695658427	0.00026324596780313847	0.0029459701762417634	0.0010374002441444485	0.001133170588235588	-0.0013641040894178946	0.0005335036316473918	-0.0006386041809720577
0.0077003556801704676	0.0008873399633784196	0.004381386366064222	0.00222317883573675	0.002006902182040582	-0.00017832549782559326	0.0020313292210270006	0.00017271801327556346
0.006951442885480885	0.00045047416647592264	0.004131748767833843	0.001349447241931978	0.0013828081864653008	-0.0003031442969407827	0.001719282223239471	-0.0007634229800868031
0.009759865865567763	0.0011369775616083544	0.0054423461585413335	0.0023479976348514953	0.0027558149767303863	0.0008202248950939239	0.003217107812619302	0.0002351274128331582
0.009198181269550076	0.0011369775616083544	0.005691983756770602	0.0024728164339666847	0.0025061773785004515	0.0009450436942093354	0.0032795172121768967	-0.0005137853818568683
0.007325899282825565	0.0008873399633784196	0.004318976966506183	0.0021607694361795993	0.0022565397802705167	-5.35066987108479e-05	0.0024681950179297196	0.0002351274128331582
0.005203979697870897	0.0005128835660335174	0.0035700641718161563	0.0015366754406043182	0.001570036385138085	-0.0016137416876480515	0.0010951882276650782	-0.0006386041809720577
0.005952892492561368	0.0007001117647058575	0.003819701770046313	0.00203595063706441	0.0019444927824827651	-0.0007400100938432796	0.0014072352254526077	0.0002351274128331582
0.0012721875257497572	7.601776913102043e-05	0.002134647981994142	0.000725353246357141	0.00044666719310360037	-0.002113016884107921	-0.0005898655603873149	-0.0006386041809720577
0.0013345969253069079	0.0001384271686883931	0.0018850103837642074	0.000538125047684801	0.0006963047913333131	-0.001925788685435137	-0.0007146843595022823	0.0002351274128331582
8.640893415723383e-05	-0.00036084802777125446	0.0015105539864195272	0.00010125925078230402	-0.00023983620202905342	-0.0014265134889754894	-0.0014635971541923087	-0.0007634229800868031
0.0007105029297316268	-0.00011121042954176374	0.0016977821850914232	0.00022607804989727143	0.00013462019531562675	-0.00017832549782559326	-0.0011515501564050012	4.7899214160374015e-05
-0.00010081926451555034	-0.00036084802777125446	0.0014481445868619325	-0.0004604253452351603	-0.00030224560158664815	-0.0012392852903031493	-0.0017756441519793942	-0.0007010135805287643
0.00039845593194476336	0.00020083656824598783	0.001760191584649462	0.0006629438467995463	0.0003842577935453395	-0.0004903724956126787	-0.0011515501564050012	0.00035994621194790355
-0.00028804746318744634	-0.00017361982909891438	0.0012609163881893704	3.884985122515339e-05	-0.00030224560158664815	-0.001925788685435137	-0.0015260065537494594	-0.000576194781414463
0.0013345969253069079	0.00020083656824598783	0.001323325787746743	0.0006005344472423957	0.000509076592660529	-0.002924339078355098	-0.0010891407568474065	0.000484765011063093
0.0005232747310597308	0.00020083656824598783	0.0012609163881893704	0.0004133062485696115	0.0002594389944308162	-0.00342361427481519	-0.0013387783550773413	-0.00013932898451196607
0.000648093530174032	1.3608369573425705e-05	0.0008240505912870955	0.0004133062485696115	0.0002594389944308162	-0.0032987954757000004	-0.0012139595559617078	0.0002975368123907529
0.0002112277332719792	0.00020083656824598783	0.0010112787899594355	0.000538125047684801	0.00019702959487277738	-0.002113016884107921	-0.0010891407568474065	-0.00013932898451196607
0.0003360465323869466	0.00026324596780313847	0.0005744129930569386	0.000725353246357141	0.000509076592660529	-0.0006151912947278682	-0.0009019125581746223	0.000484765011063093
-0.0007249132600899433	-0.00036084802777125446	0.00026236599526985316	-2.3559548332441338e-05	-0.00011501740291386398	0.0006329966964215838	-0.0012763689555193025	-0.0005137853818568683
0.00039845593194476336	0.00026324596780313847	0.0005744129930569386	0.0004133062485696115	0.0003842577935453395	0.002130822285801637	-0.0004650467612725695	0.0004223556115054983
-0.0007249132600899433	1.3608369573425705e-05	0.0005120035934993439	-0.0001483783474476308	-0.00023983620202905342	0.002255641084916382	-0.0007146843595022823	-0.00026414778362671143
0.0005856841306173255	0.00045047416647592264	0.001136097589074625	0.00022607804989727143	0.000509076592660529	0.0012570906919964209	-9.059036392744524e-05	0.0007344026092928058
-0.00035045686274592924	-0.00011121042954176374	0.0008864599908442461	-0.0002107877470052255	-0.0001774268024714587	-0.0018633792858775422	-0.0007146843595022823	-0.00026414778362671143
0.00039845593194476336	0.0001384271686883931	0.0010112787899594355	0.0003508968490120168	0.0002594389944308162	-0.004484574067292302	-0.0004026373617145307	0.000484765011063093
-0.0015986448538947151	7.601776913102043e-05	0.00026236599526985316	3.884985122515339e-05	-0.0001774268024714587	-0.007979500442512055	-0.0015260065537494594	-0.00013932898451196607
-0.006528987418936261	-0.0006104856260011893	-0.0023588287861449064	-0.0007100629434653172	-0.0013632053940639821	-0.011099970420386462	-0.00389756373693384	0.0005471744106204657
-0.008713316403448745	-0.0014218078202488105	-0.00373183557640977	-0.0017086133363848344	-0.0025489839856562835	-0.011412017418173548	-0.00533297992675652	-0.000576194781414463
-0.00783958480964353	-0.001109760822461725	-0.00373183557640977	-0.0016462039368276837	-0.0021121181887540086	-0.008666003837644043	-0.005208161127641331	0.00035994621194790355
-0.009337410399023582	-0.001484217219805961	-0.004231110772869862	-0.0021454791332873313	-0.002861030983443591	-0.0062320372549020675	-0.005894664522773763	-0.00045137598229971765
-0.007589947211414039	-0.000672895025558784	-0.00354460737773743	-0.0015213851377124943	-0.002049708789196414	-0.002737110879682314	-0.004958523529411396	0.0007344026092928058
-0.007340309613184326	-0.001109760822461725	-0.0033573791790648677	-0.0020830697337297366	-0.002424165186541094	8.902700846746825e-06	-0.004958523529411396	-0.0003265571831845282
-0.005218390028229436	-0.0006104856260011893	-0.002483647585259874	-0.0013965663385973048	-0.001612842992293917	0.0015691376897839504	-0.003959973136491435	0.000484765011063093
-0.004282249034866625	-0.0007977138246737514	-0.001984372388799782	-0.001583794537269645	-0.0018624805905238517	0.0003209496986344984	-0.0038351543373769115	-0.0003265571831845282
-0.0006000944609751979	0.0001384271686883931	1.272839703947426e-05	-8.596894789003606e-05	-0.00011501740291386398	-0.0017385604867627968	-0.0019004629510945836	0.0005471744106204657
-0.0010993696574350675	-0.0005480762264440386	-0.00029931860074783323	-0.0005852441443496836	-0.0009263395971619293	-0.006044809056229283	-0.0025245569466694207	-0.0003889665827421229
0.0012097781261917184	0.00026324596780313847	0.0009488693904018408	0.000725353246357141	0.00044666719310360037	-0.007917091042954016	-0.0010891407568474065	0.0006095838101780604
0.0002736371328295739	-0.0002360292286569532	0.00019995659571225843	0.00010125925078230402	-0.00030224560158664815	-0.010039010627908684	-0.0015884159533074982	-0.00045137598229971765
0.0027076037155717714	0.00020083656824598783	0.0012609163881893704	0.001162219043259638	0.000945942389563692	-0.006606493652246748	-0.0002778185626002294	0.00035994621194790355
0.006764214686808545	0.0007625211642632301	0.0037572923704889405	0.0020983600366220045	0.0018196739833680198	-0.0018633792858775422	0.0015944634241249478	-0.00026414778362671143
0.007887583878842808	0.001012158762493165	0.0037572923704889405	0.0020983600366220045	0.0021317209811557714	0.0023804598840311275	0.002405785618371681	0.0005471744106204657
0.007325899282825565	0.0008873399633784196	0.003882111169603908	0.00203595063706441	0.0023189491798276674	0.006312252056152934	0.002593013817044687	-0.0005137853818568683
0.009759865865567763	0.0013866151598382892	0.00475584276340868	0.002597635233081874	0.0031302713740757326	0.008808628038452504	0.0037163830090789496	0.00035994621194790355
0.008636496673533278	0.001012158762493165	0.00481825216296583	0.001786313038834697	0.0022565397802705167	0.0074356212481880846	0.0033419266117344915	-0.000576194781414463
0.0060153018921180745	0.0007625211642632301	0.0035076547722585616	0.0014118566414895728	0.001570036385138085	0.005001654665446109	0.0025306044174870923	4.7899214160374015e-05
0.004455066903181315	0.0006377023651478186	0.0035700641718161563	0.0012246284428172327	0.0011955799877929607	0.00038335909819209313	0.0019065104219122553	-0.0005137853818568683
0.005578436095216022	0.0005128835660335174	0.003632473571373751	0.001349447241931978	0.0014452175860233396	-0.005108668062867583	0.0016568728236820984	0.00011030861371796874
0.0010225499275196004	1.3608369573425705e-05	0.0020098291828789527	0.0006005344472423957	0.00013462019531562675	-0.010101420027466279	-0.00015299976348503996	-0.0007010135805287643
0.0017714627222091828	0.00026324596780313847	0.0020098291828789527	0.001162219043259638	0.0006338953917757184	-0.011536836217288293	-0.0002154091630417465	0.0002351274128331582
0.0007729123292892215	-0.00017361982909891438	0.0016353727855342726	0.0008501720454718864	0.00019702959487277738	-0.011349608018615953	-0.0007146843595022823	-0.0006386041809720577
0.0012721875257497572	0.00020083656824598783	0.0016353727855342726	0.0010374002441444485	0.0006338953917757184	-0.008728413237201194	-0.0002778185626002294	0.00035994621194790355
0.0010225499275196004	0.00026324596780313847	0.001760191584649462	0.000725353246357141	0.0003842577935453395	-0.004172527069504772	-0.0005898655603873149	-0.0002017383840691167
0.0005232747310597308	7.601776913102043e-05	0.0008864599908442461	0.000725353246357141	0.00013462019531562675	-0.00017832549782559326	-0.0010891407568474065	0.00035994621194790355
-0.00035045686274592924	1.3608369573425705e-05	0.000699231792171906	0.0003508968490120168	7.221079575803202e-05	0.002692506881818879	-0.0011515501564050012	-0.0003265571831845282
0.000648093530174032	7.601776913102043e-05	0.0006368223926145333	0.00010125925078230402	0.00019702959487277738	0.002879735080491219	-0.0009019125581746223	0.00035994621194790355
-0.00035045686274592924	1.3608369573425705e-05	0.0008864599908442461	-8.596894789003606e-05	-0.00023983620202905342	0.0020060034866864473	-0.0010891407568474065	-0.0003889665827421229
8.640893415723383e-05	7.601776913102043e-05	0.0010112787899594355	0.0001636686503396767	7.221079575803202e-05	-0.00011591609826799854	-0.0005898655603873149	0.00035994621194790355
-0.0004128662623026358	-0.00017361982909891438	0.0008240505912870955	-0.00027319714656282024	-0.0004894738002594323	-0.004422164667735151	-0.0010267313572898118	-0.00045137598229971765
0.0005856841306173255	-0.00011121042954176374	0.0011985069886313315	0.00028848744945486615	0.00013462019531562675	-0.007542634645609114	-0.0005274561608297201	0.000484765011063093
0.0002736371328295739	-4.8801029984391064e-05	0.0011985069886313315	0.00028848744945486615	-5.260800335626925e-05	-0.009290097833219102	-0.0004650467612725695	-0.0005137853818568683
0.0013970063248645026	0.0003880647669183279	0.001572963385977122	0.0009749908445870759	0.0006963047913333131	-0.008790822636759232	9.663783474489485e-05	0.0005471744106204657
0.0002112277332719792	1.3608369573425705e-05	0.0009488693904018408	0.0006005344472423957	0.00019702959487277738	-0.007605044045166709	-0.0006522749599449096	-0.00026414778362671143
0.0011473687266341237	0.0005128835660335174	0.001136097589074625	0.001162219043259638	0.0008835329900056532	-0.004047708270389583	3.422843518774421e-05	0.0007344026092928058
8.640893415723383e-05	7.601776913102043e-05	0.0006368223926145333	0.0004133062485696115	0.00019702959487277738	-0.0012392852903031493	-0.0005898655603873149	-0.00026414778362671143
0.0003360465323869466	0.00026324596780313847	0.0005744129930569386	0.0006629438467995463	0.0003842577935453395	0.0018187752880141073	-0.00034022796215738005	0.0004223556115054983
-0.003346108041504703	-0.00029843862821365974	-0.0011106407949954544	-0.0007100629434653172	-0.000988748996719524	0.001444318890669205	-0.002025281750209329	-0.00045137598229971765
-0.008526088204776405	-0.0010473514229041303	-0.0037942449759669206	-0.0022702979324025208	-0.002486574586099133	-0.001488922888532862	-0.004521657732508899	0.0002975368123907529
-0.009150182200350798	-0.0012345796215764704	-0.0036070167772941364	-0.0023327073319596714	-0.002861030983443591	-0.0038604800717172427	-0.004896114129853801	-0.0003265571831845282
-0.008338860006103843	-0.0007353044251168228	-0.003294969779507273	-0.0017086133363848344	-0.0022993463874263487	-0.006793721850919532	-0.004334429533837003	0.0006095838101780604
-0.00877572580300634	-0.0010473514229041303	-0.0034197885786222404	-0.002020660334172364	-0.002611393385213434	-0.011287198619058358	-0.004896114129853801	-0.00013932898451196607
-0.007340309613184326	-0.0009849420233460915	-0.0031701509803920835	-0.0014589757381548996	-0.0023617557869834993	-0.013596346402685588	-0.00439683893339371	0.000484765011063093
-0.006528987418936261	-0.0014218078202488105	-0.002858103982604998	-0.0016462039368276837	-0.002486574586099133	-0.014594896795605106	-0.004272020134279408	-0.0006386041809720577
-0.004282249034866625	-0.0007353044251168228	-0.002046781788357377	-0.0006476535439077225	-0.0014256147936211327	-0.013034661806667902	-0.0032110603418018524	0.00035994621194790355
-0.0028468328450450553	-0.000672895025558784	-0.0013602783932253892	-0.0003980159456771215	-0.00117597719539142	-0.009789373029679194	-0.00264937574578461	-0.0003889665827421229
-0.0004128662623026358	-0.00011121042954176374	-0.0004865467994201733	0.00022607804989727143	-0.00023983620202905342	-0.0051710774624247335	-0.0015260065537494594	0.0004223556115054983
-0.000787322659647538	-0.00011121042954176374	-0.00029931860074783323	-2.3559548332441338e-05	-0.0004894738002594323	-0.000864828892958025	-0.0015884159533074982	-0.00026414778362671143
-3.840986495795562e-05	0.0001384271686883931	-0.0002369092011902385	0.00022607804989727143	-5.260800335626925e-05	0.0026300974822612844	-0.0010891407568474065	0.0005471744106204657
-0.0006625038605332367	-0.00011121042954176374	-0.00029931860074783323	-0.0004604253452351603	-0.0004894738002594323	0.0034414196765084615	-0.0012763689555193025	-0.0002017383840691167
0.0034565165102613538	0.0008249305638208249	0.0020098291828789527	0.0010374002441444485	0.001133170588235588	0.0051264734645608545	0.0008455506294349213	0.0007968120088504005
0.006514577088578166	0.0008873399633784196	0.003632473571373751	0.001349447241931978	0.001570036385138085	0.0040655136720835205	0.00215614802014219	-0.00013932898451196607
0.008449268474860494	0.0014490245593954398	0.004631023964293934	0.0021607694361795993	0.0025061773785004515	0.0011946812924392702	0.003466745410849681	0.0007344026092928058
0.008511677874418089	0.0008873399633784196	0.004693433363851085	0.0018487224383920697	0.002006902182040582	-0.003361204875257595	0.0033419266117344915	-0.0005137853818568683
0.01088323505760247	0.0013866151598382892	0.005879211955443386	0.003096910429541966	0.003192680773632439	-0.005919990257114316	0.004777342801556506	0.000484765011063093
0.010009503463797698	0.0011369775616083544	0.005879211955443386	0.0029096822308691817	0.0028806337758453537	-0.008853232036316827	0.004527705203327015	-0.0003265571831845282
0.007637946280613317	0.001012158762493165	0.004693433363851085	0.002847272831311587	0.002630996177615197	-0.010163829427023874	0.0035915642099646483	0.000484765011063093
0.0060153018921180745	0.0008249305638208249	0.004318976966506183	0.00241040703440909	0.0020693115815981766	-0.00972696363012071	0.0029674702143898113	-0.0002017383840691167
0.0058280736934461785	0.0007625211642632301	0.004006929968718653	0.0021607694361795993	0.0021317209811557714	-0.00716817824826399	0.0027178326161594324	0.0005471744106204657
0.0012097781261917184	0.0005128835660335174	0.002633923178454234	0.0014118566414895728	0.0007587141908909079	-0.003985298870832432	0.0009703694285501108	-0.0002017383840691167
0.0010225499275196004	0.00020083656824598783	0.0018226009842066127	0.0006629438467995463	0.00044666719310360037	-0.0014265134889754894	0.0004086848325326464	0.0002975368123907529
0.0007729123292892215	0.0003256553673607332	0.0020722385824365475	0.0003508968490120168	0.0002594389944308162	0.0002585402990769037	0.00015904723430248957	-0.00026414778362671143
0.0005856841306173255	0.0001384271686883931	0.0016977821850914232	0.00022607804989727143	0.00013462019531562675	0.0010698624933240808	-0.00015299976348503996	0.00035994621194790355
2.3999534599639105e-05	7.601776913102043e-05	0.001572963385977122	0.00010125925078230402	-0.0001774268024714587	0.00013372149996193627	-0.0002778185626002294	-0.0003265571831845282
0.0005232747310597308	0.00020083656824598783	0.0014481445868619325	0.00028848744945486615	9.801396200437296e-06	-0.0030491578774700656	-9.059036392744524e-05	0.0004223556115054983
-3.840986495795562e-05	-0.0004856668268864439	0.0009488693904018408	-0.0001483783474476308	-0.0006767019989315504	-0.007230587647821585	-0.0005274561608297201	-0.0007010135805287643
0.0013970063248645026	0.00020083656824598783	0.0016353727855342726	0.0008501720454718864	0.00032184839398796683	-0.009851782429236344	0.0003462754329750517	0.00035994621194790355
0.0005232747310597308	1.3608369573425705e-05	0.001323325787746743	0.0006005344472423957	-0.0001774268024714587	-0.012535386610208477	-2.8180964369850514e-05	-0.0003889665827421229
0.0010849593270771951	7.601776913102043e-05	0.001323325787746743	0.0010998096437022653	0.0003842577935453395	-0.012160930212863574	0.0003462754329750517	0.00035994621194790355
0.0003360465323869466	-4.8801029984391064e-05	0.0013857351873043378	0.000725353246357141	7.221079575803202e-05	-0.010663104623483965	-2.8180964369850514e-05	-0.0003265571831845282
0.0002112277332719792	-0.00011121042954176374	0.0009488693904018408	0.0006629438467995463	0.00019702959487277738	-0.007292997047379179	-0.0002154091630417465	0.0002975368123907529
-0.00010081926451555034	0.0001384271686883931	0.0011985069886313315	0.0006629438467995463	0.00013462019531562675	-0.003173976676584811	-0.0002154091630417465	-0.00026414778362671143
-3.840986495795562e-05	-0.0002360292286569532	0.00044959419394174915	-8.596894789003606e-05	-5.260800335626925e-05	0.00013372149996193627	-0.0002778185626002294	0.0002975368123907529
-0.0006000944609751979	1.3608369573425705e-05	0.0006368223926145333	-0.00027319714656282024	-0.00030224560158664815	0.002130822285801637	-0.0004026373617145307	-0.00045137598229971765
0.0002112277332719792	0.0003256553673607332	0.0008240505912870955	0.0001636686503396767	0.00019702959487277738	0.002318050484473977	0.00015904723430248957	0.0006095838101780604
0.00014881833371438447	0.0003880647669183279	0.0010736881895170303	0.00010125925078230402	0.00013462019531562675	-0.00017832549782559326	0.00028386603341790106	-1.451018539677662e-05
0.0003360465323869466	0.0001384271686883931	0.0008864599908442461	0.00028848744945486615	0.0002594389944308162	-0.004609392866407491	0.0003462754329750517	0.000484765011063093
-0.0034085174410618535	-0.0004232574273288492	-0.000548956198977768	-0.0004604253452351603	-0.000988748996719524	-0.010226238826581246	-0.0011515501564050012	-0.0002017383840691167
-0.00783958480964353	-0.0007977138246737514	-0.0027332851834902527	-0.0013341569390399322	-0.001800071190966701	-0.015593447188525067	-0.0029614227435721396	0.0006719932097356551
-0.008089222407873908	-0.0012345796215764704	-0.0029205133821621487	-0.0013965663385973048	-0.002236936987868754	-0.017840185572595146	-0.0033982885404741925	-0.00026414778362671143
-0.007714766010529228	-0.000672895025558784	-0.0027956945830474034	-0.0009597005416948079	-0.001800071190966701	-0.01715368217746227	-0.0031486509422447018	0.0007968120088504005
-0.008526088204776405	-0.0012345796215764704	-0.0031701509803920835	-0.0016462039368276837	-0.002424165186541094	-0.016092722384984715	-0.00389756373693384	-0.00026414778362671143
-0.0076523566109716334	-0.001296989021133621	-0.003294969779507273	-0.0014589757381548996	-0.0023617557869834993	-0.012597796009765627	-0.00389756373693384	0.00035994621194790355
-0.00665380621805145	-0.0009225326237889409	-0.002608466384374619	-0.0012717475394823374	-0.002049708789196414	-0.008229138040741546	-0.003335879140917042	-0.0002017383840691167
-0.004157430235752324	-4.8801029984391064e-05	-0.0016723253910129188	-0.0005852441443496836	-0.0009263395971619293	-0.004484574067292302	-0.002274919348439486	0.0007968120088504005
-0.0027844234454872385	-0.0004232574273288492	-0.001173050194552605	-0.0008972911421372132	-0.0013007959945068315	-0.003361204875257595	-0.002025281750209329	-7.691958495437135e-05
-0.0006625038605332367	0.0003256553673607332	1.272839703947426e-05	0.00028848744945486615	-0.00023983620202905342	-0.001676151087204758	-0.0005898655603873149	0.0008592214084079952
-0.0009745508583203222	-0.0002360292286569532	-0.00017449980163286583	-0.000522834744792533	-0.0007391113984891451	-0.003173976676584811	-0.0009019125581746223	-0.0003889665827421229
0.00014881833371438447	7.601776913102043e-05	7.513779659706898e-05	-2.3559548332441338e-05	-0.00023983620202905342	-0.005295896261539479	-0.0004026373617145307	0.0006095838101780604
0.00014881833371438447	-0.00036084802777125446	0.00026236599526985316	-0.0002107877470052255	-0.0005518831998163609	-0.007605044045166709	-0.0005274561608297201	-0.0005137853818568683
0.00470470450141125	0.0008249305638208249	0.0025091043793386003	0.0016614942397195076	0.0013828081864653008	-0.006544084252689153	0.0017816916227972879	0.0006719932097356551
0.007263489883268415	0.0008249305638208249	0.003819701770046313	0.0020983600366220045	0.0018820833829251704	-0.005732762058441976	0.002780242015717027	-0.00026414778362671143
0.0083868590753029	0.0010745681620503156	0.004194158167391437	0.0025352258335242794	0.002443767978942857	-0.004609392866407491	0.0035291548104070536	0.000484765011063093
0.009198181269550076	0.0011993869611659491	0.004943070962081464	0.0025352258335242794	0.0025061773785004515	-0.003173976676584811	0.0037787924086369884	-0.0003265571831845282
0.010446369260699973	0.0014490245593954398	0.005629574357213896	0.003221729228656267	0.0031302713740757326	-0.0011768758907451105	0.0045901146028841655	0.000484765011063093
0.00876131547264758	0.0010745681620503156	0.005130299160753804	0.0024728164339666847	0.002381358579385262	-0.000864828892958025	0.0039036112077517338	-0.0003889665827421229
0.006514577088578166	0.0011369775616083544	0.004131748767833843	0.00203595063706441	0.0020693115815981766	-0.0023002450827804832	0.0031546984130621514	0.0002975368123907529
0.0045798857022965045	0.0001384271686883931	0.003445245372701855	0.0009749908445870759	0.0007587141908909079	-0.004422164667735151	0.002218557419699785	-0.0007634229800868031
0.004392657503624164	0.0007001117647058575	0.003632473571373751	0.0014742660410467234	0.0012579893873505554	-0.0056079432593272305	0.0025306044174870923	0.0002975368123907529
0.0003360465323869466	-0.00029843862821365974	0.001947419783321802	0.0001636686503396767	-0.00036465500114402083	-0.00960214483100641	0.0006583224307621371	-0.0008258323796439537
0.0016466439230939933	0.0003256553673607332	0.0024466949797818938	0.0009749908445870759	0.000509076592660529	-0.011911292614633195	0.0012824164263374183	0.0002975368123907529
0.0009601405279615616	-0.00036084802777125446	0.002134647981994142	0.0003508968490120168	-0.00011501740291386398	-0.013970802800030713	0.0007831412298777707	-0.0008882417792015485
0.0012097781261917184	-4.8801029984391064e-05	0.001947419783321802	0.000725353246357141	0.00019702959487277738	-0.014407668596932766	0.0007207318303197319	-1.451018539677662e-05
0.0005856841306173255	-0.0005480762264440386	0.001572963385977122	0.0004133062485696115	-0.00023983620202905342	-0.014657306195163144	0.0003462754329750517	-0.0008258323796439537
0.0010225499275196004	-0.00011121042954176374	0.001572963385977122	0.0006629438467995463	0.0002594389944308162	-0.013034661806667902	0.0005335036316473918	0.0002351274128331582
0.0005232747310597308	-0.00011121042954176374	0.0016353727855342726	0.0006005344472423957	7.221079575803202e-05	-0.010850332822156306	0.00022145663385986225	-0.0005137853818568683
0.0013345969253069079	0.0005128835660335174	0.0018850103837642074	0.001349447241931978	0.0006338953917757184	-0.007043359449149245	0.0007831412298777707	0.0005471744106204657
-3.840986495795562e-05	-0.00017361982909891438	0.0010112787899594355	0.00010125925078230402	-0.00023983620202905342	-0.005857580857556721	-0.0002154091630417465	-0.0003889665827421229
0.0007105029297316268	0.0005128835660335174	0.0013857351873043378	0.0007877626459147358	0.0003842577935453395	-0.0030491578774700656	0.0004086848325326464	0.0007344026092928058
-0.0008497320592055768	-0.00011121042954176374	0.000699231792171906	-0.0002107877470052255	-0.0005518831998163609	-0.0022378356832231105	-0.0002778185626002294	-0.0003265571831845282
0.0003360465323869466	0.00026324596780313847	0.0009488693904018408	0.0001636686503396767	0.00019702959487277738	-0.002113016884107921	0.00015904723430248957	0.000484765011063093
-0.0006625038605332367	-0.0002360292286569532	0.0005744129930569386	-0.0001483783474476308	-0.0004894738002594323	-0.002362654482337634	-0.00015299976348503996	-0.00045137598229971765
0.00014881833371438447	0.0001384271686883931	0.0006368223926145333	0.0001636686503396767	7.221079575803202e-05	-0.0024250638818956727	0.00022145663385986225	0.0002975368123907529
-0.00010081926451555034	-0.0002360292286569532	0.00044959419394174915	-0.0001483783474476308	-0.0001774268024714587	-0.004796621065080053	-0.00015299976348503996	-0.0005137853818568683
0.0002736371328295739	-0.00017361982909891438	0.00044959419394174915	0.00022607804989727143	9.801396200437296e-06	-0.006419265453574852	0.00015904723430248957	0.00017271801327556346
0.0002112277332719792	1.3608369573425705e-05	0.0008240505912870955	0.0003508968490120168	-0.00011501740291386398	-0.008353956839856291	0.0003462754329750517	-0.0003265571831845282
0.00039845593194476336	1.3608369573425705e-05	0.0007616411917297228	0.000538125047684801	0.0002594389944308162	-0.010475876424811181	0.0003462754329750517	0.00035994621194790355
-0.004344658434424664	-0.00036084802777125446	-0.0008610031967652976	-0.0002107877470052255	-0.00117597719539142	-0.012535386610208477	-0.0013387783550773413	-0.0002017383840691167
-0.008526088204776405	-0.0013593984206912157	-0.003482197978179835	-0.001771022735942429	-0.0025489839856562835	-0.015218990791179943	-0.003523107339588938	0.0002351274128331582
-0.00877572580300634	-0.001484217219805961	-0.0033573791790648677	-0.0021454791332873313	-0.0029858497825587804	-0.015655856588082884	-0.003959973136491435	-0.0006386041809720577
-0.00877572580300634	-0.0012345796215764704	-0.0032325603799496783	-0.0016462039368276837	-0.0027362121843286236	-0.015343809590295576	-0.0038351543373769115	0.0002975368123907529
-0.010211141992828354	-0.0020459018158240916	-0.004106291973754672	-0.0027071637293047957	-0.003734762577248363	-0.016030312985428008	-0.004646476531624311	-0.0008258323796439537
-0.006903443816281829	-0.0010473514229041303	-0.002608466384374619	-0.0016462039368276837	-0.0022993463874263487	-0.014158030998703275	-0.0032110603418018524	0.0002351274128331582
-0.00665380621805145	-0.0013593984206912157	-0.002483647585259874	-0.001958250934614769	-0.0027362121843286236	-0.013034661806667902	-0.003523107339588938	-0.0006386041809720577
-0.004282249034866625	-0.000672895025558784	-0.0016723253910129188	-0.0008348817425800625	-0.0015504335927363222	-0.011224789219500764	-0.0020876911497669237	0.0002975368123907529
-0.0024099670481427804	-0.0010473514229041303	-0.0012354595941101998	-0.001146928740367592	-0.0015504335927363222	-0.011162379819944057	-0.001838053551536989	-0.0008258323796439537
-0.0004128662623026358	-0.0006104856260011893	-0.0004241373998625786	-0.0002107877470052255	-0.0005518831998163609	-0.00972696363012071	-0.0010267313572898118	0.00011030861371796874
-0.0009121414587627275	-0.0009225326237889409	-0.00036172800030542795	-0.0004604253452351603	-0.000988748996719524	-0.008978050835431572	-0.0010267313572898118	-0.0008258323796439537
-3.840986495795562e-05	-0.00036084802777125446	-0.0002369092011902385	0.00010125925078230402	-0.00036465500114402083	-0.00716817824826399	-0.0007146843595022823	4.7899214160374015e-05
0.00014881833371438447	-0.0002360292286569532	0.0001375471961546637	0.0001636686503396767	-0.00023983620202905342	-0.005483124460212041	-0.0005898655603873149	-0.0005137853818568683
0.004767113900968845	0.0005128835660335174	0.002134647981994142	0.0012246284428172327	0.0012579893873505554	-0.0020506074845503264	0.0014696446250102024	0.00035994621194790355
0.0068890334859232905	0.0005128835660335174	0.0035700641718161563	0.0014118566414895728	0.0013203987869081502	0.0005705872968639891	0.002405785618371681	-0.0008258323796439537
0.007201080483710376	0.0005128835660335174	0.0035076547722585616	0.0014118566414895728	0.0014452175860233396	0.0006954060959791786	0.0027178326161594324	-7.691958495437135e-05
0.008636496673533278	0.0009497493629355702	0.004693433363851085	0.0017239036392768803	0.002006902182040582	0.0017563658884565125	0.003653973609522243	-0.00045137598229971765
0.010134322262913331	0.001012158762493165	0.005067889761196209	0.0020983600366220045	0.0023189491798276674	0.0006954060959791786	0.00427806760509708	-1.451018539677662e-05
0.00819963087663056	0.001012158762493165	0.005130299160753804	0.0020983600366220045	0.002006902182040582	-0.001925788685435137	0.004028430006866923	-0.0005137853818568683
0.006264939490348453	0.0008249305638208249	0.004006929968718653	0.001786313038834697	0.001757264583810425	-0.005295896261539479	0.0033419266117344915	0.00035994621194790355
0.005640845494773172	0.0007001117647058575	0.004131748767833843	0.0018487224383920697	0.0015076269855804902	-0.007667453444724082	0.0031546984130621514	-0.00045137598229971765
0.004330248104066126	0.0005752929655911121	0.0033204265735866656	0.0017239036392768803	0.0013203987869081502	-0.010413467025253587	0.002593013817044687	0.00035994621194790355
0.0013345969253069079	1.3608369573425705e-05	0.002384285580224299	0.0009125814450294811	0.0003842577935453395	-0.012535386610208477	0.0014072352254526077	-0.00045137598229971765
0.002145919119554085	0.00045047416647592264	0.0026963325780113845	0.0014742660410467234	0.000945942389563692	-0.011599245616845888	0.001719282223239471	0.0004223556115054983
0.0010225499275196004	0.0001384271686883931	0.0023218761806667043	0.0010374002441444485	0.0002594389944308162	-0.01178647381551845	0.001157597627222673	-0.0003889665827421229
0.001709053322651588	0.00045047416647592264	0.0023218761806667043	0.0012246284428172327	0.0006963047913333131	-0.010351057625695992	0.0014696446250102024	0.0004223556115054983
0.0002112277332719792	-0.0002360292286569532	0.0016977821850914232	0.00022607804989727143	-0.00030224560158664815	-0.009789373029679194	0.00047109423209024115	-0.0006386041809720577
0.0009601405279615616	0.00020083656824598783	0.0018850103837642074	0.000725353246357141	0.0002594389944308162	-0.008478775638971925	0.0010327788281070394	0.00035994621194790355
-0.0002256380636302957	-0.0004232574273288492	0.0012609163881893704	-0.0002107877470052255	-0.0005518831998163609	-0.008541185038528853	0.00022145663385986225	-0.0007010135805287643
0.0010225499275196004	0.0001384271686883931	0.0018226009842066127	0.0006005344472423957	0.0002594389944308162	-0.007480225246051964	0.000907960028992516	0.0002975368123907529
0.00014881833371438447	0.0001384271686883931	0.001572963385977122	0.0003508968490120168	-0.00011501740291386398	-0.0068561312504766825	0.0006583224307621371	-0.0003889665827421229
0.0005856841306173255	1.3608369573425705e-05	0.0010112787899594355	3.884985122515339e-05	9.801396200437296e-06	-0.006606493652246748	0.0005335036316473918	0.0002975368123907529
0.0003360465323869466	0.0001384271686883931	0.0013857351873043378	0.0004133062485696115	0.00013462019531562675	-0.006356856054016813	0.00047109423209024115	-0.00026414778362671143
8.640893415723383e-05	-4.8801029984391064e-05	0.0007616411917297228	0.0003508968490120168	7.221079575803202e-05	-0.006918540650034277	0.0003462754329750517	0.0004223556115054983
0.0002736371328295739	1.3608369573425705e-05	0.001136097589074625	0.0004133062485696115	0.00013462019531562675	-0.006169627855344473	0.0004086848325326464	-0.0003265571831845282
0.0005232747310597308	0.0001384271686883931	0.0010112787899594355	0.0008501720454718864	0.0003842577935453395	-0.0051710774624247335	0.0005335036316473918	0.00035994621194790355
-0.0002256380636302957	-0.00011121042954176374	0.000699231792171906	0.00022607804989727143	-0.0001774268024714587	-0.005108668062867583	3.422843518774421e-05	-0.00045137598229971765
0.0010225499275196004	0.0005128835660335174	0.0014481445868619325	0.0009125814450294811	0.0005714859922181237	-0.004172527069504772	0.0009703694285501108	0.0007344026092928058
-0.0002256380636302957	-0.0002360292286569532	0.0010736881895170303	3.884985122515339e-05	-0.0004894738002594323	-0.005233486861981884	0.00015904723430248957	-0.00045137598229971765
-0.0006000944609751979	-0.00011121042954176374	0.000699231792171906	-0.0001483783474476308	-0.00042706440070161555	-0.007043359449149245	9.663783474489485e-05	0.0002975368123907529
-0.006216940421149175	-0.0007353044251168228	-0.0012978689936677945	-0.0012093381399247427	-0.002049708789196414	-0.008915641435873978	-0.0020876911497669237	-0.00045137598229971765
-0.00877572580300634	-0.0008601232242313461	-0.002608466384374619	-0.001583794537269645	-0.0023617557869834993	-0.010163829427023874	-0.003086241542686663	0.0005471744106204657
-0.00908777280079387	-0.0014218078202488105	-0.0034197885786222404	-0.002457526131074861	-0.0029858497825587804	-0.010413467025253587	-0.0038351543373769115	-0.0005137853818568683
-0.008401269405661438	-0.0010473514229041303	-0.0034197885786222404	-0.0018334321355000238	-0.002486574586099133	-0.010351057625695992	-0.0036479261387045714	0.0004223556115054983
-0.009399819798581177	-0.0016090360189213726	-0.003981473174639705	-0.0021454791332873313	-0.0029234403830011857	-0.010413467025253587	-0.004334429533837003	-0.0006386041809720577
-0.007153081414511542	-0.0010473514229041303	-0.00354460737773743	-0.0013341569390399322	-0.001987299389639041	-0.008915641435873978	-0.003335879140917042	0.00035994621194790355
-0.0055304370260171876	-0.0009225326237889409	-0.002608466384374619	-0.0010845193408095533	-0.0014880241931791716	-0.007605044045166709	-0.00283660394445695	-0.0003265571831845282
-0.004032611436637135	-0.000672895025558784	-0.002296419386587756	-0.0005852441443496836	-0.0010511583962762305	-0.0066689030518047865	-0.0020876911497669237	0.00035994621194790355
-0.001848282452125094	-0.0006104856260011893	-0.0012354595941101998	-0.0006476535439077225	-0.0009263395971619293	-0.005857580857556721	-0.0011515501564050012	-0.0005137853818568683
-0.00010081926451555034	-4.8801029984391064e-05	-0.00017449980163286583	0.00022607804989727143	-5.260800335626925e-05	-0.004297345868619962	-0.0002154091630417465	0.000484765011063093
-0.000787322659647538	-0.00036084802777125446	-0.0001120904020752711	-0.0004604253452351603	-0.0008639301976038904	-0.0039228894712752815	-0.0004650467612725695	-0.00045137598229971765
0.00039845593194476336	7.601776913102043e-05	0.0003247753948265597	-0.0001483783474476308	-0.00011501740291386398	-0.003361204875257595	0.00022145663385986225	0.0005471744106204657
0.0008977311284044109	0.00020083656824598783	0.0008864599908442461	0.0001636686503396767	-0.00011501740291386398	-0.002737110879682314	0.00047109423209024115	-0.0003265571831845282
0.006077711291675669	0.001012158762493165	0.002821151377126574	0.0015366754406043182	0.0016324457846956797	-0.0006776006942856849	0.002593013817044687	0.0006095838101780604
0.00819963087663056	0.0009497493629355702	0.003819701770046313	0.0017239036392768803	0.002006902182040582	7.13121004041195e-05	0.0033419266117344915	-0.0003889665827421229
0.009073362470435775	0.0013242057602802504	0.004318976966506183	0.0025352258335242794	0.0026934055771725696	0.0006954060959791786	0.003841201808194139	0.0005471744106204657
0.010196731662470038	0.0016986621576258187	0.005255117959868549	0.003221729228656267	0.003255090173190034	0.001444318890669205	0.0045901146028841655	4.7899214160374015e-05
0.011444919653620156	0.0017610715571831914	0.005567164957656301	0.0035961856260020575	0.0037543653696501256	0.0017563658884565125	0.005089389799343813	0.0007344026092928058
0.008449268474860494	0.001012158762493165	0.004693433363851085	0.002660044632639247	0.0025061773785004515	0.0006329966964215838	0.0039036112077517338	-0.0005137853818568683
0.006701805287250506	0.0014490245593954398	0.004256567566949032	0.0025352258335242794	0.0025061773785004515	0.0007578154955363292	0.003653973609522243	0.0007968120088504005
0.005640845494773172	0.0008873399633784196	0.003944520569161725	0.001599084840162357	0.0016324457846956797	-0.00011591609826799854	0.003029879613946962	-0.00026414778362671143
0.003643744708934138	0.0010745681620503156	0.003445245372701855	0.0016614942397195076	0.0013828081864653008	-0.0004903724956126787	0.002593013817044687	0.0007344026092928058
0.0005856841306173255	0.0003880647669183279	0.0020098291828789527	0.0004757156481276503	0.00013462019531562675	-0.0016137416876480515	0.001157597627222673	-0.00026414778362671143
0.0016466439230939933	0.0006377023651478186	0.0020722385824365475	0.000725353246357141	0.0006338953917757184	-0.0013016946898603	0.0014072352254526077	0.0006719932097356551
0.0007729123292892215	0.00026324596780313847	0.001572963385977122	0.00022607804989727143	7.221079575803202e-05	-0.001488922888532862	0.0008455506294349213	-0.00026414778362671143
0.0020211003204388955	0.0006377023651478186	0.0016977821850914232	0.0007877626459147358	0.0010083517891203986	-0.0009896476920727704	0.001532054024566909	0.0006095838101780604
0.0007105029297316268	7.601776913102043e-05	0.0007616411917297228	0.00010125925078230402	0.00019702959487277738	-0.001488922888532862	0.0005335036316473918	-0.0003889665827421229
0.0015842345235372868	0.00020083656824598783	0.0006368223926145333	0.0008501720454718864	0.0010083517891203986	-0.0009272382925156197	0.0007831412298777707	0.00035994621194790355
0.0010849593270771951	7.601776913102043e-05	0.0003871847943845985	0.000538125047684801	0.0006338953917757184	-0.0009896476920727704	0.0004086848325326464	-0.0003889665827421229
0.0013345969253069079	7.601776913102043e-05	0.0001375471961546637	0.000725353246357141	0.0008835329900056532	-0.0007400100938432796	0.0004086848325326464	0.00035994621194790355
0.00039845593194476336	0.0001384271686883931	0.0003871847943845985	0.0006629438467995463	0.0006338953917757184	-0.0004903724956126787	0.0004086848325326464	-0.00045137598229971765
0.0012721875257497572	0.00045047416647592264	0.0005744129930569386	0.0008501720454718864	0.000945942389563692	0.00013372149996193627	0.0007831412298777707	0.0005471744106204657
-0.00016322866407314507	0.0001384271686883931	0.00026236599526985316	0.0001636686503396767	7.221079575803202e-05	-0.00017832549782559326	9.663783474489485e-05	-0.00026414778362671143
0.000648093530174032	0.0005128835660335174	0.0005744129930569386	0.0004133062485696115	0.000509076592660529	-5.35066987108479e-05	0.0005335036316473918	0.0006095838101780604
-3.840986495795562e-05	-4.8801029984391064e-05	0.00019995659571225843	-0.0002107877470052255	-0.0001774268024714587	-0.0006151912947278682	3.422843518774421e-05	-0.0003265571831845282
0.00039845593194476336	0.00026324596780313847	0.0005120035934993439	0.00022607804989727143	0.0002594389944308162	-0.00024073489738318798	0.0004086848325326464	0.00035994621194790355
-0.00010081926451555034	0.00020083656824598783	0.00044959419394174915	-2.3559548332441338e-05	-5.260800335626925e-05	-0.0004903724956126787	9.663783474489485e-05	-0.0002017383840691167
0.0007729123292892215	0.00020083656824598783	0.0005120035934993439	0.00022607804989727143	0.0003842577935453395	-0.00036555369649793334	0.0003462754329750517	0.0004223556115054983
8.640893415723383e-05	7.601776913102043e-05	0.0005744129930569386	0.00028848744945486615	0.00019702959487277738	-0.0005527818951702734	-2.8180964369850514e-05	-0.00045137598229971765
-0.0014114166552228191	-0.00036084802777125446	-0.0007361843976501081	-2.3559548332441338e-05	-0.00023983620202905342	-0.0013016946898603	-0.0007146843595022823	0.00017271801327556346
-0.007090672014953947	-0.0008601232242313461	-0.0029205133821621487	-0.0014589757381548996	-0.0016752523918515116	-0.002924339078355098	-0.003086241542686663	-0.0003265571831845282
-0.00883813520256349	-0.0011721702220188757	-0.0040438825741972995	-0.0017086133363848344	-0.002236936987868754	-0.00379807067215987	-0.00389756373693384	0.00035994621194790355
-0.009462229198138772	-0.0009225326237889409	-0.004106291973754672	-0.0018958415350571745	-0.002486574586099133	-0.003610842473487974	-0.0040223825360490295	-0.0002017383840691167
-0.009774276195925857	-0.001546626619364	-0.005042432967117261	-0.002644754329746757	-0.002861030983443591	-0.004234936469062367	-0.004521657732508899	0.0002975368123907529
-0.009462229198138772	-0.001296989021133621	-0.004480748371099796	-0.0025199355306324556	-0.0029234403830011857	-0.003985298870832432	-0.004334429533837003	-0.00045137598229971765
-0.007901994209202012	-0.001296989021133621	-0.004418338971542202	-0.0023327073319596714	-0.002611393385213434	-0.0037356612726022753	-0.0038351543373769115	0.0002975368123907529
-0.006466578019378666	-0.001109760822461725	-0.003482197978179835	-0.002207888532844926	-0.002236936987868754	-0.0030491578774700656	-0.0032110603418018524	-0.0005137853818568683
-0.004407067833982037	-0.0007977138246737514	-0.0029829227817197435	-0.001583794537269645	-0.001612842992293917	-0.0024250638818956727	-0.00246214754711227	0.00035994621194790355
-0.0017234636530099046	-0.0002360292286569532	-0.0015475065918972852	-0.0007100629434653172	-0.0007391113984891451	-0.0011144664911879598	-0.0012139595559617078	-0.0003889665827421229
-0.00035045686274592924	-4.8801029984391064e-05	-0.0014226877927825399	-0.0002107877470052255	-0.0001774268024714587	-0.0008024194934004303	-0.0006522749599449096	0.0007344026092928058
0.00014881833371438447	0.00026324596780313847	-0.0008610031967652976	0.00022607804989727143	0.0002594389944308162	-0.0003031442969407827	-0.00034022796215738005	-1.451018539677662e-05
0.0005856841306173255	0.0001384271686883931	-0.0010482313954378597	0.0003508968490120168	0.00044666719310360037	-0.00036555369649793334	-0.0002778185626002294	0.0006719932097356551
0.0015842345235372868	0.00026324596780313847	-0.0001120904020752711	0.0006629438467995463	0.0005714859922181237	7.13121004041195e-05	9.663783474489485e-05	-0.00013932898451196607
0.006639395887693356	0.0009497493629355702	0.0020722385824365475	0.00203595063706441	0.002194130380712478	0.0016939564888991399	0.0024681950179297196	0.0006095838101780604
0.008012402677957997	0.001012158762493165	0.0033204265735866656	0.00203595063706441	0.0021317209811557714	0.0023804598840311275	0.003217107812619302	-0.0003889665827421229
0.008449268474860494	0.001012158762493165	0.003632473571373751	0.00203595063706441	0.002194130380712478	0.0023804598840311275	0.0035291548104070536	0.00035994621194790355
0.009447818867780455	0.0013866151598382892	0.004943070962081464	0.0023479976348514953	0.002381358579385262	0.0030045538796064086	0.00427806760509708	-0.00026414778362671143
