Sensor_1	Sensor_2	Sensor_3	Sensor_4	Sensor_5	Sensor_6	Sensor_7	Sensor_8
-0.009582223750667307	-0.001396260532539717	-0.005175689517052051	-0.0027251594796675604	-0.0028832393682762802	-0.0038361466468301852	-0.004622657984283185	-0.0004161271534295352
-0.008334035759517855	-0.0011466229343095602	-0.004863642519264744	-0.002163474883650096	-0.002321554772259038	-0.0033368714503705377	-0.003998563988708348	0.000395195040818086
-0.007709941763943462	-0.0011466229343095602	-0.004301957923247279	-0.002163474883650096	-0.002321554772259038	-0.003024824452582564	-0.003748926390477969	-0.0003537177538719405
-0.006024887975890625	-0.0007097571374068412	-0.0036154545281144035	-0.0014769714885176644	-0.0015102325780114167	-0.0024631398565648777	-0.0028751947966731972	0.0005200138399332754
-0.004776699984740507	-0.0009593947356372201	-0.0028041323338672264	-0.0016641996871900044	-0.0015726419775694556	-0.001963864660105674	-0.002687966598000635	-0.0006657647516590259
-0.0020930958037685965	-8.566314183200419e-05	-0.0012438973449300228	-0.000291192896925363	-0.0002620445868621868	-0.00040362967116824855	-0.0013773692072940324	0.000395195040818086
-0.0016562300068665436	-8.566314183200419e-05	-0.0006822127489127805	-0.000291192896925363	-0.0002620445868621868	-0.00015399207293853578	-0.0014397786068516272	-0.00010408015564200568
-0.00047045141527468637	0.00022638385595485921	-0.0002453469520100615	2.0854100861944502e-05	0.00017482121004097628	0.0003452831235215559	-0.0011277316090638756	0.0006448326390480208
-0.0012193642099642688	-0.00021048194094719364	-0.0004949845502404404	-0.000291192896925363	-0.00044927278553430483	0.00047010192263674533	-0.001252550408178843	-0.00029130835431434576
0.0022755621652554847	0.0006632496528575782	0.001127659838254358	0.0008945856946667163	0.0008613246051729639	0.0014686523155567066	0.0013686443732361386	0.0007072420386056155
0.004147844151979774	0.0004760214541852381	0.002126210231174319	0.0008321762951095657	0.0006740964065008459	0.0010317865186537656	0.003552973357747957	-0.0004161271534295352
0.007705179926756678	0.0007880684519727676	0.002750304226749156	0.0006449480964367815	0.0017350561989777358	0.0003452831235215559	0.006611033936064548	0.0002079668421457459
0.007642770527199527	0.0006632496528575782	0.0035616264209967774	0.0013314514915694353	0.0016102373998625463	-0.00015399207293853578	0.00879536292057681	-0.0006033553521014312
0.008079636324101358	0.00153698124666235	0.005309089608606321	0.0037654180743107446	0.0026711971923401023	-0.002650368055237662	0.011478967101548943	0.0005200138399332754
0.010076737109941059	0.0009128872510870689	0.005309089608606321	0.00033290109864947404	0.0030456535896850045	-0.01026431480125134	0.01110451070420404	-0.00047853655298624176
0.009015777317464169	0.0012249342488748205	0.00431053921568636	0.001393860891126808	0.0030456535896850045	-0.01051395239948083	0.01110451070420404	0.0005200138399332754
0.005208803944457108	0.0006008402532999835	0.002812713626306751	0.0021427736858168345	0.0016102373998625463	-0.008017576417181704	0.010542826108186354	-0.00047853655298624176
0.005520850942244637	0.0009752966506451077	0.002812713626306751	0.0027668676813914495	0.0015478280003053957	-0.008953717410543627	0.01129173890287638	0.0004576044403756807
0.004272662951094519	0.00016397445639748653	-0.00018293755245291088	-0.0012897432898453243	5.000241092578683e-05	-0.013322375379568152	0.008920181719692	-0.0003537177538719405
0.0048967569466698	0.0001015650568403359	-0.002055219539177644	-0.0016017902876328538	-0.0005740915846494943	-0.007705529419394619	0.009045000518806745	0.0002079668421457459
-0.0010945454108490793	-0.00021048194094719364	-0.003053769932097161	0.0012066326924542459	-0.0019470983749143578	-0.00015399207293853578	0.007984040726329633	-0.0006657647516590259
0.0007777365758758759	3.9155657282297085e-05	-0.002492085336080141	-0.000291192896925363	0.00023723060959768283	-0.0004660390707258433	0.005862121141375187	0.0002079668421457459
0.000528098977645497	-0.000335300740061939	-0.002679313534752481	-0.0017890184863051939	0.0004244588082700229	-0.0012773612649730204	0.002928879362172898	-0.0007905835507742154
-0.00047045141527468637	0.00022638385595485921	-0.0013063067444876175	-0.00010396469825324495	0.0004244588082700229	0.002654430907148564	0.002304785366598061	0.000395195040818086
-0.0010945454108490793	0.0001015650568403359	4.290646219651251e-06	0.0002704916990923234	5.000241092578683e-05	0.0022799745098038837	0.0009317785763331976	-0.0003537177538719405
0.002213152765697446	0.0003512026550702707	0.001314888036927142	0.00033290109864947404	0.0017974655985353305	-0.0003412202716104318	-0.0003164094148162544	0.0005824232394904261
0.001152192973220112	-8.566314183200419e-05	0.0018141632333867896	-0.00047842109559814716	0.0008613246051729639	-0.0004660390707258433	-0.0018142350041958633	-0.00047853655298624176
-0.0018434582055388837	3.9155657282297085e-05	0.00218861963073147	0.000769766895551971	-0.0006989103837646837	0.0018431087129013868	-0.0013149598077359936	0.0002079668421457459
-0.0009073172121765172	-0.0001480725413895989	0.0023134384298466593	-0.0006656492942700432	-0.0010109573815515471	-0.0005908578698405886	-0.0015021880064083337	-0.0005409459525442806
0.0012146023727781508	-0.0001480725413895989	0.0018765726329439403	-0.0020386560845353507	-1.2406988631807891e-05	-0.0030872338521401588	-0.001689416205081118	0.0002079668421457459
-0.0016562300068665436	-2.325374227440946e-05	0.002126210231174319	-0.0010401056916151674	-0.0007613197833222785	-0.0017142270618752953	-0.0008156846112763461	-0.00029130835431434576
-0.0018434582055388837	0.0004136120546276434	0.000690794041351861	8.326350041953923e-05	-0.00044927278553430483	-0.0021510928587782363	0.0008693691767756029	0.0006448326390480208
0.0005905083772033137	0.0001015650568403359	0.00025392824444958606	-0.0010401056916151674	0.00023723060959768283	-0.007019026024261743	0.001306234973678544	-0.00022889895475719513
0.0017762869687958371	0.00022638385595485921	-0.0007446221484701532	-0.0001663740978099515	0.0011109622034028988	-0.008204804615854489	0.0022423759670404664	0.0004576044403756807
-0.0012817736095218635	-0.00021048194094719364	-0.0010566691462576827	0.0003953104982068467	-1.2406988631807891e-05	-0.007081435423819338	0.002741651163500558	-0.0005409459525442806
-9.599501792889598e-05	3.9155657282297085e-05	-0.0012438973449300228	0.00033290109864947404	0.000611687006942585	-0.005958066231784631	0.0034905639581903625	0.00027037624170289654
-0.0014690018081942036	-0.0003977101396195337	-0.0023672665369649515	-0.0011025150911727621	-0.0003244539864191154	-0.005583609834439285	0.0020551477683683483	-0.0003537177538719405
-0.007335485366597672	-0.0008345759365224747	-0.004489186121919175	-0.0014769714885176644	-0.0015726419775694556	-0.003274462050812943	-0.0016270068055235232	0.0005824232394904261
-0.00858367335774779	-0.0008969853360796254	-0.0036778639276724423	0.0002704916990923234	-0.0005116821850918996	0.004027437697413427	-0.004872295582512676	-0.00022889895475719513
-0.009457404951552117	-0.0011466229343095602	-0.004239548523689685	-0.004160575669489575	-0.002758420569161535	0.005837310284580566	-0.003124832394903576	0.000395195040818086
-0.012390646730754629	-0.0016458981307696519	-0.005799783512626444	-0.007218636247806387	-0.008312857129778362	0.005150806889448578	-0.0011277316090638756	-0.0006033553521014312
-0.007897169962615358	-0.0010842135347519655	-0.0033658169298849128	-0.004722260265506817	-0.005254796551460661	-0.00015399207293853578	-0.0005660470130459672	0.000395195040818086
-0.003466102594033682	-0.0015210793316544624	-0.003490635728999658	-0.002350703082321992	-0.0005116821850918996	-0.005833247432669664	-0.002500738399328295	-0.0006657647516590259
-0.005026337582970886	-0.0010218041351943707	-0.0029913605325395665	0.0012066326924542459	0.0006740964065008459	-0.004709878240634513	-0.0021886914015407655	0.00014555744258815118
-0.004339834187838676	-0.0007097571374068412	-0.00224244773784954	0.0008945856946667163	5.000241092578683e-05	-0.0009029048676276741	-0.0001291812161439143	-0.0006657647516590259
-0.001593820607308949	-0.000335300740061939	-0.001618353742274925	-0.0009152868925004221	-0.0008861385824365797	-2.9173273823346335e-05	0.0018679195696955642	0.0002079668421457459
-0.002405142801556126	-0.000335300740061939	-0.0012438973449300228	-0.0026627500801099657	-0.0013854137788966714	0.0019055181124589815	0.0020551477683683483	-0.0004161271534295352
-0.001593820607308949	3.9155657282297085e-05	-0.0009318503471429374	-0.0016641996871900044	-0.0010109573815515471	0.003715390699625898	0.0026792417639431854	0.0005200138399332754
-0.0018434582055388837	-0.0003977101396195337	-0.0011814879453728722	-0.0012273338902877295	-0.0015102325780114167	0.002030336911573949	0.0024920135652708453	-0.0005409459525442806
0.004335072350652558	0.00022638385595485921	0.0010652504386967632	0.0003953104982068467	0.0008613246051729639	-0.0007780860685129287	0.003989839154650454	0.00014555744258815118
0.005396032143129448	0.00016397445639748653	0.0024382572289618487	0.001393860891126808	0.0019846937972076706	-0.002400730457007283	0.004052248554207605	-0.0007905835507742154
0.0071434953307394355	0.0006632496528575782	0.0044977674143587	0.0029540958800640116	0.0024839689936677622	-0.0012773612649730204	0.004863570748455226	-4.167075608418891e-05
0.008703730319676639	0.0009128872510870689	0.005246680209048726	0.0019555454871440503	0.0026087877927825076	3.323612573424839e-05	0.005050798947127566	-0.0006033553521014312
0.010263965308613399	0.0008504778515303624	0.005870774204623119	0.0012690420920116185	0.002359150194553017	0.0021551557106891384	0.005113208346684939	-0.00010408015564200568
0.008766139719234234	0.0011001154497600751	0.00661968699931359	0.00045771989776444144	0.0016102373998625463	0.004152256496528617	0.004613933150224847	-0.0006657647516590259
0.005520850942244637	0.0006632496528575782	0.005496317807278661	0.0007073574959948203	0.0014230092011902062	0.0065238136797129975	0.0026168323643851465	2.0738643473405816e-05
0.004023025352864584	0.0004136120546276434	0.005059452010375942	0.0008945856946667163	0.0011109622034028988	0.005587672686351075	0.001306234973678544	-0.0008529929503315881
0.005895307339589317	0.0004760214541852381	0.005059452010375942	0.0009569950942243111	0.0019846937972076706	0.004901169291218199	0.0011190067750059818	0.00014555744258815118
0.0010273741741053666	-0.0001480725413895989	0.0029375324254214963	0.00020808229953472868	0.0004244588082700229	0.0036529813000687472	-0.0010653222095058368	-0.0007281741512166207
0.0016514681696802036	0.0001015650568403359	0.003187170023651209	0.0005201292973220362	0.0008613246051729639	0.003465753101396185	-0.0006908658121611566	8.314804303055645e-05
0.0007777365758758759	-0.0001480725413895989	0.0026878948271911174	0.00020808229953472868	0.00011241181048338156	0.002654430907148564	-0.0007532752117187513	-0.0006657647516590259
0.0021507433661402953	-0.0001480725413895989	0.0029375324254214963	-0.0006032398947128925	0.00048686820782806173	0.0018431087129013868	-0.0003788188143738491	-4.167075608418891e-05
0.0005905083772033137	-0.00027289134050478836	0.0030623512245366857	-0.0006032398947128925	-0.00019963518730437002	0.0019679275120165762	-0.0003164094148162544	-0.0007281741512166207
0.00015364258030059474	-8.566314183200419e-05	0.0026878948271911174	0.00014567289997713395	5.000241092578683e-05	0.0025920215075914133	0.000432503379873328	2.0738643473405816e-05
-9.599501792889598e-05	-0.0006473477378496906	0.0015645256351568548	-0.001539380888075259	-0.00044927278553430483	0.0010941959182113603	-0.0001291812161439143	-0.0010402211490043722
0.0008401459754325824	-0.0003977101396195337	0.0013772974364838486	-0.0010401056916151674	-1.2406988631807891e-05	0.0020927463111315436	0.0005573221789885174	-0.00022889895475719513
-0.0009073172121765172	-0.00027289134050478836	0.001314888036927142	-0.0007280586938276379	-0.0005740915846494943	0.0035905719005111525	0.0005573221789885174	-0.0006657647516590259
0.00015364258030059474	0.00016397445639748653	-0.00030775635156765624	-0.000291192896925363	0.00017482121004097628	0.004277075295643362	0.0011814161745635765	0.00033278564126049126
-0.00028322321660168015	-0.00021048194094719364	4.290646219651251e-06	-0.00047842109559814716	-0.00019963518730437002	0.003278524902723845	0.0008069597772184522	-0.0005409459525442806
0.00015364258030059474	-0.000335300740061939	-0.0014311255436021408	-0.000291192896925363	5.000241092578683e-05	0.002404793308919073	0.0009941879758912364	2.0738643473405816e-05
-0.00022081381704408543	-0.00021048194094719364	4.290646219651251e-06	2.0854100861944502e-05	0.00011241181048338156	0.002030336911573949	0.0014310537727932893	-0.0005409459525442806
0.0006529177767606864	0.0001015650568403359	0.00025392824444958606	0.0005201292973220362	0.0006740964065008459	0.0013438335164415172	0.0017431007705803747	0.0002079668421457459
-0.00022081381704408543	-0.0005225289387345011	0.0005659752422371156	-0.0006032398947128925	-0.00019963518730437002	0.00022046432440658847	0.001056597375448387	-0.0007281741512166207
0.00040328017853052955	-0.00021048194094719364	0.00150211623559926	-0.00041601169604055244	0.00017482121004097628	0.0009069677195390202	0.001243825574120505	0.00014555744258815118
-0.0008449078126193665	-0.0005225289387345011	0.0016893444342720443	-0.0011025150911727621	-0.000823729182878985	0.0012814241168843665	0.0006821409781037069	-0.0007905835507742154
0.00015364258030059474	-0.00027289134050478836	0.001751753833829639	-0.0010401056916151674	-0.0003244539864191154	0.0014686523155567066	0.0004949127794313668	8.314804303055645e-05
-0.003278874395361342	-0.0008969853360796254	4.290646219651251e-06	-0.002413112481879587	-0.0016350513771266062	0.0002828737239641832	-0.001689416205081118	-0.0007281741512166207
-0.00827162635996026	-0.0011466229343095602	-0.0031785887312123506	-0.002787568879225155	-0.0028208299687191296	-0.0005284484702829939	-0.0038737451895931585	0.000395195040818086
-0.009270176752880221	-0.0016458981307696519	-0.0038026827267871877	-0.0030996158770124627	-0.003320105165178777	-0.0008404954680705234	-0.004435429785610845	-0.0007281741512166207
-0.009020539154650509	-0.0017083075303263584	-0.004926051918821672	-0.003224434676127652	-0.0028832393682762802	-0.0019014552605474133	-0.004622657984283185	-0.00010408015564200568
-0.009956680148012209	-0.001833126329441992	-0.0053005083161667965	-0.003037206477454868	-0.0031952863660635877	-0.0023383210574505764	-0.0049347049820707145	-0.0008529929503315881
-0.00864608275730494	-0.0016458981307696519	-0.004738823720149332	-0.0024755218814376256	-0.0023839641718161886	-0.0023383210574505764	-0.004373020386052806	-0.00010408015564200568
-0.007647532364384979	-0.0017083075303263584	-0.0036778639276724423	-0.002600340680552371	-0.0023839641718161886	-0.0025255492561224724	-0.004310610986495433	-0.0009778117494467775
-0.00577525037766069	-0.0010218041351943707	-0.0019304007400624545	-0.0016017902876328538	-0.0013854137788966714	-0.0016518176623177006	-0.003312060593575472	8.314804303055645e-05
-0.004090196589608075	-0.0012714417334247496	-0.000557393949797591	-0.0021010654840925014	-0.0013854137788966714	-0.001152542465858053	-0.0032496511940183215	-0.0011026305485615229
-0.0020930958037685965	-0.0007097571374068412	0.0008156128404670504	-0.001352152689402475	-0.000823729182878985	3.323612573424839e-05	-0.0025631477988858897	-0.00010408015564200568
-0.0017186394064241384	-0.00077216653696488	0.0011900692378119526	-0.0014769714885176644	-0.001073366781109586	0.0007197395208666801	-0.002687966598000635	-0.0009778117494467775
-0.0005952702143889876	-0.0010218041351943707	0.0001291094453348407	-0.0018514278858625666	-0.0008861385824365797	0.0007197395208666801	-0.0028751947966731972	-0.00047853655298624176
-0.0010945454108490793	-0.00077216653696488	0.0008780222400244231	-0.0011649244907301348	-0.0008861385824365797	0.0022799745098038837	-0.0026255571984434845	-0.0010402211490043722
0.0023379715648126353	-0.00027289134050478836	0.002375847829404032	8.326350041953923e-05	0.0005492776073852124	0.004963578690775794	-0.0006284564126035619	-0.00022889895475719513
0.004959166346227395	0.0001015650568403359	0.0031247606240942805	0.0002704916990923234	0.0011109622034028988	0.004277075295643362	0.0009941879758912364	-0.0009154023498894048
0.007330723529411776	0.0005384308537423887	0.00418572041657117	0.0015186796902419974	0.0022343313954378274	0.0063365854810406574	0.0024920135652708453	-0.0001664895551996004
0.007081085931181841	0.0004760214541852381	0.004560176813916739	0.001830726688029527	0.0021719219958800107	0.005712491485465376	0.0030536981612876435	-0.0009154023498894048
0.009827099511711346	0.0009752966506451077	0.005433908407721066	0.0020803642862592397	0.0034201099870296847	0.00552526328679348	0.0037402015564205193	2.0738643473405816e-05
0.007580361127641488	0.0006008402532999835	0.005059452010375942	0.002017954886701867	0.002109512596322416	0.005025988090333389	0.003927429755092415	-0.0009778117494467775
0.006831448332951906	0.0005384308537423887	0.0036864452201110787	0.0008945856946667163	0.0017974655985353305	0.003278524902723845	0.0031161075608456823	-0.00010408015564200568
0.005271213344014702	0.00016397445639748653	0.003436807621881588	0.0005825386968791868	0.0009861434042881534	0.002654430907148564	0.00255442296482844	-0.0009154023498894048
0.005333622743572297	0.0006008402532999835	0.002999941824979091	0.000769766895551971	0.0013605998016328336	0.0027168403067059366	0.0026792417639431854	8.314804303055645e-05
0.002025924567025106	0.0001015650568403359	0.0016893444342720443	-0.0002287834973679903	0.00017482121004097628	0.0014062429159991119	0.0009941879758912364	-0.0005409459525442806
0.002213152765697446	0.00016397445639748653	0.0008780222400244231	-4.155529869565022e-05	0.0003620494087128723	0.0018431087129013868	0.0009941879758912364	0.00014555744258815118
