Sensor_1	Sensor_2	Sensor_3	Sensor_4	Sensor_5	Sensor_6	Sensor_7	Sensor_8
-0.00045441244824462323	0.0007118272522850244	-0.004624827623239458	0.00043530188872109576	0.0015377376218888017	0.000483793003528854	0.00018121661531456112	-0.0113256761185625
0.00048172854511729923	0.00508048522130955	-0.00025616965421493276	0.00037289248916394513	0.006717717785160948	0.00404112877830598	-0.00013083038247319045	-0.013073139306172488
-0.0007040500464747801	0.00027496145538230543	-0.004250371225894112	0.00012325489093356623	0.0009760530258720035	-0.000140300992045983	-6.842098291515164e-05	-0.011949770114137337
0.0007313661433476781	-0.0004115419397501263	-0.005311331018371446	-0.000438429705083232	0.0014129188227745004	0.0007958400013159395	0.00018121661531456112	-0.012948320507057298
-0.00045441244824462323	-0.0004115419397501263	-0.004000733627664177	-0.0058056380670272745	0.001912194019233704	0.0013575245973336258	-6.011583358445094e-06	-0.013073139306172488
-0.0008288688455899695	0.0014607400469746068	-0.0018164046431521363	-0.021158350358169598	0.003784476005958437	0.0031673971845007642	-6.011583358445094e-06	-0.00901652833493527
0.0007313661433476781	0.003769887830601837	0.0006175619395902832	-0.0353252840577194	0.0057815767917981375	0.005351726169012805	0.0003060354144293065	-0.005584011359273333
-0.0007040500464747801	0.004144344227946739	0.001054427736492114	-0.04275200260506029	0.005407120394453235	0.006100638963702387	0.00018121661531456112	-0.0006536687942324537
0.0006689567437900834	0.004331572426619523	0.0016161123325093563	-0.041441405214353244	0.004158932403303783	0.004977269771667681	0.00024362601487215585	0.0014682507907226583
-0.0007040500464747801	0.004518800625291419	0.003363575520119344	-0.04624692898027982	0.0038468854055160318	0.006787142358835263	0.0008053106108891761	0.0030908951792174566
0.0010434131411349856	0.006640720210246309	0.006484045497993751	-0.0578550772979729	0.006967355383390439	0.00759846455308244	5.639781619959372e-05	0.0009689755942632328
-0.0008912782451466761	0.006266263812901407	0.006296817299321411	-0.07651548776566175	0.01015023476082244	0.01003243113582486	0.0005556730126592413	0.00408944557213764
0.0007313661433476781	0.008513002196971042	0.008605965082948197	-0.06291023866212919	0.008090724575425368	0.00759846455308244	0.000618082412216836	0.0010313849938203834
0.000544137944674894	0.004144344227946739	0.0066088642971084965	-0.05386087572629328	0.004845435798435993	0.0054141355685704	0.00018121661531456112	-0.00015439359777214
-0.0007040500464747801	0.0032082032345845946	0.005610313904188979	-0.050241130551959	0.0030979726108260053	0.0054141355685704	-6.011583358445094e-06	0.001530660190280031
0.0006065473442324887	0.001398330647417012	0.0037380319174642462	-0.04137899581479565	0.0006640060280840299	0.003853900579633196	-6.011583358445094e-06	0.00215475418585509
-0.00045441244824462323	0.001398330647417012	0.003800441317021841	-0.041940680410813114	0.0009760530258720035	0.004477994575208033	0.0003060354144293065	0.002341982384527652
0.000544137944674894	0.0021472434421070385	0.003800441317021841	-0.04493633158957255	0.0012256906241017163	0.0047900415729953405	-6.842098291515164e-05	-2.9574798656950563e-05
-0.0006416406469169633	0.0008366460513997698	0.0011792465356073034	-0.03126867308648262	-0.002269235751117815	0.0016695715951209333	0.00011880721575674436	-0.001402581588921592
0.0007313661433476781	-0.0013476829331120488	-0.0013795388462494174	-0.01922365897188727	-0.002518873349347972	0.001731980994678528	-0.00019323978203078518	-0.0024011319818413313
-0.0007040500464747801	-0.001534911131784611	-0.0032518208329745946	-0.020097390565692486	-0.002082007552445031	-0.000140300992045983	-6.011583358445094e-06	-9.198419821454529e-05
-0.0005792312473593686	-0.0009732265357669245	-0.003938324228106582	-0.0175386051838351	-0.002269235751117815	0.000483793003528854	-0.00013083038247319045	-0.0012777627898068467
0.0006065473442324887	-0.0003491325401925316	-0.003563867830761458	-0.016789692389145516	-0.0023940545502323385	4.6927206626357076e-05	-0.00013083038247319045	-0.0034620917743188873
-0.0007040500464747801	0.00027496145538230543	-0.0030645926343018104	-0.016415235991800392	-0.003517423742267045	-0.000140300992045983	-0.00031805858114553054	-0.0028379977787440502
0.0007313661433476781	-0.00047395133930683286	-0.0026277268373997575	-0.01323235661436839	-0.0038294707400550188	0.00010933660618372976	5.639781619959372e-05	-0.0048975079641413455
-0.0007040500464747801	-0.0004115419397501263	-0.0036262772303194968	-0.012421034420121213	-0.0040791083382847315	0.00017174600574132448	-0.00013083038247319045	-0.0036493199729912273
0.0006065473442324887	-0.0007859983370950285	-0.004874465221468949	-0.01204657802277631	-0.002082007552445031	-0.001014032585851199	-0.00019323978203078518	-0.005459192560158366
-0.0007040500464747801	-0.0014100923326696435	-0.004250371225894112	-0.009300564442246806	-0.0030805579453652143	-0.0006395761885056306	-6.011583358445094e-06	-0.00633292415396336
0.0007937755429048288	-0.001722139330457395	-0.003189411433417	-0.01323235661436839	-0.0028309203471350575	0.0012327057982184364	-0.0005676961793754653	-0.006582561752193294
0.0006689567437900834	-0.001722139330457395	-0.0036886866298770915	-0.011110437029413944	-0.0027685109475774627	0.0012327057982184364	-6.842098291515164e-05	-0.00764352154467085
-0.0005792312473593686	-0.0011604547344392646	-0.003938324228106582	-0.009675020839591264	-0.0025812827489051227	0.0013575245973336258	-6.011583358445094e-06	-0.008891709535820524
0.0007937755429048288	-0.002533461524704572	-0.0028149550360720976	-0.010423933634281513	-0.0015827323559856055	0.0004213836039712593	0.00018121661531456112	-0.00764352154467085
-0.0007040500464747801	-0.0030951461207220365	-0.0038759148285489875	-0.009675020839591264	-0.0021444169520026257	-0.00020271039160357773	-0.0002556491815879358	-0.007768340343785152
0.000544137944674894	-0.0037816495158542462	-0.004375190025009079	-0.006804188459947236	-0.002518873349347972	-0.0006395761885056306	-6.011583358445094e-06	-0.005771239557945673
-0.0005792312473593686	-0.0037192401162964295	-0.005248921618814295	-0.0064297320626023335	-0.002518873349347972	-0.0015757171818684412	-0.00038046798070312526	-0.006957018149537975
0.00048172854511729923	-0.0029079179220492524	-0.005311331018371446	-0.005743228667469902	-0.0024564639497903773	-0.00026511979116117246	-6.842098291515164e-05	-0.008642071937590368
-0.000516821847802218	-0.003157555520278965	-0.004624827623239458	-0.006367322663044739	-0.002518873349347972	-0.0017629453805407813	-0.0002556491815879358	-0.007893159142900563
-0.0003920030486874726	-0.002783099122934507	-0.0036886866298770915	-0.00855165164755678	-0.0008338195612951349	4.6927206626357076e-05	0.00018121661531456112	-0.007518702745555661
0.0006065473442324887	-0.0032823743193941546	-0.005311331018371446	-0.007428282455522295	-0.0012082759586402592	-0.00045234798983351254	-0.00019323978203078518	-0.008579662538032773
-0.0007040500464747801	-0.002970327321606847	-0.004812055821911798	-0.007927557651981942	-0.0008338195612951349	-0.0011388513849655002	-0.0002556491815879358	-0.010202306926527571
0.0008561849424622014	-0.0029079179220492524	-0.0035014584312043073	-0.007740329453309602	-0.00045936316395112087	0.00029656480485606984	0.00011880721575674436	-0.018627575866788426
-0.0008288688455899695	-0.004031287114083737	-0.002752545636514503	-0.007241054256849511	0.0022866504165792723	-0.0030111333716906774	-0.00013083038247319045	-0.01619360928404645
0.0006689567437900834	-0.0047801999087742075	-0.0032518208329745946	-0.006804188459947236	0.00041436842985453914	-0.002449448775672769	-0.0002556491815879358	-0.013572414502632135
-0.0007040500464747801	-0.005279475105234077	-0.0049368746210265435	-0.007927557651981942	-0.0010834571595255138	-0.002886314572575488	-0.00013083038247319045	-0.008954118935377675
0.0007937755429048288	-0.006402844297268562	-0.005748196815273721	-0.007927557651981942	-0.0011458665590831085	-0.0016381265814255919	-0.0005052867798178706	-0.01619360928404645
0.0006689567437900834	-0.005903569100808914	-0.0079949351993438	-0.008052376451096688	-0.0038294707400550188	-0.0030111333716906774	-0.00031805858114553054	-0.006457742953078549
-0.0005792312473593686	-0.006652481895498941	-0.007807707000671016	-0.009050926844016871	-0.005826571525894719	-0.0017629453805407813	-0.0002556491815879358	-0.00265076958007171
0.0007313661433476781	-0.007463804089746118	-0.00918071379093588	-0.009175745643131616	-0.0062010279232396215	0.003604262981403261	-0.00019323978203078518	-0.005708830158388523
-0.0005792312473593686	-0.0047801999087742075	-0.008806257393590977	-0.008801289245786714	-0.00557693392766434	0.003916309979190347	-0.00013083038247319045	-0.01819071006988615
0.0006689567437900834	-0.002159005127359448	-0.007807707000671016	-0.007927557651981942	-0.0032053767444799597	0.0018567997937937175	-0.00031805858114553054	-0.020936723650415656
-0.0008288688455899695	-0.002595870924262167	-0.00587301561438891	-0.007989967051539093	-0.002518873349347972	0.0012951151977760311	-6.011583358445094e-06	-0.021123951849087996
0.0006689567437900834	-0.0035320119176245335	-0.0066219284090784925	-0.0034964902834004885	-0.0023940545502323385	0.0018567997937937175	-0.00013083038247319045	-0.02518056282032477
-0.0006416406469169633	-0.002720689723376468	-0.006809156607751499	-0.004432631276762411	-0.0030181485458076196	-0.000140300992045983	-0.00013083038247319045	-0.019251669862363263
-0.000516821847802218	-0.004967428107446548	-0.006871566007308649	-0.004931906473222503	-0.0027685109475774627	-0.002886314572575488	5.639781619959372e-05	-0.015132649491569339
0.0004193191455605927	-0.004842609308331358	-0.007620478801998676	-0.0045574500758776	-0.004391155336071817	-0.0017005359809831866	-0.0004428773802602759	-0.017753844272983654
-0.00045441244824462323	-0.0047801999087742075	-0.007308431804211368	-0.0064297320626023335	-0.0040791083382847315	0.00279294078715564	0.00011880721575674436	-0.018752394665903616
0.0004193191455605927	-0.004655381109659018	-0.009055894991820912	-0.005306362870567183	-0.00432874593651511	-0.0006395761885056306	-0.0005052867798178706	-0.02218491164156533
-0.0006416406469169633	-0.004530562310544051	-0.009305532590050625	-0.003808537281187574	-0.0034550143427098945	0.00154475279600641	-0.0002556491815879358	-0.024182012427405253
0.0006065473442324887	-0.004280924712314116	-0.008868666793148128	-0.0038709466807451687	-0.0023940545502323385	0.00010933660618372976	5.639781619959372e-05	-0.02380755603006035
-0.000516821847802218	-0.003968877714526586	-0.0089310761927055	-0.001249751899330409	-0.005015249331647098	-0.0023870393761160624	-0.0004428773802602759	-0.022871415036697762
0.00048172854511729923	-0.004343334111871711	-0.00818216339801614	-0.0011873424997737025	-0.004765611733417163	-0.001201260784523539	-0.00019323978203078518	-0.023370690233157188
0.0007313661433476781	-0.003594421317181684	-0.009492760788723409	-0.0013121612988880038	-0.00557693392766434	-0.001201260784523539	-0.00019323978203078518	-0.023495509032272377
-0.0007040500464747801	-0.004156105913198926	-0.01036649238252818	-0.0017490270957907228	-0.006013799724567059	-0.001388488983195879	-0.00038046798070312526	-0.023370690233157188
0.00048172854511729923	-0.0035320119176245335	-0.01017926418385584	-0.0006880673033136109	-0.00788608171129157	-0.002699086373903148	-0.0005676961793754653	-0.02087431425085806
-0.00045441244824462323	-0.002783099122934507	-0.00936794198960822	-0.000438429705083232	-0.007636444113061414	-0.00020271039160357773	-6.011583358445094e-06	-0.018253119469443746
0.0004193191455605927	-0.0024710521251469775	-0.011302633375890103	-0.0010001143011006963	-0.009508726099786369	0.0005462024030864487	-0.00031805858114553054	-0.022434549239795265
-0.0006416406469169633	-0.001285273533554454	-0.011240223976332953	-0.0014369800980031933	-0.006263437322797216	0.0011702963986608417	-0.00019323978203078518	-0.024119603027847658
0.0006065473442324887	-0.00016190434151974742	-0.01017926418385584	-0.0011873424997737025	-0.0030181485458076196	-0.0028239051730178932	0.00018121661531456112	-0.024119603027847658
-0.000516821847802218	-0.0003491325401925316	-0.006559519009520898	-0.0010001143011006963	-0.003330195543595149	-0.003073542771248272	-0.00038046798070312526	-0.02736489180483681
-0.000516821847802218	-0.002595870924262167	-0.0079949351993438	-0.0003136109059684866	-0.0038294707400550188	-0.0003899385902763619	-6.842098291515164e-05	-0.026366341411917293
0.0007937755429048288	-0.005653931502578979	-0.0079949351993438	-0.00012638270729570245	-0.005327296329434628	0.0011702963986608417	-6.842098291515164e-05	-0.02380755603006035
-0.0007040500464747801	-0.006527663096383751	-0.007558069402441081	-0.0003136109059684866	-0.00782367231173442	-0.004633777760185254	-0.0005052867798178706	-0.015507105888914019
0.000544137944674894	-0.006527663096383751	-0.007558069402441081	-0.0006256579037560162	-0.010881732890051232	-0.004508958961070064	-0.0005052867798178706	-0.012449045310597207
-0.000516821847802218	-0.005716340902136574	-0.007058794205980989	-0.0005632485041984214	-0.008822222704653937	-0.004508958961070064	-0.00019323978203078518	-0.015507105888914019
0.0006689567437900834	-0.006839710094170837	-0.00787011640022861	-0.0014369800980031933	-0.009633544898901558	-0.0025742675747884025	-0.00038046798070312526	-0.011637723116349585
-0.0005792312473593686	-0.007463804089746118	-0.007745297601113421	-0.0020610740935784744	0.0011632812245445656	0.005102088570783314	-0.00013083038247319045	-0.008954118935377675
0.00048172854511729923	-0.0007859983370950285	-0.004749646422354203	-0.0026851680891530894	-0.003142967344922809	0.0004213836039712593	-6.011583358445094e-06	-0.02049985785351316
0.000544137944674894	-0.006964528893286248	-0.006559519009520898	-0.0028723962878256515	-0.0045159741351872285	-0.004571368360627881	-0.00031805858114553054	-0.018128300670328557
-0.0007040500464747801	-0.006902119493728431	-0.00587301561438891	-0.003808537281187574	-0.006949940717929426	-0.0027614957734607426	-0.00019323978203078518	-0.013884461500419665
0.0006689567437900834	-0.009024039078682877	-0.0064347002104065965	-0.004495040676320006	-0.009695954298459153	-0.0008892137867360095	-0.00031805858114553054	-0.00676978995086519
-0.00045441244824462323	-0.00796307928620621	-0.004624827623239458	-0.006492141462159706	-0.007948491110848721	-7.789159248883237e-05	-6.842098291515164e-05	-0.013447595703516946
0.000544137944674894	-0.006902119493728431	-0.0049368746210265435	-0.010049477236936832	-0.006762712519256642	-0.002074992378328311	-0.0005676961793754653	-0.010763991522545258
-0.0007664594460319307	-0.00783826048709102	-0.006060243813061028	-0.0070538260581767265	-0.008697403905539192	-0.0023246299765580236	0.00011880721575674436	-0.00901652833493527
0.0007937755429048288	-0.008150307484878105	-0.0038759148285489875	-0.0073658730559647	-0.007386806514831923	-0.006256422148680274	-0.0004428773802602759	-0.012698682908827363
-0.0008288688455899695	-0.006902119493728431	-0.007370841203768519	-0.007428282455522295	-0.00832294750819429	-0.006568469146467137	-0.00038046798070312526	-0.008517253138475622
-0.0006416406469169633	-0.007089347692401438	-0.006247472011733812	-0.011796940424546376	-0.0062010279232396215	-0.0034479991685927303	-0.00031805858114553054	-0.009890259928740486
0.0007937755429048288	-0.007089347692401438	-0.005248921618814295	-0.013107537815253645	-0.004952839932089503	-0.0007643949876212641	-6.011583358445094e-06	-0.012074588913252526
-0.0008288688455899695	-0.004842609308331358	-0.006309881411291407	-0.010985618230299199	-0.0030181485458076196	-0.0015757171818684412	-0.00031805858114553054	-0.022434549239795265
0.0006689567437900834	-0.003906468314969436	-0.004624827623239458	-0.012108987422333906	-0.0022068263515599984	0.0026057125884833	-6.842098291515164e-05	-0.02012540145616848
-0.000516821847802218	-0.00409369651364222	-0.005436149817486635	-0.01697692058781808	-0.0027685109475774627	0.00279294078715564	-0.0006301055789330601	-0.019126851063248518
0.00029450034644540324	-0.004218515312756521	-0.0049368746210265435	-0.016914511188260484	-0.00588898092545187	-0.004633777760185254	-0.00013083038247319045	-0.010327125725642539
-0.0005792312473593686	-0.0047801999087742075	-0.004562418223681419	-0.010673571232511225	-0.0051400681307622875	-0.004633777760185254	5.639781619959372e-05	-0.016068790484931705
0.0007937755429048288	-0.0037816495158542462	-0.0072460224046537736	-0.011859349824103527	-0.003579833141825084	-0.005694737552662366	-0.0004428773802602759	-0.02000058265705329
0.000544137944674894	-0.0035320119176245335	-0.006746747208193904	-0.01204657802277631	-0.003579833141825084	-0.004196911963282757	-0.00031805858114553054	-0.020936723650415656
-0.0006416406469169633	-0.0013476829331120488	-0.00568578741571657	-0.012421034420121213	-0.0013330947577554486	-0.003697636766822665	-6.842098291515164e-05	-0.026491160211032483
0.0006689567437900834	-0.001722139330457395	-0.0066219284090784925	-0.016415235991800392	-0.00045936316395112087	-0.0025742675747884025	-6.842098291515164e-05	-0.02530538161943996
-0.0007040500464747801	-0.0022214145269170427	-0.00818216339801614	-0.021345578556841938	-0.0012082759586402592	-0.0008268043871784148	-0.0002556491815879358	-0.02667838840970438
0.0006689567437900834	-0.0033447837189517493	-0.0089310761927055	-0.014043678808615567	-0.0024564639497903773	0.0019192091933508681	0.00011880721575674436	-0.02798898580041209
-0.0003920030486874726	-0.001534911131784611	-0.006684337808636309	-0.014667772804190848	-0.0022068263515599984	-0.0035728179677079197	-0.00038046798070312526	-0.033231375363240945
0.0003569097460025539	-0.0026582803238188735	-0.0089310761927055	-0.007865148252424792	-0.002706101548019868	-0.001201260784523539	-0.00031805858114553054	-0.03185836857297608
-0.0007040500464747801	-0.0030951461207220365	-0.011427452175005293	-0.003621309082515234	-0.005077658731204249	-0.001388488983195879	-0.00031805858114553054	-0.029923677186693753
-0.0006416406469169633	-0.0014725017322270162	-0.010740948779873083	-0.0009377049015431016	-0.004266336536957516	-0.006693287945582327	-0.00013083038247319045	-0.030422952383153845
0.0007313661433476781	-0.003594421317181684	-0.012613230766597372	-0.0006256579037560162	-0.006575484320583858	-0.007504610139829504	-0.0002556491815879358	-0.021498408246433343
-0.0005792312473593686	-0.00552911270346379	-0.014547922152880144	-0.0014369800980031933	-0.00851017570686663	-0.004134502563725606	-0.0004428773802602759	-0.01619360928404645
0.0006065473442324887	-0.004343334111871711	-0.013736599958632523	-0.0034964902834004885	-0.007261987715716733	-0.0018877641796559708	-0.00013083038247319045	-0.03185836857297608
-0.0007040500464747801	-0.0014725017322270162	-0.010616129980758116	-0.001936255294463285	-0.00289332974669243	-0.00844075113319187	-0.0005052867798178706	-0.03036054298359625
0.000544137944674894	-0.005217065705676482	-0.013237324762172653	-0.0016242082966755333	-0.007636444113061414	-0.0033855897690355796	-0.00019323978203078518	-0.02355791843182997
-0.0006416406469169633	-0.003407193118509344	-0.014048646956420274	-1.5639081807350408e-06	-0.008759813305096342	0.0027305313875984893	-0.00013083038247319045	-0.02380755603006035
0.0007313661433476781	-0.004967428107446548	-0.013923828157305085	-6.397330773832977e-05	-0.007324397115274328	0.006287867162375171	-0.0002556491815879358	-0.02755212000350915
0.000544137944674894	-0.004592971710101645	-0.01167708977323545	6.0845491376859684e-05	-0.0007090007621803895	-0.007691838338502066	-0.00031805858114553054	-0.03784967093049496
-0.000516821847802218	-0.009648133074258158	-0.01192672737146494	0.00012325489093356623	-0.0030805579453652143	-0.012185315106641559	-0.00019323978203078518	-0.025555019217669228
0.0006689567437900834	-0.013080650049919651	-0.011739499172793044	6.0845491376859684e-05	-0.005389705728992	-0.006318831548237647	-0.00031805858114553054	-0.025617428617227267
-0.0007664594460319307	-0.012331737255230069	-0.01442310335376451	-0.000438429705083232	-0.006513074921027151	-0.013183865499561076	-0.0006925149784906548	-0.031109455778286277
0.0007937755429048288	-0.010084998871160433	-0.013799009358189895	0.00037289248916394513	-0.007386806514831923	-0.008752798130980066	-0.0004428773802602759	-0.033605831760585625
-0.0007040500464747801	-0.009960180072045688	-0.013362143561287398	-0.00012638270729570245	-0.006700303119699491	-0.005632328153105215	-0.0004428773802602759	-0.040096409314564374
0.0006065473442324887	-0.009273676676913256	-0.012176364969695319	0.0007473488865092914	0.006592898986045315	0.00791051155086997	0.0003684448139869012	-0.03666389233890266
-0.000516821847802218	0.00264651863856713	-0.008806257393590977	-1.5639081807350408e-06	-0.005452115128549595	-0.007254972541600013	-0.0004428773802602759	-0.044589886082703645
-0.0006416406469169633	-0.006215616098596222	-0.008619029194918637	0.00018566429049116095	-0.0038918801396123914	-0.00856556993230706	-0.0002556491815879358	-0.05519948400747654
0.0006689567437900834	-0.009523314275142969	-0.011177814576775358	0.00018566429049116095	-0.00932149790111425	-0.0015133077823108465	-0.00019323978203078518	-0.049083362850842915
-0.0005792312473593686	-0.00796307928620621	-0.008681438594476232	-0.00018879210685351921	-0.00975836369801586	0.0016071621955633386	-0.0004428773802602759	-0.0573838129919888
0.00048172854511729923	-0.008899220279568132	-0.011801908572350195	-0.0002512015064108919	-0.013877384068810672	-0.004321730762397502	-0.0006925149784906548	-0.033917878758373154
-0.00045441244824462323	-0.01052186466806293	-0.012987687163942496	-0.0003136109059684866	-0.014127021667040385	-0.010437851919031571	-0.0006301055789330601	-0.04452747668314605
0.000544137944674894	-0.011208368063194918	-0.013799009358189895	-0.0008128861024279121	-0.016748216448455144	0.004415585175650438	-0.0007549243780480275	-0.045276389477836076
-0.0007664594460319307	-0.012581374853460225	-0.01666984173783459	-0.00237312109136556	-0.015562437856863065	0.012653625917239175	-0.0005676961793754653	-0.057446222391545954
0.0006689567437900834	-0.012893421851247311	-0.011989136771022535	-0.0038709466807451687	-0.012192330280758279	0.003042578385386019	-0.0005676961793754653	-0.06162765216189814
0.0006065473442324887	-0.010709092866735048	-0.013174915362614614	-0.005868047466584869	-0.01319088067367824	0.0022936655906959924	-0.0005052867798178706	-0.0586320009831387
-0.0005792312473593686	-0.009273676676913256	-0.011739499172793044	-0.011859349824103527	-0.010569685892263925	0.016023733493343295	-0.00031805858114553054	-0.07741723024994251
0.000544137944674894	-0.009523314275142969	-0.01642020413960421	-0.012421034420121213	-0.014314249865712725	0.00947074653980673	-0.0006301055789330601	-0.06175247096101333
-0.000516821847802218	-0.012768603052132566	-0.014859969150667451	-0.003184443285612737	-0.016810625848012295	0.008784243144674742	-0.00038046798070312526	-0.06268861195437525
0.000544137944674894	-0.012144509056558173	-0.01567129134491463	-0.006055275665257653	-0.015812075455092778	0.008721833745117147	-0.0002556491815879358	-0.06655799472693946
-0.0003920030486874726	-0.011021139864523022	-0.015484063146242288	-0.0081771952502121	-0.014751115662615444	0.003666672380960856	-0.0008797431771632169	-0.06268861195437525
0.0004193191455605927	-0.013455106447265441	-0.01885417072234663	-0.007428282455522295	-0.021428921415266755	0.019518659868562382	-0.0008797431771632169	-0.06512257853711745
-0.0007040500464747801	-0.015889073030006973	-0.018978989521461376	-0.0011249331002156637	-0.019119773631639525	0.011655075524319214	-0.0005676961793754653	-0.06587149133180703
-0.0007040500464747801	-0.016076301228679313	-0.019540674117478618	-0.0018738458949056902	-0.022177834209955893	0.004665222773880817	-0.0008173337776056222	-0.06081632996765096
0.0007313661433476781	-0.01695003282248453	-0.021100909106416266	-0.0014369800980031933	-0.01968145822765721	-0.0034479991685927303	-0.0006301055789330601	-0.058944047980926007
-0.0008912782451466761	-0.021630737789295695	-0.023597285088715836	-0.0034964902834004885	-0.02554794178606068	0.0032922159836157316	-0.0011917901749503024	-0.051829376431371976
0.0007937755429048288	-0.018135811414076608	-0.018978989521461376	-0.009862249038264048	-0.021241693216594415	-0.009813757923456734	-0.0005052867798178706	-0.04752312786190571
-0.0007040500464747801	-0.019633637003456217	-0.02103849970685867	-0.013294766013926429	-0.021491330814823906	-0.007442200740272797	-0.0011293807753927076	-0.04621253047119844
0.0004193191455605927	-0.020382549798146243	-0.021912231300663443	-0.027648927912148347	-0.028356364766148	0.009221108941576794	-0.0006925149784906548	-0.039097858921644635
-0.000516821847802218	-0.023253382177790494	-0.022598734695796097	-0.007303463656407105	-0.02579757938429106	-0.011249174113279192	-0.0009421525767199235	-0.051954195230487166
0.0004193191455605927	-0.023190972778233343	-0.02028958691216909	-0.030457350892235224	-0.02267710940641643	-0.014120006492923665	-0.0007549243780480275	-0.03516606674952283
0.00048172854511729923	-0.02599939575832022	-0.029276540448446964	-0.0062425038639299935	-0.029292505759510146	-0.023106960029201762	-0.0011917901749503024	-0.033917878758373154
-0.0005792312473593686	-0.031803469917166316	-0.02621847987013015	-0.003808537281187574	-0.03384839192720679	-0.001388488983195879	-0.0010045619762779623	-0.042093510100404075
0.0006065473442324887	-0.03236515451318378	-0.02403415088561789	-0.0026851680891530894	-0.029604552757297675	-0.012871818501773546	-0.001066971375835113	-0.04515157067872133
-0.0007040500464747801	-0.03467430229681079	-0.028090761856855107	-0.003621309082515234	-0.036095130311276424	-0.011498811711508683	-0.0013166089740650477	-0.028425851597314145
0.0007313661433476781	-0.03685863128132283	-0.03171050703118916	-0.0025603492900379	-0.04071342587853022	-0.0021374017778854615	-0.001254199574507897	-0.038598583725184765
-0.0005792312473593686	-0.03586008088840331	-0.028277990055527225	-0.005119134671895287	-0.02954214335774008	-0.031469819569905244	-0.0011917901749503024	-0.03485401975173574
0.000544137944674894	-0.03136660412026404	-0.026093661071015406	-0.0030596244864979916	-0.03821704989623109	-0.019736852453097642	-0.001066971375835113	-0.02730248240527966
-0.000516821847802218	-0.03785718167424301	-0.029276540448446964	-0.005119134671895287	-0.0373433183024261	-0.01705324827212551	-0.001503837172738054	-0.03273210016678085
-0.000516821847802218	-0.03966705426140993	-0.031086413035614102	-0.00855165164755678	-0.03284984153428683	-0.023106960029201762	-0.0011293807753927076	-0.036102207742885195
0.0006065473442324887	-0.03835645687070244	-0.030587137839154233	-0.004058174879417953	-0.041462338673220245	-0.032967645159285075	-0.0013790183736226425	-0.02986126778713638
-0.0006416406469169633	-0.03492393989504072	-0.02272355349491062	-0.055795567112575606	-0.03372357312809182	-0.01886312085929287	-0.0009421525767199235	-0.017254569076523563
0.0006065473442324887	-0.022192422385313382	-0.014547922152880144	-0.1456026930758012	-0.029105277560838028	-0.005382690554875058	-0.0007549243780480275	0.014511815298237973
-0.0005792312473593686	-0.008711992080895348	0.0051734481072867045	-0.03882021043293871	-0.0062010279232396215	-0.013121456100003481	-0.0008173337776056222	-0.000778487593346755
0.0008561849424622014	-0.03966705426140993	-0.022099459499336227	-0.05055317754974631	-0.05999793034179457	-0.042266645693350924	-0.0022527499674276363	-0.002463541381399148
-0.0008912782451466761	-0.0485291889985735	-0.04325624594932442	-0.002310711691807965	-0.057314326160822215	-0.05755694858493565	-0.0018158841705251394	-0.004835098564583751
0.0006065473442324887	-0.04934051119282046	-0.03738976239092051	-0.001936255294463285	-0.06442899771037625	-0.044950249874322834	-0.002127931168312447	-0.007893159142900563
0.00048172854511729923	-0.050588699183970354	-0.04188323915905978	-0.0018738458949056902	-0.06854801808117017	-0.056308760593785756	-0.002315159366985231	-0.01351000510307454
-0.00045441244824462323	-0.011520415060982447	0.008106689886488105	0.00012325489093356623	-0.02866841176393531	-0.032655598161497545	-0.00019323978203078518	0.029240433593805237
0.0004193191455605927	-0.05221134357246515	-0.03701530599357561	-0.002123483493135181	-0.07223017265506226	-0.08170938621368307	-0.002564796965215166	-0.017753844272983654
-0.0003920030486874726	-0.05071351798308554	-0.034643748810391006	-0.0013745706984460426	-0.07996893820019069	-0.10068184367915989	-0.0015662465722952046	-0.05688453779552893
0.0003569097460025539	-0.04877882659680344	-0.03383242661614361	-0.001686617696233128	-0.07416486404134437	-0.1353814698331235	-0.0014414277731802372	-0.08640418378622083
-0.0006416406469169633	-0.04553353781981384	-0.02834039945508482	-0.0032468526851703317	-0.0696713872732051	-0.13350918784639876	-0.0014414277731802372	-0.12853052848752533
0.0006689567437900834	-0.05227375297202275	-0.031273641234286664	-0.0033092620847277043	-0.07822147501258114	-0.11559769017339971	-0.0014414277731802372	-0.1523709191184861
-0.00045441244824462323	-0.055269404150781964	-0.032646648024551306	-0.0037461278816304233	-0.07809665621346595	-0.12595765049994267	-0.002377568766542826	-0.16934627579812278
-0.00045441244824462323	-0.0603245655149387	-0.024096560285175705	-0.0014369800980031933	-0.06873524627984273	-0.10785892462827107	-0.0016286559718523552	-0.1736525243675897
0.0006689567437900834	-0.06931151905121702	-0.03870035978162778	-0.0022483022922503704	-0.07616196482718385	-0.09456572252252604	-0.0022527499674276363	-0.18251465910475284
-0.0008288688455899695	-0.05196170597423544	-0.04874827311038343	-0.0033092620847277043	-0.0748513674364768	-0.07534362745881973	-0.002564796965215166	-0.1563027112906077
0.0008561849424622014	-0.05202411537379259	-0.047936950916136034	-0.22405130831956432	-0.011131370488281167	-0.013932778294251102	-0.0006301055789330601	-0.018814804065460766
-0.00045441244824462323	0.04052902416996229	-0.0089310761927055	-0.5850272753600767	0.05015465987717249	0.03044030479112325	-0.0005052867798178706	-0.06187728976012785
0.0006689567437900834	-0.03330129550654615	-0.05517644126480481	-0.24676832975848995	0.08348127924087123	0.04379591629642565	0.00486192158212595	0.014823862296025059
-0.000516821847802218	0.07335636833720138	0.043243181837355094	-0.06372156085637659	-0.058749742350644674	-0.06804172771059358	-0.0018782935700831782	-0.09713860051010892
0.0006689567437900834	-0.026810717952567398	-0.054489937869672156	-0.024466048534716345	-0.06935934027541801	-0.05555984779909595	-0.0018782935700831782	-0.09470463392736694
0.0006065473442324887	-0.03548562449105819	-0.07084120055373422	-0.08793640788468204	-0.057751191957724934	-0.04676012246148997	-0.0020031123691974795	-0.09470463392736694
-0.0008288688455899695	-0.045408719020699095	-0.06123015302188106	-0.0869378574917623	-0.06074684313648415	-0.048320357450427176	-0.0021903405678702637	-0.07704277385259761
0.0008561849424622014	-0.04784268560344085	-0.06172942821834093	-0.04237754620771561	-0.061433346531616806	-0.06435957313670149	-0.0020031123691974795	-0.08347094200701877
-0.0007664594460319307	-0.027247583749469895	-0.05030850809932064	-0.06303505746124438	-0.05993552094223675	-0.05318829061591135	-0.0020031123691974795	0.35033679431708276
0.002041963534054947	0.36711741205429904	0.3887416177876104	0.42282211809380277	0.4094455731296327	0.3310039730599872	0.004113008787436145	0.03579342054734114
-0.00045441244824462323	0.0645566429995954	0.050732309784252694	0.00854852383119531	-0.07672364942320131	-0.038646900519016425	-0.00275202516388795	-0.06125319576455324
0.0003569097460025539	-0.04996460518839552	-0.07389926113205147	-0.06871431282097551	-0.07716051522010403	-0.037523531326981496	-0.00275202516388795	-0.06056669236942036
-0.0007040500464747801	-0.05620554514414433	-0.06478748879665797	-0.07951113894442119	-0.08415036797054243	-0.03128259137123268	-0.0026272063647723165	-0.05264069862561982
-0.0005792312473593686	-0.08322881515253688	-0.058733777039581714	-0.09898287160635744	-0.10100090585106414	-0.015680241481860868	-0.002939253362559846	-0.058881638581368634
0.0003569097460025539	-0.06182239110431853	-0.029401359247562153	-0.07464320577893702	-0.07984411940107572	-0.0038224555659378545	-0.0024399781660999764	-0.04565084587518076
-0.0006416406469169633	-0.08566278173527886	-0.059482689834271296	-0.09280434105016622	-0.09875416746699472	-0.06105187496015474	-0.0036257567576920557	-0.09083525115480251
0.000544137944674894	-0.11181232014986664	-0.07552190552054583	-0.005243953471010032	-0.11997336331654074	-0.06336102274378197	-0.004624307150612017	-0.11211685640390612
-0.0008288688455899695	-0.10575860839279017	-0.07564672431966102	-0.0064297320626023335	-0.11429410795680917	-0.06779209011236365	0.013911284517961642	0.18919572465964762
0.0013554601389225152	0.20167009382739742	0.2325933000947744	0.014539826188713523	-0.0397148754856107	-0.03072090677521566	-0.0008797431771632169	-0.04795999365880821
-0.00045441244824462323	-0.036421765484420554	-0.024471016682520164	0.0007473488865092914	0.04616045830549287	0.0324998149765201	0.0033016865931887462	0.02374840643274645
0.0007313661433476781	0.03678446019651305	0.005423085705516195	0.007549973438275126	0.001038462425428932	0.0014199339968912206	0.00454987458433842	-0.014883011893339182
0.0007313661433476781	-0.036608993683093116	-0.018791761322789036	-0.0026227586895952726	-0.04320980186083001	-0.02660188640442107	-0.0011293807753927076	-0.04015881871412197
-0.0006416406469169633	-0.07268162662732114	-0.0501212799006483	-0.008114785850654505	-0.08839420714045176	-0.07315929847430747	-0.0035009379585775324	-0.08546804279285869
0.0004193191455605927	-0.0917789028919127	-0.0657860391895777	-0.005868047466584869	-0.08315181757762269	-0.053687565812370996	-0.0036881661572498725	-0.07648108925658015
-0.0005792312473593686	0.013131297764225058	-0.0019412234422673258	-0.009050926844016871	0.013333114138253999	0.015462048897326053	0.0013045858073488237	-0.0380368991291673
0.0007313661433476781	-0.06076143131184142	-0.07901683189576536	-0.022780994746663952	-0.04495726504844	-0.028349349592030837	-0.0034385285590199377	-0.06493535033844489
-0.0008288688455899695	-0.07517800260962093	-0.0819500736749672	-0.004370221877204816	-0.0696713872732051	-0.05056709583449659	-0.0033137097599047483	-0.05794549758800627
0.0003569097460025539	-0.07274403602687896	-0.06634772378559517	-0.011172846428971095	-0.07235499145417723	-0.04051918250574116	-0.0030640721616752575	-0.06200210855924304
-0.000516821847802218	-0.07698787519678807	-0.07982815409001276	-0.0033092620847277043	-0.07609955542762648	-0.04676012246148997	-0.0034385285590199377	-0.06075392056809337
-0.0009536876447047149	-0.05701686733839173	-0.0695930125625841	-0.0037461278816304233	-0.06573959510108351	-0.05668321699113066	-0.0034385285590199377	-0.06312547775127775
0.0006689567437900834	-0.06438117648617525	-0.07271348254045895	-0.004058174879417953	-0.06405454131303112	-0.04613602846591491	-0.003188890960789559	-0.06506016913755985
-0.0005792312473593686	-0.06169757230520334	-0.067845549374975	-0.003371671484285521	-0.0672374206904629	-0.046323256664587475	-0.003188890960789559	-0.06050428296986321
0.0003569097460025539	-0.06550454567821018	-0.07290071073913151	-0.006741779060389641	-0.06942174967497516	-0.040144726108396034	-0.0033137097599047483	-0.06250138375570269
-0.0007664594460319307	-0.06419394828750291	-0.07177734154709658	-0.003808537281187574	-0.0696713872732051	-0.044450974677862964	-0.0030016627621174408	-0.06331270594995053
0.000544137944674894	-0.06200961930299065	-0.06335207260683551	-0.0051815440714524374	0.008714818571000427	0.0016695715951209333	0.0036137335909760537	-0.009578212930952956
-0.0007664594460319307	-0.0060283878999234375	0.0008671995378197739	-0.012857900217023488	-0.06948415907453254	-0.03640016213494679	-0.003376119159462343	-0.06768136391897395
0.0006689567437900834	-0.07180789503351659	-0.05055814569755057	-0.0073658730559647	-0.08358868337452496	-0.0390837663159187	-0.0037505755568074672	-0.07810373364507495
0.00048172854511729923	-0.07705028459634544	-0.04032300417012258	-0.026088692923211143	-0.07553787083160923	-0.04938131724290429	-0.003376119159462343	-0.07903987463843731
-0.0005792312473593686	-0.01801099261496164	-0.006746747208193904	-0.3166044478633194	-0.022177834209955893	-0.0191751678570804	-0.0011917901749503024	-0.04090773150881155
0.0006065473442324887	-0.057391323735736854	-0.034144473613930915	-0.1761208894594133	-0.052259164796665925	-0.022794913031414454	-0.0024399781660999764	-0.05051877904066493
-0.0006416406469169633	-0.08385290914811172	-0.05299211228029277	-0.0542353321236384	-0.07372799824444187	-0.0418921892960058	-0.003126481561232408	-0.03978436231677707
0.0003569097460025539	-0.03174106051760894	-0.009804807786510494	-0.3124854274925253	-0.03210092873959702	-0.02092263104468972	-0.003563347358135127	-0.09008633836011293
-0.0005792312473593686	-0.08391531854766932	-0.04700080992277389	-0.021158350358169598	-0.09588333508735025	-0.06910268750307091	-0.003937803755480029	-0.09295717073975718
0.00048172854511729923	-0.07673823759855813	-0.05854654884090915	-0.005743228667469902	-0.10281077843823128	-0.060739827962367654	-0.00418744135370952	-0.09258271434241228
-0.0007664594460319307	-0.09402564127598256	0.6801935137210804	-0.08313088411875569	0.6809888706042646	0.5664122281908335	0.0383133597449401	0.5853705930505835
-0.001140915843377055	-0.09508660106845968	-0.013299734161729804	-0.09030796506786687	-0.11491820195238422	-0.06329861334422415	-0.004249850753267115	-0.09601523131807399
0.0006065473442324887	-0.09820707104633408	-0.03707771539313298	-0.004432631276762411	-0.12871067925458912	-0.08264552720704588	-0.004686716550169612	-0.11629828617425764
-0.0006416406469169633	-0.11530724652508573	-0.05317934047896511	-0.004495040676320006	-0.13800967978865497	-0.055497438399538135	-0.004873944748842396	-0.11118071541054375
0.00048172854511729923	-0.1217978240790647	-0.04781213211702107	-0.004931906473222503	-0.12933477325016396	-0.06797931831103576	-0.004624307150612017	-0.07704277385259761
-0.0007664594460319307	-0.07673823759855813	-0.050807783295780506	-0.01560391379755277	-0.07372799824444187	-0.05412443160927349	-0.0022527499674276363	-0.055573940404821665
0.000544137944674894	-0.06537972687909543	-0.06728386477895731	-0.025651827126308868	-0.010819323490493415	0.01490036430130881	0.0003684448139869012	-0.004523051566796443
-0.0003920030486874726	-0.022130012985755787	-0.011240223976332953	-0.0022483022922503704	-0.06705019249179056	-0.028286940192473464	-0.0018158841705251394	-0.056759718996413744
0.0006065473442324887	-0.060948659510513536	0.030948530124528917	-0.010423933634281513	-0.05450590318073534	0.007036779957064754	-0.00038046798070312526	-0.042467966497748755
0.0007313661433476781	-0.00921126727735544	0.1294305626262462	-0.6132987333596192	-0.006138618523682027	0.04972480925438694	0.0019286798029241048	-0.0005912593946739708
-0.007444265198683464	-0.042413067841939434	0.0933579296820175	-0.2232399861253167	-0.0701082530701076	0.0074112363544101	-0.007932005327159208	-0.0356653419459827
0.00048172854511729923	-0.06275853209768045	0.054664101956374944	-0.00468226887499279	-0.11666566513999399	-0.03858449111945883	-0.0020031123691974795	-0.08328371380834643
-0.00045441244824462323	-0.04715618220830864	0.09997332603511144	-0.0008128861024279121	-0.06224466872586398	-0.024667195018138965	0.0004932636131016466	0.0035277609761195095
0.0009185943420204623	-0.014204019241955024	0.0760705260045933	0.003118906069693672	0.032430390402845566	0.030315485992008062	-0.0021903405678702637	-0.04733589966323315
-0.0005792312473593686	-0.07399222401802863	-0.11814752541831042	-0.0028099868882676127	-0.03603272091171883	-0.07640458725129684	-0.0019407029696398848	-0.04683662446677328
0.00029450034644540324	-0.03429984589946611	-0.10866129668557223	-0.014917410402420783	-0.031289606545349624	-0.07303447967519228	-0.003188890960789559	-0.0704273774995039
-0.0010160970442623096	-0.056767229740161795	-0.09330858439443013	-0.004807087674107091	-0.08833179774089417	-0.04382688068228813	-0.0026896157643303553	-0.08028806262958676
-0.0009536876447047149	-0.09958007783659895	-0.03701530599357561	-0.003122033886055142	-0.09257563691080328	-0.05412443160927349	-0.00275202516388795	-0.07673072685481008
0.00029450034644540324	-0.12260914627331165	-0.0989254303546041	-0.06465770184973896	-0.13732317639352254	-0.08632768178093753	-0.004873944748842396	-0.11898189035522955
-0.0006416406469169633	-0.1411447379418862	-0.14098936565635123	-0.008614061047114374	-0.1461853111306859	-0.06410993553847177	-0.0053732199453022655	-0.11224167520302109
0.0006065473442324887	-0.14613748990648512	-0.08338548986478944	-0.010798390031626415	-0.13619980720148783	-0.05181528382564626	-0.004000213155037624	-0.08328371380834643
-0.0006416406469169633	-0.0866613321281986	-0.06166701881878356	-0.17749389624967793	-0.07223017265506226	-0.06791690891147839	-0.0028768439630026954	-0.08752755297825576
0.0003569097460025539	-0.0060283878999234375	-0.06210388461568628	-0.2245505835160242	0.04641009590372325	-0.003697636766822665	0.003114458394516406	0.016196869086289922
-0.00020477485001468843	0.02929533224961456	0.039748255462134896	-0.07420633998203474	-0.06068443373692678	-0.06654390212121375	-0.0024399781660999764	-0.061065967565880674
0.00029450034644540324	-0.07180789503351659	-0.12239136458821931	-0.044125009395325154	-0.06361767551612862	-0.09387921912739361	-0.003563347358135127	-0.07086424329640639
0.0008561849424622014	-0.06363226369148567	-0.07901683189576536	-0.5197470434229441	-0.043272211260387605	-0.04413892768007566	-0.0013166089740650477	-0.039721952917219694
-0.0007664594460319307	-0.10082826582774862	-0.10691383349796268	-0.10790741574307838	-0.09944067086212693	-0.045823981468127606	-0.0028144345634451007	-0.07048978689906127
0.00048172854511729923	-0.09589792326270685	-0.06853205277010721	-0.1771818492518904	-0.10293559723734624	-0.05237696842166373	-0.0030016627621174408	-0.07704277385259761
-0.0008912782451466761	-0.07680064699811551	-0.051431877291355566	-0.14429209568509394	-0.1027483690386739	-0.08626527238138015	-0.0030016627621174408	-0.09638968771541934
0.000544137944674894	-0.08079484856979491	-0.07851755669930549	-0.022468947748876866	-0.08808216014266423	-0.09119561494642148	-0.003376119159462343	-0.08746514357869795
-0.0007040500464747801	-0.07998352637554751	-0.13112868052626814	-0.0073658730559647	-0.08471205256655989	-0.06098946556059737	-0.003937803755480029	-0.07660590805569534
0.00010727214777261906	-0.074928365011391	-0.1426744194444034	-0.007927557651981942	-0.09669465728159743	-0.06716799611678859	-0.0030016627621174408	-0.09301958013931477
-0.0007664594460319307	-0.0934015472804075	-0.05255524648339027	-0.20177115267754075	-0.08078026039443809	-0.06211283475263207	-0.0028768439630026954	-0.08659141198489317
-0.00045441244824462323	-0.07411704281714382	-0.04999646110153311	-0.24976398093724939	-0.09432310009841305	-0.028786215388933334	-0.002065521768755074	-0.07660590805569534
0.000544137944674894	-0.10026658123173138	-0.045627803132509026	-0.22517467751159903	-0.09607056328602281	-0.010625080117704355	-0.0026272063647723165	-0.06955364590569935
-0.0007664594460319307	-0.09745815825164406	-0.06035642142807629	-0.07383188358468962	-0.10243632204088682	-0.04170496109733324	-0.0030016627621174408	-0.09258271434241228
0.0006065473442324887	-0.08254231175740445	-0.026655345667032204	-0.19659117251426927	-0.09937826146256956	-0.04470061227609268	-0.002564796965215166	-0.09570318432028668
-0.0007040500464747801	-0.09614756086093701	-0.021662593702433508	-0.009300564442246806	-0.11042472518424518	-0.05343792821414106	-0.0016286559718523552	-0.060067417172960935
0.0009185943420204623	-0.07598932480386811	-0.007745297601113421	-0.04200308981037071	-0.05132302380330356	0.03936484892784353	-0.0008173337776056222	-0.009390984732280394
-0.0008288688455899695	-0.03916777906495006	0.0530414575678797	-0.1327463567669589	-0.06630127969710076	0.02095407605838484	-0.00013083038247319045	-0.03547811374731036
0.0006065473442324887	-0.04128969864990473	0.1092099171696197	-0.024778095532503652	-0.08589783115815197	-0.01898793965840806	-0.00013083038247319045	-0.07217484068711366
0.0012930507393649204	-0.05895155872467406	0.0785044925873355	-0.15483928421030968	-0.10611847661477825	-0.02273250363185686	-0.0007549243780480275	-0.059568141976500844
-0.0003920030486874726	-0.07773678799147765	0.060842632512566164	-0.001499389497560788	-0.1381969079873273	-0.03640016213494679	-0.0019407029696398848	-0.08440708300038136
0.00048172854511729923	-0.08516350653881899	0.03712706068072058	-0.005431181669682372	-0.13264247142671093	-0.09369199092872127	-0.00275202516388795	-0.12303850132646654
-0.0003295936491298779	-0.0737425864197987	-0.0428817895519793	-0.02240653834931927	-0.11242182597008465	-0.0931303063327038	-0.002564796965215166	-0.08671623078400836
0.0010434131411349856	-0.06874983445519955	-0.038762769181185375	-0.22785828169257072	-0.08009375699930543	-0.06136392195794227	-0.0026272063647723165	-0.07960155923445456
-0.000516821847802218	-0.10295018541270329	-0.0697802407612571	-0.05074040574841887	-0.0681111522842679	-0.08133492981633861	-0.003376119159462343	-0.09557836552117172
0.00023209094688803056	-0.06088625011095594	-0.0772693687081556	-0.0026227586895952726	-0.07591232722895391	-0.08108529221810845	-0.0030016627621174408	-0.08758996237781336
-0.0009536876447047149	-0.06968597544856192	-0.058608958240466524	-0.003122033886055142	-0.09594574448690785	-0.06910268750307091	-0.00275202516388795	-0.09364367413488917
-0.0007664594460319307	-0.09252781568660273	-0.09393267839000496	-0.0026227586895952726	-0.10212427504309907	-0.07359616427120996	-0.0035009379585775324	-0.09589041251895902
0.0007937755429048288	-0.09514901046801727	-0.10117216873867374	-0.005930456866142464	-0.09519683169221782	-0.07116219768846799	-0.0030016627621174408	-0.10063352688532823
-0.0010160970442623096	-0.08953216450784285	-0.08975124861965322	-0.013794041210386077	-0.08883107293735382	-0.07715350004598687	-0.0034385285590199377	-0.09713860051010892
0.00048172854511729923	-0.06481804228307775	-0.062478341013030514	-0.2516986723235315	-0.06430417891126106	-0.06473402953404661	-0.0026272063647723165	-0.07542012946410281
-0.0006416406469169633	-0.06637827727201495	-0.06759591177674507	-0.2138161667921361	-0.06455381650949121	-0.061301512558384674	-0.00275202516388795	-0.07947674043533981
0.00048172854511729923	-0.0713086198370565	-0.07833032850063293	-0.12918902099218177	-0.07772219981612127	-0.05574707599776807	-0.002564796965215166	-0.07879023704020716
-0.0008912782451466761	-0.07705028459634544	-0.07945369769266764	-0.20957232762222677	-0.06380490371480119	-0.04719698825839247	-0.0021903405678702637	-0.06967846470481387
0.0006689567437900834	-0.06968597544856192	-0.06085569662453616	-0.1862936215872837	-0.06080925253604175	-0.050317458236266654	-0.002377568766542826	-0.06899196130968144
0.0004193191455605927	-0.0662534584729002	-0.06185424701745612	-0.08169546792893323	-0.06786151468603796	-0.059304411772544974	-0.0026272063647723165	-0.0731109816804758
-0.0007664594460319307	-0.06594141147511245	-0.0699050595603723	-0.009737430239149525	-0.07029548126877994	-0.061176693759269485	-0.002502387565657571	-0.07517049186587288
0.00048172854511729923	-0.06494286108219294	-0.07477299272585602	-0.025277370728963522	-0.06461622590904881	-0.05462370680573336	-0.0024399781660999764	-0.07067701509773383
-0.0008912782451466761	-0.06956115664944673	-0.07396167053160863	-0.018100289779852785	-0.06368008491568622	-0.04925649844378932	-0.0024399781660999764	-0.06880473311100932
0.00023209094688803056	-0.06662791487024489	-0.06846964337054962	-0.02421641093648641	-0.06499068230639349	-0.04969336424069204	-0.0018158841705251394	-0.06424884694331245
-0.0005792312473593686	-0.05982529031847883	-0.05717354205064451	-0.07514248097539689	-0.07073234706568243	-0.01873830206017746	-0.0015662465722952046	-0.03285691896589582
-7.995605089949898e-05	-0.025812167559647436	-0.022099459499336227	-0.18048954742843715	-0.045643768443571986	-0.038958947516803955	-0.0030640721616752575	-0.052391061027389885
-0.0018274192385094867	-0.04715618220830864	-0.05892100523825383	-0.0869378574917623	-0.047578459829854314	-0.039832679110608726	-0.0022527499674276363	-0.0561980344003965
-0.0005792312473593686	-0.05221134357246515	-0.056986313851971726	-0.07614103136831685	-0.045144493247112116	-0.036961846730964254	-0.001503837172738054	-0.05370165841809715
0.00048172854511729923	-0.049590148791050837	-0.049434776505515865	-0.0699625008121254	-0.045456540244899424	-0.03571365873981436	-0.001691065371410394	-0.05201660463004476
-0.0007040500464747801	-0.04802991380211341	-0.043131427150209456	-0.04156622401346821	-0.04682954703516429	-0.03558883994069961	-0.001691065371410394	-0.05264069862561982
0.0006065473442324887	-0.03735790647778292	-0.0350806146072935	-0.001249751899330409	-0.03721849950331113	-0.028661396589818144	-0.0013166089740650477	0.3282438668737315
0.0004193191455605927	0.3333539268936976	0.34674009188542065	0.013354047597121665	0.3791146049446932	0.31203151559451037	0.00011880721575674436	-0.008766890736705335
0.0007313661433476781	-0.006153206699038849	-0.004500008824124269	0.00037289248916394513	-0.008447766307309035	-0.008128704135404785	-0.0005052867798178706	-0.01781625367254125
-0.0007664594460319307	-0.015951482429564567	-0.01642020413960421	6.0845491376859684e-05	-0.013877384068810672	-0.010999536515049257	-0.0002556491815879358	-0.021248770648202964
0.0007937755429048288	-0.019820865202128557	-0.018791761322789036	-0.0006256579037560162	-0.016997854046684635	-0.013495912497348828	-0.0007549243780480275	-0.024119603027847658
0.0006065473442324887	-0.02032014039858865	-0.01910380832057612	-0.0003136109059684866	-0.017372310444030425	-0.01418241589248126	-0.0006301055789330601	-0.024244421826962403
-0.0006416406469169633	-0.021942784787083003	-0.02028958691216909	-0.00037602030552608134	-0.015749666055535183	-0.012497362104428866	-0.0006301055789330601	-0.02330828083360048
0.0006065473442324887	-0.021381100191066205	-0.022161868898892934	-0.0002512015064108919	-0.014751115662615444	-0.012247724506199154	-0.0006301055789330601	-0.023620327831387566
-0.0005792312473593686	-0.021006643793721302	-0.021475365503760946	-0.000438429705083232	-0.015063162660403195	-0.01206049630752637	-0.0006301055789330601	-0.02255936803891001
0.00048172854511729923	-0.020507368597261433	-0.019727902316151402	-0.0003136109059684866	-0.015250390859075091	-0.01193567750841118	-0.00038046798070312526	-0.022372139840237226
-0.0005792312473593686	-0.01894713360832423	-0.017918029728984264	-0.0002512015064108919	-0.013315699472793208	-0.0107498989168191	-0.0006301055789330601	-0.021186361248645147
0.000544137944674894	-0.01894713360832423	-0.017418754532524172	-0.0002512015064108919	-0.012317149079873024	-0.010000986122129074	-0.0004428773802602759	-0.019938173257495695
-0.0006416406469169633	-0.018198220813634203	-0.01804284852809901	-0.00012638270729570245	-0.011630645684741037	-0.009127254528324302	-0.0004428773802602759	-0.01981335445838095
-0.0006416406469169633	-0.016637985824696555	-0.0165450229387194	-0.0002512015064108919	-0.010819323490493415	-0.008940026329651962	-0.0005676961793754653	-0.019126851063248518
0.00048172854511729923	-0.016013891829122162	-0.015109606748896942	-0.0003136109059684866	-0.01038245769359114	-0.008503160532749465	-0.0005676961793754653	-0.01856516646723083
-0.0006416406469169633	-0.014328838041070213	-0.014173465755534576	-1.5639081807350408e-06	-0.008697403905539192	-0.006693287945582327	-0.00038046798070312526	-0.01625601868360449
0.0007313661433476781	-0.018759905409651445	-0.018978989521461376	-1.5639081807350408e-06	-0.013502927671465548	-0.011623630510624317	-0.0004428773802602759	-0.02549260981811252
-0.0009536876447047149	-0.023440610376462834	-0.02272355349491062	-0.0007504767028707615	-0.018246042037835197	-0.014244825292038854	-0.0008173337776056222	-0.024244421826962403
0.0006065473442324887	-0.022878925780445813	-0.022286687698008123	-0.00037602030552608134	-0.016248941251995053	-0.012497362104428866	-0.0005676961793754653	-0.02280900563714039
-0.0005792312473593686	-0.021131462592835826	-0.02222427829845053	-0.0002512015064108919	-0.014875934461730633	-0.01206049630752637	-0.0007549243780480275	-0.02230973044068052
