Sensor_1	Sensor_2	Sensor_3	Sensor_4	Sensor_5	Sensor_6	Sensor_7	Sensor_8
0.008210116294408154	0.0010296704925096822	0.004899781145943027	0.0021440624871655878	0.002397661928193351	0.0033119090312212496	0.004014135291605658	-0.0006113720426750291
0.006275424908125604	0.001092079892067277	0.0035891837552357586	0.0017696060898211297	0.001960796131291076	0.0024381774374162557	0.0030779942982428476	0.0003247689506868934
0.0051520557160908975	0.0008424422938375642	0.003277136757448229	0.0013951496924760054	0.0014615209348314284	0.002188539839186321	0.002578719101783422	-0.0003617344444450943
0.004215914722728975	0.0005303952960495906	0.0023409957640854184	0.0010831026946884759	0.001149473937044121	0.0014396270444962944	0.0020794439053237745	0.0001375407520145533
0.0010954447448545679	0.0003431670973776946	0.0010928077729357444	0.0003965992995560441	0.00033815174279649973	0.0005658954506915226	0.0006440277155013163	-0.0002993250448877216
0.001469901142199248	0.0005303952960495906	0.0009679889738205549	0.000646236897786423	0.0007750175396985526	0.0006283048502491173	0.0009560747132890679	0.0005119971493598996
0.0003465319501649855	-3.128929996720764e-05	0.0005311231769187241	2.21429022111419e-05	-3.6304654548624526e-05	0.0001290296537892477	0.00026957131815663615	-0.00048655324356028373
0.0010954447448545679	0.0003431670973776946	0.0007183513755910642	0.0005214180986712336	0.0005253799414690619	0.00044107665157633313	0.000706437115058911	0.0003247689506868934
0.0004713507492792868	0.0004055764969352893	0.0007807607751486589	0.0003341898999984494	0.000275742343238905	0.00044107665157633313	0.0005816183159437216	-4.9687446657786793e-05
0.0007209883475096657	0.00028075769782009985	0.0005935325764763189	0.0003341898999984494	0.0005253799414690619	0.00025384845290443714	0.0006440277155013163	0.00044958774980230487
9.68943519346066e-05	3.112009958972095e-05	0.0004063043778037567	2.21429022111419e-05	2.6104745008970198e-05	-5.819854488331444e-05	0.00026957131815663615	-0.00042414384400291105
0.0004713507492792868	3.112009958972095e-05	0.00028148557868856727	2.21429022111419e-05	0.000275742343238905	-0.0001830173439985039	0.00026957131815663615	0.0001375407520145533
-0.0002775620454102956	3.112009958972095e-05	0.00021907617913141664	-4.026649734645282e-05	-9.871405410621925e-05	-0.00012060794444090916	8.234311948385198e-05	-0.0002993250448877216
0.0004713507492792868	0.0004055764969352893	0.000343894978246162	0.00045900869911363884	0.0004005611423538724	0.00025384845290443714	0.0004567995168294203	0.0005119971493598996
-0.0005271996436402304	-9.369869952480236e-05	-3.056141909896226e-05	-0.00022749469601834882	-0.0001611234536633699	-5.819854488331444e-05	-0.00010488507918826606	-0.00048655324356028373
-9.033384673751144e-05	0.0001559388987053545	-9.29708186561129e-05	8.455230176918072e-05	8.851414456656492e-05	6.662025423143092e-05	8.234311948385198e-05	0.00026235955112929865
-0.0009640654405422833	-0.0004057456973123319	-0.0004674272160014592	-0.0004771322942487277	-0.0005355798510082721	-0.0004950643417860334	-0.000541750876090541	-0.0007361908417902185
0.00022171315104979605	3.112009958972095e-05	-9.29708186561129e-05	2.21429022111419e-05	8.851414456656492e-05	4.210854673836195e-06	8.234311948385198e-05	0.00019995015157214802
-0.00040238084452548506	-3.128929996720764e-05	-3.056141909896226e-05	-0.00010267589690360346	-0.0001611234536633699	-5.819854488331444e-05	-0.00016729447874586079	-0.00042414384400291105
0.0002841225506065026	0.00028075769782009985	9.425738001622719e-05	0.00027178050044174284	0.00021333294368108824	0.00019143905334684241	0.0001447525190414467	0.00044958774980230487
-0.00033997144496789033	-0.0001561080990823971	-3.056141909896226e-05	-0.00016508529646119818	-0.0002859422527790034	-5.819854488331444e-05	-0.00016729447874586079	-0.00048655324356028373
-0.0002775620454102956	3.112009958972095e-05	-0.00021778961777130235	2.21429022111419e-05	2.6104745008970198e-05	-0.00012060794444090916	-0.00016729447874586079	0.0003247689506868934
-0.004396582416204664	-0.0005305644964270773	-0.002214890403611003	-0.0011636356893811595	-0.001409311444813488	-0.0015560241342633674	-0.0021019858650281886	-0.00042414384400291105
-0.008016327590538719	-0.001217067891559065	-0.004648856986352978	-0.002349414280973461	-0.0025326806368477506	-0.003303487321872467	-0.004099086650867889	0.00019995015157214802
-0.008765240385228745	-0.0015915242889046333	-0.004960903984140064	-0.0027862800778759578	-0.0029695464337506916	-0.003740353118775186	-0.004598361847327759	-0.0006113720426750291
-0.008265965188769098	-0.001029839692887169	-0.004898494584582913	-0.002099776682743082	-0.0024078618377330052	-0.0032410779223153163	-0.0042239054499826345	0.0003247689506868934
-0.009451743780361177	-0.001653933688462228	-0.00552258858015775	-0.0030359176761056705	-0.003344002831095816	-0.004114809516120088	-0.004972818244672661	-0.0006737814422326238
-0.007517052394079071	-0.0011546584920023584	-0.004711266385910573	-0.002099776682743082	-0.0024078618377330052	-0.0032410779223153163	-0.004099086650867889	0.00026235955112929865
-0.006955367798061607	-0.0010922490924447636	-0.004087172390335292	-0.0020373672831859313	-0.0023454524381758546	-0.0028042121254132635	-0.0036622208539658363	-0.00042414384400291105
-0.004334173016646625	-0.0004681550968699266	-0.00283898439918584	-0.00103881689026597	-0.0012220832461407038	-0.0017432523329357075	-0.002289214063700973	0.000636815948474645
-0.0026491192285946763	-0.0004057456973123319	-0.0017156152071509112	-0.0009139980911507806	-0.0010348550474681417	-0.001181567736918021	-0.001602710668568319	-0.0002993250448877216
-0.0011512936392150674	-0.00021851749863954772	-0.001341158809805787	-0.00035231349513353827	-0.0004731704514508994	-0.0006198831409007788	-0.0006665696752061745	0.0003871783502444881
-0.000839246641427982	-3.128929996720764e-05	-0.000717064814231394	-0.00010267589690360346	-0.00034835165233570997	-0.00030783614311324925	-0.00010488507918826606	-0.00017450624577253215
0.00015930375149220133	9.352949914775976e-05	-0.0008418836133461394	8.455230176918072e-05	-3.6304654548624526e-05	-0.000370245542670844	0.00026957131815663615	0.0005119971493598996
-0.00021515264585314497	-3.128929996720764e-05	-0.000717064814231394	-0.00010267589690360346	-0.0002859422527790034	-0.00012060794444090916	0.00020716191859859734	-0.0002993250448877216
0.003779048925826478	0.0007800328942799695	0.0013424453711659012	0.00127033089336126	0.0013991115352738337	0.0018764928413987914	0.0022666721039961146	0.0005119971493598996
0.0060257873098961134	0.000467985896492884	0.002653042761872948	0.0010831026946884759	0.0017111585330609191	0.002375768037858661	0.0024539003026684547	-0.0006737814422326238
0.007898069296620847	0.0012793080907400611	0.004338096549925119	0.0023937000853957446	0.0029593465242110373	0.004185640625025577	0.0030779942982428476	0.00044958774980230487
0.0065874719059138	0.0012793080907400611	0.005211828143730335	0.0026433376836256794	0.0026472995264232857	0.004560097022370702	0.0022666721039961146	-0.00017450624577253215
0.0095207136851152	0.0017785832871997087	0.007146519530012663	0.002580928284068529	0.0035834405197858743	0.004060821825910832	0.0027035379008981675	0.000636815948474645
0.007211565901488415	0.0012793080907400611	0.007271338329127852	0.002580928284068529	0.001960796131291076	0.0020637210400711314	0.0017049875079782062	-0.0002993250448877216
0.0065874719059138	0.001092079892067277	0.006335197335764597	0.00127033089336126	0.0015863397339461738	-0.0001830173439985039	0.001330531110633304	0.0005119971493598996
0.005900968510781368	0.0008424422938375642	0.00533664694284508	0.0008958744960161358	0.0010246551379284874	-0.0005574737413431841	0.0018298063070938397	-0.0002993250448877216
0.0043407335218441645	0.0007176234947221527	0.003089908558775889	0.0015199684915907508	0.0006501987405842513	-0.0006198831409007788	0.0024539003026684547	0.0005119971493598996
0.0018443575395441503	0.0005303952960495906	0.0007807607751486589	0.00014696170132633135	0.0005877893410266566	-0.0013687959355908053	0.0018922157066509904	-4.9687446657786793e-05
0.000658578947952071	0.00065521409516478	-0.00090429301290329	0.0003965992995560441	0.0015863397339461738	0.0005658954506915226	0.002765947300455762	0.0007616347475893903
-0.001276112438330257	0.00028075769782009985	-0.0026517562005132778	-0.00016508529646119818	0.0008998363388132979	0.001751674042284046	0.003826907092933318	-0.00017450624577253215
-0.00040238084452548506	0.000467985896492884	-0.0035254877943182716	-0.0008515886915936299	0.0008998363388132979	0.0024381774374162557	0.0066977394725777906	0.0005119971493598996
-0.0011512936392150674	0.00021834829826250512	-0.00302621259785818	-0.00016508529646119818	-0.0004107610518933047	0.0006283048502491173	0.009693390651337452	-0.00023691564533012688
0.00015930375149220133	0.00021834829826250512	-0.0015283870084785711	0.000646236897786423	-0.0010348550474681417	-0.007048051295322377	0.012127357234078984	0.00044958774980230487
0.004091095923613786	3.112009958972095e-05	-0.00015538021821370762	-0.0007267698924784405	-9.871405410621925e-05	-0.015348501436467599	0.012501813631424108	-0.00023691564533012688
0.004715189919188401	0.0004055764969352893	0.0010303983733785937	0.0015199684915907508	0.0010246551379284874	-0.015036454438680957	0.012813860629211415	0.0005119971493598996
0.0007209883475096657	9.352949914775976e-05	0.0006559419760334695	0.0013327402929184107	2.6104745008970198e-05	-0.012852125454168473	0.011628082037619336	-0.0002993250448877216
0.0004713507492792868	9.352949914775976e-05	9.425738001622719e-05	8.455230176918072e-05	-0.0002235328532214087	-0.011291890465231269	0.011128806841159467	0.0003247689506868934
0.0012202635439697573	0.00021834829826250512	-0.0004674272160014592	-0.00122604508893831	-0.0011596738465833312	-0.008982742681603595	0.010005437649124538	-0.00017450624577253215
0.0002841225506065026	0.00021834829826250512	-0.002214890403611003	-0.0006019510933634731	-0.0015341302439282334	-0.0040524001165629375	0.00807074626284221	0.0005119971493598996
-0.0009640654405422833	-9.369869952480236e-05	-0.003213440796530964	-0.0011012262898235647	-0.001596539643485828	-0.000370245542670844	0.004575819887622901	-0.00042414384400291105
0.000845807146624411	0.0003431670973776946	-0.00283898439918584	-0.00035231349513353827	-9.871405410621925e-05	0.0035615466294507403	0.0018922157066509904	0.0005744065489170502
-0.001900206433905094	0.0004055764969352893	-0.0015907964080361658	0.0013327402929184107	-0.00034835165233570997	0.0060579226117507545	8.234311948385198e-05	7.513135245695857e-05
-0.0015881594361175644	0.0004055764969352893	-0.0004050178164438645	0.00014696170132633135	2.6104745008970198e-05	0.002126130439628726	-0.0012282542712234168	0.0007616347475893903
0.0014074917426416533	0.0001559388987053545	0.0005311231769187241	-0.002099776682743082	0.0008998363388132979	-0.003116259123200127	-0.002850898659717771	-0.00017450624577253215
0.0003465319501649855	0.0004055764969352893	0.0013424453711659012	0.00014696170132633135	0.0014615209348314284	-0.0023673463285107665	-0.0029133080592753657	0.0006992253480322397
-0.0063936832020439205	-0.0006553832955422667	-0.0004050178164438645	-0.0007267698924784405	8.851414456656492e-05	-0.003553124920102846	-0.005472093441132753	-0.00017450624577253215
-0.009701381378591112	-0.0007802020946574562	-0.0005922460151162046	-0.0008515886915936299	-0.0002235328532214087	-0.006548776098862064	-0.006470643834052714	0.0006992253480322397
-0.010075837775935792	-0.001029839692887169	0.0001566667795738219	-0.002287004881415866	-0.001596539643485828	-0.00991888367496685	-0.00628341563537993	-4.9687446657786793e-05
-0.009077287383016275	-0.0007802020946574562	0.00028148557868856727	-0.004346515066813161	-0.00265749943596294	-0.010792615268771177	-0.005846549838477877	0.000636815948474645
-0.009389334380803582	-0.0010922490924447636	-0.0010291118120189235	-0.005407474859290273	-0.003281593431537777	-0.007235279493994939	-0.006221006235822557	-4.9687446657786793e-05
-0.009202106182130798	-0.0004681550968699266	-0.0006546554146737993	-0.0020373672831859313	-0.0025950900364053453	-0.002429755728067695	-0.004972818244672661	0.0010112723458197692
-0.009638971979033517	-0.0007802020946574562	-0.0014659776089209764	-0.0014132732876108722	-0.0024078618377330052	-0.005050950509482899	-0.004473543048213013	1.272195290025202e-05
-0.002461891029922336	-0.0005305644964270773	-0.002214890403611003	-0.002536642479645579	-0.0008476268487958016	-0.00948201787806413	-0.0025388516619306856	0.0005119971493598996
0.00040894134972213614	-0.0004681550968699266	-0.0026517562005132778	-0.0011636356893811595	-0.0008476268487958016	-0.006923232496206966	0.0005816183159437216	-0.00023691564533012688
0.0009706259457393784	9.352949914775976e-05	-0.0043992193881232655	0.002705747083183274	0.0005253799414690619	-0.0005574737413431841	0.0023290815035532653	0.0006992253480322397
-0.0025867098290375257	-0.00021851749863954772	-0.003899944191663396	0.002768156482740869	0.0023352525286362003	0.0020013116405135367	0.0033900412960305992	-0.0002993250448877216
-0.0012137030387726622	-0.00034333629775518126	-0.005148132182812626	-0.00316073647522086	-0.0017213584426005735	0.0012523988458243984	0.005948826677887764	0.00019995015157214802
-0.002274662831249996	-0.00021851749863954772	-0.003837534792105801	-0.004159286868140377	-0.004280143824457738	0.002750224435203563	0.008757249657974642	-0.00048655324356028373
0.0039038677249416676	0.000467985896492884	-0.0010291118120189235	0.00027178050044174284	-0.000785217449238651	0.0022509492387439156	0.010067847048682133	0.0003871783502444881
0.00945830428555805	0.0008424422938375642	0.0023409957640854184	0.002331290685838372	0.0031465747228833774	-0.0007447019400157462	0.008944477856646982	-0.00042414384400291105
0.0103320358793626	0.0013417174902976559	0.002653042761872948	0.004078753873448138	0.0045819909127053915	-0.000370245542670844	0.008507612059745373	0.0006992253480322397
0.008771800890425618	0.0008424422938375642	0.003089908558775889	0.0032674316792007385	0.0012118833366010495	0.002126130439628726	0.008632430858859674	-0.0006113720426750291
0.010207217080248077	0.0013417174902976559	0.0040260495521382555	0.0028305658822984636	0.0017111585330609191	0.003811184227681119	0.009443753053106851	0.0003247689506868934
0.008646982091310429	0.0009672610929525316	0.004275687150367746	0.0007710556969011684	0.0017111585330609191	0.0023133586383010663	0.007321833468152628	-0.00048655324356028373
0.006088196709453708	0.0010296704925096822	0.0023409957640854184	-0.0005395416938058784	0.0017735679326185139	0.003187090232105616	0.0060736454770025095	0.00044958774980230487
0.002780498532906517	0.0004055764969352893	0.0010928077729357444	-0.0007891792920360352	-0.0002235328532214087	0.006120332011308349	0.0060736454770025095	-0.0006737814422326238
0.0012202635439697573	0.000467985896492884	-0.0004674272160014592	0.0010206932951308811	0.00015092354412415965	0.005496238015733068	0.006198464276117699	7.513135245695857e-05
0.0005961695483944762	-0.00028092689819758654	-0.0010291118120189235	-0.00010267589690360346	0.0008998363388132979	-0.0006198831409007788	0.0037020882938181288	-0.0006113720426750291
0.0012202635439697573	0.00028075769782009985	0.0004063043778037567	0.0005838274982288283	0.0017735679326185139	-0.002866621524970858	0.0033276318964734486	0.0003247689506868934
-0.00015274324629510616	-0.00021851749863954772	0.0009055795742638484	-0.00010267589690360346	0.0005253799414690619	-0.0040524001165629375	0.0023290815035532653	-0.0006737814422326238
0.0015323105417568428	9.352949914775976e-05	0.002216176964971117	0.00027178050044174284	0.001149473937044121	-0.005050950509482899	0.00201703450576618	0.00019995015157214802
0.0013450823430840586	-0.00034333629775518126	0.0032147273578906344	8.455230176918072e-05	0.0014615209348314284	-0.0069856418957645605	-0.00010488507918826606	-0.0006737814422326238
0.0004713507492792868	0.00021834829826250512	0.004400505949482936	0.0010206932951308811	0.0017111585330609191	-0.006049500902402416	-0.00029211327786105024	0.0003871783502444881
-0.00021515264585314497	3.112009958972095e-05	0.00408845895169585	0.00014696170132633135	2.6104745008970198e-05	-0.004426856513907618	-0.0002297038783034555	-0.0002993250448877216
0.0017819481399865555	0.0001559388987053545	0.0025282239627582026	-0.0011636356893811595	-0.00034835165233570997	-0.0023049369289529498	8.234311948385198e-05	0.00044958774980230487
0.0005961695483944762	-0.0001561080990823971	0.001404854770723718	-0.0017253202853984018	-0.0009724456479109911	0.0010651706471516142	-0.0006665696752061745	-0.00042414384400291105
-0.002711528628152271	0.0001559388987053545	0.000343894978246162	-0.0005395416938058784	-0.0010972644470261805	0.004872144020158009	-0.000541750876090541	0.0003871783502444881
-0.0032108038246119186	-0.0001561080990823971	-0.0008418836133461394	-0.0011636356893811595	-0.0012844926456985206	0.004497687622813107	-0.0004169320769762397	-0.00042414384400291105
-0.0002775620454102956	-3.128929996720764e-05	-0.001965252805380624	-0.0009139980911507806	-0.0005355798510082721	0.002126130439628726	0.0004567995168294203	0.00026235955112929865
-2.792444718080489e-05	3.112009958972095e-05	-0.0020900716044962575	0.00014696170132633135	8.851414456656492e-05	4.210854673836195e-06	0.0013929405101908987	-0.00023691564533012688
0.00022171315104979605	9.352949914775976e-05	-0.0018404340062658786	0.0009582838955737305	0.0007750175396985526	-0.001992889931165198	0.002204262704438076	0.0003871783502444881
-0.00021515264585314497	-0.0004057456973123319	-0.0016532058075937606	0.0005838274982288283	0.000275742343238905	-0.0040524001165629375	0.0025163097022260494	-0.0006113720426750291
0.001719538740429627	0.0001559388987053545	-0.0010291118120189235	0.0003341898999984494	0.0007750175396985526	-0.004489265913464768	0.003452450695588194	0.00044958774980230487
0.0005337601488368815	-0.00028092689819758654	-0.0005922460151162046	-0.0007891792920360352	-9.871405410621925e-05	-0.003927581317447748	0.003265222496915854	-0.00048655324356028373
-0.0009016560409855767	-0.00034333629775518126	-0.0011539306111334469	-0.0007891792920360352	-0.0005355798510082721	-0.002679393326298074	0.0028907660995709517	0.00019995015157214802
-0.005020676411779501	-0.0004681550968699266	-0.0035254877943182716	-0.0020373672831859313	-0.0017213584426005735	-0.0029290309245275647	0.0007688465146160617	-0.00023691564533012688
-0.007579461793636666	-0.001404296090231849	-0.006333910774404927	-0.0032231458747780106	-0.0027823182350781295	-0.003303487321872467	-0.000978616672993926	0.00026235955112929865
-0.008390783987883843	-0.001217067891559065	-0.006645957772192235	-0.0030359176761056705	-0.002907137034193097	-0.001181567736918021	-0.0013530730703381622	-0.00023691564533012688
-0.009264515581688615	-0.001217067891559065	-0.007270051767767294	-0.002474233080087984	-0.0027823182350781295	0.0009403518480364248	-0.0017275294676830644	0.0005744065489170502
-0.009888609577263452	-0.001217067891559065	-0.006895595370422614	-0.002349414280973461	-0.0027199088355203127	0.0010027612475940195	-0.0021643952645857834	-0.00017450624577253215
-0.007953918190981568	-0.001029839692887169	-0.005584997979715345	-0.0017253202853984018	-0.0019085866412729136	-0.0001830173439985039	-0.0017899388672411032	0.0005119971493598996
-0.007205005396291098	-0.0010922490924447636	-0.004461628787680194	-0.0024118236805303894	-0.002220633639060665	-0.002429755728067695	-0.0019771670659134433	-0.0003617344444450943
-0.004146944817974285	-0.000592973895984672	-0.0023397092027257482	-0.0018501390845135912	-0.0012220832461407038	-0.003553124920102846	-0.0006041602756481357	0.0003871783502444881
-0.0025867098290375257	-0.0005305644964270773	-0.0004674272160014592	-0.0009139980911507806	-0.0009724456479109911	-0.00498854110992486	0.00026957131815663615	-0.00048655324356028373
0.00015930375149220133	-9.369869952480236e-05	0.0004063043778037567	-0.00010267589690360346	0.00033815174279649973	-0.006673594897977253	0.0010808935124038133	0.0005744065489170502
0.000845807146624411	-0.00021851749863954772	0.0001566667795738219	-0.0009764074907088194	8.851414456656492e-05	-0.006736004297534848	0.0008936653137310291	-0.0002993250448877216
-0.0002775620454102956	-0.00034333629775518126	-0.0005922460151162046	-0.0006643604929210678	-0.0005979892505663109	-0.003927581317447748	0.001330531110633304	0.00026235955112929865
-0.0007768372418703873	-0.0001561080990823971	-0.0004674272160014592	-0.0008515886915936299	-0.0009724456479109911	-0.0014936147347059947	0.0016425781084212776	-0.0003617344444450943
0.004403142921401759	0.0007176234947221527	0.0017793111680686202	0.00014696170132633135	0.00108706453748586	0.0012523988458243984	0.0033900412960305992	0.00044958774980230487
0.006649881305470506	0.001092079892067277	0.003526774355678164	0.0010206932951308811	0.0017735679326185139	0.003623956029008335	0.004388591688950116	-0.00011209684621493743
0.0068371095041432906	0.0012793080907400611	0.0042132777508101515	0.0021440624871655878	0.0022728431290786055	0.004622506421928296	0.004388591688950116	0.0005119971493598996
0.007648431698390468	0.0009672610929525316	0.004899781145943027	0.002705747083183274	0.0027097089259811025	0.003873593627238048	0.003826907092933318	-0.0005489626431178785
0.009832760682902508	0.0013417174902976559	0.005960740938420139	0.003392250478315706	0.0037082593189010638	0.002750224435203563	0.003826907092933318	0.00026235955112929865
0.007835659897062808	0.0010296704925096822	0.006522425534437382	0.002081653087608437	0.0026472995264232857	0.0013772176449386997	0.0025163097022260494	-0.00042414384400291105
0.005776149711666179	0.0010296704925096822	0.005773512739747799	0.0017071966902633129	0.001960796131291076	0.0010651706471516142	0.00201703450576618	0.00044958774980230487
0.005089646316533747	0.0009672610929525316	0.005211828143730335	0.0011455120942465147	0.0013991115352738337	0.0003162578524611437	0.0018298063070938397	-0.00017450624577253215
0.0037166395262693275	0.000467985896492884	0.004150868351252557	-0.00016508529646119818	0.0012118833366010495	-0.001618433533820518	0.0005816183159437216	0.0003871783502444881
0.0009082165461820058	3.112009958972095e-05	0.0027778615609881374	-0.0006643604929210678	8.851414456656492e-05	-0.0014312053351477338	-0.00016729447874586079	-0.00042414384400291105
0.0005337601488368815	0.000467985896492884	0.0031523179583325955	0.00027178050044174284	0.0005253799414690619	0.0003162578524611437	0.0007688465146160617	0.0005119971493598996
0.00015930375149220133	9.352949914775976e-05	0.0013424453711659012	-0.0006019510933634731	0.00015092354412415965	0.00025384845290443714	0.0006440277155013163	-0.0002993250448877216
0.0012202635439697573	0.00021834829826250512	0.0006559419760334695	-4.026649734645282e-05	0.0007750175396985526	0.0005034860511339279	0.0010184841128462185	0.00044958774980230487
-9.033384673751144e-05	0.0001559388987053545	0.00021907617913141664	2.21429022111419e-05	0.00046297054191146714	0.0008779424484790521	0.001143302911961408	-0.00023691564533012688
0.00015930375149220133	9.352949914775976e-05	-3.056141909896226e-05	0.0005214180986712336	0.0005877893410266566	0.0006283048502491173	0.0014553499097489375	0.0003871783502444881
0.0005961695483944762	-9.369869952480236e-05	-0.00021778961777130235	0.0005214180986712336	0.0005877893410266566	4.210854673836195e-06	0.0014553499097489375	-0.0003617344444450943
0.0012202635439697573	0.0003431670973776946	-3.056141909896226e-05	0.0008958744960161358	0.0009622457383713368	-0.000370245542670844	0.00201703450576618	0.0005119971493598996
0.0003465319501649855	9.352949914775976e-05	0.00021907617913141664	0.0003341898999984494	0.00021333294368108824	-0.0004950643417860334	0.0018922157066509904	-0.0002993250448877216
0.000845807146624411	0.0001559388987053545	0.0006559419760334695	0.0003965992995560441	-9.871405410621925e-05	-0.00012060794444090916	0.0022666721039961146	0.0005119971493598996
0.00022171315104979605	-0.0001561080990823971	0.0006559419760334695	-0.0004771322942487277	-0.000785217449238651	-0.0005574737413431841	0.0015177593093060882	-0.00042414384400291105
0.0010330353452971952	9.352949914775976e-05	0.001155217172493339	-0.0004147228946906889	-0.0002859422527790034	0.0001290296537892477	0.0017049875079782062	0.0005744065489170502
-0.0002775620454102956	-9.369869952480236e-05	0.0013424453711659012	-0.00028990409557594354	-0.0009100362483533964	0.0006907142498062679	0.0014553499097489375	-0.0003617344444450943
0.00022171315104979605	0.00028075769782009985	0.0010928077729357444	-4.026649734645282e-05	-0.0002859422527790034	0.0008779424484790521	0.00201703450576618	0.000636815948474645
0.00040894134972213614	-0.0001561080990823971	0.0005311231769187241	-0.0006643604929210678	-0.00034835165233570997	-0.0006198831409007788	0.0015177593093060882	-0.00048655324356028373
0.0012826729435264639	-3.128929996720764e-05	0.000343894978246162	-4.026649734645282e-05	0.00021333294368108824	-0.000994339538245681	0.0017049875079782062	0.0003247689506868934
-2.792444718080489e-05	-0.00028092689819758654	0.00021907617913141664	-0.00016508529646119818	-9.871405410621925e-05	-0.0005574737413431841	0.001143302911961408	-0.00042414384400291105
-0.0006520184427551978	-3.128929996720764e-05	-0.0004050178164438645	0.00027178050044174284	0.00015092354412415965	-0.0006198831409007788	0.0008312559141736564	0.0003247689506868934
-0.005457542208681998	-0.0009050208937724236	-0.0026517562005132778	-0.0013508638880534996	-0.0014717208443710827	-0.002429755728067695	-0.0021643952645857834	-0.00023691564533012688
-0.007142595996733947	-0.0007177926950994173	-0.0034006689952033042	-0.0017253202853984018	-0.0017213584426005735	-0.0026169839267404793	-0.0033501738561778627	0.0006992253480322397
-0.009202106182130798	-0.001466705489789888	-0.0027141656000708725	-0.002536642479645579	-0.002844727634635502	-0.0026169839267404793	-0.0046607712468853535	-0.00048655324356028373
-0.00932692498124621	-0.0015291148893470385	-0.002402118602283343	-0.002474233080087984	-0.002844727634635502	-0.0028042121254132635	-0.005222455842902596	0.00019995015157214802
-0.009014877983458236	-0.0017163430880196007	-0.0020276622049386628	-0.0032855552743351613	-0.0030319558333078422	-0.003490715520545251	-0.0059089592380345834	-0.0006113720426750291
-0.007017777197619202	-0.001029839692887169	-0.0004674272160014592	-0.0022245954818582714	-0.0021582242395030704	-0.002679393326298074	-0.004972818244672661	0.0003871783502444881
-0.007392233594963882	-0.0013418866906746985	-0.000280199017328675	-0.002349414280973461	-0.0025326806368477506	-0.002866621524970858	-0.005160046443345445	-0.0006113720426750291
-0.003959716619302389	-0.0006553832955422667	0.0012800359716085286	-0.001475682687168467	-0.0010348550474681417	-0.002055299330722793	-0.0036622208539658363	0.0003247689506868934
