Sensor_1	Sensor_2	Sensor_3	Sensor_4	Sensor_5	Sensor_6	Sensor_7	Sensor_8
-0.0054794766308079446	-0.0008006065003436369	-0.002542599504081533	-0.001271223300526536	-0.0015332554055085268	-0.002639134363317419	-0.004468781368734298	0.00051000337224405
-0.0035447852445256167	-0.0009254252994583823	-0.001731277309834356	-0.0012088139009684973	-0.0014708460059513762	-0.0022022685664151442	-0.0037198685740442716	-0.0006133658197906566
-0.0009235904631115233	-0.00030133130388354523	-0.0007951363164719893	-2.3035309375973867e-05	-0.0003474768139162254	-0.0009540805752654702	-0.0023468617837798522	0.00051000337224405
-0.0001746776684214968	0.00019794389257610234	7.859527733278249e-05	0.0003514210879687063	8.938898298627151e-05	0.00023169801632683118	-0.0018475865873197606	1.0728175784180394e-05
0.0004494163271531182	-5.169370565316633e-05	-0.00017104232089715232	0.00022660228885351685	8.938898298627151e-05	0.0006061544136721775	-0.0018475865873197606	0.00051000337224405
-0.0002994964675364642	-0.00017651250476835578	7.859527733278249e-05	-8.544470893401268e-05	-0.00040988621347382015	0.0007309732127869228	-0.001972405386434728	-0.0003013188220035712
0.003944342702372872	0.0005099908903636319	0.001888467864500143	0.0009755150835435433	0.0008383017776758539	0.0017919330052644789	-0.0003497609979401517	0.0005724127718016447
0.00806336307316724	0.0008220378881516055	0.004135206248569556	0.0015996090791183804	0.0015872145723658804	0.0021039800030517863	0.001397702189669836	-0.0003013188220035712
0.009748416861219189	0.0010716754863813183	0.004759300244144837	0.0022237030746932174	0.00208648976882575	0.002416027000839316	0.0021466149843596405	0.00038518457312886056
0.010372510856793582	0.0014461318837264425	0.005633031837949165	0.0026605688715959364	0.0024609461661710963	0.0020415706034941916	0.002645890180819732	1.0728175784180394e-05
0.012556839841306067	0.0013837224841688478	0.006194716433966407	0.0028477970702678324	0.0030850401617457113	0.0013550672083617599	0.003082755977721785	0.00051000337224405
0.011807927046616484	0.001321313084610809	0.006257125833524002	0.002910206469825427	0.0028354025635157765	0.0012926578088046092	0.0029579371786070396	-0.00017650002288882582
0.008749866468299228	0.0011964942854960636	0.004884119043259139	0.0025981594720378975	0.0023985367666135016	0.0008557920119016682	0.002021796185244229	0.0005724127718016447
0.006565537483787187	0.0003851720912488865	0.0038231592507824708	0.0015371996795607856	0.0013375769741357235	0.00016928861676968054	0.000586379995422659	-0.0004885470206759113
0.006378309285114403	0.0009468566872663509	0.004135206248569556	0.0021612936751358447	0.00189926157015341	0.0022912082017241264	0.0010232457923244898	0.00032277517357126584
0.0013231479209583341	0.00032276269169151384	0.0020132866636148883	0.000850696284428798	0.00040143598077335696	0.0022287988021665317	-0.0010362643930725834	-0.00023890942244597646
0.0014479667200728574	0.00044758149080648124	0.001888467864500143	0.0007258774853131644	0.0005262547798881023	0.002603255199511656	-0.0010986737926299561	0.0005724127718016447
0.00038700692759596755	7.312509346157903e-05	0.0018260584649425482	0.00041383048752630103	-3.542981612869589e-05	0.0026656645990688066	-0.001535539589532231	-0.0004885470206759113
0.0008238727244984645	1.0715693903540213e-05	0.001638830266269986	0.00041383048752630103	8.938898298627151e-05	0.0013550672083617599	-0.001348311390860335	0.0002603657740141152
0.0004494163271531182	0.00019794389257610234	0.0018260584649425482	0.00041383048752630103	-9.783921568629061e-05	-0.0005796241779203459	-0.0015979489890898257	-0.0003637282215611659
0.0006990539253834971	7.312509346157903e-05	0.001638830266269986	0.0005386492866408243	0.00015179838254386624	-0.0022022685664151442	-0.0014107207904170416	0.0002603657740141152
0.0008238727244984645	0.00013553449301872966	0.001888467864500143	0.00047623988708345166	0.00015179838254386624	-0.003887322354467093	-0.001348311390860335	-0.00042613762111787246
0.0018848325169760205	0.00013553449301872966	0.0018260584649425482	0.0007258774853131644	0.0005886641794461411	-0.0044490069504847796	-0.0007866267948426486	0.00032277517357126584
0.0002621881284807781	-0.0002389219043259505	0.0010771456702525217	0.00016419288929592213	-0.00016024861524410738	-0.003700094155794753	-0.0014107207904170416	-0.0005509564202330619
0.0006366445258256803	-0.00011410310521076106	0.0008899174715799596	0.0003514210879687063	0.00033902658121576223	-0.0017029933699550526	-0.0009114455939569499	0.0002603657740141152
-0.0005491340657668431	-0.00030133130388354523	0.0005778704737928742	0.0001017834897383274	-0.0002850674143586307	0.0010430202105740083	-0.0012234925917447015	-0.0005509564202330619
-0.0004867246662088043	0.00013553449301872966	0.0004530516746776847	0.0003514210879687063	0.00015179838254386624	0.0033521679942016824	-0.0007866267948426486	0.00038518457312886056
-0.0007987716639963338	-0.00017651250476835578	0.00032823287556293934	-0.0002726729076065748	-0.0003474768139162254	0.003414577393758611	-0.0010362643930725834	-0.0004885470206759113
0.0002621881284807781	0.0002603532921339191	0.0008899174715799596	0.00041383048752630103	0.00015179838254386624	0.0026656645990688066	-0.0003497609979401517	0.0005724127718016447
-0.00011226826886390207	1.0715693903540213e-05	0.0007026892729071754	-2.3035309375973867e-05	-0.0002850674143586307	-0.00039239597924800584	-0.0007866267948426486	-0.0003013188220035712
0.00113591972228555	0.0003851720912488865	0.0013267832684824565	0.0006010586861984191	0.00033902658121576223	-0.003700094155794753	-0.0005369891966122697	0.00051000337224405
0.0008862821240560592	-5.169370565316633e-05	0.001451602067597646	0.00047623988708345166	-0.00016024861524410738	-0.0071950205310142845	-0.0010362643930725834	-0.0003013188220035712
0.0013231479209583341	0.00013553449301872966	0.0017012396658273587	0.000850696284428798	0.00033902658121576223	-0.008692846120393893	-0.0011610831921875508	0.0004475939726864553
-0.0027334630502788837	-0.00036374070344069587	7.859527733278249e-05	-0.0002726729076065748	-0.000846752010376095	-0.010128262310215908	-0.002846136980239944	-0.0003013188220035712
-0.008849584206912064	-0.0012998816968035065	-0.002979465300984252	-0.0016456796978712163	-0.0024069869993132986	-0.010689946906233594	-0.00534251296253907	0.0002603657740141152
-0.010285000396734745	-0.0014871098954756246	-0.0035411498970014943	-0.002082545494773713	-0.002968671595330541	-0.007819114526588677	-0.005592150560769005	-0.00042613762111787246
-0.00972331580071728	-0.000987834699015977	-0.0036659686961166837	-0.0017704984969861837	-0.0024069869993132986	-0.004761053948271865	-0.005217694163424325	0.0004475939726864553
-0.011345960189212079	-0.001611928694590814	-0.004414881490806266	-0.0024570018921183934	-0.003405537392233038	-0.0027639531624323865	-0.006091425757229096	-0.0005509564202330619
-0.009598497001602313	-0.001175062897688317	-0.004102834493019181	-0.0019577266956585238	-0.0026566245975434555	-0.0015781745708398631	-0.004968056565194168	0.00019795637445652048
-0.008599946608682796	-0.0013622910963608792	-0.0036659686961166837	-0.0022073642938880145	-0.0028438527962162397	-0.003138409559777511	-0.0047808283665213835	-0.0006133658197906566
-0.005541886030365539	-0.0008006065003436369	-0.002105733707179258	-0.001083995101853752	-0.0015956648050658995	-0.00469864454871427	-0.003657459174486677	0.0004475939726864553
-0.002920691248951224	-0.0006133783016708527	-0.0006079081177998713	-0.0005847199053936603	-0.0014084366063933373	-0.006633335934996598	-0.002783727580681905	-0.00042613762111787246
-0.0007363622644391832	-0.0004885595025563294	7.859527733278249e-05	-0.000210263508048536	-0.000846752010376095	-0.00912971191729639	-0.001722767788204571	0.00032277517357126584
0.0006990539253834971	-5.169370565316633e-05	0.001451602067597646	0.0002890116884111116	-0.00016024861524410738	-0.009691396513313855	-0.0008490361944002434	-0.00017650002288882582
0.0015103761196304522	7.312509346157903e-05	0.0012643738689248618	0.00047623988708345166	0.00015179838254386624	-0.009004893118181423	-0.0005369891966122697	0.0006972315709163901
0.0006990539253834971	-0.0002389219043259505	0.0010771456702525217	0.0002890116884111116	-0.00016024861524410738	-0.006820564133669604	-0.0007866267948426486	-0.0003637282215611659
0.005130121293964729	0.0006348096894788213	0.00269979005874732	0.001662018478675975	0.001275167574579017	-0.003325637758450295	0.0010856551918825286	0.0006348221713587954
0.008937094666972012	0.0007596284885940108	0.00432243444724234	0.0019116560769054658	0.0018368521705958152	-0.0005796241779203459	0.0023962525825893533	-0.00023890942244597646
0.010122873258564091	0.001134084885938913	0.004759300244144837	0.0025981594720378975	0.002523355565727803	0.0018543424048216295	0.0033948029755088704	0.0005724127718016447
0.01024769205767928	0.0014461318837264425	0.00557062243839157	0.0030350252689403945	0.0025857649652858417	0.0031025303959713035	0.0036444405737392493	0.00013554697489892575
0.012494430441748694	0.0015709506828407438	0.006069897634851218	0.0030350252689403945	0.002960221362630522	0.0016047048065916947	0.004393353368429054	0.0007596409704739848
0.011807927046616484	0.0014461318837264425	0.006569172831311754	0.002972615869383022	0.0028354025635157765	-0.0003299865796901891	0.004268534569314086	1.0728175784180394e-05
0.008687457068741633	0.0011964942854960636	0.00557062243839157	0.002535750072480747	0.00227371796749809	-0.003700094155794753	0.003269984176394569	0.0006972315709163901
0.007376859678034364	0.000884447287708312	0.00532098484016208	0.0019740654764635046	0.0015248051728082856	-0.0070077923323415	0.002645890180819732	-0.00023890942244597646
0.0068151750820169	0.0009468566872663509	0.005196166041046446	0.0023485218738079627	0.001649623971923475	-0.008006342725261462	0.002271433783474608	0.0006972315709163901
0.0027585641107803482	0.0006348096894788213	0.0038231592507824708	0.0014123808804455962	0.0007758923781189253	-0.009691396513313855	0.0008360175936521497	-5.1681223773636376e-05
0.002571335912108008	0.0005099908903636319	0.003323884054322379	0.0013499714808882235	0.0007758923781189253	-0.009441758915083032	0.000586379995422659	0.0006348221713587954
0.0016976043183032363	0.00032276269169151384	0.00269979005874732	0.0011627432822158834	0.00021420778210146096	-0.0073822487296864026	0.0005239705958646201	-0.0001140906233312311
0.0022592889143204786	0.0006348096894788213	0.002512561860074758	0.0011627432822158834	0.0006510735790032918	-0.0048858727473870545	0.0008984269932097444	0.0007596409704739848
0.0006366445258256803	7.312509346157903e-05	0.0017012396658273587	0.00047623988708345166	8.938898298627151e-05	-0.003138409559777511	-0.0001001233997097728	-0.0003013188220035712
0.0010111009231703605	0.00044758149080648124	0.001888467864500143	0.001037924483100694	0.0005886641794461411	-0.000766852376592686	0.00021192359807731265	0.0006972315709163901
-4.985886930719552e-05	0.00019794389257610234	0.001638830266269986	0.0006634680857560138	2.697958342867679e-05	0.00041892621499961535	0.00014951419851971792	-0.0001140906233312311
0.0008862821240560592	0.0005724002899212266	0.0019508772640577376	0.0007882868848707592	0.0004638453803309517	-0.00014275838101829308	0.000586379995422659	0.0006972315709163901
-0.0007987716639963338	-0.00030133130388354523	0.0015140114671552407	-2.3035309375973867e-05	-0.00040988621347382015	-0.0018902215686271706	-3.771400015262216e-05	-0.00042613762111787246
0.0005742351262683076	0.00019794389257610234	0.0019508772640577376	0.00047623988708345166	0.00021420778210146096	-0.004012141153582283	0.0005239705958646201	0.00038518457312886056
-4.985886930719552e-05	-0.0004885595025563294	0.001451602067597646	-0.0002726729076065748	-0.0005971144121466043	-0.007631886327916337	-0.0003497609979401517	-0.0006133658197906566
0.0005118257267107129	-5.169370565316633e-05	0.0017012396658273587	0.0006010586861984191	-9.783921568629061e-05	-0.008755255519951044	8.710479896301138e-05	0.00013554697489892575
7.495992980843802e-05	-0.0004885595025563294	0.0012019644693677112	-2.3035309375973867e-05	-0.0005347050125885655	-0.011064403303578274	-0.000474579797054675	-0.0006757752193482514
0.001572785519188491	7.312509346157903e-05	0.0018260584649425482	0.0009131056839859486	0.00021420778210146096	-0.010877175104906378	-3.771400015262216e-05	0.00032277517357126584
0.0006990539253834971	-5.169370565316633e-05	0.001638830266269986	0.0007882868848707592	-0.00016024861524410738	-0.009628987113755816	-0.0004121703974975244	-0.00042613762111787246
0.0009486915236127658	1.0715693903540213e-05	0.0012643738689248618	0.000850696284428798	8.938898298627151e-05	-0.00731983933012903	-0.0005369891966122697	0.00032277517357126584
-0.00042431526665120955	-0.0004885595025563294	0.0009523268711375543	0.0001017834897383274	-0.0007219332112609056	-0.0048858727473870545	-0.001348311390860335	-0.0007381846189058461
-0.00011226826886390207	0.0002603532921339191	0.001451602067597646	0.0006010586861984191	-9.783921568629061e-05	-0.0016405839703974578	-0.0007866267948426486	0.00038518457312886056
-0.0059163424277104415	-0.0009254252994583823	-0.0012320021133740422	-0.001271223300526536	-0.0019701212024110237	-0.002264677965972739	-0.0029709557793546892	-0.0005509564202330619
-0.01016018159762	-0.0011126534981307223	-0.0031042841000992194	-0.002082545494773713	-0.0025942151979858608	-0.0035752753566795636	-0.004531190768291893	0.00032277517357126584
-0.011033913191424327	-0.0014871098954756246	-0.0035411498970014943	-0.0023945924925607986	-0.003155899794003325	-0.00469864454871427	-0.005217694163424325	-0.0005509564202330619
-0.010597047394522496	-0.0012998816968035065	-0.003790787495231651	-0.002144954894331308	-0.002968671595330541	-0.007569476928359187	-0.005280103562981475	0.0004475939726864553
-0.01016018159762	-0.0012998816968035065	-0.003603559296559089	-0.002144954894331308	-0.0030310809948881356	-0.011314040901808209	-0.005280103562981475	-0.0003637282215611659
-0.007538986816204796	-0.0006757877012284474	-0.0024801901045243824	-0.0008967669031811898	-0.0020325306019681744	-0.013123913488975125	-0.004031915571832245	0.0006972315709163901
-0.006852483421072808	-0.0011126534981307223	-0.002542599504081533	-0.0013960420996412815	-0.0024069869993132986	-0.015058604875257897	-0.004156734370946991	-0.0003013188220035712
-0.004106469840543303	-0.0007381971007855981	-0.001731277309834356	-0.0005223105058360655	-0.0013460272068361867	-0.013748007484550184	-0.003033365178912284	0.00038518457312886056
-0.0018597314564738898	-0.000550968902113258	-0.0005454987182420545	-0.000210263508048536	-0.0010339802090486572	-0.010003443511100718	-0.002409271183337003	-0.0003013188220035712
-0.0006739528648815885	-0.000550968902113258	-0.00029586112001234177	3.937409018073268e-05	-0.0005347050125885655	-0.0050106915465018	-0.0019099959868771332	0.0002603657740141152
-0.0006739528648815885	-5.169370565316633e-05	0.00032823287556293934	0.00016419288929592213	-0.00040988621347382015	-1.793958190310363e-05	-0.0014731301899746363	-0.00023890942244597646
-0.0001746776684214968	1.0715693903540213e-05	7.859527733278249e-05	-2.3035309375973867e-05	-9.783921568629061e-05	0.0031649397955288983	-0.0012859019913027403	0.0005724127718016447
-0.0001746776684214968	-0.00036374070344069587	0.00039064227512009	-0.0004599011062789149	-0.00040988621347382015	0.0041634901884488595	-0.0011610831921875508	-0.00042613762111787246
0.004630846097504859	0.0005099908903636319	0.0023877430609595685	0.001037924483100694	0.001025529976348638	0.004974812382696037	0.0010856551918825286	0.0005724127718016447
0.00843781947051192	0.0005724002899212266	0.003947978049896772	0.0012875620813306288	0.0013375769741357235	0.0029153021972989634	0.002209024383917013	-0.0004885470206759113
0.010434920256352065	0.0010092660868237235	0.0046968908445867985	0.002098884275578028	0.0021488991683833447	-0.001827812169070242	0.0032075747768369745	0.0002603657740141152
0.011433470649271582	0.0010092660868237235	0.005633031837949165	0.0026605688715959364	0.0022113085679404954	-0.006321288937209069	0.0035820311741816546	-0.00042613762111787246
0.013867437232013113	0.0016333600823987826	0.006881219829099283	0.003783938063630421	0.0033970871595330188	-0.009254530716411136	0.004705400366216139	0.0005724127718016447
0.012119974044404014	0.0010716754863813183	0.0063819446326391915	0.0030350252689403945	0.002523355565727803	-0.011251631502250614	0.003706849973296622	-0.0004885470206759113
0.008812275867856822	0.0009468566872663509	0.00532098484016208	0.002972615869383022	0.0020240803692681553	-0.010190671709773502	0.0027707089799344775	0.00038518457312886056
0.007064812680247279	0.0007596284885940108	0.004884119043259139	0.0022237030746932174	0.001462395773250913	-0.007070201731899095	0.002209024383917013	-0.0003013188220035712
0.005816624689097161	0.000697219089036416	0.003947978049896772	0.001849246677347871	0.0015872145723658804	-0.0035752753566795636	0.0015225209887845814	0.0004475939726864553
0.0007614633249408698	-5.169370565316633e-05	0.002262924261844823	0.0006634680857560138	8.938898298627151e-05	-0.0009540805752654702	-0.00028735159838255697	-0.00042613762111787246
0.0010735103227279552	0.00044758149080648124	0.0022005148622872284	0.0009755150835435433	0.0006510735790032918	0.002166389402609381	0.00021192359807731265	0.0005724127718016447
0.0004494163271531182	-0.00017651250476835578	0.001451602067597646	-8.544470893401268e-05	-0.00022265801480103597	0.0011678390096891977	-0.0006618079957274592	-0.0006757752193482514
0.0010735103227279552	-5.169370565316633e-05	0.0018260584649425482	0.00022660228885351685	8.938898298627151e-05	-0.0003299865796901891	-0.00022494219882496225	0.0002603657740141152
-0.00011226826886390207	0.00013553449301872966	0.0017636490653849535	0.0003514210879687063	-0.0002850674143586307	-0.0032008189593346614	-0.0001625327992678116	-0.0003013188220035712
0.0013231479209583341	0.0003851720912488865	0.001888467864500143	0.0007258774853131644	0.00021420778210146096	-0.007070201731899095	0.00014951419851971792	0.0006348221713587954
0.0011983291218431447	0.00032276269169151384	0.0022005148622872284	0.000850696284428798	0.00015179838254386624	-0.009691396513313855	0.00027433299763490737	-0.0001140906233312311
0.0018848325169760205	0.00019794389257610234	0.0021381054627300777	0.000850696284428798	0.00040143598077335696	-0.011314040901808209	0.00039915179674965273	0.00051000337224405
0.0008238727244984645	0.00013553449301872966	0.0020132866636148883	0.0009131056839859486	2.697958342867679e-05	-0.010065852910658313	-0.0001001233997097728	-0.0003013188220035712
0.0006990539253834971	1.0715693903540213e-05	0.0013891926680400513	0.0009131056839859486	0.00015179838254386624	-0.007943933325703867	-3.771400015262216e-05	0.00038518457312886056
0.0005118257267107129	0.0002603532921339191	0.0015140114671552407	0.0006010586861984191	0.00021420778210146096	-0.004948282146944205	-0.00022494219882496225	-0.00017650002288882582
0.0002621881284807781	0.00019794389257610234	0.0012643738689248618	0.0006010586861984191	0.00040143598077335696	-0.0018902215686271706	-0.00028735159838255697	0.0005724127718016447
-0.00042431526665120955	7.312509346157903e-05	0.0010771456702525217	0.00047623988708345166	8.938898298627151e-05	0.0002941074158844259	-0.0003497609979401517	-0.0003013188220035712
0.0005118257267107129	0.0003851720912488865	0.0010771456702525217	0.0005386492866408243	0.0005262547798881023	0.0007933826123449617	0.00027433299763490737	0.0006348221713587954
-0.0002994964675364642	-0.00030133130388354523	0.0006402798733504689	-0.00033508230716416953	-0.0004722956130314149	-0.0011413087739378103	-0.000474579797054675	-0.0005509564202330619
0.0004494163271531182	0.00019794389257610234	0.0011395550698103385	0.00041383048752630103	-3.542981612869589e-05	-0.002888771961547132	0.00021192359807731265	0.00032277517357126584
0.0002621881284807781	1.0715693903540213e-05	0.0013267832684824565	0.0002890116884111116	-0.0002850674143586307	-0.006446107736324258	0.00014951419851971792	-0.00042613762111787246
0.00038700692759596755	7.312509346157903e-05	0.0012019644693677112	0.0006010586861984191	-0.00016024861524410738	-0.009878624711986195	0.00027433299763490737	0.0006348221713587954
-0.0054794766308079446	-0.0008630158999012316	-0.0010447739147019242	-0.0008343575036235951	-0.0020325306019681744	-0.014559329678797805	-0.0020972241855494733	-0.0004885470206759113
-0.009036812405584849	-0.000987834699015977	-0.002792237102311468	-0.0013960420996412815	-0.0024693963988708933	-0.01711811506065475	-0.0033454121766998135	0.00038518457312886056
-0.01003536279850481	-0.0015495192950332193	-0.003416331097886305	-0.0018329078965437784	-0.0030934903944455083	-0.017242933859769938	-0.004281553170061514	-0.0006133658197906566
-0.010097772198062405	-0.0015495192950332193	-0.003790787495231651	-0.0017704984969861837	-0.002968671595330541	-0.0166188398641951	-0.0044063719691771475	1.0728175784180394e-05
-0.010534637994964458	-0.0017991568932635982	-0.003915606294346841	-0.002269773693445609	-0.0033431279926758872	-0.014621739078355178	-0.004843237766079422	-0.0008005940184632188
-0.008724765407797541	-0.0013622910963608792	-0.003353921698329154	-0.0015832702983136215	-0.0025942151979858608	-0.011064403303578274	-0.004094324971388952	0.00013554697489892575
-0.008163080811780077	-0.001424700495918474	-0.0029170559014266573	-0.0017704984969861837	-0.0026566245975434555	-0.006570926535439003	-0.003907096772717056	-0.0006757752193482514
-0.005354657831693199	-0.000987834699015977	-0.002168143106736853	-0.0014584514991988762	-0.0016580742046237162	-0.004074550553139433	-0.0029085463797970945	0.0002603657740141152
-0.0031703288471811586	-0.0007381971007855981	-0.0009823645151447735	-0.0009591763027387845	-0.0015332554055085268	-0.0023894967650870402	-0.0020348147859923227	-0.0006133658197906566
-0.0012356374608992748	-0.0002389219043259505	-0.00029586112001234177	-0.00033508230716416953	-0.000846752010376095	-0.002264677965972739	-0.0010362643930725834	0.0004475939726864553
-0.0007987716639963338	-0.0004261501029982906	0.0002034140764477499	-0.0004599011062789149	-0.0009715708094915065	-0.004012141153582283	-0.0009114455939569499	-0.0003637282215611659
0.0007614633249408698	0.00013553449301872966	0.0005778704737928742	0.0003514210879687063	-9.783921568629061e-05	-0.005509966742962336	-3.771400015262216e-05	0.0005724127718016447
0.0009486915236127658	-0.00030133130388354523	0.0006402798733504689	-8.544470893401268e-05	-0.0005347050125885655	-0.008318389723048769	-0.0001625327992678116	-0.0004885470206759113
0.006378309285114403	0.00032276269169151384	0.0027621994583049148	0.0013499714808882235	0.0009631205767910433	-0.009254530716411136	0.0018969773861297057	0.0002603657740141152
0.010310101457236431	0.000884447287708312	0.004946528442816955	0.002535750072480747	0.0019616709697110046	-0.008942483718623384	0.00351962177462406	-0.0003637282215611659
0.011371061249713543	0.0012589036850536584	0.00532098484016208	0.002972615869383022	0.002710583764400587	-0.00912971191729639	0.004330943968871681	0.0006348221713587954
0.011620698847943922	0.0009468566872663509	0.005882669436179322	0.002722978271152643	0.002336127367055907	-0.007756705127031083	0.004206125169756492	-0.0004885470206759113
0.012931296238651191	0.001134084885938913	0.006444354032196342	0.003097434668497989	0.0028354025635157765	-0.005572376142519042	0.004642990966658989	0.00013554697489892575
0.010622148455023961	0.0009468566872663509	0.0057578506370641325	0.002473340672923152	0.00208648976882575	-0.003887322354467093	0.003956487571527001	-0.0005509564202330619
0.007876134874494456	0.0008220378881516055	0.004634481445029648	0.0019740654764635046	0.0015872145723658804	-0.003700094155794753	0.002895527779049445	0.00019795637445652048
0.006503128084229592	0.0005724002899212266	0.004634481445029648	0.001474790280003413	0.0008383017776758539	-0.0037625035553519037	0.002458661982146948	-0.0005509564202330619
0.004630846097504859	0.00044758149080648124	0.0036983404516672813	0.001225152681773034	0.0007134829785606644	-0.0048858727473870545	0.0019593867856868563	0.00013554697489892575
0.0008238727244984645	-0.0002389219043259505	0.002075696063172039	0.00016419288929592213	-0.000659523811704199	-0.006945382932783906	0.00027433299763490737	-0.0008005940184632188
0.0014479667200728574	1.0715693903540213e-05	0.001888467864500143	0.00047623988708345166	-9.783921568629061e-05	-0.008193570923934246	0.000586379995422659	7.313757534177512e-05
0.0008862821240560592	-0.0004261501029982906	0.0015764208667119473	-2.3035309375973867e-05	-0.000659523811704199	-0.010377899908446286	0.00014951419851971792	-0.0009254128175784082
0.002384107713435668	0.00032276269169151384	0.0021381054627300777	0.001037924483100694	0.0004638453803309517	-0.011064403303578274	0.0010856551918825286	0.00032277517357126584
0.0008862821240560592	-5.169370565316633e-05	0.0017636490653849535	0.0006634680857560138	-3.542981612869589e-05	-0.011938134897383046	0.00039915179674965273	-0.0004885470206759113
0.0012607385214002953	-0.00011410310521076106	0.0013891926680400513	0.0006010586861984191	0.00015179838254386624	-0.011189222102693464	0.0005239705958646201	0.00019795637445652048
0.0008238727244984645	1.0715693903540213e-05	0.0017636490653849535	0.0006634680857560138	8.938898298627151e-05	-0.008942483718623384	0.0003367423971925021	-0.0003013188220035712
0.0004494163271531182	-5.169370565316633e-05	0.0012643738689248618	0.0007258774853131644	8.938898298627151e-05	-0.006009241939421983	0.00027433299763490737	0.00019795637445652048
-0.00023708706797909151	1.0715693903540213e-05	0.0010771456702525217	0.0001017834897383274	-0.00016024861524410738	-0.003512865957122191	-0.0001001233997097728	-0.00042613762111787246
-0.00023708706797909151	-5.169370565316633e-05	0.0008899174715799596	0.00016419288929592213	-9.783921568629061e-05	-0.0022022685664151442	-0.0001001233997097728	0.00032277517357126584
-0.0012356374608992748	-0.00036374070344069587	0.0006402798733504689	-0.0002726729076065748	-0.0007219332112609056	-0.0015781745708398631	-0.0004121703974975244	-0.0005509564202330619
-0.00023708706797909151	0.0002603532921339191	0.0007650986724652142	0.00016419288929592213	-3.542981612869589e-05	-0.0014533557717251178	0.00021192359807731265	0.00051000337224405
-0.0004867246662088043	-0.00017651250476835578	0.0007026892729071754	-8.544470893401268e-05	-0.0004722956130314149	-0.003512865957122191	8.710479896301138e-05	-0.0005509564202330619
-4.985886930719552e-05	-0.0006133783016708527	0.0002034140764477499	-0.000210263508048536	-0.0004722956130314149	-0.006446107736324258	-0.0001001233997097728	-0.0001140906233312311
0.0002621881284807781	-0.0004261501029982906	0.0008899174715799596	-2.3035309375973867e-05	-0.0002850674143586307	-0.009441758915083032	0.00027433299763490737	-0.0007381846189058461
0.0013231479209583341	7.312509346157903e-05	0.0015140114671552407	0.000850696284428798	0.00021420778210146096	-0.010939584504463085	0.0008984269932097444	0.0002603657740141152
-0.0001746776684214968	-0.0009254252994583823	0.0005154610742352794	-0.00039749170672132017	-0.0011587990081638466	-0.01393523568322319	-0.00028735159838255697	-0.0011126410162507483
7.495992980843802e-05	-0.00017651250476835578	0.0009523268711375543	0.0006010586861984191	-0.00016024861524410738	-0.013373551087205504	0.00014951419851971792	7.313757534177512e-05
-0.007102121019302743	-0.001424700495918474	-0.002105733707179258	-0.0015208608987560268	-0.00271903399710105	-0.015308242473487388	-0.002846136980239944	-0.0009254128175784082
-0.009848134599832026	-0.001424700495918474	-0.003353921698329154	-0.0018329078965437784	-0.002906262195772946	-0.015308242473487388	-0.0037822779736018663	1.0728175784180394e-05
-0.010846684992751987	-0.0015495192950332193	-0.003603559296559089	-0.0022073642938880145	-0.0033431279926758872	-0.014684148477912773	-0.004343962569619553	-0.0006757752193482514
-0.010909094392309582	-0.0016743380941484087	-0.004102834493019181	-0.002144954894331308	-0.0033431279926758872	-0.013810416884107557	-0.004468781368734298	1.0728175784180394e-05
-0.011033913191424327	-0.0015495192950332193	-0.004165243892576775	-0.002332183093003648	-0.003592765590905378	-0.012874275890745857	-0.004656009567406638	-0.0005509564202330619
-0.008100671412222704	-0.0009254252994583823	-0.003166693499656814	-0.0015832702983136215	-0.002282168200198109	-0.011938134897383046	-0.0032830027771417747	0.0004475939726864553
-0.007663805615319985	-0.0014871098954756246	-0.002979465300984252	-0.0018953172961013731	-0.0026566245975434555	-0.011688497299153555	-0.0033454121766998135	-0.0005509564202330619
-0.004356107438773238	-0.0006757877012284474	-0.0017936867093919506	-0.0008967669031811898	-0.0014084366063933373	-0.010689946906233594	-0.001972405386434728	0.00038518457312886056
-0.0022965972533759427	-0.0008006065003436369	-0.0008575457160295841	-0.0007719481040664444	-0.0014084366063933373	-0.009566577714198665	-0.0014731301899746363	-0.0005509564202330619
-0.0002994964675364642	-0.0002389219043259505	-0.00017104232089715232	0.00016419288929592213	-0.00040988621347382015	-0.008255980323491174	-0.000474579797054675	0.0004475939726864553
-4.985886930719552e-05	-0.0004261501029982906	1.6185877775187762e-05	-0.000210263508048536	-0.000659523811704199	-0.00731983933012903	-0.0005993985961698645	-0.0005509564202330619
0.0002621881284807781	-0.00030133130388354523	-4.622352178196287e-05	3.937409018073268e-05	-0.0004722956130314149	-0.006258879537651474	-0.000474579797054675	0.00019795637445652048
0.0010735103227279552	1.0715693903540213e-05	0.0007650986724652142	0.00047623988708345166	-0.00016024861524410738	-0.004386597550927185	8.710479896301138e-05	-0.00023890942244597646
0.0068151750820169	0.000697219089036416	0.002887018257419216	0.0015371996795607856	0.001462395773250913	-0.0023894967650870402	0.0023338431830317585	0.0005724127718016447
0.009998054459448902	0.0010716754863813183	0.004509662645914458	0.0021612936751358447	0.0020240803692681553	-0.001390946372167079	0.0035820311741816546	-0.00023890942244597646
0.01024769205767928	0.0009468566872663509	0.004572072045472053	0.0024109312733655575	0.0021488991683833447	-0.001827812169070242	0.003894078171969406	0.00038518457312886056
0.010996604852368863	0.000697219089036416	0.0051337566414892954	0.0020364748760206552	0.0019616709697110046	-0.0033880471580070015	0.004081306370641746	-0.0006757752193482514
0.01349298083466799	0.0015085412832835932	0.006569172831311754	0.003159844068055584	0.0030226307621878945	-0.0037625035553519037	0.005391903761348571	0.00038518457312886056
0.010372510856793582	0.000697219089036416	0.00557062243839157	0.0019740654764635046	0.0017744427710386645	-0.006633335934996598	0.004143715770198897	-0.00042613762111787246
0.008749866468299228	0.0012589036850536584	0.00500893784237455	0.0024109312733655575	0.00208648976882575	-0.008692846120393893	0.004143715770198897	0.0005724127718016447
0.007626497276264299	0.0008220378881516055	0.004759300244144837	0.002098884275578028	0.0013999863736933182	-0.010065852910658313	0.0034572123750669093	-0.00023890942244597646
0.0054421682917524805	0.000884447287708312	0.003760749851224876	0.0020364748760206552	0.0013375769741357235	-0.01100199390402068	0.0027707089799344775	0.0005724127718016447
0.0020720607156479165	7.312509346157903e-05	0.0022005148622872284	0.000850696284428798	0.00015179838254386624	-0.012624638292515478	0.0011480645914396792	-0.00042613762111787246
0.002571335912108008	0.0006348096894788213	0.0025749712596321306	0.0015996090791183804	0.0008383017776758539	-0.011126812703135869	0.0015849303883421761	0.0005724127718016447
0.001572785519188491	0.0005099908903636319	0.002450152460517163	0.001474790280003413	0.0004638453803309517	-0.009566577714198665	0.0012728833905548687	-0.0001140906233312311
0.0018848325169760205	0.00044758149080648124	0.001888467864500143	0.0011627432822158834	0.0005886641794461411	-0.008380799122606364	0.0010856551918825286	0.0004475939726864553
0.00013736932936558865	-5.169370565316633e-05	0.0013891926680400513	0.0002890116884111116	-0.0002850674143586307	-0.0070077923323415	0.00039915179674965273	-0.0004885470206759113
0.0008238727244984645	0.0003851720912488865	0.0015764208667119473	0.0005386492866408243	0.0002766171816590557	-0.005135510345616989	0.0008360175936521497	0.00051000337224405
0.00019977872892318338	0.00013553449301872966	0.0015140114671552407	0.00016419288929592213	-9.783921568629061e-05	-0.004386597550927185	0.000586379995422659	-0.0003013188220035712
0.0008238727244984645	0.00032276269169151384	0.0015140114671552407	0.00047623988708345166	0.00021420778210146096	-0.004074550553139433	0.0007111987945374043	0.0004475939726864553
-0.0004867246662088043	0.00013553449301872966	0.0011395550698103385	3.937409018073268e-05	-0.0003474768139162254	-0.004136959952697472	0.00014951419851971792	-0.0003013188220035712
0.00032459752803837283	0.0002603532921339191	0.0011395550698103385	0.0002890116884111116	2.697958342867679e-05	-0.004324188151369812	0.00039915179674965273	0.00051000337224405
-0.000361905867094503	-5.169370565316633e-05	0.0007650986724652142	3.937409018073268e-05	-0.0003474768139162254	-0.005385147943847146	-3.771400015262216e-05	-0.00042613762111787246
0.0002621881284807781	0.00032276269169151384	0.0008899174715799596	0.0007882868848707592	0.00033902658121576223	-0.005634785542076637	0.0003367423971925021	0.0005724127718016447
0.0006990539253834971	0.0003851720912488865	0.0013267832684824565	0.0007882868848707592	0.00033902658121576223	-0.006383698336767107	0.0005239705958646201	-0.00023890942244597646
0.00038700692759596755	0.0002603532921339191	0.0010771456702525217	0.0009755150835435433	0.00021420778210146096	-0.0067581547341115655	0.00039915179674965273	0.0005724127718016447
-0.00023708706797909151	-5.169370565316633e-05	0.0007650986724652142	0.00041383048752630103	-0.0003474768139162254	-0.0073822487296864026	2.4695399404528473e-05	-0.0004885470206759113
0.0011983291218431447	0.0002603532921339191	0.0013891926680400513	0.0006010586861984191	0.0002766171816590557	-0.0071950205310142845	0.0007111987945374043	0.00038518457312886056
0.00019977872892318338	-0.0002389219043259505	0.0015140114671552407	3.937409018073268e-05	-0.0005347050125885655	-0.008505617921721553	0.0003367423971925021	-0.0005509564202330619
-0.0011732280613416801	-0.0002389219043259505	0.0006402798733504689	-8.544470893401268e-05	-0.0007843426108185003	-0.009628987113755816	-0.0001625327992678116	0.0002603657740141152
-0.007476577416647645	-0.0009254252994583823	-0.0018560961089495454	-0.0015208608987560268	-0.0024693963988708933	-0.012250181895170797	-0.0025340899824521923	-0.0004885470206759113
-0.009660906401159908	-0.0009254252994583823	-0.0031042841000992194	-0.0016456796978712163	-0.0026566245975434555	-0.012624638292515478	-0.003470230975814337	0.00038518457312886056
-0.010721866193637242	-0.001611928694590814	-0.004040425093461586	-0.002706639490348106	-0.0033431279926758872	-0.01393523568322319	-0.0044063719691771475	-0.0006133658197906566
-0.01022259099717715	-0.001175062897688317	-0.004102834493019181	-0.0017704984969861837	-0.0025942151979858608	-0.01299909468986038	-0.004094324971388952	0.00038518457312886056
-0.01022259099717715	-0.0012374722972454677	-0.004290062691691077	-0.0017704984969861837	-0.002781443396658201	-0.012562228892958327	-0.004343962569619553	-0.0003637282215611659
-0.007788624414435175	-0.000550968902113258	-0.0035411498970014943	-0.0008967669031811898	-0.0015956648050658995	-0.010190671709773502	-0.003407821576256964	0.0005724127718016447
-0.006914892820630403	-0.0008630158999012316	-0.0030418747005416247	-0.0011464045014113466	-0.0018453024032962784	-0.009379349515526325	-0.0032830027771417747	-0.00023890942244597646
