Sensor_1	Sensor_2	Sensor_3	Sensor_4	Sensor_5	Sensor_6	Sensor_7	Sensor_8
0.0006978369420920227	-7.679788662584563e-05	-0.0005741633554587899	1.1698641947388566e-05	-1.8944373235463274e-05	0.00048063974975209867	0.00012409797055012994	0.00011541994354180574
0.00038578994430427116	-0.00026402608529774163	-0.0008862103532465415	1.1698641947388566e-05	0.00023069322499402745	4.377395284960173e-05	-0.0002503584267945502	-0.0006959022507053714
0.0005730181429768333	-7.679788662584563e-05	-0.0010734385519188816	0.0003861550392922908	0.000979606019684054	0.00023100215152171977	-6.313022812176605e-05	5.301054398421101e-05
-0.00030071345082793854	-0.0005760730830857153	-0.0012606667505912217	-5.071075761020616e-05	-8.1353772793058e-05	-0.00020586364538033308	-0.0006248148241394524	-0.0009455398489357503
0.001072293339436703	-0.00026402608529774163	-0.0010734385519188816	1.1698641947388566e-05	0.0005427402227813349	4.377395284960173e-05	-0.0004375866254673344	-7.180825513053435e-05
-0.0012368544441905271	-0.0006384824826426438	-0.0010110291523612869	-0.0005499859540702978	-0.0005806289692531497	-0.00039309184405267317	-0.0007496336232546419	-0.0009455398489357503
-5.1075852597559646e-05	4.8020912489343814e-05	0.0004867964370178779	7.410804150498329e-05	-0.0002061725719080254	0.0001685927519643471	6.168857099253522e-05	0.00011541994354180574
-0.00042553224994335004	-0.0004512542839700817	0.00017474943923079245	-0.0008620329518573833	-0.0005806289692531497	-0.00033068244449507844	-0.0005624054245823018	-0.0007583116502629661
0.0005730181429768333	-0.00026402608529774163	0.0005492058365759167	-0.0004875765545127031	-0.0004558101701379602	-0.00039309184405267317	-0.0006248148241394524	-0.00013421765468835112
-0.0019233578393227369	-0.0005136636835276764	0.001110890432593159	-0.00030034835584014097	-0.0013295417639431761	-0.00020586364538033308	-0.0005624054245823018	-0.0008207210498205608
-0.0023602236362247897	-0.0006384824826426438	-1.2478759441547638e-05	-0.0008620329518573833	-0.0009550853665978298	-0.0008923670405127648	-0.0003751772259097397	-0.00019662705424594584
0.00038578994430427116	-0.0005136636835276764	-0.0016975325474939407	-0.0016733551461050045	-8.1353772793058e-05	0.0009175055466539295	-0.00012553962768024896	-0.0008831304493779335
-0.0003631228503853112	-0.0005760730830857153	-0.002009579545281248	-0.0004875765545127031	-0.0013295417639431761	-0.00014345424582318245	-0.0006872242236970472	-7.180825513053435e-05
0.0003233805447471205	-0.0008257106813149839	-0.0029457205386431706	-0.002172630342564652	-0.0012671323643851373	-0.00020586364538033308	-0.0014361370183875177	-0.0009455398489357503
-0.01315704975967047	-0.0013249858777748535	-0.007376787907225291	0.0005109738384070361	-0.004699649340047518	-0.0016412798352027913	-0.0016857746166170084	0.0002402387426565511
-0.006541653406576753	-0.001886670473792984	-0.012806405668726928	-0.0050434627222093464	-0.0015791793621726669	-0.0014540516365304512	-0.005118291592278945	-0.0010703586480507177
0.0009474745403215135	-0.0010753482795453628	-0.06516789189745942	-0.00030034835584014097	-0.000705447768367895	0.000605458548866844	-0.003932513000686644	-7.180825513053435e-05
0.057053524742503914	-0.001012938879987768	0.039180624162661104	7.410804150498329e-05	0.013461485931181683	-0.003388743022812779	0.008362138712138645	-0.000571083451590626
-0.10521091410696615	-0.0030724490653850633	0.02345345547417388	0.02684774045166738	-0.0004558101701379602	-0.008631132585641632	-0.060163382001983345	0.00011541994354180574
0.08332788195620666	-0.0028228114671544624	-0.07303147624170303	-0.02613783977264017	0.011776432143129734	-0.026168173861295108	0.011857065087358176	-0.0005086740520325872
-0.14396715123216608	-0.0015122140764478598	0.0194592539024947	0.025412324261845365	-0.05681149797054985	0.006971217303730404	-0.002809143808652159	0.00011541994354180574
0.04912753099870315	-0.0007633012817578333	0.05347237666132587	-0.05784181474784411	-0.00962999190508862	-0.01412315974670042	0.02446376379797055	-0.001007949248493123
-0.037746353185320825	-1.4388487067806821e-05	-0.04738121302357534	-0.025076879980162836	-0.00026858197146562013	0.019577916014343222	-0.0038076942015714543	0.00017782934309940046
0.09786927205310159	-0.0008881200808730227	-0.03121717853818562	0.024226545670253063	0.01845423789578038	0.016769493034256344	-0.00031276782635258904	-0.0010703586480507177
-0.008289116594186519	-0.00032643548485533636	0.005916414198519959	0.03346313680476132	0.020576157480735713	-0.045015812527657184	-0.008738036766613444	-9.398855572939624e-06
-0.0804967918822006	-0.00032643548485533636	0.02657392545204873	0.025100277264057835	-0.010753361097123548	0.020763694605935523	-0.00486865399404901	-0.0006334928511477766
0.02616087196154715	-0.0003888448844129311	-0.013617727862973883	-0.03849490088502305	-0.006322293728541872	-0.003201514824139995	-0.001124090020599322	0.00017782934309940046
0.060361222919051105	-0.0005760730830857153	0.007351830388341973	-0.008850436095215741	0.008843190363927667	0.0026025593347061005	0.0011226483634700912	-0.0006959022507053714
-0.051726058686198284	0.000235249111162128	0.04673216150911719	-0.0027343149385821164	-0.03440652352941154	0.0017288277409015507	0.012231521484703078	0.00011541994354180574
-0.03668539339284349	0.00048488670939184075	0.013779998542763572	-0.00429454992751932	-0.01044131409933624	-0.005510662607767225	0.0056785345311665125	-0.0007583116502629661
0.047068020813305855	0.0014210277027542073	-0.017923976432440814	0.0027577122224768935	0.020950613878080393	0.008156995895322927	-7.208285650595059e-07	5.301054398421101e-05
0.055243652155336775	0.0012337995040814231	-0.04700675662623044	0.007625645387961066	0.029313473418783653	0.012026378667887139	-0.00031276782635258904	-0.0007583116502629661
0.002507709529259161	0.0009217525062943377	0.0031079912184330816	0.023477632875562593	0.0033511632028684346	0.00023100215152171977	0.0033693867475392825	5.301054398421101e-05
-0.022206412695506383	0.00048488670939184075	0.016089146326390358	0.014241041741054561	-0.004762058739604669	-0.003825608819714832	0.004804802937361741	-0.0008207210498205608
-0.0004879416495000566	0.0003600679102770954	0.012094944754711623	-0.0170884768368047	-0.005011696337835048	0.004974116517891147	-0.00031276782635258904	-0.00013421765468835112
0.02435099937438001	-0.0005760730830857153	-0.006003781116960427	-0.02233086639963333	-0.0035762801480123674	0.003101834531166414	-0.0001879490272373996	-0.0006959022507053714
-0.004606962020294425	-0.00032643548485533636	0.014903367734798056	0.004629994209201849	-0.0024529109559774387	-0.0037631994201576813	0.0004361449683378815	-7.180825513053435e-05
-0.025139654474708006	-0.00026402608529774163	0.008912065377279177	0.008499376981765838	-0.0027649579537651903	-0.005510662607767225	0.001372285961699804	-0.0006959022507053714
0.004442400915541045	0.0001104303120467165	-0.01055966728465707	0.0006982020370798203	0.0014788812161441456	0.0036011097276260617	-0.0012489088197147336	-9.398855572939624e-06
0.03670806048676267	0.00029765851071950067	-0.024164916388189628	0.0011974772335394679	0.01626990891126856	0.004225203723201121	-0.003932513000686644	-0.0005086740520325872
0.005940226504920654	4.8020912489343814e-05	-0.012868815068284079	0.01055888716716269	0.00784463997100815	-0.00064272944228283	-0.0009992712214850208	5.301054398421101e-05
-0.01615270093843013	-0.0004512542839700817	0.007039783390554444	0.006564685595483288	-0.004699649340047518	-0.0037631994201576813	0.0010602389639124965	-0.0010703586480507177
-0.007415385000381747	-0.0005136636835276764	0.008350380781261935	-0.007165382307163792	-0.005011696337835048	-0.0008299576409551701	-0.00031276782635258904	-0.00038385525291828593
0.008374193087663073	-0.001012938879987768	-0.0005117539559016393	-0.013843188059815104	-0.004637239940489923	0.0017288277409015507	-0.0014985464179451125	-0.0011327680476078683
0.0008850651407639187	-0.0003888448844129311	0.003856904013122442	-0.0022350397421222468	-0.002203273357747504	-0.0013916422369728565	0.0004361449683378815	-7.180825513053435e-05
-0.01296982156099813	-0.0008881200808730227	0.006852555191881882	0.0067519137941562946	-0.0003934007705803655	-0.004824159212634349	-0.001124090020599322	-0.001195177447165463
-0.0001758946517127491	-0.0005136636835276764	-0.00307053933775836	0.002882531021591861	0.002227794010834172	-0.002140555031662883	-0.0018730028152893485	-0.00019662705424594584
0.011432253665979886	-0.0004512542839700817	-0.012369539871824209	-0.0022974491416798415	0.003475982001983624	0.0022281029373616423	-0.0022474592126342507	-0.0009455398489357503
0.005815407705805908	-0.0005136636835276764	-0.007626425505454781	0.00013651744106257802	0.001603700015259335	0.0007926867475391841	-0.0001879490272373996	-0.0003214458533606912
-0.007914660196841616	-0.0005136636835276764	0.0022966690241854604	0.002071208827344684	-0.0027649579537651903	-0.001079595239185549	0.0008106013656821176	-0.001007949248493123
-0.006354425207904413	-0.00032643548485533636	0.005479548401617462	-0.0014861269474326644	-0.003201823750667465	-0.0013916422369728565	0.0008106013656821176	-0.00013421765468835112
-0.0011120356450753377	-0.0005136636835276764	0.0025463066224156172	-0.004731415724421817	-0.0025153203555350334	-1.8635446707992998e-05	-0.0007496336232546419	-0.0008831304493779335
0.0028197565270466907	-0.0005760730830857153	0.00042438703746117135	-0.003046361936369424	-0.0005806289692531497	-0.00033068244449507844	-0.0010616806210417273	-0.00025903645380354057
-0.0072281568017087405	-0.001886670473792984	-0.0004493445563440446	7.410804150498329e-05	-0.0028897767528803797	-0.003451152422370374	-0.0025595062104217803	-0.0015072244449525485
-0.013344277958343254	-0.0015122140764478598	-0.003444995735102818	-0.0007996235522997885	-0.0035762801480123674	-0.0041376558175023614	-0.0039949224002442385	-0.00019662705424594584
-0.008039478995956362	-0.002073898672465324	-0.008500157099259997	-0.004544187525749477	-0.003825917746242302	-0.0030766960250248054	-0.00505588219272135	-0.0010703586480507177
-0.00485659961852436	-0.002073898672465324	-0.0108717142824446	-0.004419368726634287	-0.002203273357747504	-0.0027022396276799032	-0.004806244594491416	-0.00044626465247588065
-0.01072308317692805	-0.001886670473792984	-0.007064740909437983	-0.0020478115434499067	-0.0028897767528803797	-0.0038880182192719825	-0.0046190163958190755	-0.001007949248493123
-0.012657774563210378	-0.0016370328755626051	-0.0036322239337756024	-0.0019229927443347172	-0.004075555344472237	-0.004075246417944767	-0.004244559998473729	-9.398855572939624e-06
-0.008476344792858859	-0.002073898672465324	-0.003444995735102818	-0.00429454992751932	-0.0042003741435874264	-0.003825608819714832	-0.00505588219272135	-0.0011327680476078683
