Sensor_1	Sensor_2	Sensor_3	Sensor_4	Sensor_5	Sensor_6	Sensor_7	Sensor_8
2.6558319981884182e-05	3.4465590905696786e-05	0.00015988039978620527	0.00010569031815110819	0.00012059992370438977	-1.2747119859879419e-05	0.0002519623483632216	0.00025514834821116494
-0.0005975356755925088	-0.00027758140688138866	-8.975719844372954e-05	-0.000268766079193572	-0.00037867527275547985	-0.0003872035172045596	-0.00024731284809687004	-0.0004937644464788615
-0.00028548867780520126	-0.00021517200732379393	-0.00027698539711629167	-0.00020635667963686544	-0.00019144707408269568	-0.0002623847180902583	-0.0001224940489816806	0.00013032954909641958
-0.0007847638742652929	-0.0003399908064389834	-0.00021457599755869694	-0.000268766079193572	-0.00044108467231240844	-0.0002623847180902583	-0.00018490344853838714	-0.0004937644464788615
8.89677195394789e-05	9.687499046306947e-05	9.747100022861055e-05	0.00023050911726585355	5.819052414768322e-05	4.9662279697715306e-05	0.00012714354924825422	0.0003799671473263544
-0.002032951865415189	-0.0006520378042262909	-0.0009010793926913507	-0.0008928600747688531	-0.0008779504692155715	-0.0010112975127793966	-0.0009338162432288577	-0.0007434020447083522
-0.005340650041961714	-0.0007144472037838856	-0.002898180178530607	-0.00132972587167135	-0.0015020444647899645	-0.00219707610437192	-0.002369232433050872	0.0004423765468839491
-0.008648348218508906	-0.0013385411993585006	-0.004458415167468255	-0.0024530950637056126	-0.0027502324559396385	-0.0035076734950789668	-0.004054286221103265	-0.0003689456473636721
-0.008024254222934069	-0.0011513130006861605	-0.004583233966582556	-0.0020786386663613765	-0.0023133666590371416	-0.003258035896849476	-0.0037422392233157353	0.0004423765468839491
-0.009210032814526148	-0.0015881787975886574	-0.0051449185626002425	-0.0027027326619359915	-0.003062279453727612	-0.003694901693751529	-0.004241514419776049	-0.0004937644464788615
-0.008211482421606409	-0.001463359998473912	-0.005332146761273027	-0.0025155044632632073	-0.0028126418554972332	-0.003694901693751529	-0.003804648622873552	0.00013032954909641958
-0.007712207225146095	-0.0015881787975886574	-0.005082509163042648	-0.002577913862821246	-0.0029374606546124227	-0.003632492294194156	-0.0036798298237583627	-0.0006809926451507575
-0.005527878240634498	-0.0010264942015714151	-0.004271186968795471	-0.001766591668573625	-0.0017516820630198993	-0.002384304303044704	-0.002369232433050872	0.00031755774776875967
-0.0037804150530245106	-0.0005272190051113235	-0.002773361379415862	-0.0008304506752112584	-0.0011275880674448402	-0.0008240693141070565	-0.0016203196383617335	-0.00011930804913351523
-0.00159608606851247	-2.794380865145385e-05	-0.0018372203860534952	-8.153788052167599e-05	-0.00019144707408269568	0.00017448107881246067	-0.0010586350423440472	0.0006296047455562892
-0.0009095826733804824	-0.0003399908064389834	-0.0014003545891509983	-0.0006432224765389183	-0.00025385647364006836	0.0007985750743872977	-0.001932366636148819	-0.00024412684824892672
-0.0004727168764777634	9.687499046306947e-05	-0.00021457599755869694	0.0008546031128406906	0.0001830093232619845	0.002795675860226998	-0.0018699572365912243	0.0006296047455562892
-0.0011592202716101951	-0.00027758140688138866	0.000409517998015696	0.00023050911726585355	-0.0003162658731976631	0.0014226690699621347	-0.0033053734264136825	-0.00030653624780652144
0.002210887304494369	0.00015928439002088624	0.0019697529869533437	-0.0003935848783089835	0.0006822845197220762	0.0008609844739448924	-0.003430192225528428	0.0005047859464410998
0.003895941092546762	0.00034651258869344836	0.004403719569695319	0.0018531535057604298	0.0007446939192796709	0.0037942262531469595	-0.002119594834821159	-0.00030653624780652144
0.008014961463340242	0.001282653582055815	0.0068376861524372945	0.002914113298237986	0.0024921571068892145	0.004980004844739261	-0.00024731284809687004	0.0005671953459986945
0.008389417860685588	0.000845787785153318	0.006338410955977869	0.0013538783093007822	0.0021177007095445344	0.003669407454032214	-0.0012458632410159431	-0.0004313550469212668
0.00920074005493321	0.0011578347829406255	0.006151182757304863	0.002664475700007829	0.002866613504234339	0.006852286831463772	-0.0005593598458839555	0.0004423765468839491
0.008327008461127994	0.0013450629816134096	0.005651907560845437	0.0027892944991227964	0.002866613504234339	0.010222394407568558	-0.0005593598458839555	-0.000181717448691332
0.007640505065995562	0.0015322911802857497	0.0045285383688105085	0.0029765226977951365	0.0035531168993663265	0.01215708579385022	-0.0012458632410159431	0.0007544235446712566
0.00495690088502343	0.0010330159838258801	0.00253143758297103	0.0018531535057604298	0.002866613504234339	0.012531542191195344	-0.0038670580224304807	-5.68986495759205e-05
0.0043952162890064095	0.0010954253833830307	0.001907343587395749	0.0019155629053182466	0.0027417947051191494	0.01515273697260966	-0.004928017814908037	0.0006296047455562892
0.0010251087129018455	0.000408921988250599	-0.00027698539711629167	0.001416287708858377	0.001368787914854508	0.016088877965972248	-0.0074868031967652016	-0.00030653624780652144
0.0015867933089190878	0.0004713313878081937	-0.0011507169909210635	0.0015411065079731223	0.001368787914854508	0.015839240367741647	-0.007736440794994914	0.0005671953459986945
0.000900289913786656	9.687499046306947e-05	-0.0012131263904786582	0.000979421911955436	0.0002454187228195792	0.014029367780574953	-0.007112346799420521	-0.00030653624780652144
0.0012747463111315582	0.00022169378957848096	-0.0011507169909210635	0.001166650110627998	-0.00025385647364006836	0.011969857595177658	-0.004803199015793291	0.0003799671473263544
0.0018364309071490226	-0.0001527626077661992	-0.0015875827878237825	-0.00020635667963686544	-0.0005034940718700032	0.008911797016860845	-0.0028685076295107415	-0.0005561738460355681
0.0015867933089190878	0.00022169378957848096	-0.0010258981918063181	0.000542556115053161	0.00037023752193476867	0.007850837224383733	-0.00024731284809687004	0.0004423765468839491
-0.0017833142671852542	-2.794380865145385e-05	-0.00021457599755869694	0.001416287708858377	0.00012059992370438977	0.004792776646066477	0.0013753315403983724	-0.0003689456473636721
2.6558319981884182e-05	9.687499046306947e-05	-2.734779888613481e-05	-0.0009552694743260037	0.0011815597161819458	-0.0015105727092390442	0.002873157129777537	0.0004423765468839491
0.001087518112458996	-2.794380865145385e-05	-0.0009010793926913507	-0.001142497672998788	0.0006822845197220762	-0.003008398298619097	0.00474543911650227	-0.0003689456473636721
0.0003386053177694137	0.00022169378957848096	-0.0010883075913634688	0.0015411065079731223	0.00037023752193476867	-0.0018850291065846125	0.00717940569924469	0.0005671953459986945
-0.0009095826733804824	-2.794380865145385e-05	-0.0015875827878237825	0.0009170125123982853	-0.0006283128709851926	-0.007439465667200995	0.00724181509880184	-0.00030653624780652144
0.0037087128938739777	0.00015928439002088624	-0.001275535790036253	-0.0012673164721137553	0.0006822845197220762	-0.010684754444190592	0.006992177500571906	0.0005047859464410998
-0.0008471732738228877	-0.0003399908064389834	-0.0019620391851682406	0.001166650110627998	-0.0014396350652323697	-0.0058792306782635695	0.0059312177080943496	-0.0004937644464788615
-0.0006599450751501035	9.687499046306947e-05	-0.0010883075913634688	0.0011042407110706254	-0.0009403598687722781	-0.0046310426871143395	0.005431942511634702	0.00031755774776875967
0.0008378805142290613	0.00015928439002088624	-0.0005890323949038212	-0.001142497672998788	-0.00012903767452510095	-0.006066458876936354	0.0044958015182727795	-0.000181717448691332
-9.826047913286118e-05	0.00022169378957848096	-0.00046421359578863175	-0.0003311754787516108	-0.0006907222705427873	-0.0033204452964066267	0.005494351911192741	0.0005671953459986945
-0.003468368055237203	9.687499046306947e-05	-0.001462763988708149	-0.0012049070725563826	-0.002625413656824671	-0.004755861486229085	0.00668013050278482	-0.000181717448691332
0.0017740215075914278	0.0006585595864809779	-0.0013379451895934036	-0.002203457465476122	0.00037023752193476867	-0.007689103265431152	0.008677231288624299	0.0009416517433435967
-0.002282589463645346	-0.0001527626077661992	-0.0023989049820707375	-1.9128480964081263e-05	0.0002454187228195792	-0.00999825104905816	0.008677231288624299	-0.00024412684824892672
-0.007400160227358787	-0.0009016754024566698	-0.004083958770123131	-0.00132972587167135	-0.000753131670099938	-0.017424969596399054	0.0070545869001295	0.00031755774776875967
-0.009022804615853364	-0.0014009505989165394	-0.003771911772335823	-0.002390685664148906	-0.001377225665675219	-0.02285458735790069	0.005806398908980048	-0.0004937644464788615
-0.007961844823376474	-0.0011513130006861605	-0.0034598647745482936	-0.00132972587167135	-0.0013148162661171803	-0.02335386255436056	0.0059312177080943496	0.0003799671473263544
-0.00621438163576693	-0.0015881787975886574	-0.0030229989776453525	-0.0060728402380405555	-0.0018765008621350887	-0.021356761768521082	0.0038717075226974984	-0.0004937644464788615
-0.013079415587090581	-0.00127613179980135	-0.0025861331807435217	0.0012914689097431875	-0.005433836636911549	-0.014054862020295156	0.0031852041275655107	0.00031755774776875967
-0.006526428633554016	-0.0010889036011290099	-0.0009634887922487234	-0.0035140548561831686	-0.004185648645761875	-0.01549027821011717	0.0006264187457083459	-0.00024412684824892672
-0.000347898077362796	-0.0009016754024566698	-0.0026485425803011164	-0.006946571831844883	-0.0028126418554972332	-0.012931492828259783	-0.0030557358281833036	0.0003799671473263544
-0.0027818646601049934	-0.0007144472037838856	-0.002960589578088202	-0.0004559942778661341	-0.0037487828488595998	0.0029829040588993383	-0.004241514419776049	-0.00030653624780652144
-0.006838475631341323	-0.00046480960555372874	-0.001275535790036253	0.004162301289387438	-0.0023133666590371416	0.009723119211108466	-0.0037422392233157353	0.00019273894865357022
0.0003386053177694137	-0.0006520378042262909	-0.0003393947966734423	-0.0026403232623783968	0.0016184255130844427	-0.005379955481803922	-0.005988977607385593	-0.0004937644464788615
0.0037087128938739777	-0.00027758140688138866	-0.000838669993133534	-0.0030771890592808937	0.00037023752193476867	-0.0063160964751662885	-0.006051387006942743	0.0003799671473263544
-0.004966193644616812	-0.0001527626077661992	-0.0015251733882655216	0.0026020663004502342	-0.000753131670099938	0.008662159418631354	-0.0028685076295107415	-0.0003689456473636721
2.6558319981884182e-05	-0.0003399908064389834	-0.0007762605935761613	0.0004801467154955663	0.002804204104676522	0.007538790226596648	-0.0017451384374760348	6.792014953882486e-05
0.005518585481041116	0.0005961501869233832	0.004216491371022979	0.0017907441062030571	0.0029290229037917115	0.0003617092774850228	-0.0004345410467692101	-0.0004313550469212668
0.0046448538872359	0.0011578347829406255	0.007649008346684472	0.0007297843137259452	0.0016808349126420374	0.0008609844739448924	0.00206183493553036	0.0004423765468839491
0.005081719684138619	0.0010954253833830307	0.00908442453650693	-0.0015793634699012848	0.0008695127183948603	0.0010482126726172325	0.0027483383306627918	-0.000181717448691332
0.010573746845197407	0.0014074723811705603	0.009334062134736643	0.003101341496910326	0.0021177007095445344	-0.002821170099946757	0.0026235195315480464	0.0005671953459986945
0.012820485229267486	0.0009706065842682854	0.009396471534294903	0.001603515907530273	0.003428298100251581	-0.007751512664988303	0.00243629133287504	-0.0004937644464788615
0.005580994880598711	0.0014074723811705603	0.007024914351109857	0.002914113298237986	0.002242519508659724	-0.006004049477378759	0.00487025791561746	0.0005047859464410998
0.005081719684138619	0.000845787785153318	0.0034675785763333966	0.0026020663004502342	0.0002454187228195792	-0.007127418669413466	0.006929768101014311	-0.00011930804913351523
0.00957519645227789	0.0011578347829406255	0.0004719273975737348	0.0012914689097431875	0.0018680631113143775	-0.008500425459678329	0.009613372281986443	0.0006296047455562892
0.002772571900511611	0.000408921988250599	-0.0026485425803011164	-0.0008304506752112584	0.0017432443121996322	-0.006128868276493948	0.009051687685969645	-0.00030653624780652144
-0.0034059586556800525	0.0007833783855952792	-0.003335045975433104	0.001416287708858377	0.0005574657206075528	-0.0013233445105671482	0.010424694476233842	0.0009416517433435967
-0.002282589463645346	0.000408921988250599	-0.0036470929732206336	-8.153788052167599e-05	0.00037023752193476867	-0.003008398298619097	0.010237466277561502	-5.68986495759205e-05
0.0020860685053791794	0.0006585595864809779	-0.00227408618295577	-0.0004559942778661341	0.002180110109102129	-0.005941640077821386	0.009800600480659227	0.0006920141451136619
0.000276195918211819	0.00028410318913585364	-0.0003393947966734423	0.001603515907530273	0.0012439691157395405	-0.008438016060120734	0.008614821889066704	-0.00011930804913351523
0.0008378805142290613	0.0004713313878081937	0.0006591555962460749	0.002040381704433214	0.0002454187228195792	-0.012681855230030292	0.008302774891279174	0.0006920141451136619
0.008077370862898281	-0.0001527626077661992	-0.0009634887922487234	-0.0020786386663613765	-0.0005659034714275979	-0.013680405622950254	0.00437098271915759	-0.0003689456473636721
0.007827733264667902	0.000408921988250599	-0.0013379451895934036	0.0040374824902726925	0.004863714290074039	0.009099025215533407	0.00018955294880584894	0.0005671953459986945
-0.0037804150530245106	-0.0001527626077661992	-0.00227408618295577	0.00023050911726585355	-0.002625413656824671	0.02108162993057139	0.0021866537346455495	-0.0004313550469212668
-0.008773167017624095	0.00015928439002088624	-0.0047080527656977456	-0.006135249637597706	-0.009365628809033133	0.01945898554207659	0.0057439895094224536	0.0004423765468839491
0.0003386053177694137	-0.0001527626077661992	-0.0025861331807435217	-0.007196209430075262	-0.0061203400320444246	0.0046055484473936925	0.00468302971694512	-0.0003689456473636721
0.0056434042801558615	0.00015928439002088624	-0.0028357707789730124	-0.0005184036774241729	0.0016808349126420374	-0.0014481633096823376	0.003310022926680256	0.0004423765468839491
-0.002906683459220183	-0.00021517200732379393	-0.003397455374990699	0.00559771747921034	0.0035531168993663265	-0.002009847905699136	0.0011881033417260323	-0.0003689456473636721
0.000276195918211819	0.00022169378957848096	-0.0017748109864961226	0.005660126878767047	0.004239620294499202	-0.0025091231021590055	0.0023738819333183336	0.0005671953459986945
0.0018988403067066173	3.4465590905696786e-05	-0.000838669993133534	-0.00020635667963686544	0.001119150316624351	-0.0063160964751662885	0.002685928931105641	-0.00024412684824892672
-0.0010344014724952277	0.00022169378957848096	0.001907343587395749	-0.0026403232623783968	-0.00012903767452510095	-0.002821170099946757	0.002498700732433079	0.0005671953459986945
-0.0031563210574496736	-0.0003399908064389834	0.0028434845807581155	-0.0008928600747688531	-0.0009403598687722781	-0.002384304303044704	0.0005015999465936005	-0.0005561738460355681
0.002585343701839049	-9.035320820949266e-05	0.003592397375447698	-0.002390685664148906	0.0013063785152969132	-0.006503324673839073	-0.00024731284809687004	0.00031755774776875967
0.0003386053177694137	-0.0007144472037838856	0.0017201153887234089	-0.000705631876096513	-4.2188754099115044e-06	-0.008438016060120734	-0.0014330914396889494	-0.0006809926451507575
-0.007462569626916604	-0.0010264942015714151	-0.0017124015869383058	0.0004177373159384157	-0.001189997467002879	-0.007127418669413466	-0.003555011024643173	0.0003799671473263544
-0.008336301220721376	-0.00127613179980135	-0.0036470929732206336	-0.0017041822690164743	-0.002438185458152331	-0.005317546082246327	-0.005364883611810534	-0.00030653624780652144
-0.007961844823376474	-0.0016505881971462522	-0.005456965560387772	-0.003202007858396083	-0.0029374606546124227	0.00017448107881246067	-0.005864158808270403	0.00013032954909641958
-0.010957496002136136	-0.0018378163958181482	-0.0063931065537499165	-0.004824652246890437	-0.005184199038681614	0.005292051842526568	-0.005739340009155214	-0.0006185832455936069
-0.010707858403905757	-0.0013385411993585006	-0.006081059555962609	-0.004575014648660947	-0.004622514442664372	0.00616578343633134	-0.00436633321889035	0.00025514834821116494
-0.008336301220721376	-0.0010889036011290099	-0.0051449185626002425	-0.002203457465476122	-0.002188547859922396	0.001984353665979821	-0.0036798298237583627	-0.00024412684824892672
-0.005278240642404564	-0.0007144472037838856	-0.0036470929732206336	-0.00020635667963686544	-0.00012903767452510095	-0.004381405088883961	-0.0022444136339361265	0.0005671953459986945
-0.002657045860989804	-0.0006520378042262909	-0.0021492673838410248	0.000542556115053161	0.00030782812237672985	-0.00887488185702301	-0.0001224940489816806	-0.00024412684824892672
0.000900289913786656	-0.0001527626077661992	-0.0014003545891509983	0.0006673749141683505	0.0008695127183948603	-0.00981102285038582	0.0019370161364156147	0.0005671953459986945
0.001149927512017035	-0.00027758140688138866	-0.0011507169909210635	-0.0005808130769817677	-0.00019144707408269568	-0.007689103265431152	0.0025611101319904517	-0.00024412684824892672
-0.0006599450751501035	9.687499046306947e-05	-0.0010258981918063181	-0.0005184036774241729	-0.0011275880674448402	-0.002633941901274195	0.003559660524910413	0.0006920141451136619
-0.0012216296711677899	-0.0003399908064389834	-0.0022116767833986195	-0.0023282762645913113	-0.002063729060807651	-0.0008240693141070565	0.0032476135271226614	-0.0003689456473636721
0.002398115503166709	3.4465590905696786e-05	-0.0024613143816283323	-0.001766591668573625	-0.0008155410696579768	0.0003617092774850228	0.004246163920042845	0.00031755774776875967
0.005955451277943613	0.0006585595864809779	-0.0010883075913634688	0.0004177373159384157	0.0009943315175096057	0.002608447661554214	0.006243264705882323	-0.0003689456473636721
0.006829182871747941	0.0009706065842682854	-0.0003393947966734423	0.003101341496910326	0.002367338307774469	0.0037942262531469595	0.007865909094377566	0.00031755774776875967
0.00676677347219079	0.0007209689860385726	-0.00027698539711629167	0.002664475700007829	0.0026793853055615546	0.0018595348668648537	0.007304224498359213	-0.0006185832455936069
0.009325558854047511	0.0012202441824977761	0.0015952965896086635	0.0023524287022202994	0.003615526298923921	0.0018595348668648537	0.007678680895704781	0.0004423765468839491
0.00726604866865066	0.0010330159838258801	0.0032803503776606124	0.0019779723048756193	0.002180110109102129	0.003232541657129717	0.006929768101014311	-0.0004937644464788615
0.0060802700770588025	0.0010954253833830307	0.0043413101701381684	0.0010418313115130307	0.0018056537117567828	0.001984353665979821	0.005494351911192741	0.0004423765468839491
0.005081719684138619	0.0007833783855952792	0.0050278135652706	0.0002929185168232262	0.001556016113527292	-0.001385753910124743	0.003746888723582309	-0.000181717448691332
0.006392317074845888	0.001282653582055815	0.005963954558632523	0.0010418313115130307	0.002367338307774469	-0.003944539291981908	0.0034972511253530403	0.000879242343786002
0.0018988403067066173	0.000408921988250599	0.004154081971465384	0.00010569031815110819	0.0008071033188372656	-0.00694019047074157	0.0011256939421684375	-0.00011930804913351523
0.0026477531013961997	0.000845787785153318	0.00377962557412026	0.0011042407110706254	0.0014311973144121026	-0.005941640077821386	0.0016873785381854578	0.0009416517433435967
0.0012747463111315582	0.00034651258869344836	0.0019697529869533437	-8.153788052167599e-05	0.0004326469214919193	-0.0041941768902113985	0.0009384657434958754	5.510749981230134e-06
0.00071306171511476	0.0004713313878081937	0.0011584307927061666	-0.0003935848783089835	0.00037023752193476867	-0.0004496129167621543	0.0016873785381854578	0.0006296047455562892
-0.0015336766689553194	3.4465590905696786e-05	3.5061600671459914e-05	-0.0008304506752112584	-0.0008779504692155715	0.0019219442664222264	0.001250512741283183	-0.0003689456473636721
-0.00028548867780520126	0.00022169378957848096	0.00034710859845898945	-0.0005184036774241729	5.819052414768322e-05	0.0023588100633249454	0.0011881033417260323	0.0003799671473263544
-0.00022307927824849472	3.4465590905696786e-05	0.0002222897993438	-0.00020635667963686544	0.0004326469214919193	0.000548937476157807	0.00018955294880584894	-0.00030653624780652144
0.0010251087129018455	9.687499046306947e-05	0.0009087931944762317	0.0011042407110706254	0.0012439691157395405	-0.0007616599145499059	-0.00018490344853838714	0.0003799671473263544
-3.585107957571054e-05	-0.00021517200732379393	0.0012832495918204678	0.001166650110627998	0.0008071033188372656	-0.002384304303044704	-0.0012458632410159431	-0.0004937644464788615
0.0012747463111315582	0.00015928439002088624	0.0020321623865109384	0.0010418313115130307	0.0011815597161819458	-0.002446713702602299	-0.0012458632410159431	0.0004423765468839491
0.00021378651865466836	-0.0005272190051113235	0.0018449341878385983	-0.0005184036774241729	-0.0005034940718700032	-0.002821170099946757	-0.001932366636148819	-0.0006185832455936069
2.6558319981884182e-05	-0.0001527626077661992	0.0020321623865109384	-0.0005808130769817677	-0.000753131670099938	-0.0011985257114521808	-0.0011210444419016419	0.00031755774776875967
-0.000347898077362796	-0.0001527626077661992	0.0011584307927061666	-0.0012673164721137553	-0.001189997467002879	-0.0003872035172045596	-0.0007465880445560735	-0.0004937644464788615
0.0005882429159995706	-0.0001527626077661992	0.0010960213931485718	-0.0008304506752112584	-0.0006283128709851926	0.00023689047836983335	0.0002519623483632216	0.00019273894865357022
-0.0006599450751501035	-0.0001527626077661992	0.00015988039978620527	-0.0006432224765389183	-0.0005034940718700032	-0.0002623847180902583	0.0007512375448230912	-0.0004313550469212668
-0.00016066987869001181	-2.794380865145385e-05	-0.00021457599755869694	-8.153788052167599e-05	0.00012059992370438977	-1.2747119859879419e-05	0.0019994255359732094	0.0003799671473263544
-0.0004727168764777634	-0.0001527626077661992	-0.0005890323949038212	-0.0003935848783089835	-6.662827496750623e-05	-0.0008240693141070565	0.0021866537346455495	-0.0003689456473636721
0.0003386053177694137	-2.794380865145385e-05	-0.0005890323949038212	-1.9128480964081263e-05	0.000495056321049292	-0.0015105727092390442	0.002498700732433079	0.00031755774776875967
