Sensor_1	Sensor_2	Sensor_3	Sensor_4	Sensor_5	Sensor_6	Sensor_7	Sensor_8
0.0002984885557333339	4.780560005857026e-06	0.0005541954680705619	0.00010334996566752075	0.000247693545433636	0.00018933451590741335	0.00045917715724419494	0.00011919259174497654
-1.3558442054195652e-05	-5.762883955129361e-05	0.0006166048676277125	-8.387823300526343e-05	-6.435345235344947e-05	6.451571679244594e-05	0.0002719489585716328	-0.0006297202029450499
0.00017366975661858852	6.71899595632297e-05	0.000491786068512523	4.0940566109926024e-05	0.000247693545433636	6.451571679244594e-05	0.0003343583581290055	0.00011919259174497654
-1.3558442054195652e-05	4.780560005857026e-06	0.0006166048676277125	-8.387823300526343e-05	6.046534676173998e-05	0.00012692511635004067	0.0002719489585716328	-0.0005673108033870111
0.0002984885557333339	-0.0002448570382236337	0.00024214847028303232	-0.00014628763256285815	6.046534676173998e-05	-0.00018512188143748887	0.0002095395590140381	-5.62620737021291e-06
-0.0003880148393988758	-5.762883955129361e-05	0.0004293766689558165	-0.0002086970321195647	-0.0001267628519110442	-6.030308232229942e-05	8.472075989929273e-05	-0.0003800826047151151
4.885095750339907e-05	4.780560005857026e-06	0.00024214847028303232	-2.14688334476687e-05	0.0001228747463193347	2.1063172352953075e-06	0.0002095395590140381	0.00036883018997491135
-0.0003256054398412811	0.0002544181582360139	0.000491786068512523	4.0940566109926024e-05	6.046534676173998e-05	0.00018933451590741335	0.0002095395590140381	-0.0003176732051579645
0.00023607915617618325	0.00044164635690835397	0.00030455786984062705	0.00041539696345482824	0.00043492174410642015	0.0003765627145801975	0.000646405355916535	0.0004936489890896567
-0.0008248806363013728	-0.0003072664377812284	-0.0006939925230793342	-0.0005207440299077604	-0.0006884474479282865	-0.0004347594796669796	-0.00010250743877260327	-0.0006297202029450499
0.0006105355535210855	0.0001920087586786412	-0.0005067643244069941	0.0002281687647827102	0.0001228747463193347	0.0003141533150226028	0.0007088147554741298	0.0004312395895325061
-0.0005752430380709939	-0.00012003823910933242	-0.001193267719539426	-2.14688334476687e-05	-0.00037640045014075696	0.00018933451590741335	0.0002095395590140381	-0.0005673108033870111
0.00042330735484852333	4.780560005857026e-06	-0.001380495918211322	-2.14688334476687e-05	0.0001228747463193347	0.00018933451590741335	0.00014713015945688745	0.0003064207904173166
-0.0003256054398412811	-0.0002448570382236337	-0.0010060395208666417	-0.0002086970321195647	-1.944052795854745e-06	0.0002517439154652301	-0.0007266014343478844	-0.0006921296025022006
-0.0004504242389562485	4.780560005857026e-06	5.492027161069224e-05	0.0003529875638972335	0.0004973311436635708	0.0003765627145801975	-0.0011634672312501593	0.00011919259174497654
-0.003508484817273283	-0.0004944946364535685	5.492027161069224e-05	-0.0011448380254823753	-0.0006260380483711359	-0.0011212628747998554	-0.0032853868162050492	-0.0006297202029450499
-0.008501236781872201	-0.0009313604333565095	-0.0006939925230793342	-0.0015192944228272776	-0.0019990448386359994	-0.0028063166628518044	-0.005157668802929782	0.0004936489890896567
-0.009874243572137065	-0.001243407431143595	0.0006166048676277125	-0.0015817038223848723	-0.003309642229343046	-0.00492823624780625	-0.0053448970016023445	-0.0005049014038303046
-0.0059424514000154804	-0.001056179232471255	-0.00019471732661946461	-0.004202898603799188	-0.003122414030670262	-0.006738108834973389	-0.005032850003815037	0.0002440113908597219
-0.008064370984970148	-0.0013682262302583403	-0.0023166369115739105	-0.0029547106126492917	-0.0038089174258026937	-0.0042417328526738185	-0.004408756008239756	-0.0005673108033870111
-0.00906292137789011	-0.001680273228046092	-0.0022542275120160937	-0.001394475623712088	-0.003060004631112667	-0.0032431824597543013	-0.003535024414435428	-6.803560692736355e-05
-0.005880042000457886	-0.0009313604333565095	-0.0006315831235217395	-0.0034539858091091613	-0.0019990448386359994	-0.006051605439841179	-0.0044711654077971286	-0.00044249200427270985
-0.0028219814221410733	-0.0006817228351261306	-0.0025662745098042894	-0.00457735500114409	-0.00081326624704392	-0.0027439072632942096	-0.0032853868162050492	0.00036883018997491135
-0.008875693179217325	-0.0011809980315860003	-0.0035648249027238066	0.0008522627603571031	-0.00206145423819315	0.004058717288471625	0.000646405355916535	-0.0009417672007323574
-0.0030092096208134134	-0.0004944946364535685	-0.0001323079270618699	-0.0009576098268100353	-0.00081326624704392	0.0003141533150226028	0.0037044659342337916	5.6783192187381815e-05
0.0032941397344929957	-0.0005569040360111632	0.0027385244525826025	-0.0034539858091091613	-0.0010629038452731887	-0.0053026926451513745	0.004640606927596158	-0.0006921296025022006
0.001109810749980511	-0.00043208523689641787	0.003425027847715034	-0.0006455628290225057	-0.0018118166399634372	-0.0029935448615245885	0.006949754711223388	5.6783192187381815e-05
-0.0018858404287784847	-0.000619313435569202	0.004922853437094643	0.0012891285572598221	-0.0013125414435035676	-0.0021822226672771894	0.007761076905470565	-0.0006921296025022006
0.005291240520332696	0.0005040557564659487	0.009665967803463849	0.001101900358587038	0.0018079285343712836	-0.004616189250019165	0.007012164110780095	0.0002440113908597219
0.008099663500419796	0.00044164635690835397	0.01103897459372849	-0.001020019226367186	0.001121425139239296	-0.003055954261081517	0.005576747920958525	-0.0005673108033870111
0.0026700457389177146	0.001065740352483191	0.009603558403906254	0.002162860151064372	-6.435345235344947e-05	0.005119677080949403	0.007511439307240186	0.0004312395895325061
0.0020459517433430996	0.0005040557564659487	0.007294410620279468	0.0018508131532770644	-0.0006884474479282865	0.0054317240787369325	0.0070745735103376894	-0.0005673108033870111
0.013342053063248205	0.00168983434805825	0.005796585030899859	-0.0009576098268100353	0.002182384931716186	0.0031225762951097025	0.006263251316090512	0.0006184677882048462
0.007350750705729325	0.0009409215533684456	0.002426477454795295	0.0006650345616852071	-0.0002515816510260116	0.005119677080949403	0.004578197528038563	-0.0006297202029450499
0.0021083611429006943	0.0011281497520407857	-7.489127946902485e-06	0.003660685740444425	0.0006221499427792043	0.006305455672541704	0.004390969329366223	0.0004936489890896567
0.005728106317234971	0.00044164635690835397	0.000491786068512523	0.0012267191577020053	0.0026192507286184608	-0.000996444075684666	0.000646405355916535	-0.0006297202029450499
0.009971945487144307	0.0010033309529260404	0.0019272022583354254	0.00010334996566752075	0.004366713916228004	-0.0042417328526738185	-0.001475514229038355	0.0004936489890896567
-0.0019482498283358574	6.71899595632297e-05	0.0007414236667429019	0.0013515379568171948	0.001745519134813689	-0.0008716252765694765	-0.002723702220187807	-0.0005049014038303046
-0.0035708942168308777	0.00044164635690835397	0.003674665445944525	0.0030990011444267385	0.0024944319295032713	0.000688609712367283	-0.0007890108339054791	0.0005560583886472514
0.0019211329442281322	-0.00018244763866603897	0.006670316624704631	-0.002268207217517304	0.002369613130388082	-0.003929685854886289	-0.0028485210193029964	-0.0005049014038303046
-0.0003256054398412811	0.00044164635690835397	0.010290061799038686	-0.0015192944228272776	0.0007469687418937276	-0.0016829474708170977	-0.0017251518272678457	0.0004312395895325061
-0.006192088998245415	6.71899595632297e-05	0.012474390783550504	-0.0011448380254823753	-0.0016245884412910971	0.0007510191119248777	-0.000601782635233139	-0.0005049014038303046
-0.0021978874265662363	-0.00012003823910933242	0.01222475318532057	-0.002080979018844964	-0.0005636286488135411	-0.0019325850690470325	-0.0009138296330206686	0.0002440113908597219
0.0016090859464406027	-0.00018244763866603897	0.011413430991073392	-0.0024554354161892	0.0003101029449912307	-0.00349282005798468	-0.002037198825055375	-0.0006297202029450499
-0.00182343102922089	6.71899595632297e-05	0.010040424200808529	0.0003529875638972335	6.046534676173998e-05	-0.0013709004730295682	-0.0008514202334630738	0.0002440113908597219
-0.0034460754177156883	-0.0002448570382236337	0.007544048218508959	0.00029057816433986083	-0.00037640045014075696	-0.002681497863736615	-0.0007266014343478844	-0.0006921296025022006
0.0034813679331653358	0.0003168275577936086	0.004298759441519806	-0.0007079722285796564	0.0016207003356989436	-0.003742457656213949	-4.009803921589672e-05	0.0006184677882048462
0.001109810749980511	4.780560005857026e-06	0.001802383459220236	0.0005402157625695736	0.001308653337911192	-0.0005595782787823911	0.0009584523537040646	-0.0003176732051579645
-0.0030092096208134134	0.00044164635690835397	0.0007414236667429019	0.0020380413519496265	0.0006845593423361329	0.0030601668955521077	0.0030803719386589545	0.0005560583886472514
-0.0025099344243533217	-0.00018244763866603897	5.492027161069224e-05	-2.14688334476687e-05	-0.0006260380483711359	0.0008134285114824724	0.002955553139543321	-0.0003800826047151151
0.002357998741130629	0.0002544181582360139	-0.0005691737239641448	-0.0019561602197297745	-0.0001267628519110442	0.0006262003128105764	0.0037668753337913863	0.0004312395895325061
-0.0015737934309909551	0.00012959935912104648	-0.0011308583199818312	-0.0002086970321195647	-0.0016245884412910971	0.0033722138933394152	0.005202291523612956	-0.0003176732051579645
-0.002447525024795727	0.0001920087586786412	-0.0006939925230793342	0.0008522627603571031	-0.0016869978408482478	0.0022488447013049306	0.005888794918745832	0.0006184677882048462
0.0025452269398034133	4.780560005857026e-06	-7.489127946902485e-06	-0.0021433884184021146	-0.0011253132448312275	-0.0028063166628518044	0.003829284733348093	-0.00044249200427270985
0.002982092736705466	-5.762883955129361e-05	-0.0005067643244069941	-0.0006455628290225057	-0.0006260380483711359	-0.00261908846417902	0.0032676001373312946	0.0003064207904173166
-0.0036333036163882504	-0.00036967583733882314	-0.001193267719539426	0.0008522627603571031	-0.0013125414435035676	-0.0014957192721447576	0.0024562779430841175	-0.0003176732051579645
-0.00862605558098739	-0.001243407431143595	-0.003689643701838996	-0.001394475623712088	-0.00243591063553783	-0.005365102044708747	-0.0011010578316925645	0.00018160199130212717
-0.00644172659647535	-0.0013682262302583403	-0.003502415503166212	-0.004140489204242037	-0.0029975952315559606	-0.006800518234530983	-0.0024116552224002774	-0.0005673108033870111
-0.008314008583199861	-0.001056179232471255	-0.004251328297856238	-0.0033915764095515666	-0.003122414030670262	-0.003118363660639112	-0.0009762390325782633	0.0004312395895325061
-0.011621706759747052	-0.0014306356298163792	-0.0056867444876786966	-0.0027674824139771736	-0.0036840986266879483	-0.0013084910734721955	-0.0008514202334630738	-0.0005049014038303046
-0.0073778675898372725	-0.0013682262302583403	-0.004813012893873481	-0.002517844815747239	-0.0016869978408482478	-0.0019949944686046273	-0.0015379236285959497	0.00018160199130212717
-0.0027595720225834786	-0.0009313604333565095	-0.0026910933089190348	-8.387823300526343e-05	0.0005597405432209435	-0.00037235008010938486	-0.00422152780956786	-0.00044249200427270985
-0.008875693179217325	-0.0008689510337984707	0.0016151552605478958	-0.0029547106126492917	-1.944052795854745e-06	0.0013751131074997147	-0.0032229774166478986	0.0004312395895325061
-0.006941001792934998	-0.0008065416342413201	0.003300209048600289	-0.002517844815747239	-0.0034344610284580135	0.002186435301747336	0.0002095395590140381	-0.00044249200427270985
4.885095750339907e-05	-5.762883955129361e-05	0.0077936858167393375	-0.0029547106126492917	-0.0005636286488135411	-0.0013709004730295682	-0.0009138296330206686	0.0006808771877622188
0.0037934149309530873	6.71899595632297e-05	0.00941633020523347	-0.001020019226367186	0.0020575661326007744	-0.005864377241168617	-0.0026612928206302122	-0.00013044500648495827
-0.0014489746318757657	4.780560005857026e-06	0.009978014801251378	0.0011643097581446327	0.0014958815365837541	-0.004116914053559073	-0.003160568017090304	0.0007432865873198136
-0.0013241558327614644	0.00012959935912104648	0.007169591821164278	0.0010394909590294432	0.0018079285343712836	-0.0013709004730295682	-0.0016003330281526562	-0.00013044500648495827
0.006539428511482592	0.0008161027542534782	0.007232001220721873	0.0003529875638972335	0.0015582909361409047	0.0008134285114824724	0.0009584523537040646	0.0007432865873198136
0.005915334515907755	0.0008161027542534782	0.008667417410543887	0.00041539696345482824	0.0007469687418937276	0.003621851491569794	0.0020194121461813985	-0.0003176732051579645
0.0027324551384757534	0.0012529685511559752	0.007606457618066553	0.0014139473563747895	0.0009966063401236624	0.0060558180743113255	0.0033300095368884453	0.0006184677882048462
0.006040153315022279	0.0010033309529260404	0.005047672236209388	0.0003529875638972335	0.0009966063401236624	0.006367865072098855	0.004266150530251034	-0.00025526380560036976
0.010034354886701458	0.0016274249485006553	0.005297309834439767	0.0027245447470818362	0.0028688883268481735	0.006742321469443757	0.006512888914320225	0.0006808771877622188
0.006789066109712305	0.0012529685511559752	0.00604622262912935	0.0026621353475242415	0.0029312977264059903	0.003996307888914474	0.005514338521400486	-0.00025526380560036976
0.005478468719005036	0.0012529685511559752	0.0067327260242617815	0.001975631952392254	0.0023072037308313753	0.000501381513695387	0.004203741130693439	0.0005560583886472514
0.005041602922102539	0.00044164635690835397	0.0056717662317846695	0.0009146721599146979	0.0015582909361409047	-0.0004971688792245743	0.00339241893644604	-0.0005673108033870111
0.005353649919889847	0.0011905591515979363	0.005983813229571755	0.001725994354161875	0.0022447943312737806	0.0010630661097126293	0.004640606927596158	0.0007432865873198136
0.00023607915617618325	0.00012959935912104648	0.0039867124437322765	0.00010334996566752075	0.000247693545433636	-0.00012271248187989414	0.002581096742198863	-0.0003800826047151151
0.0007977637521929815	0.0006912839551387329	0.004548397039750185	0.00016575936522511547	0.0008093781414513224	0.00043897211413779225	0.002581096742198863	0.0007432865873198136
0.0007977637521929815	0.0002544181582360139	0.0027385244525826025	-0.0006455628290225057	6.046534676173998e-05	0.000688609712367283	0.002331459143968928	-0.00025526380560036976
0.0006729449530786802	0.0003168275577936086	0.0012406988632029936	0.0003529875638972335	0.00037251234454838134	0.002186435301747336	0.0028931437399861704	0.0004312395895325061
4.885095750339907e-05	0.0002544181582360139	0.0014279270618753337	0.0006026251621271683	0.0009966063401236624	0.002810529297322173	0.0026435061417562356	-0.00019285440604277504
0.00017366975661858852	0.0002544181582360139	0.0019272022583354254	0.00041539696345482824	0.001121425139239296	0.0024984822995344214	0.002144230945296144	0.0005560583886472514
-0.000762471236743778	0.0001920087586786412	0.0035498466468302237	0.0002281687647827102	0.00037251234454838134	0.002623301098650055	0.0022066403448537386	-0.00019285440604277504
0.00017366975661858852	0.00037923695735075924	0.005297309834439767	-8.387823300526343e-05	0.0006221499427792043	0.001999207103074996	0.002393868543526523	0.0004936489890896567
-0.0005128336385142873	0.00012959935912104648	0.007232001220721873	-0.0008327910276948458	0.00018528414587604125	0.00043897211413779225	0.0011456805523761826	-0.00025526380560036976
-0.00013837724116849692	0.0001920087586786412	0.009790786602579038	-0.0002086970321195647	0.0007469687418937276	-0.0005595782787823911	0.0009584523537040646	0.0006184677882048462
-0.0012617464332038697	4.780560005857026e-06	0.011163793392843901	-0.000583153429464911	6.046534676173998e-05	-0.0017453568703742484	0.0002719489585716328	-0.0003176732051579645
0.00017366975661858852	4.780560005857026e-06	0.011163793392843901	-0.0007079722285796564	0.0003101029449912307	-0.0023694508659495295	0.0002719489585716328	0.00036883018997491135
-0.0003256054398412811	-0.00043208523689641787	0.008168142214083796	-0.0008952004272519964	-0.0001267628519110442	-0.0021198132677198167	8.472075989929273e-05	-0.0005049014038303046
0.000485716754405896	0.0006288745555811381	0.0079809140154119	0.00047780636301242296	0.0010590157396812572	-0.0003099406805526783	0.0011456805523761826	0.0007432865873198136
-0.00026319604028368637	0.0002544181582360139	0.007169591821164278	-0.0003335158312349762	0.0004973311436635708	2.1063172352953075e-06	0.0002719489585716328	-0.00019285440604277504
0.0003608979552909286	0.0002544181582360139	0.005921403830014604	0.0005402157625695736	0.0008093781414513224	0.0012502943083849694	0.0005215865568017897	0.0004936489890896567
-0.0009496994354161181	-0.0003072664377812284	0.005047672236209388	0.00016575936522511547	0.0003101029449912307	0.001312703707942564	-0.0004145544365605769	-0.0005049014038303046
-7.596784161134629e-05	0.0005664651560235434	0.006358269626917101	0.0006650345616852071	0.0012462439383535973	0.001999207103074996	-0.00010250743877260327	0.0007432865873198136
-0.005255948004883049	-0.000619313435569202	0.004548397039750185	-0.001207247425039748	-0.001000494445715816	-0.00018512188143748887	-0.002910930418860369	-0.0003176732051579645
-0.008001961585412554	-0.0004944946364535685	0.003861893644617087	-0.0017689320210572124	-0.0014997696421759077	-0.0013084910734721955	-0.004595984206912762	0.0006808771877622188
-0.00881328377965973	-0.0013058168307011897	0.003924303044174904	-0.002892301213091697	-0.0025607294346530196	-0.0023694508659495295	-0.005781762798504619	-0.00044249200427270985
-0.007752323987183063	-0.0009313604333565095	0.004860444037537048	-0.0022057978179597093	-0.0018118166399634372	-0.002307041466392379	-0.005407306401159939	0.0004936489890896567
-0.00893810257877492	-0.0014930450293737518	0.004236350041962211	-0.003329167009994416	-0.0026231388342106143	-0.003680048256656576	-0.006717903791866986	-0.00044249200427270985
-0.0063169077973597165	-0.0007441322346837254	0.004610806439307336	-0.0021433884184021146	-0.0014997696421759077	-0.00261908846417902	-0.00546971580071709	0.0004936489890896567
-0.005880042000457886	-0.001056179232471255	0.004049121843289871	-0.0019561602197297745	-0.0013749508430607182	-0.0015581286717014642	-0.005157668802929782	-0.0003800826047151151
-0.004194988212405715	-0.000619313435569202	0.004298759441519806	-0.001207247425039748	-0.0004388098496983517	0.00018933451590741335	-0.003909480811779886	0.00036883018997491135
-0.0028219814221410733	-0.0008065416342413201	0.004798034637979898	-0.0011448380254823753	-0.00031399105058382837	0.0011878849088273746	-0.002910930418860369	-0.0005673108033870111
-0.00026319604028368637	6.71899595632297e-05	0.005734175631342264	4.0940566109926024e-05	0.0009966063401236624	0.002623301098650055	-0.0011010578316925645	0.0005560583886472514
-0.00026319604028368637	-0.00018244763866603897	0.00604622262912935	-0.00045833463035016564	0.0008093781414513224	0.0023112541008625254	-0.0008514202334630738	-0.0003800826047151151
0.0002984885557333339	-5.762883955129361e-05	0.005734175631342264	0.00010334996566752075	0.0011838345387960025	0.002748119897764578	-0.0002273262378882368	0.0004312395895325061
0.0003608979552909286	-0.00012003823910933242	0.006483088426031847	0.0002281687647827102	0.0009966063401236624	0.002623301098650055	-4.009803921589672e-05	-0.0003176732051579645
0.005353649919889847	0.0006288745555811381	0.008792236209659299	0.0009770815594722926	0.0022447943312737806	0.0036842608911269448	0.0020194121461813985	0.0004936489890896567
0.006789066109712305	0.0005040557564659487	0.010165242999923718	0.0010394909590294432	0.001932747333486029	0.004495583085374566	0.003142781338216105	-0.0005673108033870111
0.007725207103074672	0.0010033309529260404	0.01066451819638381	0.0014763567559323842	0.002556841329060866	0.0054317240787369325	0.004016512932020877	0.0004936489890896567
0.008536529297321849	0.0008161027542534782	0.01085174639505615	0.0012267191577020053	0.002744069527733206	0.006555093270771417	0.004203741130693439	-0.0005049014038303046
0.009784717288471745	0.0013777873502707205	0.011475840390630987	0.002537316548409052	0.0036802105210955727	0.00855219405661134	0.005202291523612956	0.0004936489890896567
0.007350750705729325	0.0011281497520407857	0.010414880598153431	0.0022252695506219666	0.003180935324636147	0.008739422255283236	0.004515788128480525	-0.0003800826047151151
0.005478468719005036	0.0009409215533684456	0.008605008010986515	0.0016635849546042802	0.0029312977264059903	0.0073040060654612216	0.0034548283360036347	0.0004936489890896567
0.004854374723430199	0.00037923695735075924	0.0079809140154119	0.0009770815594722926	0.002369613130388082	0.005868589875638985	0.0028931437399861704	-0.0007545390020597953
0.003606186732280303	0.0005040557564659487	0.007169591821164278	0.0012267191577020053	0.0024320225299461207	0.005494133478294527	0.002518687342640824	0.0003064207904173166
0.0002984885557333339	0.0001920087586786412	0.005734175631342264	0.00016575936522511547	0.0014334721370261594	0.00412112668802922	0.0010208617532616593	-0.0003800826047151151
0.0009225825513081709	0.0002544181582360139	0.005796585030899859	0.0003529875638972335	0.0016207003356989436	0.004058717288471625	0.0008960429541469139	0.0004312395895325061
0.0007353543526362749	0.00037923695735075924	0.006670316624704631	0.0002281687647827102	0.0015582909361409047	0.0028729386968793236	0.0003343583581290055	-0.00019285440604277504
0.0010474013504233604	0.0003168275577936086	0.007107182421606684	-2.14688334476687e-05	0.0015582909361409047	0.001999207103074996	-0.00028973563744538744	0.0004936489890896567
-0.00013837724116849692	0.0002544181582360139	0.007232001220721873	0.00016575936522511547	0.0010590157396812572	0.001999207103074996	-0.0008514202334630738	-0.00019285440604277504
0.00042330735484852333	0.0002544181582360139	0.006545497825589441	-2.14688334476687e-05	0.001308653337911192	0.0016247507057300936	-0.0009762390325782633	0.0005560583886472514
0.0001112603570609938	0.0003168275577936086	0.00623345082780169	0.00016575936522511547	0.0011838345387960025	0.0018743883039598064	-0.0009138296330206686	-0.00013044500648495827
0.00023607915617618325	0.00044164635690835397	0.0056717662317846695	0.00041539696345482824	0.0014334721370261594	0.001936797703517401	-0.0004145544365605769	0.0005560583886472514
-0.0010121088349737128	6.71899595632297e-05	0.0044235782406349955	-0.0003959252307921268	0.0006221499427792043	0.0010006567101548125	-0.0007890108339054791	-0.00025526380560036976
-0.00026319604028368637	0.0002544181582360139	0.0037994842450597144	-2.14688334476687e-05	0.0009966063401236624	0.00043897211413779225	-0.0002273262378882368	0.0004936489890896567
-0.0010745182345313076	-5.762883955129361e-05	0.0029881620508125373	-0.0003959252307921268	0.0004973311436635708	-0.0007468064774547312	-0.00035214503700342625	-0.0003800826047151151
-0.0005128336385142873	0.0001920087586786412	0.0025512962539102624	0.00010334996566752075	0.0009341969405665118	-0.0019949944686046273	0.00014713015945688745	0.00036883018997491135
-7.596784161134629e-05	6.71899595632297e-05	0.0025512962539102624	-8.387823300526343e-05	0.0006221499427792043	-0.003118363660639112	0.0003967677576870443	-0.0003176732051579645
0.00023607915617618325	0.0001920087586786412	0.0023016586556801055	0.00029057816433986083	0.0006845593423361329	-0.0033680012588690467	0.0009584523537040646	0.0004312395895325061
-0.0003880148393988758	-5.762883955129361e-05	0.0016775646601054905	-0.00045833463035016564	-0.0001267628519110442	-0.00349282005798468	0.0008960429541469139	-0.0003800826047151151
0.0005481261539637128	0.0003168275577936086	0.0019272022583354254	-0.0002711064316776035	0.00018528414587604125	-0.0029311354619667718	0.0014577275501641562	0.0004936489890896567
-0.0003880148393988758	-0.00012003823910933242	0.001802383459220236	-0.0007703816281372511	-0.0005012192492559464	-0.002681497863736615	0.001083271152819254	-0.0003176732051579645
-0.00026319604028368637	0.00037923695735075924	0.001552745860990301	-0.0002086970321195647	-6.435345235344947e-05	-0.001620538071259503	0.0013953181506065615	0.0006808771877622188
-0.0059424514000154804	-0.0007441322346837254	-0.0016301335164414787	-0.0017065226214996176	-0.00187422603952081	-0.0025566790646214255	-0.0012882860303655708	-0.0003800826047151151
-0.008563646181429796	-0.0006817228351261306	-0.0031903685053789044	-0.001831341420614807	-0.00206145423819315	-0.0029935448615245885	-0.0024116552224002774	0.0007432865873198136
-0.00768991458762458	-0.0007441322346837254	-0.00300314030670612	-0.002268207217517304	-0.00187422603952081	-0.004179323453116668	-0.0026612928206302122	-6.803560692736355e-05
-0.007128229991607782	-0.0005569040360111632	-0.0031903685053789044	-0.0017065226214996176	-0.0013125414435035676	-0.00455377985046157	-0.002723702220187807	0.0008056959868774083
-0.008314008583199861	-0.0013058168307011897	-0.003252777904936277	-0.002268207217517304	-0.0019990448386359994	-0.00524028324559378	-0.0037222526131077682	-0.0003800826047151151
-0.005817632600900291	-0.0007441322346837254	-0.0022542275120160937	-0.0015817038223848723	-0.0008756756466006266	-0.004179323453116668	-0.0029733398184175197	0.0006184677882048462
-0.005630404402227729	-0.0009313604333565095	-0.0014429053177686946	-0.0017689320210572124	-0.0013749508430607182	-0.0033680012588690467	-0.003160568017090304	-0.0003176732051579645
-0.004257397611963087	-0.0005569040360111632	0.0001797390707254376	-0.0013320662241549375	-0.0009380850461582213	-0.00224463206683434	-0.0025988834210726175	0.00036883018997491135
-0.002260296826123831	-0.000619313435569202	0.0020520210574501707	-0.0015817038223848723	-0.00081326624704392	-0.001807766269931843	-0.0021620176241703426	-0.0005049014038303046
-0.0003256054398412811	0.0001920087586786412	0.0035498466468302237	-0.0002711064316776035	0.00018528414587604125	-0.0002475312809946395	-0.0011010578316925645	0.0006808771877622188
-0.001199337033646275	-0.00012003823910933242	0.003674665445944525	-0.0007079722285796564	-0.0006260380483711359	0.00018933451590741335	-0.001475514229038355	-0.00025526380560036976
-0.0008872900358589675	4.780560005857026e-06	0.003487437247272629	-0.00045833463035016564	-0.0002515816510260116	0.0010006567101548125	-0.0011634672312501593	0.0004312395895325061
-0.0005128336385142873	-5.762883955129361e-05	0.003300209048600289	-0.00045833463035016564	-0.0005636286488135411	0.0012502943083849694	-0.0008514202334630738	-0.0003800826047151151
0.004417508926527924	0.0006912839551387329	0.005359719233996918	0.0008522627603571031	0.0010590157396812572	0.0026857104982074276	0.0012704993514918161	0.0005560583886472514
0.005416059319447886	0.0006912839551387329	0.006670316624704631	0.0008522627603571031	0.001121425139239296	0.002373663500419676	0.0016449557488360522	-0.0003800826047151151
0.006164972114137024	0.0008785121538108509	0.007481638818951808	0.0014763567559323842	0.0018079285343712836	0.0016247507057300936	0.0018321839475086144	0.0003064207904173166
0.007912435301747456	0.0008161027542534782	0.008667417410543887	0.0018508131532770644	0.0022447943312737806	0.000501381513695387	0.0022690497444113333	-0.0005673108033870111
0.010034354886701458	0.0013777873502707205	0.00947873960479173	0.002786954146639431	0.003430572922865638	0.0003765627145801975	0.0034548283360036347	0.00036883018997491135
0.006789066109712305	0.0008785121538108509	0.008917055008773822	0.0022252695506219666	0.0024944319295032713	0.00043897211413779225	0.002768324940871425	-0.00044249200427270985
0.004791965323873049	0.0008161027542534782	0.007232001220721873	0.0016011755550471296	0.002182384931716186	0.001125475509270224	0.002581096742198863	0.00036883018997491135
0.004355099526970108	0.0006288745555811381	0.006483088426031847	0.0007274439612423578	0.0016831097352560942	0.0030601668955521077	0.0028931437399861704	-0.00025526380560036976
0.0022955893415730344	0.0008161027542534782	0.005234900434882173	0.0008522627603571031	0.0012462439383535973	0.0054317240787369325	0.002955553139543321	0.0007432865873198136
-0.0006376524376285886	0.0005040557564659487	0.0035498466468302237	-0.0002086970321195647	0.0001228747463193347	0.006367865072098855	0.0018321839475086144	-0.00013044500648495827
0.0002984885557333339	0.00037923695735075924	0.002863343251697348	-0.0002086970321195647	0.0003101029449912307	0.006555093270771417	0.001520136949721751	0.00036883018997491135
-0.0005128336385142873	4.780560005857026e-06	0.002364068055237478	-0.0003959252307921268	-6.435345235344947e-05	0.005306905279621743	0.000646405355916535	-0.00044249200427270985
0.0009225825513081709	0.00044164635690835397	0.003050571450370132	0.0005402157625695736	0.0010590157396812572	0.0036842608911269448	0.0008336335545888751	0.0006184677882048462
4.885095750339907e-05	-0.00012003823910933242	0.0026761150530245637	0.00010334996566752075	0.0004973311436635708	0.0012502943083849694	-0.0004145544365605769	-0.0005673108033870111
0.0014842671473258573	0.0005664651560235434	0.0035498466468302237	0.0012267191577020053	0.0015582909361409047	0.0018119789044024337	0.00045917715724419494	0.0006808771877622188
0.0002984885557333339	0.0002544181582360139	0.0036122560463878184	0.00041539696345482824	0.0006221499427792043	0.002748119897764578	0.0003343583581290055	-0.00025526380560036976
-0.00026319604028368637	0.0003168275577936086	0.0031129808499277267	0.0002281687647827102	0.00037251234454838134	0.004807630083161651	0.0007088147554741298	0.0004936489890896567
-0.0015737934309909551	4.780560005857026e-06	0.0025512962539102624	-0.0007703816281372511	-0.0006884474479282865	0.005182086480506998	0.00045917715724419494	-0.0003800826047151151
-0.0005128336385142873	4.780560005857026e-06	0.0023016586556801055	-0.0009576098268100353	-0.0002515816510260116	0.004745220683604057	0.0008336335545888751	0.0003064207904173166
-0.0008872900358589675	-5.762883955129361e-05	0.0018647928587773865	-0.0009576098268100353	-0.0004388098496983517	0.0033722138933394152	0.0005215865568017897	-0.00044249200427270985
-1.3558442054195652e-05	0.0002544181582360139	0.0013655176623172949	4.0940566109926024e-05	0.0006221499427792043	0.002124025902189741	0.0008336335545888751	0.0004312395895325061
4.885095750339907e-05	-0.00036967583733882314	0.0008038330663004967	-8.387823300526343e-05	0.0005597405432209435	-6.030308232229942e-05	0.0002095395590140381	-0.0005049014038303046
0.0011722201495385498	0.0006288745555811381	0.0014279270618753337	0.001101900358587038	0.0016831097352560942	-0.0002475312809946395	0.0008336335545888751	0.0006808771877622188
-0.00026319604028368637	-0.00018244763866603897	0.0014903364614327064	0.0002281687647827102	0.0006221499427792043	-0.0003099406805526783	0.0003967677576870443	-0.00044249200427270985
-1.3558442054195652e-05	6.71899595632297e-05	0.002176839856564916	-8.387823300526343e-05	0.00043492174410642015	0.0011878849088273746	0.0008336335545888751	0.00036883018997491135
-0.0010121088349737128	0.00012959935912104648	0.003050571450370132	-0.00045833463035016564	-0.0002515816510260116	0.0030601668955521077	0.0008336335545888751	-0.00019285440604277504
-0.002073068627451047	0.0002544181582360139	0.0031129808499277267	-0.0007079722285796564	-0.0005012192492559464	0.0033722138933394152	0.0003967677576870443	0.0004936489890896567
-0.008001961585412554	-0.001243407431143595	-0.0003819455252918047	-0.0030171200122068864	-0.002935185831997922	-0.0002475312809946395	-0.003098158617532709	-0.0007545390020597953
-0.008688464980544541	-0.001056179232471255	-0.0014429053177686946	-0.002642663614861984	-0.002685548233767987	-0.0021198132677198167	-0.0038470714122222915	0.00036883018997491135
-0.008314008583199861	-0.0011809980315860003	-0.001193267719539426	-0.0024554354161892	-0.002498320035095425	-0.003992095254444328	-0.004533574807355167	-0.0003800826047151151
-0.007752323987183063	-0.0011809980315860003	-0.0014429053177686946	-0.0020185696192873692	-0.0019366354390784046	-0.005365102044708747	-0.005032850003815037	0.0002440113908597219
-0.008376417982757456	-0.0014306356298163792	-0.0022542275120160937	-0.002268207217517304	-0.002311091836423529	-0.006051605439841179	-0.00565694399938943	-0.0006921296025022006
-0.0061296795986878205	-0.0007441322346837254	-0.0010060395208666417	-0.0015192944228272776	-0.0014997696421759077	-0.004366551651789008	-0.004533574807355167	0.0004936489890896567
-0.0061296795986878205	-0.0009937698329141043	-6.989852750427517e-05	-0.0021433884184021146	-0.0019366354390784046	-0.0028063166628518044	-0.004346346608682605	-0.0005673108033870111
-0.004382216411078277	-0.0005569040360111632	-7.489127946902485e-06	-0.0015192944228272776	-0.0013749508430607182	-0.0004971688792245743	-0.0030357492179755585	0.0004936489890896567
-0.0027595720225834786	-0.00036967583733882314	0.0009910612649730588	-0.0015192944228272776	-0.0011877226443883782	0.000688609712367283	-0.0021620176241703426	-0.0003176732051579645
-0.0011369276340886803	-0.0002448570382236337	0.0013655176623172949	-0.0009576098268100353	-0.0005636286488135411	0.000875837911039623	-0.0014131048294803161	0.0003064207904173166
-0.0010745182345313076	-5.762883955129361e-05	0.0016151552605478958	-0.0005207440299077604	-0.0004388098496983517	0.000501381513695387	-0.0011634672312501593	-0.00044249200427270985
-0.0003256054398412811	-0.00012003823910933242	0.0016151552605478958	-0.0002711064316776035	-1.944052795854745e-06	-0.0006843970778971364	-0.001038648432135858	0.00036883018997491135
0.0009225825513081709	4.780560005857026e-06	0.0023016586556801055	0.0002281687647827102	0.00037251234454838134	-0.0008092158770123259	-0.0004769638361181716	-0.0005049014038303046
0.005104012321660134	0.00037923695735075924	0.004049121843289871	0.0012891285572598221	0.0013710627374685647	0.00043897211413779225	0.0015825463492793457	0.00011919259174497654
0.006102562714580317	0.0006288745555811381	0.00554694743266948	0.0013515379568171948	0.0016207003356989436	0.0013751131074997147	0.002331459143968928	-0.0005673108033870111
0.006851475509269456	0.0009409215533684456	0.005422128633554513	0.0015387661554895349	0.0018079285343712836	0.0023112541008625254	0.0028931437399861704	0.0002440113908597219
0.008099663500419796	0.0013153779507135699	0.006670316624704631	0.0018508131532770644	0.0020575661326007744	0.0035594420920117553	0.0038916941329061316	-0.0003176732051579645
0.009223032692454725	0.00150260614938591	0.006982363622491716	0.0020380413519496265	0.002556841329060866	0.0037466702906845395	0.004390969329366223	0.00036883018997491135
0.006664247310597116	0.0008785121538108509	0.00554694743266948	0.0012891285572598221	0.0018079285343712836	0.0024360728999772707	0.003142781338216105	-0.0003800826047151151
0.005291240520332696	0.0008161027542534782	0.004236350041962211	0.0014763567559323842	0.0016831097352560942	0.0018119789044024337	0.002393868543526523	0.0002440113908597219
0.0046047371252002645	0.00037923695735075924	0.003924303044174904	0.0011643097581446327	0.0014334721370261594	0.0010006567101548125	0.0016449557488360522	-0.0007545390020597953
0.002357998741130629	0.00012959935912104648	0.002863343251697348	0.0008522627603571031	0.0011838345387960025	0.00012692511635004067	0.000646405355916535	-5.62620737021291e-06
4.885095750339907e-05	-5.762883955129361e-05	0.0023016586556801055	0.0003529875638972335	0.00043492174410642015	0.00018933451590741335	-0.00028973563744538744	-0.0005673108033870111
0.0007977637521929815	0.00012959935912104648	0.0026761150530245637	0.0003529875638972335	0.0006221499427792043	0.001125475509270224	8.472075989929273e-05	0.0003064207904173166
-0.0005128336385142873	4.780560005857026e-06	0.0029257526512549425	-8.387823300526343e-05	6.046534676173998e-05	0.0015623413061724989	-0.00028973563744538744	-0.00044249200427270985
