Sensor_1	Sensor_2	Sensor_3	Sensor_4	Sensor_5	Sensor_6	Sensor_7	Sensor_8
0.000492066910811273	8.946387426878033e-06	0.0019520411993592113	-0.0005991052719920287	-1.2503723201051642e-05	-1.1102632180959304e-05	-0.002645110063324907	-0.0002949249790185071
-0.0013802150759134602	-0.00030310061036087355	-0.00010746898603808397	0.0005866733196007168	-0.0006365977187761107	0.0023604545510034214	-0.0014593314717323835	1.712201876857833e-05
-0.001817080872815957	-0.0006775570077055537	-0.001979750972762595	-0.0019097026626992974	-0.0006990071183334834	0.000550581963836061	-0.001584150270847573	-0.0009190189745937882
-0.00493755085068992	-0.0006151476081484031	-0.004663355153734505	-0.002221749660486383	-0.00038696012054662	0.00036335376516372087	-0.0021458348668648153	0.00020435021744091841
-0.013300410391393402	-0.0013640604028375414	-0.004912992751964884	-0.0005991052719920287	-0.003132973701075903	-0.0010096530251011426	-0.002395472465095194	-0.00041974377813369657
-0.009805484016174315	-0.0011768322041656454	-0.008470328526741344	-0.008337870817120896	-0.0017599669108110394	-0.011494432150758627	-0.0010224656748305527	0.0003291690165563299
-0.0076211550316622745	-0.0013640604028375414	-0.007471778133821383	-0.0008487428702217414	-0.005005255687800192	-0.006501680186160375	0.004656789684901241	-0.0004821531776912913
-0.014111732585641024	-0.0013016510032808348	-0.006785274738688951	0.0038319620965898693	-0.005504530884260284	-0.010745519356069044	0.010211226245517846	0.0002667596169987352
0.006608188067444898	-0.001488879201953175	-0.003852032959487328	-0.010085334004729773	0.00023713387502866112	-0.03545964158083437	0.009899179247730316	-0.0006069719768064807
-0.004563094453345018	-0.0011144228046080507	-0.006161180743114558	0.003457505699244745	-0.005442121484702689	-0.029717976821545866	0.010460863843748003	0.0002667596169987352
0.002801214694438503	-0.0011768322041656454	-0.008345509727626599	-0.006964864026855588	0.001110865468833433	-0.013429123537040955	0.009587132249943231	-0.0007317907759214481
-0.010242349813076812	-0.000427919409476063	-0.006410818341344049	0.004768103089952014	-0.0021344233081557196	0.0063546561226826	0.009774360448615127	7.953141832572896e-05
-0.009431027618829413	-0.0008647852063778938	-0.00684768413824699	0.0033326869001299997	-0.0028209267032881513	-0.001321700022888228	0.005592930678263608	-0.0007317907759214481
0.0071074632639052115	-0.0003655100099180242	-0.0029158919661249616	-0.010834246799420022	-7.491312275864637e-05	-0.007250592980849957	0.004032695689326626	0.00020435021744091841
-0.0044382756542298285	-0.0006151476081484031	-0.005287449149309342	0.00027462632181274316	-0.004818027489128296	0.008476575707637268	0.003720648691539097	-0.0006693813763638534
0.005047953078507694	0.0001337651865416234	-0.0022917979705501246	-0.00022464887464690442	-0.002009604509040974	0.011097770489051806	0.0014115009079118668	0.00039157841611348054
-0.0009433492790111853	0.00032099338521440757	0.0012031284046691848	0.005142559487296694	0.0010484560692758382	0.008039709910734993	-0.0005855998779280558	-0.0004821531776912913
0.008667698252842415	0.0007578591821164604	0.004698054779888716	-0.0027210248569464746	0.005105067040512612	-0.0013841094224458228	-0.0022706536659800047	0.0002667596169987352
0.005484818875410413	0.0003834027847711141	0.005197329976348364	-0.0005991052719920287	0.0008612278706032761	0.0014243135576408328	-0.002021016067749626	-0.0009190189745937882
0.005547228274967786	0.0008202685816740551	0.0063206991683830704	0.006265928679331623	0.0041689260471506895	0.005730562127107763	0.0002257223163195654	-0.00010769678034661112
0.011226483634699358	0.0009450873807888005	0.009066712748912797	0.001585223712520012	0.006290845632104691	-0.005378310994125002	-0.0001487340810253368	-0.0006693813763638534
0.003238080491341	0.0009450873807888005	0.0086298469520103	0.0020844989089798815	0.0029207380560005713	-0.008186733974212324	0.0005377693141070949	0.0001419408178833237
0.004611087281605197	0.0005082215838863036	0.00625828976882592	-0.003969212848096371	-0.0006990071183334834	-0.004566988799877825	0.0004753599145495002	-0.000544562577248664
0.004486268482490452	0.0008202685816740551	0.005384558175020704	0.0007739015182728348	-0.0008862353170058235	0.003483823743038128	0.0010994539101243372	0.0002667596169987352
-0.001192986877240676	0.00032099338521440757	0.005197329976348364	0.0021469083085379204	0.00029954327458625585	-0.0013841094224458228	-0.0017089690699625404	-0.0004821531776912913
0.00130338910505845	7.135578698402867e-05	0.003013000991835879	-0.00303307185473356	0.0009236372701606488	-0.011806479148546156	-0.002832338261997247	0.00020435021744091841
0.0023019394979784114	-5.346301213071669e-05	0.0013279472037843743	-0.002221749660486383	-0.0003245507209885812	-0.010246244159609397	-0.0003983716792552716	-0.000544562577248664
0.0026763958953233136	0.0001337651865416234	1.734981307710548e-05	0.0036447338979175292	0.00023713387502866112	-0.004629398199434975	0.003471011093309162	0.00020435021744091841
0.0006168857099264624	-0.000427919409476063	-0.00048192538338320823	0.0035199150988023398	0.002546281658655891	-0.007687458777752232	0.004095105088883999	-0.0009190189745937882
-0.0015050338750282055	8.946387426878033e-06	-0.00029469718471042405	0.0005866733196007168	0.0022966440604257343	-0.011182385152971541	0.004594380285343869	0.00020435021744091841
0.0008041139085988025	-0.0001158724116887555	-0.00029469718471042405	-0.003282709452964161	-0.0008862353170058235	-0.005191082795453106	0.0060922058747234775	-0.000544562577248664
-0.001817080872815957	8.946387426878033e-06	-0.0011060193789573791	2.4988723583030392e-05	-0.0028209267032881513	0.004295145937285749	0.007964487861447989	0.0001419408178833237
0.0020523018997489206	-0.0001782818112456841	-0.00023228778515282933	-0.0012856086671244604	-0.0012606917143513918	0.0006129913633936557	0.006341843472953634	-0.000544562577248664
0.0034877180895704907	-0.0001158724116887555	-0.001792522774090477	-0.0030954812542911547	-0.0006365977187761107	-0.003256391409170334	0.0033461922941939726	0.0002667596169987352
0.005110362478065733	-0.0003655100099180242	-0.0031031201647968576	0.0006490827191578674	-0.00038696012054662	0.007540434714274902	-0.0005855998779280558	-0.0006693813763638534
-0.0021291278706030425	-0.0001158724116887555	-0.003664804760814988	0.0031454587014574376	0.000673999671930936	0.016652207049668633	0.0018483667048143637	7.953141832572896e-05
-0.0038765910582128082	-0.00030310061036087355	-0.003852032959487328	-0.0006615146715491793	-0.005005255687800192	0.010036810696574472	0.00397028628976881	-0.000544562577248664
0.00018001991302329934	-0.0001782818112456841	-0.0011060193789573791	-0.003719575249866436	-0.001635148111696294	-0.004629398199434975	0.004719199084458836	0.0002667596169987352
0.005734456473640126	0.00044581218432915293	-0.0009812005798428558	-0.00265861545738888	0.0016101406652933026	-0.008373962172884664	0.00509365548180396	-0.00010769678034661112
-0.00013202708476400815	8.946387426878033e-06	-0.0014804757763025034	0.002583774105439973	0.00036195267414385057	-0.00019833083085352143	0.005842568276493543	0.00020435021744091841
-0.0029404500648506637	-0.0001158724116887555	-0.0021045697718773404	0.003707143297475124	0.00173495946440827	0.0001761255664909367	0.005280883680475856	-0.00041974377813369657
0.002551577096208124	0.0001337651865416234	1.734981307710548e-05	-0.00265861545738888	0.0016725500648508973	-0.005253492195009812	0.004095105088883999	0.00045398781567107527
-0.004812732051575175	-0.0003655100099180242	-0.0003571065842680188	-0.0032203000534065662	-0.0021968327077133143	-0.0016961564202335744	0.0027845076981767303	-0.0004821531776912913
-0.00861970542458157	-0.0006775570077055537	-0.0016677039749752876	-0.0022841590600439776	-0.0034450206988629883	-0.0018833846189059145	0.00028813171587671604	0.0003291690165563299
-0.005936101243609437	-0.001488879201953175	-0.00241661676966487	-0.002596206057831285	-0.0012606917143513918	-0.01068310995651145	-0.003955707454031954	-0.0006069719768064807
-0.003314906462195122	-0.0011768322041656454	-0.001792522774090477	-0.001348018066681611	0.0006115902723733413	-0.013429123537040955	-0.005578351842526974	0.0002667596169987352
-0.011365719005111519	-0.001488879201953175	-0.0022917979705501246	-0.0006615146715491793	-0.0021344233081557196	-0.007437821179521853	-0.006140036438543994	-0.00035733437857610184
-0.011989813000685912	-0.0013016510032808348	-0.0026662543678948047	-0.0009111522697793362	-0.003944295895323524	-0.0026947068131530916	-0.005328714244296817	0.0003291690165563299
-0.005312007248035044	-0.00123924160372324	-0.0020421603723201898	-0.004593306843671208	-0.002696107904172962	-0.0030691632104977717	-0.0058903988403145036	-0.0002949249790185071
-0.006248148241397411	-0.0008023758068207432	-0.0014804757763025034	-0.004905353841458515	-0.0026336985046162553	0.00011371616693423015	-0.005328714244296817	0.00045398781567107527
-0.009243799420156629	-0.0008023758068207432	-0.0016052945754176928	-0.003844394048981181	-0.0042563428931106095	0.0029845485465780364	-0.003955707454031954	-0.00041974377813369657
-0.003314906462195122	-0.0004903288090336577	-0.0016677039749752876	-0.0009735616693369309	-0.001635148111696294	0.0007378101625088451	-0.0017089690699625404	0.0002667596169987352
0.000679295109483613	-0.00024069121080327882	-0.0016677039749752876	0.0007114921187152401	0.0011732748683910277	-0.004504579400320674	-0.001396922072175233	-0.0002949249790185071
0.000679295109483613	-0.00030310061036087355	-0.001542885175860098	0.0008987203173875802	0.0015477312657357079	-0.004879035797665132	-0.00027355288014008217	0.0002667596169987352
-0.0033773158617527166	-0.0003655100099180242	-0.001979750972762595	0.0008363109178304295	-0.001198282314793353	-0.002195431616693	0.0007874069123368077	-0.0004821531776912913
0.0020523018997489206	7.135578698402867e-05	-0.00135565697718798	-0.00028705827420449914	-0.0004493695201042147	-0.0018209752193487638	0.0029093264972919197	0.00051639721522867
0.007357100862135368	0.0005706309834436762	0.0008910814068818773	-0.0010359710688940815	0.0008612278706032761	-0.001134471824215888	0.004469561486228679	-0.0002949249790185071
0.0071074632639052115	0.0010074967803463952	0.002451316395819081	0.0010859485160603644	0.0015477312657357079	0.002610092149233356	0.006404252872511229	0.00039157841611348054
0.005172771877623328	0.0008202685816740551	0.002825772793163983	0.0018972707103075415	0.0009860466697189096	0.0029845485465780364	0.006778709269855909	-0.0004821531776912913
0.010727208438239266	0.0015067719768064869	0.003013000991835879	0.0027085929045551627	0.003607241451133003	0.0012994947585260874	0.008463763057907858	0.0006412160143434154
0.012162624628061725	0.0014443625772488922	0.0027009539940487937	0.0020844989089798815	0.0039192884489200885	0.0014867229571984275	0.008526172457465453	-0.00023251557946135648
0.0077315572594796045	0.0013819531776912974	0.001577584802014309	0.0021469083085379204	0.002795919256885826	0.005668152727550613	0.008214125459678367	0.0005788066147858206
0.0031756710917834052	0.0007578591821164604	0.0002669874113070403	0.001772451911192796	0.0009860466697189096	0.008102119310292588	0.006965937468528027	-0.00035733437857610184
0.005360000076295224	0.0005706309834436762	0.0006414438086519425	0.0013355861142902992	0.0016101406652933026	0.00666670312047013	0.006466662272067936	0.0001419408178833237
0.0034877180895704907	0.00032099338521440757	0.0004542156099796024	-0.0005366958724339899	0.0011732748683910277	0.0034214143434805333	0.004157514488441594	-0.00041974377813369657
0.0005544763103688677	0.0003834027847711141	0.000953490806439028	0.00027462632181274316	0.00036195267414385057	0.0027349109483485456	0.003283782894636378	0.00039157841611348054
-0.00013202708476400815	0.00032099338521440757	0.002201678797588702	0.0010235391165032137	0.00011231507591369372	0.0002385349660489755	0.002597279499503946	-0.0002949249790185071
0.0029260334935536925	-0.00030310061036087355	0.0019520411993592113	-0.0005366958724339899	0.0007988184710461255	-0.005378310994125002	0.001161863309681932	7.953141832572896e-05
0.00342530869001334	8.946387426878033e-06	0.002638544594491421	-0.0006615146715491793	0.0010484560692758382	-0.006002404989699839	0.0007874069123368077	-0.0004821531776912913
-0.00013202708476400815	7.135578698402867e-05	0.0019520411993592113	0.00027462632181274316	-0.00038696012054662	-0.0025074786144809735	0.0008498163118948465	0.0002667596169987352
-0.0012553962767982707	-0.0004903288090336577	0.0005166250095367531	-0.0009735616693369309	-0.0013231011139085425	-0.001321700022888228	0.0006001787136646897	-0.0007317907759214481
0.0021147112993065154	0.0001337651865416234	7.97592126347002e-05	-0.001597655664911768	-0.0001373225223162411	-0.0005727872281982016	0.0007874069123368077	0.0003291690165563299
-0.00013202708476400815	-0.0001782818112456841	-0.0005443347829405809	-0.0020969308613711934	-0.0010734635156786076	0.0008002195620662178	3.849411764722532e-05	-0.0006069719768064807
-0.002004309071488297	-0.00024069121080327882	-0.0009187911802852611	-0.0004742864728768392	-0.0011358729152362024	0.002235635751888454	-8.632468146796413e-05	7.953141832572896e-05
-0.0007561210803384011	-0.000427919409476063	-0.0006067441824981756	0.0006490827191578674	-1.2503723201051642e-05	0.00011371616693423015	-0.0007104186770423571	-0.0007942001754785988
0.0023019394979784114	-5.346301213071669e-05	0.0008286720073238385	0.0009611297169451749	0.00173495946440827	-0.0029443444113834705	-0.0015217408712899783	0.0001419408178833237
-0.0002568458838783094	-0.0003655100099180242	0.0016399942015719038	0.00027462632181274316	0.000673999671930936	-0.002382659815365562	-0.002832338261997247	-0.0006693813763638534
-0.0008809398794535905	0.0001337651865416234	0.00413637018387103	0.001148357915617959	0.00023713387502866112	0.000550581963836061	-0.0023330630655371554	0.00039157841611348054
-0.0011305774776835253	-0.0001158724116887555	0.0035122761882959708	-0.0005991052719920287	-0.0005117789196609213	0.0004881725642789103	-0.003269204058899966	-0.00041974377813369657
0.0016154361028464237	-0.0001158724116887555	0.005571786373693488	-0.0020345214618135987	-0.00019973192187383582	-7.351203173877607e-05	-0.0035812510566872735	0.0002667596169987352
-0.00100575867856878	-0.00024069121080327882	0.0038243231860839444	-0.0018472932631417027	-0.0011358729152362024	0.0016739511558709896	-0.0038308886549167642	-0.0004821531776912913
-0.000568892881665839	0.0003834027847711141	0.004947692378118651	-0.00022464887464690442	-0.000574188319218516	0.0029845485465780364	-0.0025827006637677563	0.0005788066147858206
-0.0018794902723735518	-0.00024069121080327882	0.0021392693980315514	-0.0012856086671244604	-0.00019973192187383582	0.00310936734569367	-0.003955707454031954	-0.0002949249790185071
-0.0036269534599830955	-0.0007399664072631484	0.0008286720073238385	-0.001972112062256892	-0.0005117789196609213	0.0022980451514460487	-0.0057031706416421635	0.00045398781567107527
-0.011365719005111519	-0.0015512886015103255	-0.0008563817807281104	-0.0019097026626992974	-0.002696107904172962	0.005668152727550613	-0.007325815030136518	-0.0006069719768064807
-0.00986789341573191	-0.0011144228046080507	-0.0009812005798428558	-0.002408977859159167	-0.0018847857099257848	0.0043575553368429	-0.006576902235446935	0.00039157841611348054
-0.00868211482413983	-0.0014264698023960243	1.734981307710548e-05	-0.002408977859159167	-0.0016975575112534447	0.00417032713817056	-0.0069513586327916155	-0.00035733437857610184
-0.00705947043564481	-0.0009896040054933053	0.0003918062104220077	-0.0019097026626992974	-0.0007614165178915222	0.004419964736400495	-0.006264855237659184	0.0005788066147858206
-0.007121879835202405	-0.0011144228046080507	0.002014450598916806	-0.0014728368657968005	-0.001447919913023732	0.005168877531090521	-0.0058903988403145036	-0.00035733437857610184
-0.005124779049362704	-0.0008647852063778938	0.0029505915922791726	-0.0006615146715491793	-0.0008862353170058235	0.006604293720912535	-0.005141486045624033	0.00045398781567107527
-0.001817080872815957	-0.0006151476081484031	0.002825772793163983	-0.001597655664911768	-0.0007614165178915222	0.006229837323567633	-0.004642210849164385	-0.00023251557946135648
-7.208285648596657e-06	-0.0001782818112456841	0.005571786373693488	-0.001160789868009271	-0.0006990071183334834	0.010348857694362223	-0.0036436604562448682	0.00039157841611348054
-0.000568892881665839	-0.000427919409476063	0.005634195773251083	-0.0012856086671244604	-0.0011358729152362024	0.012283549080644107	-0.0036436604562448682	-0.0004821531776912913
0.0020523018997489206	-5.346301213071669e-05	0.0063206991683830704	-0.0009111522697793362	0.00023713387502866112	0.013344508873121663	-0.0031443852597847766	0.00039157841611348054
-0.0010681680781254865	-0.0003655100099180242	0.003886732585641539	-0.00016223947508975378	-7.491312275864637e-05	0.013344508873121663	-0.0038308886549167642	-0.0004821531776912913
0.0016154361028464237	0.00025858398565681284	0.006507927367055855	0.0010859485160603644	0.0016101406652933026	0.014717515663386083	-0.0017713784695201351	0.00039157841611348054
0.0034877180895704907	0.00032099338521440757	0.006507927367055855	0.0018972707103075415	0.0017973688639658647	0.014717515663386083	-0.0001487340810253368	-0.000544562577248664
0.009416611047531998	0.001257134378575886	0.008068162355992614	0.0020844989089798815	0.004044107248035278	0.012595596078431415	0.0023476419012742333	0.0005788066147858206
0.007981194857710205	0.0007578591821164604	0.008068162355992614	0.0018348613107503908	0.0028583286564429766	0.011971502082857022	0.0015987291065839848	-0.000544562577248664
0.009479020447089592	0.0013819531776912974	0.009378759746699883	0.003083049301899843	0.0039192884489200885	0.012345958480201702	0.0021604137026018932	0.00045398781567107527
0.009166973449302507	0.00106990617990399	0.009565987945372667	0.0023341365072102604	0.003232785053787879	0.01165945508506927	0.0016611385061420236	-0.0004821531776912913
0.007793966659037643	0.0010074967803463952	0.008005752956435908	0.0018972707103075415	0.0026711004577710806	0.009287897901884445	0.0006625881132218403	0.0002667596169987352
0.0060465034714276555	0.00044581218432915293	0.006383108567940665	0.00021221692225514843	0.0017973688639658647	0.006167427924010038	-0.0008976468757153633	-0.0006069719768064807
0.006358550469215407	0.0007578591821164604	0.005571786373693488	0.0013355861142902992	0.0021094158617533942	0.0063546561226826	-0.0003359622796976769	0.0002667596169987352
0.0016154361028464237	7.135578698402867e-05	0.0033874573891814475	0.00021221692225514843	0.000673999671930936	0.004669602334630429	-0.0020834254673076646	-0.000544562577248664
0.0009289327077139919	-5.346301213071669e-05	0.0023264975967038914	-0.0003494676737616498	0.000673999671930936	0.003733461341267841	-0.0018961972686353246	7.953141832572896e-05
-0.0011305774776835253	8.946387426878033e-06	0.0010159002059966227	-3.742067597412024e-05	0.00017472447547128844	0.003671051941710912	-0.0010848750743881475	-0.000544562577248664
-0.0008185304798959958	-5.346301213071669e-05	-4.5059586480489244e-05	-0.0003494676737616498	0.00023713387502866112	0.0010498571602961526	3.849411764722532e-05	0.0001419408178833237
-0.0006313022812234337	-0.0003655100099180242	1.734981307710548e-05	-0.0008487428702217414	0.00011231507591369372	-0.0033812102082855233	0.0005377693141070949	-0.0007942001754785988
0.00024242931258178224	-0.0001158724116887555	-0.0010436099794000064	-9.983007553215906e-05	0.000673999671930936	-0.006876136583505055	0.0014115009079118668	0.0001419408178833237
0.0003672481116960835	-0.0001158724116887555	-0.0014180663767453527	0.0003994451209279326	0.0007988184710461255	-0.009871787762264272	0.0020980043030438544	-0.000544562577248664
0.001116160906386554	-0.0001158724116887555	-0.0014180663767453527	0.0010859485160603644	0.0011732748683910277	-0.011369613351644325	0.0025348700999467955	0.00020435021744091841
0.0012409797055008553	-0.0003655100099180242	-0.001542885175860098	0.00021221692225514843	0.00036195267414385057	-0.011619250949873816	0.0023476419012742333	-0.000544562577248664
0.0011785703059432606	-0.0001158724116887555	-0.001792522774090477	-0.0003494676737616498	-0.0001373225223162411	-0.00949733136491937	0.002410051300831828	0.00020435021744091841
5.520111390899807e-05	-0.00024069121080327882	-0.001792522774090477	-0.0012856086671244604	-0.0009486447165638623	-0.006127223788815028	0.0023476419012742333	-0.000544562577248664
-0.0008185304798959958	-0.00024069121080327882	-0.0019173415732047783	-0.0014104274662392058	-0.0013231011139085425	-0.003193982009612961	0.002410051300831828	7.953141832572896e-05
-0.002066718471045448	-0.000427919409476063	-0.0020421603723201898	-0.0015352462653541732	-0.001635148111696294	-0.0025074786144809735	0.0021604137026018932	-0.0007317907759214481
-0.000568892881665839	-0.00024069121080327882	-0.0019173415732047783	-0.0009735616693369309	-0.000574188319218516	-0.003630847806515458	0.0029093264972919197	1.712201876857833e-05
-0.00100575867856878	-0.00030310061036087355	-0.0020421603723201898	-0.0003494676737616498	-0.0005117789196609213	-0.005191082795453106	0.002846917097734325	-0.0006069719768064807
-0.0001944364843207147	-0.0001158724116887555	-0.0023542073701077193	0.00021221692225514843	0.00023713387502866112	-0.005565539192797564	0.003221373495079227	0.0001419408178833237
-0.001192986877240676	-0.0005527382085908084	-0.0029158919661249616	-0.0003494676737616498	-0.000574188319218516	-0.005191082795453106	0.0027845076981767303	-0.0008566095750361935
-6.961768520596934e-05	-0.0001158724116887555	-0.00260384496833721	-9.983007553215906e-05	-0.00026214132143143054	-0.0033188008087283727	0.003034145296406665	0.0001419408178833237
-0.002503584267948389	-0.0006151476081484031	-0.0034151671625848312	-0.0015352462653541732	-0.0015103293125811046	-0.0038180760051882423	0.0009122257114519972	-0.0006693813763638534
-0.005936101243609437	-0.0009896040054933053	-0.00510022095063678	-0.0027210248569464746	-0.002259242107270909	-0.0054407203936823745	-0.002645110063324907	0.00039157841611348054
-0.00724669863431715	-0.0016136980010683644	-0.005287449149309342	-0.0030954812542911547	-0.0030081549019607134	-0.007437821179521853	-0.005827989440756909	-0.0006693813763638534
-0.00718428923476	-0.001676107400625515	-0.0050378115510796295	-0.0021593402609292323	-0.0025712891050582165	-0.007874686976425016	-0.006452083436331746	-4.5287380789016396e-05
-0.00974307461661672	-0.002050563797970417	-0.0050378115510796295	-0.002408977859159167	-0.0031953831006330535	-0.006876136583505055	-0.007450633829251707	-0.000981428374151383
-0.008245249027237112	-0.001488879201953175	-0.004226489356832008	-0.001972112062256892	-0.002259242107270909	-0.00469180759899257	-0.0060776270389863996	7.953141832572896e-05
-0.008370067826352301	-0.0017385168001831097	-0.004226489356832008	-0.0027210248569464746	-0.0027585173037305566	-0.001134471824215888	-0.005453533043412007	-0.0007942001754785988
-0.006248148241397411	-0.0008647852063778938	-0.0031655295643548964	-0.0020969308613711934	-0.0018847857099257848	0.0015491323567562443	-0.0036436604562448682	0.00039157841611348054
-0.005436826047150012	-0.0008647852063778938	-0.002229388570992974	-0.002221749660486383	-0.0021968327077133143	0.003483823743038128	-0.0031443852597847766	-0.0006693813763638534
-0.0035645440604255008	-0.0004903288090336577	-0.00116842877851564	-0.0012231992675668657	-0.0015103293125811046	0.005792971526665358	-0.0021458348668648153	0.0001419408178833237
-0.002878040665292625	-0.0005527382085908084	-0.0010436099794000064	-0.0014728368657968005	-0.0013855105134659151	0.00404550833905537	-0.002395472465095194	-0.000544562577248664
-0.00038166468299349887	-0.0001782818112456841	-0.0008563817807281104	-0.0005991052719920287	-0.0004493695201042147	0.00030094436560612614	-0.002021016067749626	0.0003291690165563299
0.001740254901960947	-0.0001782818112456841	-0.0012932475776301633	-0.0003494676737616498	0.00023713387502866112	-0.005315901594567407	-0.0023330630655371554	-0.00041974377813369657
0.0047983154802782035	0.0001337651865416234	-0.00029469718471042405	0.0012107673151751097	0.0013605030670633678	-0.006127223788815028	-0.001396922072175233	0.0002667596169987352
0.0062961410696580344	0.00044581218432915293	0.0017648130006866491	0.002646183504997568	0.0017973688639658647	-0.0016961564202335744	0.00028813171587671604	-0.0006069719768064807
0.007419510261692519	0.0010074967803463952	0.002825772793163983	0.002583774105439973	0.002359053459983329	0.004482374135958089	0.002035594903487148	0.0002667596169987352
0.006483369268330597	0.0010074967803463952	0.003013000991835879	0.0012107673151751097	0.0014229124666209625	0.009163079102770144	0.0029093264972919197	-0.0002949249790185071
0.008168423056382546	0.0011947249790191794	0.003449866788739042	0.0003994451209279326	0.0012980936675062171	0.011222589288166995	0.004344742687113934	0.00020435021744091841
0.008480470054170075	0.0010074967803463952	0.0036370949874116043	0.00027462632181274316	0.0014853218661790013	0.010161629495689661	0.004968836682688327	-0.000544562577248664
0.007544329060807264	0.0009450873807888005	0.0023264975967038914	0.0013355861142902992	0.0020470064621957995	0.007103568917372627	0.004344742687113934	0.0002667596169987352
0.0060465034714276555	0.000633040383001493	0.0013903566033415249	0.0020844989089798815	0.0024214628595404797	0.0034214143434805333	0.003221373495079227	-0.000544562577248664
0.007294691462577774	0.0009450873807888005	0.001577584802014309	0.003020639902342248	0.003420013252460663	0.0019235887541009244	0.003283782894636378	0.00039157841611348054
0.002613986495766163	-0.0001158724116887555	-0.00041951598382539146	0.0012731767147327044	0.0011732748683910277	0.0009250383611814073	0.0006001787136646897	-0.0007317907759214481
0.0026763958953233136	7.135578698402867e-05	-0.00029469718471042405	0.00046185452048552733	0.000673999671930936	0.0042327365377281545	0.00035054111543519895	0.0001419408178833237
0.0007417045090412078	-0.0003655100099180242	-0.00010746898603808397	-0.001160789868009271	-0.0008238259174486728	0.007852481712062431	-0.0007728280766003959	-0.0007942001754785988
0.0007417045090412078	-0.0001158724116887555	0.0005790344090943478	-0.001160789868009271	-0.0008862353170058235	0.011222589288166995	-0.0008976468757153633	1.712201876857833e-05
-7.208285648596657e-06	-0.00030310061036087355	0.00032939681086441297	-0.0015352462653541732	-0.0013231011139085425	0.011347408087282185	-0.001396922072175233	-0.0007942001754785988
0.0012409797055008553	-5.346301213071669e-05	0.0002669874113070403	-0.0009111522697793362	-0.00038696012054662	0.009163079102770144	-0.0008976468757153633	0.0001419408178833237
