Sensor_1	Sensor_2	Sensor_3	Sensor_4	Sensor_5	Sensor_6	Sensor_7	Sensor_8
0.0015772571526662116	0.00011606588082679892	0.0016762322194245893	0.0007927273136489887	0.000463736163882178	-0.006849656275272675	-0.001574816945143942	0.0003539736324102982
0.0003290691615169816	-0.00013357171740291385	0.0013017758220799092	0.0003558615167469359	-0.00016035783169310314	-0.004540508491645889	-0.002011682742045995	-0.0007069861600674798
0.0004538879606312829	0.00011606588082679892	0.001114547623407125	0.0004182709163040865	8.927976653683167e-05	-0.001232810315098698	-0.0014499981460283085	0.00022915483329533082
-0.0001077966353859594	0.00011606588082679892	0.0008649100251774122	4.381451895940636e-05	-9.794843213550841e-05	0.00045224347295325096	-0.0015124075455859032	-0.0005197579613944736
-0.00017020603494311004	-8.752918287946443e-06	0.0004280442282749153	0.00010622391851655699	-0.00016035783169310314	0.001513203265430585	-0.0014499981460283085	0.0002915642328527035
-0.0011063470283059207	-0.00025839051651832534	0.00030322542915972583	-0.00033064187838549586	-0.0006596330281527507	0.0015756126649881796	-0.0016996357442589094	-0.0006445767605098851
0.00020425036240179217	5.365648126920419e-05	0.000490453627832288	4.381451895940636e-05	2.6870366979681037e-05	1.5377676050976063e-05	-0.0013251793469140072	0.0001667454337377361
-0.0003574342336158942	-0.00025839051651832534	0.0006152724269474774	-8.100428015578309e-05	-0.0004724048294801886	-0.00210654190890347	-0.0015124075455859032	-0.0007069861600674798
0.0011403913557641587	0.00042811287861388436	0.0014265946211946545	0.0006054991149764266	0.0005261455634397727	-0.003916414496070608	-0.0005762665522239807	0.0004787924315250436
0.0002666597619593869	-0.00019598111696050857	0.001114547623407125	4.381451895940636e-05	-0.00016035783169310314	-0.0061631528801402435	-0.0013251793469140072	-0.0006445767605098851
0.0008907537575337798	5.365648126920419e-05	0.0013017758220799092	0.00048068031586168125	0.0003389173647669885	-0.005788696482795563	-0.0007634947508963208	0.0001667454337377361
0.0002666597619593869	-7.116231784554117e-05	0.0011769570229647197	-1.8594880598188368e-05	8.927976653683167e-05	-0.005039783688105981	-0.0010755417486836283	-0.0004573485618368789
-0.002104897421225438	-0.00019598111696050857	-0.0002584591668572944	-0.0002058230792703064	-0.00034758603036499913	-0.0036667768978411175	-0.0016372263447013147	0.0003539736324102982
-0.008595474975204187	-0.0010073033112076857	-0.0035661573434044858	-0.001953286266880294	-0.0024070962157627385	-0.002480998306249038	-0.004320830525673225	-0.0004573485618368789
-0.007846562180514383	-0.0008200751125351236	-0.003940613740749388	-0.0018908768673231435	-0.0019702304188597974	-0.0008583539177537958	-0.004008783527885695	0.00041638303196789295
-0.009469206569009403	-0.00138175970855281	-0.004751935934997009	-0.0025149708628979806	-0.0029687808117797587	-0.000795944518196201	-0.0048201057221328725	-0.0005197579613944736
-0.009032340772106684	-0.0011945315098800258	-0.004939164133668905	-0.0022653332646678237	-0.002656733813992229	-0.0008583539177537958	-0.0047576963225755	0.00022915483329533082
-0.008158609178302356	-0.0011321221103228751	-0.004190251338979323	-0.002015695666437889	-0.002469505615319889	-0.002480998306249038	-0.004508058724346009	-0.00039493916227972825
-0.006161508392462212	-0.0007576657129779729	-0.0034413385442892963	-0.0014540110704202025	-0.0019078210193026468	-0.004665327290761079	-0.0041960117265580354	0.00041638303196789295
-0.005412595597772185	-0.0008824845120927183	-0.0023803787518121844	-0.0013916016708630519	-0.0019702304188597974	-0.006475199877927995	-0.00438323992523082	-0.0004573485618368789
-0.0022297162203401832	-0.00019598111696050857	-0.0007577343633173861	-0.0002058230792703064	-0.0007220424277105675	-0.007348931471733211	-0.0031350519340807015	0.00041638303196789295
-0.0017928504234383524	-0.000320799916075698	-7.123096818495434e-05	-0.00014341367971315577	-0.0009092706263826855	-0.007536159670405107	-0.0029478237354083614	-0.00039493916227972825
-0.0001077966353859594	0.00011606588082679892	0.000677681826504628	0.00048068031586168125	-9.794843213550841e-05	-0.005476649485007812	-0.00176204514381606	0.0004787924315250436
-0.0005446624322877902	-8.752918287946443e-06	0.0006152724269474774	4.381451895940636e-05	-0.00040999542992259386	-0.004353280292973549	-0.0021365015411611843	-0.00020771096360738817
0.0003290691615169816	0.00042811287861388436	0.0008649100251774122	0.0007303179140916161	0.0002140985656524652	-0.0014824479133290769	-0.0012003605477988177	0.0007284300297554225
0.002763035744258513	0.0005529316777292959	0.0021130980163270863	0.0010423649118793676	0.0007757831616692634	0.0008266998702981532	-1.4581956206738411e-05	-0.00020771096360738817
0.007256512512397784	0.001364253871976695	0.004110198802166565	0.0023529623025864144	0.0022736087510493164	0.0036975322499424035	0.002232156427863119	0.0006660206301978278
0.007006874914168071	0.0013018444724191003	0.004359836400396722	0.002040915304799329	0.0019615617532613427	0.0041343980468453445	0.00216974702830508	-0.00014530156404979344
0.00831747230487534	0.0014266632715340677	0.004671883398183807	0.002602599900816127	0.002585655748836624	0.004633673243305214	0.002856250423437512	0.000603611230640233
0.009565660296025014	0.0015514820706492571	0.005732843190661807	0.0027274186999313166	0.0030225215457388988	0.00407198864728775	0.0034179350194556424	-0.0002701203631645388
0.009690479095140203	0.0015514820706492571	0.005795252590218958	0.002852237499046506	0.0030849309452964935	0.0021997066605625726	0.003979619615472885	0.0005412018310826383
0.006195552719920894	0.0009273880750744201	0.004422245799954316	0.0016664589074542047	0.00171192415503163	-0.0004838975204091156	0.0022945658274204916	-0.0002701203631645388
0.006882056115052881	0.0016138914702068519	0.004921520996414186	0.0025401905012589765	0.002585655748836624	-0.001420038513771038	0.0027938410238803613	0.0009780676279846912
0.004822545929655808	0.0009897974746320148	0.004047789402609414	0.0016664589074542047	0.00171192415503163	-0.0028554547035939404	0.0018577000305179947	-0.0002701203631645388
0.0022637605477984213	0.00042811287861388436	0.0021130980163270863	0.0007927273136489887	0.0008381925612268581	-0.004166052094301209	0.00054710263981117	0.0003539736324102982
0.0015772571526662116	0.00042811287861388436	0.001988279217211897	0.0007927273136489887	0.0007133737621125569	-0.0034171392996107386	0.00017264624246604576	-0.0002701203631645388
0.0017644853513385517	0.0004905222781719232	0.0014890040207518052	0.0010423649118793676	0.0009006019607844529	-0.0026058171053635615	0.00035987444113838585	0.0005412018310826383
0.0009531631570913746	0.0003032940794995831	0.0011769570229647197	0.000543089715419276	0.00040132676432458325	-0.00210654190890347	-0.00020181015487885645	-0.0002701203631645388
0.0016396665522238063	0.0006153410772868906	0.0012393664225223144	0.0010423649118793676	0.0008381925612268581	-0.001420038513771038	4.78274433513004e-05	0.000603611230640233
0.0002666597619593869	0.0003657034790571778	0.001114547623407125	0.0007927273136489887	0.0002140985656524652	-0.000795944518196201	-0.0003266289539940459	-8.289216449219872e-05
0.0012028007553213094	0.0006153410772868906	0.001114547623407125	0.0007927273136489887	0.0006509643625545181	-0.0009831727168692073	-0.0002642195544364512	0.0007284300297554225
0.0009531631570913746	0.0006153410772868906	0.001551413420309844	0.0006054991149764266	0.0003389173647669885	-0.0016072667124438222	-0.0005138571526668301	4.192663462299073e-05
0.0005162973601888776	0.0003032940794995831	0.001114547623407125	0.0006054991149764266	2.6870366979681037e-05	-0.0024185889066907773	-0.0010131323491260336	0.0005412018310826383
-0.00023261543450070477	-8.752918287946443e-06	0.0009897288242917135	-1.8594880598188368e-05	-0.0004724048294801886	-0.00460291789120304	-0.0016372263447013147	-0.00039493916227972825
0.0008283443579768512	0.0005529316777292959	0.0014890040207518052	0.0007927273136489887	0.0003389173647669885	-0.006100743480582649	-0.0010131323491260336	0.000603611230640233
1.7022163729230044e-05	-8.752918287946443e-06	0.0013641852216375039	0.00048068031586168125	-0.00016035783169310314	-0.007411340871289918	-0.0014499981460283085	-0.0004573485618368789
0.0013900289539936495	0.0006777504768444853	0.0018010510185393347	0.0011047743114365183	0.0006509643625545181	-0.007286522072175172	-0.0005762665522239807	0.0007284300297554225
0.0005162973601888776	0.00011606588082679892	0.0012393664225223144	0.000543089715419276	2.6870366979681037e-05	-0.007598569069962702	-0.0010755417486836283	-0.00039493916227972825
0.0009531631570913746	0.0004905222781719232	0.001114547623407125	0.0008551367132068055	0.00040132676432458325	-0.005102193087663132	-0.0005762665522239807	0.000603611230640233
0.0005162973601888776	0.00024088467994198837	0.001114547623407125	0.00048068031586168125	0.0003389173647669885	-0.002293770107576254	-0.0007010853513391702	-0.0003325297627221335
1.7022163729230044e-05	-0.00025839051651832534	0.00017840663004498047	0.00010622391851655699	-9.794843213550841e-05	1.5377676050976063e-05	-0.0010755417486836283	0.00010433603418014137
-0.0011063470283059207	-0.00019598111696050857	-8.82156862735961e-06	-0.00014341367971315577	-0.0004724048294801886	0.002511753658350102	-0.0012003605477988177	-0.0006445767605098851
-0.0038523606088349815	-0.00019598111696050857	-0.0015690565575650073	-0.0008299170748451434	-0.0009092706263826855	0.0020748878614480493	-0.0023237297398335244	0.00041638303196789295
-0.008657884374761782	-0.0008200751125351236	-0.003690976142519453	-0.0020781050659954836	-0.002656733813992229	-0.0008583539177537958	-0.004445649324788414	-0.00020771096360738817
-0.007971380979629572	-0.0006328469138627835	-0.003690976142519453	-0.001766058068207954	-0.0021574586175323596	-0.0032299111009383985	-0.0041960117265580354	0.0007284300297554225
-0.008657884374761782	-0.0008824845120927183	-0.0038157949416337544	-0.002202923865110229	-0.002656733813992229	-0.007411340871289918	-0.0047576963225755	-8.289216449219872e-05
-0.007784152780956566	-0.0007576657129779729	-0.0036285667429618584	-0.0013916016708630519	-0.002095049217974987	-0.010531810849164325	-0.004445649324788414	0.0006660206301978278
-0.00747210578316948	-0.0009448939116507571	-0.003503747943846891	-0.001578829869535392	-0.0024070962157627385	-0.013652280827038732	-0.004695286923018349	-8.289216449219872e-05
-0.004538864003966969	-0.00013357171740291385	-0.00200592235446706	-0.00026823247882790113	-0.0008468612268250908	-0.013714690226596327	-0.0033846895323113024	0.0009156582284273185
-0.0042892264057374785	-0.000320799916075698	-0.0015690565575650073	-0.00014341367971315577	-0.0010964988250550256	-0.012154455237659123	-0.003072642534523551	-2.0482764934603992e-05
-0.002042488021667843	-0.00025839051651832534	-0.001007371961547321	4.381451895940636e-05	-0.0005348142290377833	-0.008472300663767474	-0.002386139139391119	0.00041638303196789295
-0.0017928504234383524	-0.00025839051651832534	-0.000570506164645046	-0.00033064187838549586	-0.0006596330281527507	-0.003978823895628203	-0.0023237297398335244	-0.00039493916227972825
-0.0008567094300755418	0.00011606588082679892	-0.00038327796597248387	0.00010622391851655699	-0.0002851766308074044	0.0007642904707410025	-0.00176204514381606	0.0005412018310826383
-0.0014808034256506009	-0.00019598111696050857	-0.00044568736552985655	-0.00051787007705828	-0.0008468612268250908	0.0024493442587929515	-0.0018868639429316936	-0.0005197579613944736
-0.0003574342336158942	-0.00025839051651832534	-0.0005080967650874513	-0.0004554606775006853	-0.0005348142290377833	0.0026989818570228863	-0.001574816945143942	4.192663462299073e-05
0.002575807545586173	0.00011606588082679892	0.0014890040207518052	0.00029345211718934117	0.00015168916609420435	0.0024493442587929515	-0.00020181015487885645	-0.0006445767605098851
0.007131693713282594	0.0009897974746320148	0.0037357424048221066	0.00179127770656895	0.0017743335545894467	0.0007642904707410025	0.002044928229190779	0.0002915642328527035
0.007006874914168071	0.0007401598764016359	0.003985380003051819	0.0017288683070113553	0.00152469595635929	-0.0038540050965139017	0.0019201094300755894	-0.0007069861600674798
0.009503250896467419	0.0012394350728615056	0.005295977393759088	0.0027274186999313166	0.0026480651483942186	-0.00653760927748559	0.0032307068207830802	0.0002915642328527035
0.010314573090714596	0.0013018444724191003	0.00616970898756386	0.0029770562981608073	0.0028352933470665587	-0.0076609784695202965	0.003667572617685133	-0.0004573485618368789
0.010626620088502126	0.0018635290684363426	0.0063569371862362	0.0036011502937360884	0.0035217967421989904	-0.0070368844739454595	0.004042029015030479	0.0007284300297554225
0.006507599717708201	0.0008649786755163813	0.004235017601281754	0.00216573410391363	0.0019615617532613427	-0.0055390588845654065	0.0021073376287483736	-0.0002701203631645388
0.006882056115052881	0.001364253871976695	0.004359836400396722	0.0025401905012589765	0.002585655748836624	-0.0011079915159839526	0.0027314316243232106	0.0006660206301978278
0.003948814335850814	0.0006777504768444853	0.002986829610131858	0.0014168213092240478	0.0013374677576869498	0.001950069062333304	0.0014208342336154978	-0.0003325297627221335
0.0015772571526662116	0.0006777504768444853	0.0014890040207518052	0.0009175461127641782	0.0008381925612268581	0.004571263843747619	0.0002350556420236405	0.0005412018310826383
0.00039147856107368817	0.00017847528038439364	0.0008649100251774122	-1.8594880598188368e-05	8.927976653683167e-05	0.005507404837109764	-0.0005138571526668301	-0.0004573485618368789
0.001077981956206564	0.0003032940794995831	0.0009897288242917135	0.0003558615167469359	0.0002765079652093938	0.004009579247730155	-0.00013940075532170582	0.0002915642328527035
0.00039147856107368817	5.365648126920419e-05	0.0009897288242917135	-0.00014341367971315577	-0.00022276723125069786	-0.00035907872129392615	-0.0005762665522239807	-0.0004573485618368789
0.0013900289539936495	0.0003657034790571778	0.0012393664225223144	0.0004182709163040865	0.0002765079652093938	-0.005102193087663132	-0.0003890383535516406	0.00041638303196789295
0.0013900289539936495	0.0006153410772868906	0.002175507415884681	0.0011047743114365183	0.0005261455634397727	-0.00953326045624503	-7.699135576411109e-05	-2.0482764934603992e-05
0.0015772571526662116	0.00017847528038439364	0.001738641618982184	0.0010423649118793676	0.00040132676432458325	-0.013215415030136679	-0.0003266289539940459	0.00041638303196789295
0.0014524383535512442	0.00017847528038439364	0.0019258698176545241	0.0007303179140916161	0.0002765079652093938	-0.014463603021286797	-0.0005138571526668301	-0.00039493916227972825
0.0020141229495689306	0.0005529316777292959	0.0022379168154422757	0.0015416401083392373	0.0008381925612268581	-0.012029636438544378	-0.0002642195544364512	0.000603611230640233
0.0003290691615169816	0.00017847528038439364	0.0013641852216375039	0.0008551367132068055	2.6870366979681037e-05	-0.00828507246509469	-0.0008883135500115102	-0.00020771096360738817
0.0008907537575337798	0.0004905222781719232	0.0012393664225223144	0.0009175461127641782	0.000463736163882178	-0.003729186297398268	-0.0005762665522239807	0.000603611230640233
-0.0006070718318462731	-0.00013357171740291385	0.000490453627832288	4.381451895940636e-05	-0.00040999542992259386	0.00026501527428135496	-0.0015124075455859032	-0.00039493916227972825
0.0007659349584192565	0.0008025692759592307	0.0008649100251774122	0.0007927273136489887	0.0005261455634397727	0.00425921684596009	-0.0003890383535516406	0.0007908394293125731
-0.0005446624322877902	0.00011606588082679892	0.0004280442282749153	-0.0002058230792703064	-0.00022276723125069786	0.0047584920424201815	-0.0009507229495688829	-0.0003325297627221335
0.0004538879606312829	0.00042811287861388436	0.0008025006256198175	0.00029345211718934117	0.00015168916609420435	0.0041343980468453445	-0.0002642195544364512	0.0006660206301978278
-0.00023261543450070477	-8.752918287946443e-06	0.0007400912260622228	-0.0003930512779430906	-0.0002851766308074044	0.00020260587472331615	-0.0005762665522239807	-0.00039493916227972825
0.0007659349584192565	0.00011606588082679892	0.000927319424735007	0.00010622391851655699	0.0002140985656524652	-0.0034171392996107386	-1.4581956206738411e-05	0.0003539736324102982
-0.0004822530327306396	-8.752918287946443e-06	0.0005528630273901047	0.00010622391851655699	-0.0002851766308074044	-0.006350381078813028	-0.00045144775310834717	-0.0003325297627221335
-0.003540313611047452	-0.000320799916075698	-0.001381828358892223	-0.00051787007705828	-0.0008468612268250908	-0.00947085105668699	-0.0016996357442589094	0.000603611230640233
-0.007784152780956566	-0.0008824845120927183	-0.0033789291447317016	-0.0016412392690927646	-0.0021574586175323596	-0.012279274036774313	-0.003634327130540793	-0.00020771096360738817
-0.007160058785382173	-0.0005704375143051887	-0.0034413385442892963	-0.0008923264744031822	-0.0015333646219579666	-0.011155904844739606	-0.0033846895323113024	0.0007908394293125731
-0.00878270317387675	-0.0010697127107652804	-0.0042526607385369175	-0.0016412392690927646	-0.0022198680170901763	-0.010157354451819423	-0.004133602327000441	-8.289216449219872e-05
-0.007534515182727075	-0.000508028114747594	-0.003940613740749388	-0.0010795546730755223	-0.001658183421072268	-0.007348931471733211	-0.003696736530098388	0.0009156582284273185
-0.007971380979629572	-0.0008824845120927183	-0.0038782043411917932	-0.0014540110704202025	-0.0021574586175323596	-0.0049149648889907915	-0.004008783527885695	-0.00014530156404979344
-0.006099098992904617	-0.00044561871519088747	-0.003316519745174107	-0.0012667828717478624	-0.0015957740215151173	-0.0036043674982835228	-0.0031350519340807015	0.0006660206301978278
-0.00535018619821459	-0.0006328469138627835	-0.002505197550927374	-0.0014540110704202025	-0.001845411619745052	-0.0036043674982835228	-0.0028854143358512108	-0.00020771096360738817
-0.002042488021667843	0.0003032940794995831	-0.000570506164645046	-1.8594880598188368e-05	-0.000597223628595156	-0.003541958098725928	-0.0010131323491260336	0.0009156582284273185
-0.0016056222247655683	-7.116231784554117e-05	-0.00013364036774254906	-0.00033064187838549586	-0.0007844518272674961	-0.0066000186770427405	-0.0009507229495688829	-0.00014530156404979344
0.0002666597619593869	0.0003657034790571778	0.000677681826504628	0.00048068031586168125	2.6870366979681037e-05	-0.009096394659342755	-0.00013940075532170582	0.0006660206301978278
-0.0002950248340582995	-0.00019598111696050857	0.0006152724269474774	0.00023104271763219053	-0.0005348142290377833	-0.012029636438544378	-0.0007010853513391702	-0.00039493916227972825
0.001702075951781401	0.00042811287861388436	0.0011769570229647197	0.0010423649118793676	0.0002765079652093938	-0.012840958632791555	0.0002350556420236405	0.000603611230640233
0.004884955329213403	0.0005529316777292959	0.002986829610131858	0.00179127770656895	0.0011502395590141656	-0.01159277064164188	0.0016704718318456546	-0.0003325297627221335
0.008255062905317745	0.0009273880750744201	0.004235017601281754	0.0025401905012589765	0.0022111993514917216	-0.008222663065537983	0.003043478622110296	0.00022915483329533082
0.007755787708857653	0.0008649786755163813	0.004422245799954316	0.00216573410391363	0.0018991523537046362	-0.005726287083237969	0.0027938410238803613	-0.0004573485618368789
0.009628069695582164	0.0014266632715340677	0.005608024391546174	0.0033515126955065977	0.0030225215457388988	-0.001420038513771038	0.00391721021591529	0.00041638303196789295
0.009440841496909824	0.001177025673304355	0.005420796192874278	0.002602599900816127	0.002523246349279251	0.0020748878614480493	0.0037923914168003225	-0.0003325297627221335
0.009003975700007327	0.0015514820706492571	0.0052335679942017155	0.0023529623025864144	0.002772883947509408	0.00444644504463243	0.0037923914168003225	0.0005412018310826383
0.005321821126115678	0.0009273880750744201	0.003922970603494225	0.0013544119096668972	0.0014622865568016952	0.004571263843747619	0.0024817940260928317	-0.0002701203631645388
0.005696277523461024	0.001364253871976695	0.003985380003051819	0.0016664589074542047	0.0017743335545894467	0.0038847604486149656	0.0029810692225527013	0.0005412018310826383
0.0033247203402761993	0.0005529316777292959	0.0027371920119021453	0.0007303179140916161	0.0007133737621125569	-0.001045582116426358	0.0018577000305179947	-0.0002701203631645388
0.0022637605477984213	0.0006777504768444853	0.001988279217211897	0.000979955512321773	0.0007757831616692634	-0.005164602487220726	0.0012960154345003083	0.0006660206301978278
0.001702075951781401	0.0003657034790571778	0.001988279217211897	0.0008551367132068055	0.000463736163882178	-0.008659528862439814	0.001171196635386007	-0.0003325297627221335
0.0015772571526662116	-0.00013357171740291385	0.0011769570229647197	0.00048068031586168125	0.0002140985656524652	-0.012466502235446653	0.0006719214389259154	4.192663462299073e-05
0.002076532349126081	0.0003657034790571778	0.0020506886167697136	0.0012920025101088584	0.0007757831616692634	-0.012840958632791555	0.0011087872358284123	-0.0002701203631645388
0.0016396665522238063	0.0003032940794995831	0.0016138228198669946	0.0013544119096668972	0.0007757831616692634	-0.011967227038986783	0.0009839684367132229	0.0004787924315250436
0.0008907537575337798	0.00017847528038439364	0.0014890040207518052	0.0006054991149764266	0.0002140985656524652	-0.010219763851377461	0.00035987444113838585	-0.00039493916227972825
0.0012028007553213094	0.0003032940794995831	0.0016138228198669946	0.0010423649118793676	0.0005261455634397727	-0.0066000186770427405	0.00054710263981117	0.0003539736324102982
7.943156328660272e-05	5.365648126920419e-05	0.0012393664225223144	0.00016863331807415172	-0.00016035783169310314	-0.00410364269474317	4.78274433513004e-05	-0.0003325297627221335
-0.0001077966353859594	0.00017847528038439364	0.000927319424735007	0.00023104271763219053	-9.794843213550841e-05	-0.0019817231097887245	-7.699135576411109e-05	0.0002915642328527035
-0.0006694812314029797	-0.00013357171740291385	0.0008025006256198175	-0.00033064187838549586	-0.0006596330281527507	-0.0021689513084610645	-0.0005138571526668301	-0.0005821673609522904
0.00020425036240179217	0.0003032940794995831	0.000927319424735007	0.00029345211718934117	2.6870366979681037e-05	-0.0034795486991683333	4.78274433513004e-05	0.0005412018310826383
-0.00041984363317348894	5.365648126920419e-05	0.0007400912260622228	-1.8594880598188368e-05	-0.00040999542992259386	-0.006912065674830714	-0.0002642195544364512	-0.00039493916227972825
0.0008283443579768512	0.00024088467994198837	0.0010521382238497523	0.000543089715419276	-3.5539032578357777e-05	-0.009720488654917148	0.0002974650415807911	0.00041638303196789295
0.0008283443579768512	0.0003657034790571778	0.0014890040207518052	0.0007303179140916161	0.0002140985656524652	-0.011842408239871816	0.0007343308384835101	-0.00014530156404979344
0.0015772571526662116	0.00042811287861388436	0.001551413420309844	0.0009175461127641782	0.0005885549629969233	-0.013153005630579084	0.0008591496375984775	0.0005412018310826383
0.0005787067597464723	5.365648126920419e-05	0.0013641852216375039	0.0006679085145340213	8.927976653683167e-05	-0.012591321034561842	0.00035987444113838585	-0.0002701203631645388
0.0016396665522238063	0.0003657034790571778	0.0016762322194245893	0.0010423649118793676	0.0007133737621125569	-0.010344582650492207	0.0008591496375984775	0.0005412018310826383
-0.0006694812314029797	0.00017847528038439364	0.000927319424735007	0.000543089715419276	-9.794843213550841e-05	-0.007973025467307604	-1.4581956206738411e-05	-0.00020771096360738817
-0.00497572980086991	-0.00013357171740291385	-0.0015690565575650073	-0.0006426888761725813	-0.0011589082246130644	-0.0066000186770427405	-0.002011682742045995	0.0005412018310826383
-0.009219568970779024	-0.0013193503089956593	-0.0038157949416337544	-0.0025149708628979806	-0.002906371412222164	-0.00672483747615793	-0.00425842112611563	-0.0004573485618368789
-0.008720293774319154	-0.0009448939116507571	-0.0038157949416337544	-0.002015695666437889	-0.0025943244144346345	-0.005663877683680596	-0.003883964728771172	0.00041638303196789295
-0.009531615968566776	-0.0012569409094380646	-0.004065432539864577	-0.002452561463340386	-0.003093599610894726	-0.0072241126726177995	-0.004320830525673225	-0.00039493916227972825
-0.008408246776531847	-0.0011321221103228751	-0.004003023140306539	-0.002202923865110229	-0.002656733813992229	-0.009782898054474742	-0.003946374128328323	0.0002915642328527035
-0.007721743381398971	-0.0010697127107652804	-0.0031917009460593615	-0.0018284674677651047	-0.002656733813992229	-0.013028186831464339	-0.003634327130540793	-0.0002701203631645388
-0.00528777679865744	-0.0006328469138627835	-0.002068331754024877	-0.0008923264744031822	-0.001658183421072268	-0.014463603021286797	-0.0025109579385060865	0.0004787924315250436
-0.004164407606622289	-0.0006952563134203782	-0.0015066471580074126	-0.0007675076752879928	-0.001658183421072268	-0.015711791012435805	-0.0020740921416035896	-0.0003325297627221335
-0.001231165827420666	-0.00038320931563284866	-0.0002584591668572944	0.00016863331807415172	-0.0006596330281527507	-0.015274925215533974	-0.0008259041504539155	0.00041638303196789295
-0.00041984363317348894	0.00017847528038439364	0.0009897288242917135	0.0008551367132068055	-9.794843213550841e-05	-0.013589871427481803	-0.00020181015487885645	-8.289216449219872e-05
-0.00017020603494311004	-7.116231784554117e-05	0.000490453627832288	0.0004182709163040865	-0.0002851766308074044	-0.011467951842526691	-0.0003266289539940459	0.0004787924315250436
-4.538723582836468e-05	5.365648126920419e-05	0.0009897288242917135	0.00048068031586168125	-0.00016035783169310314	-0.008846757061112376	-0.00020181015487885645	-0.0002701203631645388
0.001077981956206564	-7.116231784554117e-05	0.0007400912260622228	0.000543089715419276	-9.794843213550841e-05	-0.006038334081025942	-7.699135576411109e-05	0.00022915483329533082
0.004635317730983246	0.0006153410772868906	0.0029244202105747075	0.0012920025101088584	0.0010254207598994203	-0.002917864103150647	0.0017328812314032493	-0.00039493916227972825
0.007818197108415248	0.0009897974746320148	0.004235017601281754	0.00197850590524129	0.0019615617532613427	-0.0011079915159839526	0.0031682974212252635	0.0002915642328527035
0.007630968909742464	0.001177025673304355	0.004671883398183807	0.0021033247043560355	0.0018991523537046362	-0.0007335351186386063	0.0034179350194556424	-0.0003325297627221335
0.009503250896467419	0.0012394350728615056	0.0052335679942017155	0.0022905529030288196	0.0024608369497214344	-0.001669676112001417	0.0042292572137028195	0.0002915642328527035
0.009565660296025014	0.0013018444724191003	0.005920071389333925	0.0024777811017013818	0.002336018150606467	-0.0026058171053635615	0.004666123010604872	-0.0005197579613944736
0.008567109903105274	0.0010522068741891655	0.005046339795528931	0.0022905529030288196	0.002148789951934127	-0.00460291789120304	0.0042292572137028195	0.0002915642328527035
0.0060083245212481096	0.0008649786755163813	0.004235017601281754	0.0017288683070113553	0.00152469595635929	-0.0067872468757150806	0.0032307068207830802	-0.0005197579613944736
0.006507599717708201	0.0010522068741891655	0.004422245799954316	0.0023529623025864144	0.0020239711528193816	-0.007161703273060205	0.0036051632181275384	0.00041638303196789295
0.002950263942930853	0.0003657034790571778	0.002799601411459074	0.0010423649118793676	0.0007133737621125569	-0.008784347661554781	0.0018577000305179947	-0.0006445767605098851
0.002575807545586173	0.0008025692759592307	0.002425145014114616	0.0014792307087814205	0.001087830159457015	-0.008222663065537983	0.0017328812314032493	0.0004787924315250436
0.0008283443579768512	-7.116231784554117e-05	0.0014265946211946545	0.0006054991149764266	2.6870366979681037e-05	-0.008409891264209879	0.0007343308384835101	-0.0005821673609522904
0.002076532349126081	0.0007401598764016359	0.0021130980163270863	0.0012295931105512636	0.0010254207598994203	-0.0076609784695202965	0.0015456530327306872	0.0005412018310826383
0.0008907537575337798	0.00017847528038439364	0.0018010510185393347	0.000543089715419276	0.00015168916609420435	-0.008160253665979944	0.0007967402380404387	-0.0004573485618368789
0.0009531631570913746	0.0005529316777292959	0.001988279217211897	0.0009175461127641782	0.0003389173647669885	-0.007286522072175172	0.001171196635386007	0.0004787924315250436
0.0002666597619593869	-7.116231784554117e-05	0.0016138228198669946	0.00010622391851655699	-0.00040999542992259386	-0.008659528862439814	0.0006095120393683207	-0.0005821673609522904
0.0009531631570913746	0.00017847528038439364	0.0016138228198669946	0.00029345211718934117	-0.00022276723125069786	-0.00940844165712984	0.0006719214389259154	4.192663462299073e-05
-0.0002950248340582995	-0.0006328469138627835	0.0012393664225223144	-0.00033064187838549586	-0.001034089425497875	-0.011155904844739606	-1.4581956206738411e-05	-0.0011438519569693106
0.0007035255588612177	5.365648126920419e-05	0.0014265946211946545	0.00016863331807415172	-0.0002851766308074044	-0.01190481763942941	0.0004222838406955365	-2.0482764934603992e-05
0.0005162973601888776	-7.116231784554117e-05	0.001738641618982184	0.0004182709163040865	-0.00034758603036499913	-0.012154455237659123	0.0004222838406955365	-0.0006445767605098851
0.0004538879606312829	-7.116231784554117e-05	0.001114547623407125	0.0004182709163040865	-0.00034758603036499913	-0.011967227038986783	0.0002350556420236405	4.192663462299073e-05
0.00039147856107368817	-8.752918287946443e-06	0.0012393664225223144	0.0004182709163040865	-0.00016035783169310314	-0.012528911635004247	0.00017264624246604576	-0.0005197579613944736
0.0012028007553213094	-7.116231784554117e-05	0.0012393664225223144	0.0009175461127641782	8.927976653683167e-05	-0.011280723643854351	0.0004846932402531312	4.192663462299073e-05
-0.00023261543450070477	-0.00038320931563284866	0.000677681826504628	0.00029345211718934117	-0.0005348142290377833	-0.010282173250934612	-7.699135576411109e-05	-0.0007693955596246305
0.0013900289539936495	0.00042811287861388436	0.0013641852216375039	0.0008551367132068055	0.0003389173647669885	-0.008472300663767474	0.0007343308384835101	0.00041638303196789295
0.00020425036240179217	-0.00019598111696050857	0.0010521382238497523	0.00010622391851655699	-0.0004724048294801886	-0.007473750270847512	0.0002350556420236405	-0.0005197579613944736
0.0012028007553213094	0.0004905222781719232	0.0016138228198669946	0.0006054991149764266	0.0003389173647669885	-0.0055390588845654065	0.0009839684367132229	0.0005412018310826383
-0.0014808034256506009	-0.000320799916075698	0.0004280442282749153	-0.00051787007705828	-0.0008468612268250908	-0.006475199877927995	-0.0005138571526668301	-0.0005197579613944736
-0.006348736591134774	-0.0006952563134203782	-0.0021307411535822496	-0.001329192271305013	-0.001845411619745052	-0.0072241126726177995	-0.002386139139391119	0.00041638303196789295
-0.008907521972991495	-0.00138175970855281	-0.0038157949416337544	-0.002639789662012726	-0.0029687808117797587	-0.008784347661554781	-0.003946374128328323	-0.0004573485618368789
-0.007409696383611886	-0.0006952563134203782	-0.0033789291447317016	-0.0017036486686503594	-0.001845411619745052	-0.008347481864652284	-0.0033846895323113024	0.0006660206301978278
-0.009469206569009403	-0.0015065785076675553	-0.004377479537651885	-0.0022653332646678237	-0.0029687808117797587	-0.0092212134584575	-0.004445649324788414	-0.0004573485618368789
-0.007971380979629572	-0.0008824845120927183	-0.003753385542077048	-0.001329192271305013	-0.0019702304188597974	-0.008971575860227121	-0.003696736530098388	0.000603611230640233
-0.00672319298847901	-0.0007576657129779729	-0.0030044727473870214	-0.0012043734721902677	-0.001845411619745052	-0.00903398525978516	-0.0031974613336387403	-0.00014530156404979344
-0.00528777679865744	-0.0006328469138627835	-0.0025676069504845245	-0.0008299170748451434	-0.0014085458228425551	-0.008409891264209879	-0.0025109579385060865	0.0004787924315250436
-0.0042892264057374785	-0.0005704375143051887	-0.001631465957122158	-0.0008923264744031822	-0.0014709552223999278	-0.008409891264209879	-0.0019492733424884001	-0.0003325297627221335
-0.0013559846265354114	5.365648126920419e-05	-0.00013364036774254906	4.381451895940636e-05	-0.0004724048294801886	-0.0072241126726177995	-0.00045144775310834717	0.000603611230640233
-0.001231165827420666	-0.00025839051651832534	0.00030322542915972583	-0.00014341367971315577	-0.0009092706263826855	-0.008409891264209879	-0.00045144775310834717	-0.0002701203631645388
-0.0002950248340582995	-8.752918287946443e-06	0.0005528630273901047	-1.8594880598188368e-05	-0.0005348142290377833	-0.008784347661554781	-1.4581956206738411e-05	0.0003539736324102982
1.7022163729230044e-05	0.00024088467994198837	0.0012393664225223144	0.00029345211718934117	-0.00040999542992259386	-0.008721938261997852	0.0002974650415807911	-0.00020771096360738817
0.0019517135500113358	5.365648126920419e-05	0.0014265946211946545	0.0004182709163040865	8.927976653683167e-05	-0.008659528862439814	0.0008591496375984775	0.00022915483329533082
0.00588350572213292	0.0004905222781719232	0.003423695407034133	0.0013544119096668972	0.001087830159457015	-0.0072241126726177995	0.0023569752269780864	-0.0005197579613944736
0.008879156900893026	0.0012394350728615056	0.004734292797741846	0.002789828099488467	0.0024608369497214344	-0.0055390588845654065	0.00410443841458763	0.0003539736324102982
0.007943015907530215	0.0003032940794995831	0.004047789402609414	0.00179127770656895	0.0016495147554740353	-0.005726287083237969	0.003293116220340453	-0.0008942143587398199
0.01068902948805972	0.001177025673304355	0.005108749195086526	0.0029770562981608073	0.002960112146181304	-0.0038540050965139017	0.004541304211489905	-2.0482764934603992e-05
0.010564210688944975	0.001177025673304355	0.005608024391546174	0.0029770562981608073	0.002772883947509408	-0.002730635904478751	0.0046037136110475	-0.0005197579613944736
0.008504700503547236	0.0011146162737463161	0.004422245799954316	0.002602599900816127	0.0023984275501640617	-0.0024185889066907773	0.00391721021591529	0.0001667454337377361
0.006070733920805704	0.0008025692759592307	0.003798151804379035	0.0016664589074542047	0.0015871053559168846	-0.0019193137102306856	0.0027938410238803613	-0.0004573485618368789
0.006570009117265796	0.0008649786755163813	0.003798151804379035	0.0016664589074542047	0.0016495147554740353	-0.001232810315098698	0.003043478622110296	0.0001667454337377361
0.0023885793469138328	0.0004905222781719232	0.002425145014114616	0.0008551367132068055	0.0003389173647669885	-0.00210654190890347	0.0014208342336154978	-0.00039493916227972825
0.001702075951781401	0.0004905222781719232	0.0018010510185393347	0.000543089715419276	0.00040132676432458325	-0.0019193137102306856	0.0011087872358284123	0.00041638303196789295
0.0008907537575337798	-0.00013357171740291385	0.0014890040207518052	-1.8594880598188368e-05	-0.00022276723125069786	-0.0027930453040363457	0.0004222838406955365	-0.0006445767605098851
0.001702075951781401	0.0004905222781719232	0.0018010510185393347	0.0006679085145340213	0.000463736163882178	-0.0021689513084610645	0.0010463778362708176	0.0004787924315250436
0.0007035255588612177	0.00011606588082679892	0.0011769570229647197	0.00010622391851655699	-9.794843213550841e-05	-0.002480998306249038	0.00035987444113838585	-0.0004573485618368789
0.001327619554436943	0.00011606588082679892	0.0010521382238497523	0.000543089715419276	0.000463736163882178	-0.0026058171053635615	0.0004846932402531312	0.00022915483329533082
0.0009531631570913746	0.00011606588082679892	0.001114547623407125	0.000543089715419276	0.00040132676432458325	-0.0026058171053635615	0.0004846932402531312	-0.0005821673609522904
