Sensor_1	Sensor_2	Sensor_3	Sensor_4	Sensor_5	Sensor_6	Sensor_7	Sensor_8
-0.05339094523044774	-0.07862224244826876	-0.08736632187202775	-0.0023428665151838945	-0.11778880958675164	-0.03456472655348786	-0.002931232198729372	-0.24736189227798167
-0.06393813375566326	-0.08530004820091985	-0.07444757616362807	-0.00246768531429864	-0.12802395111417963	-0.025390544818536975	-0.002931232198729372	-0.21971452827401405
-0.06624728153929005	-0.09453663933542811	-0.0667088106184992	-0.0025300947138562346	-0.11672784979427453	-0.021084296249070267	-0.003617735593861582	-0.15293647074750183
-0.07617037606893096	-0.09796915631109004	-0.09023715425167245	-0.003279007508546039	-0.12190782995754601	-0.02994643098623384	-0.003430507395189464	-0.11667660960460102
-0.07542146327424115	-0.09909252550312475	-0.09285834903308676	-0.0036534639058911633	-0.10555656727348417	-0.02907269939242907	-0.0041170107903214515	-0.12472742214751698
-0.08253613482379474	-0.10583274065533343	-0.10059711457821541	-0.003903101504120654	-0.107928124456669	-0.05509741900790144	-0.00436664838855183	-0.13465051667715766
-0.08415877921228954	-0.09441182053631314	-0.08749114067114294	-0.003715873305448758	-0.08327641163146082	-0.09815990470256852	-0.00399219199120715	-0.10843856886301251
-0.08415877921228954	-0.08536245760047745	-0.11900788744767454	-0.004027920303236288	-0.08234027063809868	-0.10552421385035227	-0.0045538765872246145	-0.11486673701743366
-0.08546937660299658	-0.09278917614781856	-0.12674665299280297	-0.004090329702793438	-0.11235919182525045	-0.07600456785966014	-0.004491467187666576	-0.103383407498856
-0.09077417556538325	-0.10470937146329873	-0.08043887852114673	-0.004027920303236288	-0.09862912392260292	-0.08886090416850267	-0.004491467187666576	-0.10719038087186306
-0.08715443039104898	-0.09360049834206596	-0.11788451825564006	-0.004027920303236288	-0.08920530458942233	-0.09248064934283695	-0.00436664838855183	-0.10332099809929862
-0.0802893964397251	-0.08742196778587474	-0.13710661331934615	-0.003903101504120654	-0.11404424561330262	-0.05952848637648289	-0.00436664838855183	-0.0892164737993062
-0.09501801473529214	-0.11188645241240991	-0.09079883884768947	-0.004152739102351033	-0.11541725240356748	-0.06614388272957705	-0.0047411047858967326	-0.11143422004177195
-0.09845053171095408	-0.10963971402834027	-0.07844177773530725	-0.0035910545063335686	-0.11822567538365436	-0.07319614487957304	-0.0041170107903214515	-0.11243277043469169
-0.08877707477954355	-0.11837702996638888	-0.07919069052999683	-0.003279007508546039	-0.10231127849649502	-0.06489569473842716	-0.0034929167947470585	-0.11449228062008898
-0.08203685962733487	-0.10733056624471327	-0.09335762422954685	-0.003903101504120654	-0.1199731385712639	-0.05859234538312097	-0.004179420189879046	-0.11574046861123866
-0.09027490036892338	-0.11656715737922196	-0.08306007330256127	-0.00446478610013834	-0.11235919182525045	-0.05865475478267834	-0.0051779705827990075	-0.10818893126478257
-0.10525315626272036	-0.11207368061108225	-0.017155747369853147	-0.0034038263076612285	-0.1350138038646187	-0.08311923940921373	-0.0037425543929769933	-0.12772307332627664
-0.10001076669989128	-0.12418110412523498	-0.013910458592864439	-0.004090329702793438	-0.13158128688895676	-0.07556770206275787	-0.004803514185454327	-0.11280722683203659
-0.11792226437289055	-0.12436833232390776	-0.016718881572951094	-0.004527195499695935	-0.17582955117521615	-0.058217888985775845	-0.004865923585011922	-0.14145314122892394
-0.10756230404634737	-0.14477620597920637	0.04275727620533565	-0.003903101504120654	-0.166218503643363	-0.07176072868975081	-0.004304238988994236	-0.15012804776741473
-0.13545930564854514	-0.1430911521911542	0.0018167100956227866	-0.004714423698368719	-0.189185162680519	-0.06595665453090449	-0.004928332984569073	-0.14345024201476342
-0.1232894727348346	-0.15625953549778404	-0.00011798129065909713	-0.004527195499695935	-0.17451895378450888	-0.05977812397471305	-0.0047411047858967326	-0.11355613962672662
-0.11161891501758414	-0.13235673546726634	-0.03282050665878322	-0.004152739102351033	-0.14930555636328324	-0.06789134591718637	-0.0045538765872246145	-0.12972017411211567
-0.1090601296357272	-0.1367878028358478	-0.10065952397777278	-0.006025021089075988	-0.15173952294602566	-0.06190004355966727	-0.005926883377489034	-0.11861130099088313
-0.0948307865366198	-0.14315356159071158	-0.0809381537176066	-0.0070859808815531	-0.13763499864603324	-0.07207277568753834	-0.004803514185454327	-0.12254309316300493
-0.10026040429812144	-0.14402729318451635	-0.11819656525342714	-0.007772484276685532	-0.1094883594456062	-0.07675348065434995	-0.005989292777046185	-0.11823684459353823
-0.09139826956095809	-0.12018690255355602	-0.18684690476666432	-0.010393679058099847	-0.1330791124783366	-0.08187105141806383	-0.006363749174391975	-0.12279273076123487
-0.11286710300873404	-0.13591407124204302	-0.16406747392818066	-0.18270603123632512	-0.12271915215179341	-0.06770411771851426	-0.005053151783684706	-0.11742552239929105
-0.10912253903528457	-0.12711434590443704	-0.016781290972508467	-0.766670782895744	-0.058125423609793225	-0.04061843831056433	-0.0019326818058094108	-0.04933686748207089
-0.05713550920389654	-0.07269334949030726	-0.019839351550825057	-0.5769462082409793	-0.10143754690269002	-0.05428609681365426	-0.002369547602712352	-0.09327308477054275
-0.10319364607732351	-0.12680229890664996	-0.0627770184463774	-0.2939195812477695	-0.1404434216261201	-0.0856780247910709	-0.0041170107903214515	-0.12010912658026274
-0.12934318449191107	-0.13603889004115777	-0.11445200127997768	-0.019692679592165474	-0.18013579974468286	-0.14016143060475827	-0.006114111576161374	-0.17159688121519046
-0.14088892341004633	-0.15313906551990963	-0.16001086295694433	-0.08803097210761535	-0.14318943520664962	-0.15950834446757955	-0.007050252569523963	-0.11224554223601935
-0.08809057138441112	-0.0917906257548986	-0.13991503629943325	-0.5316369841622428	-0.11023727224029578	-0.13067520187201986	-0.005302789381913975	-0.1092498910572599
-0.08971321577290592	-0.07375430928278459	-0.12137944463085892	-0.49556435121801434	-0.1657816378464605	-0.17255190897509465	-0.007799165364213545	-0.1786491433651871
-0.15979897147596556	-0.15469930050884684	-0.20251166405559395	-0.00827175947314518	-0.19786006921900956	-0.12923978568219785	-0.008485668759345977	-0.17178410941386346
-0.16329389785118464	-0.17055128799644903	-0.1794201862193232	-0.00845898767181752	-0.2035393245787409	-0.11426152978840065	-0.008610487558461166	-0.1683515924382013
-0.16641436782905905	-0.1962639606141341	-0.15689039297906993	-0.008146940674030434	-0.1935538206495424	-0.11014250941760628	-0.007050252569523963	-0.1806462441510266
-0.14014001061535675	-0.18072402012431943	-0.15389474180031026	-0.008771034669605049	-0.2111532713247546	-0.10833263683043914	-0.007736755964656172	-0.17640240498111726
-0.143010842995001	-0.18521749689245914	-0.11413995428219037	-0.008396578272260813	-0.23324619876810537	-0.10477530105566224	-0.0068630243708514005	-0.16635449165236182
-0.12659717091138134	-0.18478063109555642	-0.03063617767427096	-0.0073980278793406296	-0.24803722646323	-0.09772303890566625	-0.005989292777046185	-0.17658963317978982
-0.08353468521671448	-0.1347282926504505	0.03027539629383802	-0.08828060970584506	-0.2358673935495199	-0.10483771045521983	0.029084789774262543	0.46279466528667856
0.5197769803055259	0.4945456830877042	0.7559718943483122	-1.8301269513553455	-0.06967116252792849	-0.001487744788019052	0.0029976607592312465	-0.06518885496967286
0.015883488278364055	-0.04242479070492555	0.15952526277739554	-0.3923392043499285	-0.13488898506550373	-0.10302783786805247	-0.0019950912053670056	-0.1475692623855578
-0.06780751652822725	-0.08380222261154024	-0.11863343105032964	-0.3171358778831552	-0.11342015161772778	-0.11675790577069978	-0.006176520975718969	-0.13664761746299736
-0.13252606386934285	-0.10939007643011034	-0.19152760973347593	-0.2663970360429171	-0.09650720433764803	-0.11931669115255694	-0.007549527765983832	-0.13053149630636351
-0.12310224453616203	-0.108329116637633	-0.19414880451489047	-0.24392965220222118	-0.09313709676154391	-0.1092063684242437	-0.007799165364213545	-0.10943711925593225
-0.10138377349015615	-0.11856425816506122	-0.14222418408306003	-0.23999786003009937	-0.11204714482746292	-0.08773753497646797	-0.006738205571736211	-0.11155903884088714
-0.08422118861184713	-0.10864116363542076	-0.09828796679458818	-0.22776561771683146	-0.13282947488010644	-0.08873608536938771	-0.005427608181029164	-0.12947053651388596
-0.07922843664724777	-0.10988935162657043	-0.058221132278680754	-0.21615746939913905	-0.13925764303452803	-0.08542838719284074	-0.0036801449934193986	-0.12248068376344756
-0.08459564500919181	-0.10982694222701284	-0.05385247430965645	-0.20785701925799316	-0.10293537249206963	-0.08823681017292784	-0.00436664838855183	-0.11280722683203659
-0.08615587999812901	-0.09728265291595739	-0.08855210046362005	-0.1654810369584585	-0.08290195523411592	-0.08318164880877088	-0.005115561183241413	-0.10350822629797096
-0.08877707477954355	-0.09328845134427843	-0.13148976735917217	-0.15555794242881804	-0.07622414948146461	-0.07425710467205038	-0.004928332984569073	-0.08934129259842116
-0.07304990609105655	-0.08804606178144936	-0.11800933705475458	-0.15724299621687	-0.08371327742836332	-0.06614388272957705	-0.007112661969081557	-0.08734419181258124
-0.06112971077557616	-0.08511282000224751	-0.08599331508176311	-0.15299915704696065	-0.08739543200225497	-0.05909162057958106	-0.004304238988994236	-0.08634564141966172
-0.05757237500079926	-0.07987043043941844	-0.0611543740578826	-0.14594689489696466	-0.08839398239517493	-0.05659524459728127	-0.0031184603974019343	-0.0872193730134665
-0.05644900580876455	-0.07288057768897982	-0.053228380314081614	-0.13864499514873851	-0.08240268003765605	-0.05809307018666088	-0.0026191852009418426	-0.07866928527409045
-0.059507066387081364	-0.07094588630269749	-0.06296424664504974	-0.12897153821732776	-0.06910947793191102	-0.05622078819993637	-0.003180869796959085	-0.07180425132276702
-0.056823462206109454	-0.06489217454562124	-0.07869141533353696	-0.11786266509609522	-0.05369435624121155	-0.04848202265480772	-0.0034929167947470585	-0.06624981476215064
-0.05370299222823505	-0.06283266436022417	-0.08449548949238306	-0.11168413453990356	-0.05575386642660862	-0.04342686129065099	-0.005053151783684706	-0.06425271397631094
-0.04671313947779643	-0.06445530874871874	-0.06003100486584789	-0.10837643636335681	-0.057314101415545826	-0.04093048530835186	-0.003430507395189464	-0.06269247898737373
-0.039286420930455535	-0.05627967740668782	-0.048110809550367506	-0.10438223479167763	-0.057314101415545826	-0.03849651872560944	-0.002556775801384692	-0.06225561319047146
-0.03997292432558752	-0.05340884502704357	-0.045364795969838445	-0.09857816063283065	-0.05175966485492922	-0.0374979683326897	-0.0018078630066946655	-0.05901032441348164
-0.03629076975169587	-0.050163556250053976	-0.04892213174461468	-0.09221240187796709	-0.0447698121044906	-0.03649941793976996	-0.0022447288035971624	-0.055265760440032397
-0.035042581760545755	-0.04542044188368477	-0.050919232530454606	-0.0854721867257584	-0.03709345595891955	-0.031007390778710953	-0.002119910004481973	-0.04964891447985864
-0.031485245985769295	-0.043298522298730324	-0.05066959493222467	-0.07941847496868193	-0.03341130138502768	-0.029197518191543814	-0.0021823194040397897	-0.045030618912604625
-0.02842718540745226	-0.04105178391466069	-0.04530238657028085	-0.07667246138815242	-0.030602878404941025	-0.020085745856150528	-0.0015582254084647307	-0.036605349972343326
-0.021686970255243354	-0.03612144134961914	-0.033881466451260334	-0.06662454805939722	-0.02642144863458884	-0.017901416871638487	-0.0011837690111198285	-0.035918846577211117
-0.019003366074271666	-0.03137832698324994	-0.029949674279138527	-0.05994674230674568	-0.020929421473529608	-0.016528410081373845	-0.0008093126137751483	-0.03236151080243421
-0.01613253369462697	-0.0275713536102431	-0.030573768274713364	-0.05657663473064134	-0.016997629301408024	-0.013470349503056145	-0.0011837690111198285	-0.030114772418364577
-0.012700016718965479	-0.025074977627943973	-0.029138352084891128	-0.05326893655409437	-0.014314025120436114	-0.01178529571500464	-0.0011213596115622337	-0.027868034034295386
-0.00908027154463098	-0.020207044462459578	-0.02320945912692962	-0.04709040599790293	-0.010444642347872124	-0.00697977194907784	-0.0006844938146601809	-0.022438416272793305
-0.005585345169411449	-0.01789789667883257	-0.01734297556852593	-0.044219573618258234	-0.009446091954952163	-0.005357127560583486	-0.0004972656159873967	-0.02106540948252844
-0.0075200365556937765	-0.016337661689895144	-0.013223955197731563	-0.04315861382578112	-0.008946816758492515	-0.005606765158812976	-0.0020575006049246003	-0.021564684678988533
