Sensor_1	Sensor_2	Sensor_3	Sensor_4	Sensor_5	Sensor_6	Sensor_7	Sensor_8
0.0022581468223088486	9.462825207884329e-05	0.0016489811551079203	0.0009636479362173933	0.0009402412909131908	-0.004747083604180524	-0.0007428684443429034	0.00043628538948659035
0.0012595964293886652	0.00028185645075162746	0.001711390554665515	0.0009012385366597986	0.0005033754940102497	-0.004871902403295714	-0.0009925060425723942	-0.00018780860608824668
0.001946099824521097	0.00028185645075162746	0.0018986187533382992	0.0010884667353321387	0.000877831891355596	-0.004372627206835844	-0.0004932308461125245	0.00043628538948659035
0.0010099588311587304	0.00040667524986659487	0.0020234375524526005	0.0007764197375446091	0.0005033754940102497	-0.0030620298161285753	-0.0006804590447853087	6.182899214191018e-05
0.0009475494316011357	0.00021944705119403274	0.0015865717555505476	0.0006516009384298638	0.0005033754940102497	-0.0009401102311741294	-0.0004932308461125245	0.0006235135881593745
0.0005730930342566776	9.462825207884329e-05	0.0015241623559925088	2.750694285458266e-05	0.00019132849622360837	-0.0006904726329437505	-0.000618049645227714	-0.00012539920653109604
0.0012595964293886652	0.00034426585030900014	0.0015241623559925088	0.0006516009384298638	0.0006281942931254392	-0.0006280632333865999	-0.0003060026474404065	0.0006859229877165252
0.00013622723735395859	0.00015703765163621597	0.0010872965590909	0.000401963340200151	0.00031614729533790964	-0.001626613626306117	-0.0007428684443429034	-6.298980697350132e-05
0.0008227306324868344	0.00021944705119403274	0.0007752495613029264	0.0007140103379870144	0.0005657848935682885	-0.002874801617455791	-0.0006804590447853087	0.0006859229877165252
0.00032345543602674276	-3.019054703634616e-05	0.000650430762187737	0.000589191538872269	0.00012891909666601364	-0.004559855405508184	-0.0013045530403605898	-0.00018780860608824668
0.00026104603646914804	-3.019054703634616e-05	0.00033838376440065154	0.0007764197375446091	0.00012891909666601364	-0.004934311802852864	-0.0014917812390324858	0.0004986947890441851
0.0008227306324868344	3.2218852521692654e-05	0.0008376589608605212	0.000401963340200151	0.00012891909666601364	-0.005558405798427701	-0.0014917812390324858	-0.0002502180056458414
0.0009475494316011357	9.462825207884329e-05	0.0009624777599757106	0.0007140103379870144	0.0005033754940102497	-0.004934311802852864	-0.0014917812390324858	0.0006235135881593745
0.0001986366369115533	9.462825207884329e-05	0.0013993435568782076	0.0005267821393146743	0.00012891909666601364	-0.0032492580148013595	-0.0017414188372624206	-0.00012539920653109604
0.0010099588311587304	9.462825207884329e-05	0.0013369341573206128	0.000401963340200151	0.0002537378957812031	-0.003311667414358954	-0.00186623763637761	0.0005611041886017798
0.0003858648355843375	3.2218852521692654e-05	0.0014617529564358023	0.00027714454108496156	-5.8309102006548486e-05	-0.0027499828183410457	-0.002115875234607323	-0.0002502180056458414
-0.0006750949568932185	0.00015703765163621597	0.000650430762187737	0.0003395539406425563	0.00012891909666601364	-0.002874801617455791	-0.0023655128328377018	0.0006235135881593745
-0.006104712718394856	-0.0008415127412835233	-0.002033173418783729	-0.0012830904478526861	-0.0016809534905015688	-0.0061824997940029824	-0.0049242982146944225	-0.00018780860608824668
-0.007477719508659275	-0.0008415127412835233	-0.002906905012588501	-0.0013454998474098367	-0.0019305910887312816	-0.00799237238117012	-0.00542357341115407	0.0007483323872741199
-0.008975545098039328	-0.001528016136415511	-0.004155093003738619	-0.0022192314412141645	-0.003116369680323361	-0.009615016769664475	-0.006110076806286946	-0.0004374462043181815
-0.008164222903791707	-0.001278378538185354	-0.00427991180285292	-0.0018447750438699284	-0.0023050474860759618	-0.008491647577630212	-0.005735620408942044	0.0003738759899289956
-0.008351451102464047	-0.0014031973373007656	-0.004155093003738619	-0.0017823656443123337	-0.0025546850843061186	-0.006931412588692565	-0.005735620408942044	-0.0003126274052034361
-0.007040853711757222	-0.0011535597390706087	-0.0038430460059510896	-0.0013454998474098367	-0.002055409887846027	-0.004122989608606131	-0.0049242982146944225	0.00043628538948659035
-0.0063543503166243465	-0.0009663315403982686	-0.003094133211261063	-0.0015327280460821768	-0.0019305910887312816	-0.0021882982223238034	-0.0047370700160220824	-0.0002502180056458414
-0.003920383733882815	-0.0007166939421683338	-0.0021579922178986966	-0.0009086340505073398	-0.0011192688944836604	-0.0007528820325013452	-0.0034888820248721863	0.0003738759899289956
-0.0022977393453875727	-0.0006542845426107391	-0.0008473948271914278	-0.0009086340505073398	-0.0009320406958113203	-0.001439385427633777	-0.0026775598306252313	-0.0004374462043181815
-0.0007375043564508132	-0.0005294657434962158	-0.00041052903028893084	-0.000658996452277405	-0.0006199936980244569	-0.00349889561303085	-0.0023655128328377018	0.00018664779125665554
-0.0007375043564508132	-0.0007166939421683338	-3.607263294425067e-05	-0.0005965870527198103	-0.0007448124971387582	-0.005932862195773048	-0.0023655128328377018	-0.0006246744029905216
0.000697911833371867	-0.0002798281452658369	0.00033838376440065154	0.0001523257419697721	4.1002975508241946e-06	-0.008616466376744958	-0.0019910564354925775	0.0003738759899289956
0.0016964622262916063	-0.00015500934615064743	0.001274524757763018	0.00046437273975730164	0.00019132849622360837	-0.009864654367894854	-0.0017414188372624206	-0.0003126274052034361
0.00700126118867761	0.0008435410467684257	0.0038957195391773336	0.002523882925154597	0.002126019882505492	-0.007056231387807754	0.0010045947432666402	0.0005611041886017798
0.00806222098115561	0.0008435410467684257	0.004519813534752615	0.002274245326924662	0.002126019882505492	-0.004622264805065779	0.0013790511406119865	-0.00037503680476014267
0.008811133775845192	0.0012804068436709226	0.004956679331655112	0.0028359299229416823	0.002812523277637924	-0.0007528820325013452	0.002315192133973909	0.0007483323872741199
0.008686314976730003	0.001030769245441432	0.005143907530327008	0.002461473525597002	0.002126019882505492	0.0028668631418331536	0.002502420332646693	-0.0003126274052034361
0.01062100636301233	0.0015300444419008574	0.005892820325017478	0.0030231581216142445	0.003186979674982826	0.00573769552147696	0.0036257895246814	0.0006235135881593745
0.007687764583810042	0.001217997444113772	0.004956679331655112	0.0021494265278096947	0.0021884292820626428	0.0049887827267873774	0.0024400109330890984	-6.298980697350132e-05
0.006564395391775557	0.0013428162432289614	0.0043325853360798305	0.002274245326924662	0.0022508386816202375	0.0031165007400626443	0.0019407357366290068	0.0008107417868317146
0.00575307319752838	0.0007187222476541244	0.0043325853360798305	0.0017125607309069757	0.0015643352864880278	-0.0009401102311741294	0.0012542323414970191	-5.80407415906592e-07
0.004005610009918836	0.0007187222476541244	0.0032716255436029407	0.0015877419317922303	0.0016267446860456225	-0.005932862195773048	0.0001932725490194631	0.0006235135881593745
0.001509234027618822	-0.00015500934615064743	0.0020858469520106393	0.0007140103379870144	0.00031614729533790964	-0.009552607370107324	-0.0009300966430147994	-0.0004374462043181815
0.0022581468223088486	-3.019054703634616e-05	0.0020858469520106393	0.0007764197375446091	0.0006281942931254392	-0.010800795361257443	-0.0006804590447853087	0.000311466590371845
0.001509234027618822	9.462825207884329e-05	0.0020234375524526005	0.0007140103379870144	0.00031614729533790964	-0.010239110765239756	-0.0007428684443429034	-0.0004998556038753321
0.0018212810254067957	0.00028185645075162746	0.00196102815289545	0.0011508761348897334	0.0009402412909131908	-0.006681774990462852	-0.00036841204699800123	0.0005611041886017798
7.381783779680795e-05	-0.00021741874570824216	0.0011497059586482727	0.00027714454108496156	6.650969710841892e-05	-0.003935761409933347	-0.0011797342412454004	-0.00037503680476014267
0.0008227306324868344	0.0004690846494237455	0.0015241623559925088	0.0011508761348897334	0.000877831891355596	0.0004953059586483288	-5.6365049210471696e-05	0.0006859229877165252
1.1408438239657315e-05	9.462825207884329e-05	0.0010872965590909	0.0005267821393146743	0.00031614729533790964	0.0016186751506830355	-0.0003060026474404065	-6.298980697350132e-05
0.0007603212329292397	0.000593903448538935	0.0010872965590909	0.000589191538872269	0.0007530130922410727	0.001056990554665349	-0.00011877444876762233	0.000935560585946682
0.00013622723735395859	0.0005314940489813402	0.0013993435568782076	0.0007140103379870144	0.0002537378957812031	-0.00100251963073128	-0.0003060026474404065	0.00018664779125665554
0.0007603212329292397	0.00028185645075162746	0.0012121153582054234	0.0007140103379870144	0.00031614729533790964	-0.004372627206835844	-0.0006804590447853087	0.0008107417868317146
0.0003858648355843375	-3.019054703634616e-05	0.001274524757763018	0.0001523257419697721	4.1002975508241946e-06	-0.009739835568779664	-0.001054915442130433	-0.00012539920653109604
0.0016964622262916063	0.0004690846494237455	0.0020858469520106393	0.001213285534446884	0.0008154224917980013	-0.013109943144883784	-0.0008676872434580929	0.0007483323872741199
0.0013844152285042988	3.2218852521692654e-05	0.00214825635156779	0.001026057335774544	0.0002537378957812031	-0.015107043930723707	-0.0011797342412454004	-0.00018780860608824668
0.0016964622262916063	0.00021944705119403274	0.0018362093537807045	0.0009012385366597986	0.0005657848935682885	-0.014732587533379027	-0.0016166000381476753	0.0006859229877165252
0.0006355024338140502	-0.00021741874570824216	0.0015865717555505476	0.0006516009384298638	6.650969710841892e-05	-0.011799345754176516	-0.0017414188372624206	-0.00018780860608824668
0.0018836904249643904	0.0007811316472117191	0.00214825635156779	0.0015253325322346356	0.0010026506904707855	-0.007368278385595062	-0.000618049645227714	0.000935560585946682
0.0004482742351414881	9.462825207884329e-05	0.001274524757763018	0.00046437273975730164	4.1002975508241946e-06	-0.004747083604180524	-0.0011797342412454004	-0.00018780860608824668
-0.0011119607537957155	3.2218852521692654e-05	0.0002759743648435009	0.0003395539406425563	-0.00024553730067888857	-0.0023755264209956994	-0.0016166000381476753	0.0006235135881593745
-0.007540128908216426	-0.001091150339513014	-0.0029693144121460957	-0.0015951374456397716	-0.0023050474860759618	-0.0038733520103757524	-0.004487432417792148	-0.0002502180056458414
-0.007976994705119145	-0.0008415127412835233	-0.003343770809490998	-0.0015327280460821768	-0.0021178192874036217	-0.005558405798427701	-0.004674660616464488	0.0007483323872741199
-0.008725907499809171	-0.0008415127412835233	-0.0032189520103762526	-0.0016575468451973663	-0.0023050474860759618	-0.007305868986037689	-0.004986707614252017	0.00018664779125665554
-0.008226632303349302	-0.0008415127412835233	-0.0032189520103762526	-0.0015327280460821768	-0.002242638086518811	-0.010488748363469247	-0.004861888815137272	0.0008731511863890873
-0.00735290070954453	-0.0007166939421683338	-0.0023452204165714807	-0.0013454998474098367	-0.002055409887846027	-0.013421990142671758	-0.004362613618677402	6.182899214191018e-05
-0.006291940917067196	-0.0007791033417254845	-0.0022204016174562913	-0.001095862249179902	-0.0018057722896165362	-0.014545359334706465	-0.004050566620890095	0.0008731511863890873
-0.005168571725032045	-0.0007166939421683338	-0.0013466700236517415	-0.0007838152513925944	-0.0014937252918292288	-0.013983674738689	-0.003114425627527284	-6.298980697350132e-05
-0.002235329945830422	-3.019054703634616e-05	-0.00047293842984652557	2.750694285458266e-05	-0.000370356099794078	-0.011237661158159273	-0.0016166000381476753	0.000935560585946682
-0.001424007751582801	-0.00040464694438058224	-0.0002857102311741855	-3.4902456702123885e-05	-0.000370356099794078	-0.008429238178072174	-0.001429371839474891	-0.00012539920653109604
-5.100096131882559e-05	-9.25999465930527e-05	-3.607263294425067e-05	0.0003395539406425563	0.00019132849622360837	-0.005870452796215453	-0.0008052778439004982	0.0008107417868317146
-0.0004254573586628396	-0.0002798281452658369	0.00015115556572831146	0.0003395539406425563	-0.00024553730067888857	-0.0038109426108186018	-0.0008676872434580929	-0.0002502180056458414
7.381783779680795e-05	0.00028185645075162746	0.00033838376440065154	0.0007764197375446091	0.00012891909666601364	-0.0028123922178988625	-0.0005556402456701193	0.0008107417868317146
0.001758871625848757	9.462825207884329e-05	0.001274524757763018	0.000401963340200151	0.00019132849622360837	-0.0044974460059510335	6.0443503466789394e-06	-0.00018780860608824668
0.007063670588235649	0.0011555880445561773	0.004394994735637425	0.0023366547264818127	0.001938791683833152	-0.003561305012588223	0.0022527827344167584	0.0008731511863890873
0.007687764583810042	0.0008435410467684257	0.004956679331655112	0.0022118359273670674	0.0018139728847179626	-0.005558405798427701	0.002752057930876628	-0.00012539920653109604
0.009435227771420474	0.0014052256427865562	0.005705592126344694	0.0028359299229416823	0.002562885679407989	-0.008491647577630212	0.0033137425268938703	0.0007483323872741199
0.010433778164340435	0.0010931786449990266	0.006641733119707061	0.002898339322499277	0.0025004762798499502	-0.010675976562142253	0.0034385613260090597	-0.00018780860608824668
0.011806784954604854	0.0017172726405736416	0.007577874113069427	0.003896889715418572	0.003436617273213205	-0.010301520164797351	0.004624339917601139	0.0007483323872741199
0.00824944917982795	0.0009683598458838372	0.0058304109254598835	0.002711111123826493	0.0022508386816202375	-0.011362479957274463	0.003188923727779125	-6.298980697350132e-05
0.0077501739833680805	0.0011555880445561773	0.005206316929884602	0.0026487017242697863	0.002375657480735649	-0.010301520164797351	0.002752057930876628	0.0007483323872741199
0.006564395391775557	0.0007811316472117191	0.004894269932097517	0.002274245326924662	0.001751563485160812	-0.007680325383383035	0.0022527827344167584	-0.00012539920653109604
0.0035063348134583006	0.0007187222476541244	0.0030843973449301565	0.001650151331349825	0.001501925886930433	-0.005371177599755805	0.0011294135423818297	0.0008731511863890873
0.0011347776302739199	3.2218852521692654e-05	0.00196102815289545	0.0007140103379870144	0.00019132849622360837	-0.002500345220110889	6.0443503466789394e-06	-0.00018780860608824668
0.0018836904249643904	0.0004690846494237455	0.0020858469520106393	0.001213285534446884	0.000877831891355596	-3.969237811762838e-06	0.0004429101472493979	0.0006859229877165252
0.0010723682307163251	0.00034426585030900014	0.0017737999542231098	0.00046437273975730164	0.0002537378957812031	-0.0004408350347142598	-5.6365049210471696e-05	-6.298980697350132e-05
0.0014468246280612274	0.00040667524986659487	0.0020234375524526005	0.0009012385366597986	0.0006281942931254392	-0.0018762512245358298	0.00031809134813465256	0.0008107417868317146
0.00013622723735395859	-0.00021741874570824216	0.0013993435568782076	-9.73118562601627e-05	-0.00024553730067888857	-0.005495996398870995	-0.0004932308461125245	-0.0003126274052034361
0.001571643427176861	0.00015703765163621597	0.00196102815289545	0.0007764197375446091	0.00037855669489550436	-0.008366828778515023	0.0003805007476918032	0.0004986947890441851
0.0008851400320444291	-0.00015500934615064743	0.0016489811551079203	0.0005267821393146743	-0.00018312790112195998	-0.012485849149309391	6.0443503466789394e-06	-0.00037503680476014267
0.0022581468223088486	0.00028185645075162746	0.00196102815289545	0.001026057335774544	0.0007530130922410727	-0.015356681528953864	0.00063013834592196	0.0006235135881593745
0.000697911833371867	-0.00046705634393817697	0.0013369341573206128	0.00046437273975730164	-0.00024553730067888857	-0.016230413122758636	-0.000618049645227714	-0.0005622650034329268
0.0016340528267340115	0.00028185645075162746	0.0020234375524526005	0.0015877419317922303	0.0007530130922410727	-0.013546808941786947	0.0001308631494618684	0.0006859229877165252
0.0005106836346990828	9.462825207884329e-05	0.001711390554665515	0.0009636479362173933	0.0002537378957812031	-0.010738385961699404	-0.0003060026474404065	-6.298980697350132e-05
0.0014468246280612274	0.00015703765163621597	0.0016489811551079203	0.0007764197375446091	0.0005033754940102497	-0.007617915983824997	-0.00018118384832566115	0.0005611041886017798
0.00013622723735395859	-0.0002798281452658369	0.0016489811551079203	0.0003395539406425563	-0.00018312790112195998	-0.004310217807278471	-0.0006804590447853087	-0.00037503680476014267
0.0003858648355843375	9.462825207884329e-05	0.0014617529564358023	0.00046437273975730164	0.00019132849622360837	-0.0025627546196684836	-0.000618049645227714	0.0004986947890441851
-0.0005502761577784732	-0.00040464694438058224	0.0010872965590909	-0.00034694945449031955	-0.0006199936980244569	-0.0030620298161285753	-0.0009925060425723942	-0.0004374462043181815
0.0010723682307163251	0.00040667524986659487	0.0020234375524526005	0.000838829137102648	0.00037855669489550436	-0.0038109426108186018	6.0443503466789394e-06	0.0006859229877165252
0.00032345543602674276	-9.25999465930527e-05	0.0015865717555505476	0.00021473514152736684	-0.0003079467002364833	-0.007555506584267846	-0.0004932308461125245	-0.00018780860608824668
-0.000987141954680526	9.462825207884329e-05	0.0007128401617457758	0.00046437273975730164	-0.00024553730067888857	-0.011112842359044528	-0.0008676872434580929	0.0007483323872741199
-0.007165672510871524	-0.001091150339513014	-0.002282811017013442	-0.0011582716487374967	-0.0023050474860759618	-0.015918366124970884	-0.0036137008239869317	-0.00012539920653109604
-0.007103263111314373	-0.0009663315403982686	-0.002470039215686226	-0.001095862249179902	-0.001868181689174131	-0.01791546691081103	-0.003551291424430003	0.0007483323872741199
-0.008476269901579236	-0.0011535597390706087	-0.003156542610818658	-0.0014703186465250262	-0.0025546850843061186	-0.017353782314793342	-0.00417538542000484	-6.298980697350132e-05
-0.007914585305561994	-0.000903922140841118	-0.0032189520103762526	-0.0010334528496223072	-0.002055409887846027	-0.013421990142671758	-0.0038633384222173106	0.0008731511863890873
-0.007914585305561994	-0.0010287409399558634	-0.0030317238117036904	-0.0015327280460821768	-0.002242638086518811	-0.0091781509727622	-0.004050566620890095	-6.298980697350132e-05
-0.006791216113526843	-0.0007791033417254845	-0.0027820862134733115	-0.0011582716487374967	-0.0016809534905015688	-0.005495996398870995	-0.003551291424430003	0.0007483323872741199
-0.0063543503166243465	-0.0008415127412835233	-0.0024076298161290755	-0.0012206810482946473	-0.001868181689174131	-0.002063479423208614	-0.0032392444266420295	-0.0002502180056458414
-0.0033586991378651287	-0.0005294657434962158	-0.0013466700236517415	-0.0010334528496223072	-0.0009320406958113203	-0.00100251963073128	-0.0019910564354925775	0.0005611041886017798
-0.002422558144502762	-0.00040464694438058224	-0.00041052903028893084	-0.0005965870527198103	-0.0009944500953693591	-0.002125888822766653	-0.0013045530403605898	-0.00018780860608824668
-0.0009247325551231533	-0.00040464694438058224	-0.0002857102311741855	-0.00028454005493272483	-0.0006199936980244569	-0.00580804339665808	-0.0007428684443429034	0.0004986947890441851
1.1408438239657315e-05	-9.25999465930527e-05	0.0005880213626310304	8.991634241217739e-05	-0.0003079467002364833	-0.010176701365682161	-5.6365049210471696e-05	-0.00018780860608824668
0.0012595964293886652	0.00015703765163621597	0.001274524757763018	0.0009636479362173933	0.0002537378957812031	-0.015169453330280858	0.0004429101472493979	0.0007483323872741199
0.0028822408178839076	9.462825207884329e-05	0.00233548455024013	0.0012756949340044788	0.0002537378957812031	-0.017977876310367735	0.0009421853437090455	-0.0002502180056458414
0.008561496177615258	0.0008435410467684257	0.005019088731212262	0.002898339322499277	0.002375657480735649	-0.017541010513466126	0.0036257895246814	0.0006235135881593745
0.008935952574960382	0.001030769245441432	0.0058304109254598835	0.002960748722056872	0.0021884292820626428	-0.01585595672541329	0.003813017723353962	-5.80407415906592e-07
0.00962245597009237	0.0013428162432289614	0.006142457923246969	0.003335205119401774	0.0026877044785227344	-0.012361030350194646	0.0043122929198138316	0.0007483323872741199
0.009934502967879899	0.001030769245441432	0.006392095521476904	0.002898339322499277	0.0023132480811780542	-0.00686900318913497	0.0043122929198138316	-0.00037503680476014267
0.010745825162127076	0.0014676350423437068	0.006641733119707061	0.0032103863202865845	0.0029373420767526692	-0.002874801617455791	0.004936386915388669	0.0006859229877165252
0.007250898786907989	0.0010931786449990266	0.005143907530327008	0.002087017128251878	0.0018763822842755573	-0.0025627546196684836	0.0034385613260090597	-5.80407415906592e-07
0.007250898786907989	0.0013428162432289614	0.005081498130769857	0.002274245326924662	0.002126019882505492	-0.002874801617455791	0.003563380125123805	0.0008731511863890873
0.0060651201953159095	0.0009059504463264645	0.0047694511329825495	0.002087017128251878	0.001501925886930433	-0.004934311802852864	0.003126514328221086	-5.80407415906592e-07
0.003007059616998875	0.00034426585030900014	0.0028347597466997776	0.0010884667353321387	0.0005657848935682885	-0.010426338963911652	0.0015662793392843266	0.0006859229877165252
0.002133328023193659	0.00021944705119403274	0.002772350347143071	0.0009012385366597986	0.0002537378957812031	-0.013609218341343654	0.0011918229419394244	-0.00012539920653109604
0.0033815160143439993	0.0008435410467684257	0.003396444342717908	0.0018997889295793158	0.0011898788891431256	-0.014358131136034125	0.0020655545357441962	0.0009979699855042767
0.002382965621424038	0.0004690846494237455	0.0030843973449301565	0.0013381043335620735	0.0005657848935682885	-0.015793547325855695	0.0013166417410539477	-6.298980697350132e-05
0.002819831418325869	0.0006563128480965297	0.0030219879453725618	0.001837379530021721	0.0010650600900283802	-0.01417090293736134	0.0015038699397267319	0.0009979699855042767
0.001758871625848757	0.000593903448538935	0.0028971691462578164	0.001650151331349825	0.000877831891355596	-0.010800795361257443	0.0011918229419394244	0.00024905719081425026
0.0022581468223088486	0.0009683598458838372	0.0027099409475854763	0.001650151331349825	0.001314697688257871	-0.008491647577630212	0.0014414605401695813	0.0012476075837342115
0.0011971870298315146	0.000593903448538935	0.0022106657511253847	0.0011508761348897334	0.0006906036926828119	-0.006244909193560133	0.0007549571450371495	0.0003738759899289956
0.0018212810254067957	0.0008435410467684257	0.0022106657511253847	0.001462923132677263	0.0011274694895855308	-0.003998170809490942	0.001067004142824679	0.0010603793850614274
0.0001986366369115533	0.00015703765163621597	0.0014617529564358023	0.000401963340200151	0.00012891909666601364	-0.005308768200198211	0.0001308631494618684	-5.80407415906592e-07
0.0010099588311587304	0.0004690846494237455	0.0018362093537807045	0.0009012385366597986	0.0005033754940102497	-0.005620815197985296	0.0005053195468067706	0.0008731511863890873
0.0004482742351414881	0.00040667524986659487	0.0020858469520106393	0.000838829137102648	0.0002537378957812031	-0.006931412588692565	0.0005677289463648094	0.00024905719081425026
0.001571643427176861	0.0004690846494237455	0.00214825635156779	0.0007764197375446091	0.0006906036926828119	-0.010176701365682161	0.0008173665445943001	0.0008731511863890873
0.0011971870298315146	3.2218852521692654e-05	0.0022106657511253847	0.0007140103379870144	0.0002537378957812031	-0.012298620950636607	0.0005053195468067706	-6.298980697350132e-05
0.0011971870298315146	0.00040667524986659487	0.0023978939497977247	0.0014005137331194462	0.0005033754940102497	-0.012361030350194646	0.0009421853437090455	0.000935560585946682
0.0018836904249643904	0.0007187222476541244	0.0026475315480278816	0.001213285534446884	0.0007530130922410727	-0.014233312336918935	0.001067004142824679	0.0003738759899289956
0.0029446502174412803	0.0009683598458838372	0.0031468067444877512	0.0019621983291373546	0.0012522882887011644	-0.01417090293736134	0.0015038699397267319	0.0012476075837342115
0.0010099588311587304	0.00021944705119403274	0.00233548455024013	0.0010884667353321387	6.650969710841892e-05	-0.01417090293736134	0.0005053195468067706	0.0001242383916995049
-0.0008623231555655586	0.0005314940489813402	0.0011497059586482727	0.001026057335774544	0.00012891909666601364	-0.013421990142671758	-0.00011877444876762233	0.0011851981841766168
-0.00772735710688921	-0.000903922140841118	-0.0021579922178986966	-0.001095862249179902	-0.0023050474860759618	-0.015481500328069053	-0.003551291424430003	6.182899214191018e-05
-0.00772735710688921	-0.0008415127412835233	-0.002470039215686226	-0.001095862249179902	-0.0021178192874036217	-0.013421990142671758	-0.0034888820248721863	0.0008107417868317146
-0.008788316899366766	-0.0010287409399558634	-0.0029693144121460957	-0.0016575468451973663	-0.002679503883421308	-0.011799345754176516	-0.003925747821774905	0.0001242383916995049
-0.00803940410467674	-0.0003422375448234316	-0.0025948580148009714	-0.0008462246509497451	-0.002055409887846027	-0.009677426169222514	-0.003364063225757663	0.0012476075837342115
-0.008476269901579236	-0.001091150339513014	-0.0030317238117036904	-0.0019071844434275231	-0.0026170944838637134	-0.009989473167009377	-0.003738519623102121	6.182899214191018e-05
-0.005917484519722072	-0.00040464694438058224	-0.002033173418783729	-0.001095862249179902	-0.0015561346913863794	-0.009615016769664475	-0.0026775598306252313	0.001122788784619022
-0.005792665720607326	-0.0009663315403982686	-0.0019083546196689838	-0.0012830904478526861	-0.0019930004882888763	-0.009490197970550174	-0.0026775598306252313	-0.0003126274052034361
-0.0021729205462728274	-0.00021741874570824216	-0.000597757228961493	-0.0004093588540474702	-0.0006824030975820516	-0.00980224496833726	-0.001242143640802551	0.0008731511863890873
-0.0011743701533533102	-9.25999465930527e-05	0.00033838376440065154	8.991634241217739e-05	-0.00043276549935167274	-0.010988023559929339	-0.0006804590447853087	6.182899214191018e-05
0.00026104603646914804	0.00028185645075162746	0.0009000683604181159	0.001026057335774544	0.0002537378957812031	-0.011300070557716868	0.00025568194857705784	0.000935560585946682
0.0004482742351414881	0.00015703765163621597	0.0010248871595330833	0.0006516009384298638	6.650969710841892e-05	-0.013359580743114163	0.0001932725490194631	0.0001242383916995049
0.0014468246280612274	0.00040667524986659487	0.0014617529564358023	0.0012756949340044788	0.0005033754940102497	-0.013234761943998974	0.00031809134813465256	0.0009979699855042767
0.004005610009918836	0.0005314940489813402	0.0031468067444877512	0.0018997889295793158	0.0010650600900283802	-0.011612117555504176	0.0014414605401695813	0.0001242383916995049
0.008623905577172852	0.0012804068436709226	0.005268726329442641	0.0030231581216142445	0.0025004762798499502	-0.010426338963911652	0.0036881989242387725	0.0009979699855042767
0.008561496177615258	0.0009059504463264645	0.005455954528114981	0.002461473525597002	0.0020012010833903027	-0.009490197970550174	0.0032513331273367196	-0.00012539920653109604
0.009996912367437272	0.0015300444419008574	0.0064545049210347205	0.0033976145189589246	0.002750113878080329	-0.007555506584267846	0.004437111718928799	0.0008731511863890873
0.010496187563897141	0.0012804068436709226	0.00676655191882225	0.002960748722056872	0.0025004762798499502	-0.006307318593117728	0.00468674931715829	-0.00012539920653109604
0.0119316037537196	0.0019045008392464258	0.007453055313954682	0.003522433318074558	0.0034990266727699115	-0.005932862195773048	0.005373252712290721	0.000935560585946682
0.007562945784695518	0.0009059504463264645	0.005580773327229727	0.002274245326924662	0.0018763822842755573	-0.0069938219882501595	0.003563380125123805	-0.00012539920653109604
0.0073133081864651395	0.001217997444113772	0.005143907530327008	0.002461473525597002	0.0020636104829478974	-0.005995271595330642	0.0036881989242387725	0.0008731511863890873
0.006252348393988472	0.0007187222476541244	0.00445740413519502	0.001837379530021721	0.0015643352864880278	-0.007867553582054931	0.0028768767299915954	-5.80407415906592e-07
0.004130428809033138	0.0012804068436709226	0.0037084913405054376	0.002274245326924662	0.001938791683833152	-0.008242009979399834	0.0024400109330890984	0.0012476075837342115
0.0024453750209811886	0.000593903448538935	0.0028971691462578164	0.001462923132677263	0.000877831891355596	-0.008491647577630212	0.0015662793392843266	0.00018664779125665554
0.0026326032196535287	0.000593903448538935	0.002522712748912692	0.0017125607309069757	0.0010650600900283802	-0.0074306877851526565	0.0014414605401695813	0.0008731511863890873
0.0018836904249643904	0.00028185645075162746	0.00233548455024013	0.0012756949340044788	0.0005657848935682885	-0.007181050186922944	0.0011294135423818297	-5.80407415906592e-07
0.002320556221865999	0.0007811316472117191	0.0024603033493553195	0.001462923132677263	0.0012522882887011644	-0.005183949401083021	0.0015038699397267319	0.001122788784619022
0.0007603212329292397	0.00028185645075162746	0.0018362093537807045	0.000589191538872269	0.00012891909666601364	-0.004934311802852864	0.00063013834592196	-5.80407415906592e-07
0.0013844152285042988	0.00040667524986659487	0.0018986187533382992	0.0009636479362173933	0.0004409660944530991	-0.003998170809490942	0.0010045947432666402	0.0008731511863890873
0.001322005828946704	0.00040667524986659487	0.0020858469520106393	0.0007140103379870144	0.0004409660944530991	-0.004747083604180524	0.0008173665445943001	-5.80407415906592e-07
0.001322005828946704	0.00040667524986659487	0.00196102815289545	0.000838829137102648	0.0005033754940102497	-0.00580804339665808	0.0010045947432666402	0.0008107417868317146
0.0009475494316011357	0.0004690846494237455	0.0022106657511253847	0.0009636479362173933	0.00031614729533790964	-0.006744184390020225	0.001067004142824679	0.00024905719081425026
0.0018836904249643904	0.0004690846494237455	0.00233548455024013	0.001026057335774544	0.0009402412909131908	-0.00799237238117012	0.0015038699397267319	0.0008731511863890873
0.0005730930342566776	-3.019054703634616e-05	0.0017737999542231098	0.0005267821393146743	4.1002975508241946e-06	-0.009053332173647455	0.0006925477454795548	-0.00012539920653109604
0.0018836904249643904	0.00040667524986659487	0.00233548455024013	0.001462923132677263	0.000877831891355596	-0.008117191180284866	0.0013166417410539477	0.0009979699855042767
0.0010723682307163251	0.00015703765163621597	0.0020234375524526005	0.000838829137102648	0.00037855669489550436	-0.008054781780727271	0.0008797759441518949	-0.00012539920653109604
0.001946099824521097	0.0007811316472117191	0.0024603033493553195	0.0017125607309069757	0.0010026506904707855	-0.0068065937895782636	0.0014414605401695813	0.001122788784619022
0.0009475494316011357	0.00028185645075162746	0.0020234375524526005	0.001026057335774544	0.0002537378957812031	-0.007243459586480094	0.0008797759441518949	-5.80407415906592e-07
0.001946099824521097	0.00034426585030900014	0.00196102815289545	0.001026057335774544	0.0006281942931254392	-0.0069938219882501595	0.0010045947432666402	0.0007483323872741199
0.0005730930342566776	-3.019054703634616e-05	0.0016489811551079203	0.0006516009384298638	-0.00018312790112195998	-0.006931412588692565	0.0003805007476918032	-0.0002502180056458414
-0.0027970145418476644	-0.00046705634393817697	-0.0002857102311741855	-0.0004093588540474702	-0.0009320406958113203	-0.008054781780727271	-0.0009925060425723942	0.00043628538948659035
-0.008601088700694426	-0.001091150339513014	-0.0027820862134733115	-0.0019071844434275231	-0.002679503883421308	-0.009240560372319795	-0.0034264726253148137	-0.00012539920653109604
-0.00772735710688921	-0.00046705634393817697	-0.0025948580148009714	-0.0010334528496223072	-0.0019305910887312816	-0.007867553582054931	-0.002927197428854944	0.0011851981841766168
-0.008975545098039328	-0.0010287409399558634	-0.0035934084077209327	-0.0019695938429846738	-0.002492275684748746	-0.00799237238117012	-0.0038633384222173106	6.182899214191018e-05
-0.00772735710688921	-0.0007791033417254845	-0.0034061802090485926	-0.0014703186465250262	-0.001868181689174131	-0.007243459586480094	-0.0034264726253148137	0.0008731511863890873
-0.008663498100251577	-0.0015904255359731057	-0.003967864805066279	-0.0020320032425422685	-0.0026170944838637134	-0.007181050186922944	-0.0043002042191193635	-0.0004374462043181815
-0.006603987914854725	-0.0013407879377433929	-0.003780636606393495	-0.0016575468451973663	-0.001868181689174131	-0.005932862195773048	-0.0036137008239869317	0.00024905719081425026
-0.005418209323262424	-0.0012159691386282034	-0.0027820862134733115	-0.0012830904478526861	-0.001618544090943752	-0.004871902403295714	-0.0029896068284125388	-0.0004998556038753321
-0.0026097863431753243	-0.0003422375448234316	-0.0015338982223240816	-0.00015972125581753538	-0.0006199936980244569	-0.0031868486152433206	-0.0015541906385900806	0.0004986947890441851
-0.0017360547493703304	-0.00040464694438058224	-0.0007225760280766824	-0.0004093588540474702	-0.0006824030975820516	-0.0026251640192260783	-0.001242143640802551	-0.0003126274052034361
-0.0006750949568932185	-0.0003422375448234316	-0.0003481196307317802	-3.4902456702123885e-05	-0.000370356099794078	-0.002063479423208614	-0.000618049645227714	0.00043628538948659035
-0.000987141954680526	-0.0003422375448234316	8.874616617093878e-05	-0.00015972125581753538	-0.0006824030975820516	-0.0019386606240940907	-0.0005556402456701193	-0.0002502180056458414
0.00013622723735395859	-3.019054703634616e-05	0.0002759743648435009	2.750694285458266e-05	-0.0003079467002364833	-0.0017514324254213065	-0.00011877444876762233	0.0006235135881593745
0.0035063348134583006	0.00040667524986659487	0.0024603033493553195	0.000838829137102648	0.0006281942931254392	-0.0006280632333865999	0.0014414605401695813	-0.00012539920653109604
0.008561496177615258	0.0012804068436709226	0.0045822229343102094	0.0022118359273670674	0.0021884292820626428	0.0007449435568782636	0.0036881989242387725	0.0007483323872741199
0.00824944917982795	0.0010931786449990266	0.00464463233386736	0.0020246077286945052	0.002126019882505492	0.0007449435568782636	0.0037506083237965893	6.182899214191018e-05
0.009872093568322748	0.0011555880445561773	0.0047694511329825495	0.002461473525597002	0.0026252950789651397	0.0009945811551081984	0.004187474120698642	0.0005611041886017798
0.011369919157701913	0.0014676350423437068	0.0058304109254598835	0.0030231581216142445	0.003186979674982826	0.0018683127489129703	0.004998796314945819	-0.00018780860608824668
0.011994013153277194	0.0017172726405736416	0.005768001525902511	0.0034600239185169634	0.003873483070115258	0.0022427691462578725	0.005373252712290721	0.0008731511863890873
0.007874992782482826	0.0009683598458838372	0.0041453571374074905	0.0025862923247117475	0.002562885679407989	0.000682534157321113	0.003563380125123805	-6.298980697350132e-05
0.007999811581597571	0.0012804068436709226	0.004020538338292301	0.002960748722056872	0.0028749326771950745	0.0011818093537805385	0.0037506083237965893	0.0008731511863890873
0.005690663797970785	0.000593903448538935	0.002959578545815411	0.0015877419317922303	0.0016267446860456225	0.00018325896086102134	0.002564829732204288	-0.0003126274052034361
0.0029446502174412803	0.0005314940489813402	0.0018986187533382992	0.0012756949340044788	0.0010650600900283802	-0.00037842563515666505	0.0016286887388419213	0.0006859229877165252
0.0018212810254067957	0.0004690846494237455	0.0016489811551079203	0.0007140103379870144	0.0006281942931254392	-0.0004408350347142598	0.0012542323414970191	-5.80407415906592e-07
