Sensor_1	Sensor_2	Sensor_3	Sensor_4	Sensor_5	Sensor_6	Sensor_7	Sensor_8
-0.0005889165616885794	-0.0010853095076224228	-0.0008446078499870779	0.0003251689493877219	0.000830092971293217	0.000904178377370668	0.00018119137796390739	-0.0011626772090325144
0.0006592714294608726	-0.0012101283067376123	-0.0007821984504294832	0.0005123971480605061	0.0007052741721780276	0.0007793595782559226	-0.0001308556198238442	-0.0013499054077048545
-0.0006513259612461741	-0.0013973565054101744	-0.0009694266491018233	0.00044998774850291134	0.0008925023708503677	0.0009665877769282627	5.637257884893998e-05	-0.0012874960081472597
0.0006592714294608726	-0.0013973565054101744	-0.0006573796513147379	0.0005748065476174347	0.001266958768195714	0.0014034535738307596	0.00036841957663624747	-0.0008506302112454289
0.0007840902285756179	-0.0013349471058528017	-0.0007821984504294832	0.0005748065476174347	0.0009549117704084065	0.0012162253751579755	0.0002436007775215021	-0.0011626772090325144
-0.0007761447603611416	-0.001709403503197704	-0.0012190642473319802	7.5531351157343e-05	0.0007052741721780276	0.0009665877769282627	-0.00025567441893858955	-0.0013499054077048545
0.0007216808290184673	-0.0015221753045253639	-0.0007821984504294832	0.0005748065476174347	0.0009549117704084065	0.0012162253751579755	0.00011878197840609062	-0.001225086608590109
-0.0005889165616885794	-0.0014597659049677691	-0.0007197890508718885	0.0003251689493877219	0.0009549117704084065	0.0011538159756008248	0.00011878197840609062	-0.0015371336063774166
0.0005344526303456831	-0.0015845847040825145	-0.0008446078499870779	0.00026275954983012717	0.0005180459735061316	0.000716950178698772	5.637257884893998e-05	-0.0013499054077048545
-0.0006513259612461741	-0.001272537706295207	-0.00047015145264239777	0.0003251689493877219	0.0006428647726204328	0.0007793595782559226	0.00011878197840609062	-0.0014747242068198219
0.0007216808290184673	-0.0011477189071804617	-0.00040774205308480305	0.00013794075071493772	0.0005804553730628381	0.0006545407791402891	-0.0001308556198238442	-0.0015995430059350113
-0.0007137353608039909	-0.001272537706295207	-0.0003453326535272083	0.00038757834894487253	0.0005180459735061316	0.0005921313795835825	-6.0368207090988335e-06	-0.001661952405492606
-0.0005889165616885794	-0.0010853095076224228	-0.00022051385441224092	0.0003251689493877219	0.0007052741721780276	0.000716950178698772	0.00011878197840609062	-0.0014123148072624492
0.0007216808290184673	-0.0010229001080652722	-0.0002829232539696136	0.00044998774850291134	0.0005804553730628381	0.0005297219800259878	0.00011878197840609062	-0.001661952405492606
-0.0007137353608039909	-0.0010853095076224228	-0.00040774205308480305	0.00020035015027253245	0.00033081777483356944	0.0005921313795835825	-6.844622026580538e-05	-0.001661952405492606
0.0009713184272481801	-0.0008356719093929321	2.9123743817693892e-05	0.0006996253467330682	0.000830092971293217	0.000904178377370668	0.0004308289761933981	-0.0018491806041649461
-0.0009009635594758869	-0.0013973565054101744	-0.0005325608521999925	1.312195160063645e-05	0.00020599897571838	0.00034249378135320363	-6.844622026580538e-05	-0.0017243618050502008
0.0005968620299032779	-0.0010853095076224228	-0.00040774205308480305	0.00038757834894487253	0.0007676835717356223	0.000904178377370668	0.0002436007775215021	-0.0012874960081472597
-0.00046409776257383406	-0.0007732625098353374	2.9123743817693892e-05	0.00038757834894487253	0.0003932271743909421	0.00034249378135320363	-6.0368207090988335e-06	-0.0018491806041649461
0.0005344526303456831	-0.0011477189071804617	-0.0001581044548546462	0.00026275954983012717	0.0005180459735061316	0.00040490318091079835	5.637257884893998e-05	-0.001661952405492606
0.0004720432307880884	-0.0010229001080652722	-0.0003453326535272083	0.0003251689493877219	0.00033081777483356944	0.00021767498223845827	-6.844622026580538e-05	-0.0018491806041649461
-0.0005265071621314288	-0.0010229001080652722	2.9123743817693892e-05	0.00044998774850291134	0.0009549117704084065	0.00034249378135320363	0.0002436007775215021	-0.0017867712046069073
0.00040963383123138186	-0.0016469941036405533	-0.0005325608521999925	0.00020035015027253245	0.0007676835717356223	-0.0005312378124515682	-0.0001308556198238442	-0.0027853215975268686
-0.0006513259612461741	-0.001709403503197704	-0.0003453326535272083	0.00026275954983012717	0.0014541869668684981	-0.0004688284128939735	5.637257884893998e-05	-0.002910140396642058
0.0006592714294608726	-0.0017718129027552987	-0.0001581044548546462	0.0005123971480605061	0.0018286433642129563	-0.00040641901333637875	5.637257884893998e-05	-0.0032221873944298096
-0.0006513259612461741	-0.001896631701870044	-3.328565573990083e-05	0.0003251689493877219	0.0013917775673104593	-0.0005312378124515682	5.637257884893998e-05	-0.0032221873944298096
0.0006592714294608726	-0.0017718129027552987	-9.569505529705147e-05	0.00044998774850291134	0.0010797305695229298	-3.1962615991698584e-05	0.00011878197840609062	-0.0027853215975268686
-0.0006513259612461741	-0.0013349471058528017	0.00034117074160477934	0.0005748065476174347	0.0011421399690805245	0.00021767498223845827	0.0002436007775215021	-0.002535683999297378
-0.0006513259612461741	-0.0015845847040825145	-0.0001581044548546462	0.00013794075071493772	0.0007052741721780276	0.000280084381796053	-0.0001308556198238442	-0.002535683999297378
0.0005344526303456831	-0.001896631701870044	-0.0003453326535272083	0.00038757834894487253	0.0007676835717356223	0.00040490318091079835	-0.0001308556198238442	-0.002535683999297378
-0.0005889165616885794	-0.001896631701870044	-0.0001581044548546462	0.00038757834894487253	0.0012045493686385633	0.0009665877769282627	0.00011878197840609062	-0.002098818202394881
0.0005968620299032779	-0.0022086786996577956	-0.0003453326535272083	0.0003251689493877219	0.0008925023708503677	0.000716950178698772	-6.844622026580538e-05	-0.0024108652001821884
-0.0006513259612461741	-0.0020214505009852335	-3.328565573990083e-05	0.00020035015027253245	0.0008925023708503677	0.0008417689778130732	-6.0368207090988335e-06	-0.0025980933988549726
0.0005344526303456831	-0.002083859900542606	2.9123743817693892e-05	0.00044998774850291134	0.0009549117704084065	0.0006545407791402891	-6.0368207090988335e-06	-0.002535683999297378
-0.0007137353608039909	-0.001896631701870044	0.0002787613420480728	0.0005123971480605061	0.0010173211699660012	0.0004673125804683931	0.00018119137796390739	-0.0025980933988549726
0.0007216808290184673	-0.0017718129027552987	0.00040358014116281815	0.00038757834894487253	0.0011421399690805245	0.00040490318091079835	5.637257884893998e-05	-0.002473274599739339
0.0005344526303456831	-0.0017718129027552987	2.9123743817693892e-05	0.00026275954983012717	0.0008925023708503677	-3.1962615991698584e-05	-0.0001308556198238442	-0.0029725497961994307
-0.0004016883630166834	-0.0015845847040825145	0.0005283989402777856	0.0006372159471750294	0.0016414151655403941	0.0006545407791402891	0.00036841957663624747	-0.0024108652001821884
0.0005968620299032779	-0.0022086786996577956	2.9123743817693892e-05	0.00026275954983012717	0.001266958768195714	-0.00015678141510644394	-6.844622026580538e-05	-0.0032845967939869603
-0.0006513259612461741	-0.0022710880992153903	0.0002787613420480728	0.00020035015027253245	0.0015790057659827994	-9.437201554884922e-05	-6.0368207090988335e-06	-0.004595194184694229
0.0007216808290184673	-0.0025831350970020317	0.0012149023354099953	0.0005123971480605061	0.002140690362000486	-0.0009056942097964704	-0.0001308556198238442	-0.005843382175844125
-0.0007761447603611416	-0.003144819693019718	0.0016517681323120481	0.00013794075071493772	0.002702374958018172	-0.0019042446027164317	0.00011878197840609062	-0.006342657372304217
0.0006592714294608726	-0.0034568666908076917	0.0012149023354099953	0.00038757834894487253	0.003201650154478042	-0.0016546070044860528	5.637257884893998e-05	-0.006592294970534152
-0.0005889165616885794	-0.0034568666908076917	0.00046598954072019083	0.00044998774850291134	0.0032640595540351924	-0.002029063401831177	5.637257884893998e-05	-0.00715397956655095
-0.0007137353608039909	-0.0036440948894795877	0.0005283989402777856	0.00013794075071493772	0.002952012556247663	-0.002216291600503739	-6.844622026580538e-05	-0.007466026564338923
0.0005968620299032779	-0.003144819693019718	0.00034117074160477934	0.00044998774850291134	0.0026399655584605775	-0.0023411103996189286	-6.0368207090988335e-06	-0.007715664162568414
-0.0005889165616885794	-0.0030824102934621234	0.000840445938064871	0.00038757834894487253	0.0025775561589029827	-0.0017170164040436475	0.00011878197840609062	-0.007528435963896518
0.0005344526303456831	-0.003394457291250097	0.0012149023354099953	0.00026275954983012717	0.0020158715628857404	-0.0021538822009459224	-6.0368207090988335e-06	-0.00846457695725844
-0.0007137353608039909	-0.003207229092577313	0.0016517681323120481	0.00020035015027253245	0.0017662339646553615	-0.002403519799175635	-6.0368207090988335e-06	-0.009088670952833722
0.0006592714294608726	-0.0033320478916925023	0.0022134527283297345	0.00038757834894487253	0.0008925023708503677	-0.002029063401831177	-0.0001308556198238442	-0.009463127350178624
-0.0007137353608039909	-0.004268188885054869	0.002338271527444924	0.00038757834894487253	0.0006428647726204328	-0.001592197604928458	-6.0368207090988335e-06	-0.009899993147080899
0.0006592714294608726	-0.004642645282399771	0.0032744125208072905	0.00044998774850291134	0.0005804553730628381	-0.0011553318080264052	0.00011878197840609062	-0.010087221345753239
0.0007216808290184673	-0.005766014474434034	0.003836097116824533	0.0005123971480605061	0.00014358957616078527	-0.0010305130089116599	5.637257884893998e-05	-0.010711315341328076
-0.0006513259612461741	-0.006265289670894125	0.0037112783177097874	7.5531351157343e-05	-0.0006053232185290192	-0.0009681036093540651	-6.844622026580538e-05	-0.010898543540000416
0.0005968620299032779	-0.006514927269124504	0.003773687717267382	0.00038757834894487253	-0.0011045984149891108	-3.1962615991698584e-05	-6.844622026580538e-05	-0.010898543540000416
-0.0007137353608039909	-0.006577336668682099	0.004085734715054912	1.312195160063645e-05	-0.0020407394083510333	3.044678356589614e-05	-0.0001308556198238442	-0.011085771738673422
0.0006592714294608726	-0.00682697426691159	0.005084285107973985	0.00026275954983012717	-0.002540014604811125	3.044678356589614e-05	-6.0368207090988335e-06	-0.011335409336902913
-0.0005889165616885794	-0.0066397460682392495	0.0055835603044345206	0.00020035015027253245	-0.0032265179999435567	-0.000780875410681281	-6.0368207090988335e-06	-0.011709865734248037
0.0006592714294608726	-0.006702155467796844	0.006020426101336573	-4.9287447956958275e-05	-0.004349887191977819	-0.0006560566115667577	-0.00025567441893858955	-0.011834684533363005
-0.0007137353608039909	-0.007076611865141302	0.006769338896026822	0.0003251689493877219	-0.00459952479020842	-0.0003440096137792281	-6.844622026580538e-05	-0.011647456334690443
-0.0004016883630166834	-0.0072638400638140865	0.007767889288946561	0.0005123971480605061	-0.004537115390650381	-0.00021919081466403867	0.00030601017707865275	-0.011085771738673422
0.00034722443167334305	-0.008199981057176453	0.007331023492044064	-4.9287447956958275e-05	-0.005722893982243127	-0.0012801506071409285	-0.000380493218053779	-0.012209140930707685
-0.0006513259612461741	-0.008199981057176453	0.007892708088061307	7.5531351157343e-05	-0.0062221691787032185	-0.0005312378124515682	-0.00019326501938143892	-0.011522637535575253
0.0007216808290184673	-0.008199981057176453	0.007892708088061307	0.00038757834894487253	-0.006097350379588029	-0.000780875410681281	-6.844622026580538e-05	-0.010836134140442821
-0.0005889165616885794	-0.008075162258061264	0.008579211483193738	0.00026275954983012717	-0.0070334913729499515	-0.0007184660111241303	-0.0001308556198238442	-0.01058649654221333
0.0005968620299032779	-0.007763115260274178	0.008891258480980824	0.00020035015027253245	-0.007532766569409821	-0.0010929224084683664	-0.00019326501938143892	-0.009899993147080899
-0.0005889165616885794	-0.007451068262486427	0.007643070489831372	0.00038757834894487253	-0.0074703571698526705	-0.0012177412075835559	0.00011878197840609062	-0.009026261553275683
0.0007216808290184673	-0.006577336668682099	0.006082835500894168	-4.9287447956958275e-05	-0.007532766569409821	-0.002465929198733674	-0.0003180838184961843	-0.00933830855106299
0.0005968620299032779	-0.005766014474434034	0.0072686140924864695	0.00020035015027253245	-0.007657585368525233	-0.003464479591653191	-0.00025567441893858955	-0.009213489751948467
-0.00046409776257383406	-0.005641195675319732	0.007705479889388522	0.00044998774850291134	-0.0068462631742778335	-0.003339660792538446	0.00011878197840609062	-0.009463127350178624
0.00040963383123138186	-0.006951793066026557	0.00714379529337128	-4.9287447956958275e-05	-0.008032041765869913	-0.004088573587228472	-0.00044290261761092964	-0.010898543540000416
-0.0007137353608039909	-0.007575887061601616	0.008454392684078993	1.312195160063645e-05	-0.007532766569409821	-0.004650258183245715	-0.00019326501938143892	-0.015641657906370066
0.0004720432307880884	-0.008449618655406388	0.011450043862837989	1.312195160063645e-05	-0.009093001558347469	-0.004837486381918055	0.00036841957663624747	-0.016952255297077334
-0.00021446016434389925	-0.008387209255848793	0.02012495040132878	0.0006372159471750294	-0.015583579112325996	-0.006647358969085193	-0.0005053120171685244	-0.021695369663446096
0.00040963383123138186	-0.009822625445671251	0.02723962195088281	7.5531351157343e-05	-0.02045151227781039	-0.0061480837726253235	-0.0003180838184961843	-0.023005967054153365
-0.0006513259612461741	-0.0097602160461141	0.03809885747388564	0.00026275954983012717	-0.023509572856127203	-0.005211942779263179	-6.844622026580538e-05	-0.021320913266101416
-0.0010257823585915204	-0.010758766439033618	0.03653862248494799	-0.0004237438453023046	-0.02494498904594944	-0.007957956359792462	-0.0007549496153986812	-0.022943557654596214
0.00040963383123138186	-0.00876166565319414	0.03741235407875321	-0.000111696847514553	-0.02775341202603676	-0.008519640955809926	-0.0006301308162837138	-0.02306837645371096
-0.00046409776257383406	-0.014128874015138182	0.04178101204777773	-0.00017410624707192568	-0.028814371818513873	-0.005336761578377924	-0.0001308556198238442	-0.02319319525282615
0.00040963383123138186	-0.011944545030625697	0.044839072626094545	-0.0039810796200785425	-0.030000150410105952	-0.014011668116868936	-0.0005053120171685244	-0.014143832316990235
-0.0005889165616885794	-0.01500260560894251	0.012573413054872917	-0.002171207032911404	-0.016706948304361147	-0.012763480125719262	-0.0007549496153986812	-0.01576647670548459
0.00040963383123138186	-0.0199329481739845	-0.03055148203935154	-0.002233616432469443	0.01505943607040039	0.02774022018709066	0.0005556477753085876	0.013066665890075102
-0.0003392789634590887	-0.0017718129027552987	-0.016821414136704016	-0.19607721145802803	0.004512247545185311	0.009204628518516333	-0.0001308556198238442	0.0009592423759219315
0.0004720432307880884	-0.010758766439033618	0.008641620882751333	-0.06564156638287733	-0.010528417748169927	-0.00926855375049973	-0.000380493218053779	-0.015142382709910196
0.0007840902285756179	-0.02392714974566368	-0.007522413602638389	-0.027509423253251786	-0.012587927933566334	0.000280084381796053	5.637257884893998e-05	-0.008526986356816035
-0.0007761447603611416	-0.03378783487574699	-0.037603744189347754	-0.004605173615653824	-0.009717095553921862	0.01744266926010507	-0.0005677214167261191	-0.009026261553275683
0.00040963383123138186	-0.026049069330618124	-0.039476026176072265	-0.0006733814435322394	-0.008219269964542697	0.006833071335332397	-0.0007549496153986812	-0.007715664162568414
-0.0007761447603611416	-0.01968331057575412	-0.016446957739359114	-0.0006109720439746447	-0.0068462631742778335	-0.012014567331029236	-0.0006925402158413085	-0.016889845897519296
0.0007840902285756179	-0.009385759648768977	-0.007210366604851082	-0.001359884838664227	-0.013336840728256805	-0.017319366293416127	-0.0003180838184961843	-0.012396369129380025
-0.0005889165616885794	-0.009510578447883722	-0.009145057991132743	-0.00304493862671662	-0.016457310706131212	-0.010329513542976843	-0.0006301308162837138	-0.013644557120530143
0.0004720432307880884	-0.009136122050538598	-0.012452756167679935	-0.019458610710335833	-0.010029142551709835	-0.018505144885007985	-0.0005677214167261191	-0.01713948349574923
-0.0007137353608039909	-0.007388658862929276	-0.00421471542609142	-0.025387503668297784	-0.012587927933566334	-0.016195997101380755	-0.0005677214167261191	-0.01795080568999685
-0.0005265071621314288	-0.012194182628855632	-0.0063990444106034605	-0.0004237438453023046	-0.02051392167736754	-0.010329513542976843	-0.0005053120171685244	-0.01807562448911182
0.0006592714294608726	-0.011445269834165606	-0.0021552052406943467	-0.000111696847514553	-0.026255586436657152	-0.009206144350942358	-0.0005677214167261191	-0.01876212788424403
-0.0007761447603611416	-0.014378511613367673	0.008953667880538863	-0.0004237438453023046	-0.026255586436657152	-0.014261305715098871	-0.0006301308162837138	-0.02194500726167603
0.0005968620299032779	-0.019059216580179728	0.012573413054872917	-0.000111696847514553	-0.025569083041524276	-0.014635762112443551	-0.0005053120171685244	-0.02182018846256084
-0.0007137353608039909	-0.028170988915572792	0.0020262245296576165	-0.00029892504618711513	-0.026005948838426773	-0.0035892983907683806	-0.00044290261761092964	-0.020010315875394147
0.0007216808290184673	-0.03516084166601119	-0.008333735796885566	-0.000111696847514553	-0.03530494937249262	-0.003339660792538446	-0.0006925402158413085	-0.022631510656808462
-0.0006513259612461741	-0.027359666721325393	0.006519701297796443	-0.0004861532448594552	-0.03199725119594543	-0.02212489005934226	-0.0007549496153986812	-0.027000168625832544
0.0005344526303456831	-0.01331755182089056	0.024868064767697984	-4.9287447956958275e-05	-0.03430639897957266	-0.01694490989607078	-0.000380493218053779	-0.0280611284183101
0.0005968620299032779	-0.02061945156911693	0.02430638017168052	-0.00029892504618711513	-0.034868083575590125	-0.012701070726161667	-0.0007549496153986812	-0.019823087676721363
-0.0007137353608039909	-0.01724934399301259	0.005333922706204142	-0.0004861532448594552	-0.028003049624266252	-0.016008768902708415	-0.0006925402158413085	-0.020821638069641324
0.0005344526303456831	-0.021742820761151194	-0.012452756167679935	-0.00023651564662974245	-0.024133666851701818	-0.008644459754924894	-0.0006925402158413085	-0.022007416661233625
-0.0005889165616885794	-0.034536747670436574	-0.015573226145554342	-0.00023651564662974245	-0.018766458489757998	0.001528272372945949	-0.00044290261761092964	-0.01576647670548459
0.0007840902285756179	-0.03615939205893137	-0.025496320675195028	1.312195160063645e-05	-0.012338290335336621	0.005834520942412436	-0.00025567441893858955	-0.01820044328822701
-0.00046409776257383406	-0.024301606143008803	-0.031175576034926378	-4.9287447956958275e-05	-0.011214921143301915	-0.0019666540022735823	-0.0007549496153986812	-0.018013215089554224
0.0004720432307880884	-0.030043270902297525	-0.028429562454396873	-0.0004861532448594552	-0.017331042299936428	-0.0009681036093540651	-0.0006925402158413085	-0.019074174882031336
-0.0007761447603611416	-0.034536747670436574	-0.022188622498647836	-0.00023651564662974245	-0.016207673107901055	-0.008956506752712423	-0.0006925402158413085	-0.01807562448911182
-0.00046409776257383406	-0.03079218369698733	-0.030988347836253816	-0.000111696847514553	-0.017767908096838037	-0.0025907479978484194	-0.000380493218053779	-0.01876212788424403
0.0004720432307880884	-0.027110029123095458	-0.028616790653069213	-0.0004237438453023046	-0.01988982768179315	-0.006834587167757533	-0.0008173590149562759	-0.018512490286014094
-0.0006513259612461741	-0.021555592562478854	-0.017757555130066383	-0.0004861532448594552	-0.02276066006143762	-0.018317916686335645	-0.0006301308162837138	-0.01726430229486442
0.0004720432307880884	-0.021181136165134173	-0.015323588547324407	-0.0004861532448594552	-0.019078505487545527	-0.018942010681910926	-0.001004587213628616	-0.02512788663910781
-0.0004016883630166834	-0.01781102858902961	-0.01001878958493796	-0.00023651564662974245	-0.028315096622054003	-0.018817191882795736	-0.0009421778140705772	-0.024316564444860633
0.00040963383123138186	-0.023615102747876593	-0.008645782794672652	-0.0005485626444170499	-0.02681727103267395	-0.021688024262439987	-0.0006301308162837138	-0.028435584815655
-0.0005889165616885794	-0.01812307558681736	-0.014637085152191975	-0.00036133444574470985	-0.02488257964639229	-0.023373078050491936	-0.0007549496153986812	-0.027062578025390138
0.0005344526303456831	-0.021680411361594043	-0.021065253306612686	-0.0006733814435322394	-0.02482017024683425	-0.013137936523063942	-0.0009421778140705772	-0.025003067839993287
0.0007216808290184673	-0.02879508291114763	-0.02543391127563721	-0.0004237438453023046	-0.026692452233559205	-0.013137936523063942	-0.0007549496153986812	-0.02462861144264772
-0.0007137353608039909	-0.027546894919998177	-0.022313441297763026	-0.0005485626444170499	-0.026068358237984368	-0.018442735485450834	-0.0008797684145138707	-0.026563302828930047
0.0006592714294608726	-0.02642352572796325	-0.02137730030440066	-0.00036133444574470985	-0.02525703604373719	-0.021313567865095306	-0.0007549496153986812	-0.028560403614769747
-0.0005889165616885794	-0.02411437794433602	-0.02256307889599274	-0.0006109720439746447	-0.026068358237984368	-0.021375977264652457	-0.0008173590149562759	-0.02288114825503862
0.00040963383123138186	-0.025112928337256202	-0.022875125893780712	-0.0006733814435322394	-0.02906400941674403	-0.021812843061554732	-0.0007549496153986812	-0.02575198063468287
-0.0005265071621314288	-0.02411437794433602	-0.020253931112365953	-0.0004861532448594552	-0.036178680966297616	-0.021313567865095306	-0.0012542248118585508	-0.030183048003264545
0.0002848150321161924	-0.029419176906722466	-0.015323588547324407	-0.0007357908430898341	-0.03193484179638828	-0.020439836271290535	-0.0009421778140705772	-0.032679423985563893
-0.0005889165616885794	-0.028358217114245132	-0.02593318647209708	-0.0006733814435322394	-0.03324543918709533	-0.02455885664208446	-0.0011294060127433614	-0.03174328299220175
-0.00046409776257383406	-0.027172438522653053	-0.02768064965970707	-0.0006109720439746447	-0.022198975465419934	-0.023809943847394655	-0.0007549496153986812	-0.02812353781786725
0.0004720432307880884	-0.02979363330406759	-0.03953843557562986	-0.0008606096422041354	-0.021450062670729908	-0.020502245670847685	-0.0011294060127433614	-0.028872450612557277
-0.0006513259612461741	-0.023490283948761403	-0.04602901312960861	-0.0006109720439746447	-0.019016096087987933	-0.0239347626465094	-0.0009421778140705772	-0.024691020842205758
0.0005968620299032779	-0.025549794134158255	-0.04865020791102315	-0.0005485626444170499	-0.01714381410126342	-0.022312118258014824	-0.0008797684145138707	-0.025439933636894896
-0.0007137353608039909	-0.02617388812973309	-0.04958634890438551	-0.0007357908430898341	-0.021262834472058012	-0.016383225300053317	-0.0010669966131857667	-0.02693775922627495
0.0004720432307880884	-0.027422076120882988	-0.023936085686257602	-0.0009230190417626183	-0.02912641881630118	-0.02905233341022373	-0.0007549496153986812	-0.030183048003264545
-0.0006513259612461741	-0.02698521032398049	-0.010268427183167894	-0.0017343412360093513	-0.029875331610991207	-0.014885399710673708	-0.0007549496153986812	-0.027998719018752505
0.0007216808290184673	-0.02848303591336032	-0.03167485123138625	-0.0005485626444170499	-0.03380712378311279	-0.002403519799175635	-0.0007549496153986812	-0.02344283285105564
0.0004720432307880884	-0.0398415466328228	-0.02736860266191954	-0.0007982002426469847	-0.027628593226921128	-0.011640110933684333	-0.0011294060127433614	-0.02319319525282615
-0.0005265071621314288	-0.022741371154071377	-0.0385398851827099	-0.003856260820963797	-0.017705498697280664	-0.02262416525580213	-0.0005053120171685244	-0.02874763181344231
0.00034722443167334305	-0.013255142421333188	-0.03092593843669622	-0.001172656639991887	-0.02488257964639229	-0.028865105211551167	-0.0012542248118585508	-0.024503792643533417
-0.0006513259612461741	-0.024676062540353483	-0.021439709703958254	-0.008349737589103068	-0.021013196873827633	-0.01682009109695559	-0.0008173590149562759	-0.024503792643533417
0.0002848150321161924	-0.024925700138583196	-0.024872226679620413	-0.004854811213883314	-0.023010297659667556	-0.020564655070405058	-0.00019326501938143892	-0.021757779063003246
-0.000276869563901494	-0.024301606143008803	-0.03367195201722595	-0.0005485626444170499	-0.02063874047648273	-0.007645909362004932	-0.0009421778140705772	-0.023005967054153365
0.0004720432307880884	-0.033226150279729305	-0.043782274745539196	-0.007226368397068139	-0.024695351447719505	-0.006959405966872501	-0.0008173590149562759	-0.021508141464773756
-0.0005265071621314288	-0.03016808970141227	-0.014262628754847073	-0.008911422185120532	-0.02631799583621386	-0.02224970885845745	-0.0008797684145138707	-0.024566202043090568
-0.0005265071621314288	-0.023989559145221273	-0.014137809955731884	-0.0027328916289293126	-0.02712931803046148	-0.025869454032791728	-0.0005677214167261191	-0.02943413520857474
0.0005344526303456831	-0.021181136165134173	-0.020690796909268228	-0.0050420394125558765	-0.029251237615416148	-0.02624391043013663	-0.0009421778140705772	-0.0236300610497282
-0.0007761447603611416	-0.013130323622217999	-0.03535700580527812	-0.008973831584678127	-0.0203266934786952	-0.030612568399160933	-0.0010669966131857667	-0.020821638069641324
0.0009713184272481801	-0.016937296995224838	-0.04159794576102693	-0.017586328723611322	-0.015209122714981094	-0.020502245670847685	-0.00044290261761092964	-0.021508141464773756
-0.0009009635594758869	-0.01843512258460489	-0.01607250134201421	-0.10327443431604277	-0.011901424538433902	-0.023061031052704628	-0.0008797684145138707	-0.026438484029814857
0.0005344526303456831	-0.016063565401420066	-0.010330836582725045	-0.03225253761962121	-0.02444571384948957	-0.026992823224826434	-0.001004587213628616	-0.026688121628045236
-0.0006513259612461741	-0.025737022332830595	-0.02618282407032746	-0.060960861416065715	-0.02276066006143762	-0.01419889631554172	-0.0008797684145138707	-0.018512490286014094
0.0005344526303456831	-0.03559770746291391	-0.04265890555350427	-0.07281864733198873	-0.014772256918078819	-0.018005869688548115	-0.0006301308162837138	-0.017451530493537426
0.0004720432307880884	-0.03160350589123473	-0.05351814107650732	-0.07469092931871324	-0.012275880935779027	-0.017756232090317958	-0.001004587213628616	-0.019198993681146526
-0.00046409776257383406	-0.013754417617792836	-0.03604350920041055	-0.08024536587932984	-0.01988982768179315	-0.03186075639031061	-0.0006301308162837138	-0.019386221879818866
0.00034722443167334305	-0.01918403537929403	-0.012265527969007595	-0.041114672356784565	-0.030062559809663547	-0.04565323369251573	-0.0013166342114157015	-0.02581439003424002
-0.0007137353608039909	-0.026361116328405654	-0.02137730030440066	-0.010846113571402638	-0.030437016207008227	-0.041659032120836104	-0.0011294060127433614	-0.02575198063468287
0.0005344526303456831	-0.02236691475672603	-0.04034975776987704	-0.0603367674204911	-0.02644281463532905	-0.030612568399160933	-0.0006301308162837138	-0.013582147720972548
-0.0005265071621314288	-0.025549794134158255	-0.04833816091323562	-0.13354299310142492	-0.017518270498608324	-0.01607117830226601	-0.0011918154123009561	-0.022257054259462894
0.00040963383123138186	-0.02661075392663559	-0.054766329067657216	-0.005790952207246125	-0.03480567417603253	-0.027117642023941402	-0.0011918154123009561	-0.03224255818866162
-0.0005889165616885794	-0.03235241868592453	-0.015261179147767034	-0.008412146988660218	-0.041857936326028744	-0.03354581017836278	-0.0011918154123009561	-0.034177249574943724
-0.00046409776257383406	-0.028919901710262597	-0.02593318647209708	-0.029943389835993983	-0.0396736073415167	-0.021875252461112327	-0.0008173590149562759	-0.037172900753703386
0.0004720432307880884	-0.035410479264241346	-0.03217412642784612	-0.030817121429798977	-0.043542990114080915	-0.016445634699611134	-0.0013166342114157015	-0.03779699474927822
-0.0008385541599191804	-0.038218902244328445	-0.02736860266191954	-0.029444114639534114	-0.03961119794195911	-0.023809943847394655	-0.0015038624100887077	-0.037360128952375504
0.0009089090276912515	-0.038718177440788315	-0.031612441831828875	-0.007351187196183329	-0.03761409715611963	-0.022312118258014824	-0.0005677214167261191	-0.03561266576476618
-0.0009633729590339257	-0.03859335864167335	-0.04203481155792943	-0.0077880529930858255	-0.03474326477647516	-0.021126339666422522	-0.0013166342114157015	-0.027062578025390138
0.0004720432307880884	-0.02979363330406759	-0.04896225490881023	-0.06776348596783222	-0.03012496920922092	-0.0165704534987261	-0.0013166342114157015	-0.032679423985563893
-0.0007137353608039909	-0.029356767507165094	-0.04790129511633312	-0.005915771006361092	-0.03830060055125184	-0.02287380285403251	-0.0011294060127433614	-0.0390451827404279
0.0006592714294608726	-0.03634662025760371	-0.01869369612342875	-0.018709697915646695	-0.040547338935321475	-0.0239347626465094	-0.0011294060127433614	-0.041853605720515
0.0006592714294608726	-0.03815649284477085	-0.03423363661324341	-0.020644389301927912	-0.03942396974328677	-0.010953607538552124	-0.0009421778140705772	-0.03760976655060566
-0.0004016883630166834	-0.03903022443857562	-0.03641796559775545	-0.07587670791030532	-0.03748927835700466	0.002339594567193126	-0.0007549496153986812	-0.031618464193087004
0.00022240563255881973	-0.044709479798307195	-0.02474740788050478	-0.03337590681165592	-0.04123384233045391	-0.012950708324391602	-0.0015662718096458583	-0.03798422294795056
-0.0006513259612461741	-0.037906855246540916	-0.010081198984495554	-0.10339925311515774	-0.03474326477647516	-0.012888298924834007	-0.001004587213628616	-0.0465967200868842
0.0005968620299032779	-0.04102732522441532	-0.013326487761484707	-0.027509423253251786	-0.04928465487337008	-0.015072627909346048	-0.0008173590149562759	-0.041666377521842435
-0.0004016883630166834	-0.04108973462397292	-0.016259729540687218	-0.005416495809901001	-0.048847789076467585	-0.025619816434561793	-0.0015662718096458583	-0.045348532095734084
0.00034722443167334305	-0.037345170650523674	-0.019505018317675926	-0.006290227403706217	-0.04460394990655825	-0.018692373083680325	-0.0015038624100887077	-0.04478684749971684
-0.0008385541599191804	-0.045895258389899496	-0.020815615708383417	-0.01171984516520741	-0.046351413094168015	-0.017256956893858533	-0.0012542248118585508	-0.04328902191033701
-0.0007137353608039909	-0.04227551321556522	-0.025808367672982335	-0.016962234728036707	-0.046913097690185035	-0.018442735485450834	-0.0012542248118585508	-0.04235288091697442
0.0005968620299032779	-0.0450215267960945	-0.02474740788050478	-0.03156603422448878	-0.04959670187115761	-0.0135123929204084	-0.0013790436109732962	-0.04110469292582497
-0.0008385541599191804	-0.043086835409812396	-0.008458554596000756	-0.06021194862137613	-0.05140657445832453	-0.015135037308903643	-0.0013790436109732962	-0.04235288091697442
0.0009089090276912515	-0.04776754037662401	0.005333922706204142	-0.019521020109893428	-0.056836192219826165	-0.02006537987394519	-0.0006925402158413085	-0.03292906158379383
-0.0009009635594758869	-0.034411928871321606	0.02037458799955938	-0.0009854284413193248	-0.044915996904346	-0.009330963150057325	-0.0011294060127433614	-0.046347082488654046
0.0008464996281329906	-0.043523701206715115	0.007518251690716182	-0.004105898419194176	0.06342672072745414	0.08166194140476035	0.0028647955589358176	0.06630188371261259
-0.0004016883630166834	0.06531829162154512	0.1357071583817977	-0.2202296490867761	-0.055525594829118896	-0.007957956359792462	-0.00044290261761092964	-0.034177249574943724
0.0007216808290184673	-0.0352856604651266	0.04390293163273218	-0.13460395289390226	-0.06451254836539722	-0.017881050889432926	-0.0008797684145138707	-0.04459961930104428
0.0006592714294608726	-0.043898157604059795	0.039908730061052555	-0.11407126043948845	-0.07424841469636534	-0.020814292668634993	-0.0011294060127433614	-0.04591021669175155
-0.0004016883630166834	-0.04851645317131403	0.048521227199986194	-0.08411474865189406	-0.0854821066167133	-0.026119091631021663	-0.0008173590149562759	-0.052026337848385396
0.0004720432307880884	-0.059001232296972184	0.044963891425209734	-0.0012350660395499258	-0.09765193953042361	-0.03504363576774239	-0.0015662718096458583	-0.06625568094749301
-0.0005889165616885794	-0.05950050749343161	0.04178101204777773	-0.001172656639991887	-0.09434424135387665	-0.041346985123048796	-0.001441453010530891	-0.07324553369793141
0.0008464996281329906	-0.05057596335671111	0.007331023492044064	-0.0011102472404345143	-0.07811779746892933	-0.05726138201020814	-0.0020031376065481332	-0.06744145953908509
-0.0007761447603611416	-0.04489670799697976	-0.037603744189347754	-0.0016719318364517566	-0.04772441988443288	-0.04995948226198221	-0.002065547006105728	-0.05826727780413443
0.0004720432307880884	-0.050014278760693864	-0.06325400740747522	-0.001609522436894606	-0.04516563450257571	-0.04390577050490574	-0.001878318807433832	-0.0572063180116571
-0.0006513259612461741	-0.05625521871644268	-0.0421596303570444	-0.001609522436894606	-0.05577523242734883	-0.04590287129074544	-0.002065547006105728	-0.05795523080634668
-0.0005265071621314288	-0.055381487122637685	-0.018319239726083847	-0.001359884838664227	-0.06763301834327162	-0.04421781750269327	-0.001628681209203009	-0.061637385380238996
0.0005344526303456831	-0.05382125213370048	-0.022812716494223118	-0.001359884838664227	-0.0716272199149508	-0.046526965286320277	-0.001878318807433832	-0.06176220417935352
-0.0005265071621314288	-0.054070889731930416	-0.04609142252916598	-0.0012350660395499258	-0.06182894418442508	-0.047712743877912356	-0.001628681209203009	-0.06126292898289365
0.0005344526303456831	-0.057378587908477385	-0.06375328260393531	-0.0015471130373370112	-0.05296680944726173	-0.04827442847393004	-0.002065547006105728	-0.05814245900501924
-0.0007137353608039909	-0.05719135970980482	-0.07043108835658662	-0.001796750635566946	-0.04928465487337008	-0.04802479087570011	-0.00225277520477829	-0.05895378119926642
0.00034722443167334305	-0.05575594351998281	-0.06443978599906774	-0.001796750635566946	-0.06164171598575252	-0.04896093186906225	-0.002065547006105728	-0.06088847258554875
-0.0009009635594758869	-0.054382936729717724	-0.05114658389332272	-0.002171207032911404	-0.06557350815787433	-0.04677660288455021	-0.002315184604335885	-0.06088847258554875
9.758683344340824e-05	-0.05488221192617759	-0.04790129511633312	-0.0016719318364517566	-0.05789715201230328	-0.042470354315083725	-0.0017535000083186425	-0.05708149921254191
0.0006592714294608726	-0.05313474873856827	-0.054454282069869686	-0.001359884838664227	-0.05109452746053722	-0.04091011932614652	-0.0016910906087610478	-0.055146807826260025
-0.0009633729590339257	-0.05163692314918844	-0.05726270504995634	-0.001983978834239508	-0.04866056087779502	-0.04215830731729597	-0.002065547006105728	-0.054148257433340063
0.00040963383123138186	-0.04914054716688887	-0.055140785465001896	-0.0016719318364517566	-0.04915983607425489	-0.043156857710215935	-0.0020031376065481332	-0.05377380103599494
-0.0006513259612461741	-0.04770513097706641	-0.05077212749597759	-0.0014222942382222659	-0.050844889862307285	-0.04190866971906604	-0.0016910906087610478	-0.052213566047057736
0.0005968620299032779	-0.048641271970429	-0.04634106012739592	-0.001359884838664227	-0.0519058496547844	-0.03984915953366874	-0.001628681209203009	-0.051152606254580624
-0.0006513259612461741	-0.0478299497761816	-0.04640346952695373	-0.0014222942382222659	-0.04672586949151292	-0.03741519295092699	-0.0016910906087610478	-0.04990441826343073
0.0004720432307880884	-0.045458392592997	-0.04684033532385601	-0.0014222942382222659	-0.044728768705673216	-0.036728689555794336	-0.0015662718096458583	-0.04840659267405112
-0.0007137353608039909	-0.0446470703987496	-0.0449056439375739	-0.0015471130373370112	-0.04429190290877072	-0.03691591775446712	-0.001878318807433832	-0.04747045168068875
-0.0005889165616885794	-0.04183864741866272	-0.04571696613182108	-0.0012350660395499258	-0.04179552692647137	-0.03404508537482265	-0.0013790436109732962	-0.04541094149529168
0.0004720432307880884	-0.04183864741866272	-0.04503046273668865	-0.001172656639991887	-0.04079697653355163	-0.031236662394735548	-0.0015662718096458583	-0.043913115905911626
-0.0004016883630166834	-0.040715278226628016	-0.0420972209574868	-0.0006733814435322394	-0.038862285147269304	-0.028365830015091076	-0.0009421778140705772	-0.04147914932316965
0.00040963383123138186	-0.03965431843415068	-0.03997530137253236	-0.001172656639991887	-0.03830060055125184	-0.028677877012878605	-0.0015662718096458583	-0.040355780131135166
-0.0007137353608039909	-0.0369083048536214	-0.037291697191560225	-0.0012350660395499258	-0.036553137363642296	-0.028989924010666135	-0.0013790436109732962	-0.0389827733408703
0.0005344526303456831	-0.03497361346733907	-0.03573146220262302	-0.0009230190417626183	-0.03230929819373296	-0.026493548028366343	-0.0008173590149562759	-0.036860853755915635
-0.00046409776257383406	-0.03360060667707421	-0.03504495880749081	-0.0007357908430898341	-0.030686653805238384	-0.024995722438986734	-0.0011294060127433614	-0.03573748456388093
0.0005344526303456831	-0.03241482808548213	-0.03317267682076608	-0.0006109720439746447	-0.029563284613203678	-0.023061031052704628	-0.0008797684145138707	-0.03411484017538635
0.0004720432307880884	-0.030729774297429735	-0.03130039483404157	-0.0007982002426469847	-0.029188828215858553	-0.022374527657572196	-0.0011294060127433614	-0.03317869918202421
-0.0007137353608039909	-0.02879508291114763	-0.029615341045989174	-0.0009230190417626183	-0.02756618382736442	-0.021500796063767424	-0.0011294060127433614	-0.031868101791316716
0.0007216808290184673	-0.027921351317342857	-0.028429562454396873	-0.00029892504618711513	-0.025506673641966682	-0.02025260807261753	-0.0005677214167261191	-0.03061991380016682
-0.0009009635594758869	-0.027484485520440582	-0.029552931646432024	-0.0009854284413193248	-0.02450812324904672	-0.01994056107483022	-0.0012542248118585508	-0.028622813014327342
0.0006592714294608726	-0.026673163326193405	-0.029365703447759017	-0.0005485626444170499	-0.02294788826010996	-0.018380326085892795	-0.0008797684145138707	-0.02756185322185023
-0.0006513259612461741	-0.02592425053150338	-0.028117515456609343	-0.0005485626444170499	-0.021387653271172757	-0.016508044099168506	-0.0005677214167261191	-0.026812940427160203
0.0008464996281329906	-0.024738471939910855	-0.02593318647209708	-0.0007357908430898341	-0.020950787474269816	-0.016258406500938793	-0.0010669966131857667	-0.02606402763247062
-0.0008385541599191804	-0.02411437794433602	-0.02374885748758504	-0.00029892504618711513	-0.019328143085775462	-0.015259856108018832	-0.0006925402158413085	-0.025003067839993287
-0.0005265071621314288	-0.022054867758938945	-0.02343681048979751	-0.00023651564662974245	-0.017767908096838037	-0.014011668116868936	-0.00044290261761092964	-0.02381728924840054
0.00040963383123138186	-0.021742820761151194	-0.02368644808802789	-0.0009230190417626183	-0.017206223500821016	-0.01357480231996644	-0.001004587213628616	-0.02288114825503862
-0.0007761447603611416	-0.019870538774426905	-0.022063803699532647	-0.005541314609015746	-0.015583579112325996	-0.01220179552970202	-0.0006925402158413085	-0.0216329602638885
0.0007840902285756179	-0.018996807180622133	-0.019817065315463456	-0.008661784586890597	-0.014522619319849106	-0.011640110933684333	-0.0003180838184961843	-0.020010315875394147
-0.0007137353608039909	-0.017374162792127334	-0.017882373929181128	-0.021580530295290723	-0.01346165952737155	-0.010828788739436934	-0.000380493218053779	-0.016889845897519296
0.0005968620299032779	-0.014877786809827764	-0.014949132149979949	-0.04741802171209053	-0.009093001558347469	-0.007333862364217625	-0.00025567441893858955	-0.015953704904157373
-0.0005265071621314288	-0.014128874015138182	-0.014637085152191975	-0.008973831584678127	-0.012275880935779027	-0.009830238346517195	-0.0006301308162837138	-0.0184500808864565
0.00040963383123138186	-0.016812478196110092	-0.016759004737146643	-0.017773556922283884	-0.010653236547284672	-0.008270003357579991	-0.0003180838184961843	-0.016640208299289805
0.0004720432307880884	-0.014690558611155202	-0.01607250134201421	-0.025137866070067405	-0.010153961350824803	-0.008332412757137142	-0.0006925402158413085	-0.017014664696634485
-0.0006513259612461741	-0.014877786809827764	-0.015448407346439597	-0.01814801331962901	-0.010216370750381953	-0.007957956359792462	-0.000380493218053779	-0.01676502709840455
0.0005968620299032779	-0.015252243207172889	-0.015573226145554342	-0.00984756317848312	-0.010715645946841823	-0.00820759395802284	-0.0003180838184961843	-0.01676502709840455
-0.0006513259612461741	-0.010009853644343591	-0.010580474180955424	-0.07818585569393277	-0.004911571787995506	-0.003526888991210786	-0.00025567441893858955	-0.014268651116104536
0.0007840902285756179	-0.012506229626643384	-0.013139259562812367	-0.034124819606345724	-0.007657585368525233	-0.0061480837726253235	-0.0005677214167261191	-0.01589129550459978
-0.0007761447603611416	-0.014316102213810078	-0.01488672275042191	-0.010097200776713056	-0.009717095553921862	-0.007895546960235311	-0.000380493218053779	-0.016016114303714524
0.0005968620299032779	-0.014066464615580587	-0.014387447553961819	-0.0024832540306993778	-0.010153961350824803	-0.008082775158907651	-0.000380493218053779	-0.01607852370327212
-0.0005889165616885794	-0.014128874015138182	-0.014512266353076786	-0.0014847036377794165	-0.010091551951267208	-0.008082775158907651	-0.00025567441893858955	-0.016140933102830157
-0.0007137353608039909	-0.014128874015138182	-0.014449856953519857	-0.0010478378408769196	-0.010153961350824803	-0.008145184558464802	-0.0005053120171685244	-0.016203342502386864
0.0007216808290184673	-0.013879236416908025	-0.014262628754847073	-0.00029892504618711513	-0.009841914353037051	-0.007708318761562749	-0.0003180838184961843	-0.015704067305926994
-0.00046409776257383406	-0.013816827017350208	-0.014325038154404224	-4.9287447956958275e-05	-0.009342639156577626	-0.006959405966872501	-6.844622026580538e-05	-0.015079973310352601
0.0002848150321161924	-0.014316102213810078	-0.015198769748209218	-0.0007357908430898341	-0.009841914353037051	-0.007521090562889965	-0.0006301308162837138	-0.015329610908582092
-0.0007137353608039909	-0.013816827017350208	-0.014512266353076786	-0.0007982002426469847	-0.009217820357461992	-0.007146634165545285	-0.00025567441893858955	-0.014393469915219725
0.0006592714294608726	-0.012818276624430469	-0.013076850163254328	-0.008661784586890597	-0.0017286924105639478	-0.0011553318080264052	5.637257884893998e-05	-0.00858939575637363
-0.0005889165616885794	-0.007076611865141302	-0.006711091408391212	-0.007725643593528231	-0.007907222966754723	-0.006272902571740513	-0.00025567441893858955	-0.014081422917432418
0.0006592714294608726	-0.012131773229298037	-0.01220311856945	-0.006789502600165864	-0.007782404167640422	-0.005898446174395611	-0.00025567441893858955	-0.013207691323627424
0.0006592714294608726	-0.012194182628855632	-0.012265527969007595	-0.00036133444574470985	-0.007907222966754723	-0.006335311971298108	-0.00019326501938143892	-0.013769375919645332
-0.0006513259612461741	-0.011882135631068547	-0.012140709169892405	-0.0010478378408769196	-0.007844813567197573	-0.006460130770412409	-0.0003180838184961843	-0.014268651116104536
0.0007216808290184673	-0.011757316831953357	-0.011641433973432758	-0.0006733814435322394	-0.007719994768082827	-0.006085674373067951	-0.00025567441893858955	-0.013894194718760078
-0.0004016883630166834	-0.01132045103505086	-0.011079749377415071	-0.0004861532448594552	-0.00728312897118033	-0.005211942779263179	5.637257884893998e-05	-0.013582147720972548
0.00022240563255881973	-0.01157008863328124	-0.011766252772547947	-0.0018591600351243187	-0.007719994768082827	-0.00621049317218314	-0.00019326501938143892	-0.01227155033026528
-0.0005265071621314288	-0.01094599463770618	-0.011017339977857477	-0.0006733814435322394	-0.006471806776933153	-0.00527435217882033	-0.0003180838184961843	-0.012708416127167332
0.0006592714294608726	-0.01082117583859099	-0.010954930578299882	-0.00036133444574470985	-0.00653421617648986	-0.004712667582803309	5.637257884893998e-05	-0.0118970939329206
-0.0005889165616885794	-0.01094599463770618	-0.010268427183167894	-0.007413596595740923	-0.006409397377375559	-0.004712667582803309	-0.000380493218053779	-0.011959503332478194
-0.0005265071621314288	-0.010321900642130899	-0.0102060177836103	-0.0007357908430898341	-0.006284578578260369	-0.004712667582803309	-6.844622026580538e-05	-0.01227155033026528
0.0005968620299032779	-0.010883585238148807	-0.010143608384052705	-0.00029892504618711513	-0.0062221691787032185	-0.00446302998457293	-0.00019326501938143892	-0.012521187928495214
-0.0008385541599191804	-0.010509128840803683	-0.010081198984495554	-0.0006109720439746447	-0.006284578578260369	-0.003901345388555688	-0.0005053120171685244	-0.011335409336902913
0.0005344526303456831	-0.009822625445671251	-0.00995638018537992	-0.0004861532448594552	-0.0055980751831283815	-0.004899895781475649	-0.0003180838184961843	-0.010898543540000416
-0.0005889165616885794	-0.009635397246998467	-0.009519514388477868	-0.0006733814435322394	-0.005410846984455597	-0.0038389359889985375	0.00011878197840609062	-0.009775174347966153
0.0007840902285756179	-0.009323350249211382	-0.009020239192017998	-0.0012974754391066323	-0.001666283011005909	-0.0014673788058137127	-0.00025567441893858955	-0.008214939359028506
-0.0007761447603611416	-0.006202880271336975	-0.006086997412815931	-0.03256458461740852	-0.0026648334039258703	-0.0019666540022735823	-0.00019326501938143892	-0.009151080352390872
0.0005344526303456831	-0.007139021264699341	-0.0022176146402519414	-0.07568947971163298	0.0015165963664260929	0.0017155005716180671	0.0004308289761933981	-0.005219288180269288
0.00040963383123138186	-0.007451068262486427	-0.006523863209718206	-0.021518120895733128	-0.002976880401713622	-0.00227870100006089	-0.000380493218053779	-0.009712764948408559
-0.0007137353608039909	-0.007513477662044021	-0.006960729006620703	-0.01621332193334668	-0.003164108600385962	-0.0019042446027164317	-0.00019326501938143892	-0.008339758158143695
0.0005344526303456831	-0.007763115260274178	-0.007584823002195984	-0.006352636803263367	-0.003413746198615897	-0.0025283385982912687	-0.00019326501938143892	-0.008901442754160938
-0.0004016883630166834	-0.005641195675319732	-0.005275675218568754	-0.027946289050154727	-0.001042189015431516	-0.0006560566115667577	0.00030601017707865275	-0.007840482961683826
0.0004720432307880884	-0.005516376876204543	-0.004401943624763982	-0.0361843297917428	-0.0009173702163167707	-0.0009056942097964704	-6.844622026580538e-05	-0.006966751367878832
-0.0006513259612461741	-0.0053915580770897975	-0.003965077827861041	-0.03206530942094865	0.0019534621633277016	0.0019027287702908513	0.00036841957663624747	-0.00465760358425138
0.0007216808290184673	-0.0028327726952324106	-0.001655930044234255	-0.029319295840419368	-0.0009797796158739214	-9.437201554884922e-05	-0.000380493218053779	-0.006467476171418962
-0.0009009635594758869	-0.005766014474434034	-0.004901218821223852	-0.030193027434223918	-0.0002932762207414896	0.00021767498223845827	5.637257884893998e-05	-0.00609301977407406
-0.0006513259612461741	-0.005453967476646948	-0.0051508564194540085	-0.019708248308566212	-0.0007925514172011372	-0.00015678141510644394	-6.844622026580538e-05	-0.006592294970534152
0.0007216808290184673	-0.005828423873992072	-0.004963628220781224	-0.010034791377155461	-0.0011670078145462615	-0.0011553318080264052	0.00011878197840609062	-0.00858939575637363
-0.0006513259612461741	-0.005453967476646948	-0.0037154402296315503	-0.023452812282015456	-0.0005429138189714244	3.044678356589614e-05	-6.844622026580538e-05	-0.0070291607674364265
0.0006592714294608726	-0.0036440948894795877	-0.002092795841136752	-0.04504646452890615	0.0008925023708503677	0.0012162253751579755	-6.844622026580538e-05	-0.0044703753855788175
-0.0005889165616885794	-0.0030824102934621234	-0.002342433439366687	-0.042612497946164174	0.0013917775673104593	0.0012786347747155702	-6.0368207090988335e-06	-0.00609301977407406
0.0005968620299032779	-0.004642645282399771	-0.0040898966269762305	-0.025075456670510254	0.0003932271743909421	0.00040490318091079835	-6.0368207090988335e-06	-0.0059682009749588705
-0.0005889165616885794	-0.004393007684169614	-0.0039026684283038904	-0.04785488750899325	0.001891052763770551	0.0016530911720604724	-6.844622026580538e-05	-0.004844831782924164
0.0005968620299032779	-0.0029575914943476	-0.0030913462340567133	-0.03069230263068401	0.0010173211699660012	0.0010289971764860795	0.00030601017707865275	-0.005156878780711249
0.00040963383123138186	-0.004580235882842176	-0.0034658026314011714	-0.02950652403909193	0.00045563657394853685	0.00034249378135320363	-0.00025567441893858955	-0.00578097277628653
-0.0005889165616885794	-0.004018551286825378	-0.002904118035383929	-0.029943389835993983	0.000830092971293217	0.0012162253751579755	0.00011878197840609062	-0.00465760358425138
0.0007216808290184673	-0.004517826483284804	-0.003965077827861041	-0.017773556922283884	8.118017660319055e-05	0.00034249378135320363	5.637257884893998e-05	-0.005531335178056596
-0.0005265071621314288	-0.0038937324877097446	-0.0034033932318440208	-0.020831617500600697	0.0009549117704084065	0.000716950178698772	0.0002436007775215021	-0.00590579157540172
0.0005968620299032779	-0.004455417083727209	-0.0034033932318440208	-0.020956436299715886	0.0007052741721780276	0.0005921313795835825	0.00018119137796390739	-0.004345556586464516
-0.0005265071621314288	-0.0038937324877097446	-0.003153755633614308	-0.02301594648511296	0.0011421399690805245	0.0009665877769282627	0.00011878197840609062	-0.004782422383367013
0.0007216808290184673	-0.003956141887266895	-0.00352821203095921	-0.014590677544851882	0.0007676835717356223	0.0004673125804683931	-6.844622026580538e-05	-0.005531335178056596
-0.0007137353608039909	-0.0043305982846124635	-0.0039026684283038904	-0.010908522970960233	0.0002684083752757527	0.0005921313795835825	-0.0001308556198238442	-0.0049072411824817586
-0.0007137353608039909	-0.003956141887266895	-0.003340983832286648	-0.012531167359454587	0.0008925023708503677	0.0008417689778130732	-6.844622026580538e-05	-0.0049072411824817586
0.0010337278268057748	-0.0028951820947900053	-0.002342433439366687	-0.015963684335116524	0.002140690362000486	0.0015906817725035438	0.0004932383757509928	-0.004844831782924164
-0.0007761447603611416	-0.004268188885054869	-0.0032785744327286093	-0.008349737589103068	0.0010173211699660012	0.000716950178698772	-0.0001308556198238442	-0.005656153977171341
0.0005344526303456831	-0.004018551286825378	-0.0030289368344991185	-0.009473106781138219	0.0010173211699660012	0.0012162253751579755	-6.844622026580538e-05	-0.0038462813900044246
-0.0004016883630166834	-0.003144819693019718	-0.0026544804371542163	-0.0065398650019359295	0.0014541869668684981	0.001341044174273165	-0.00025567441893858955	-0.005219288180269288
0.0004720432307880884	-0.003831323088152594	-0.0034033932318440208	-0.005790952207246125	0.0012045493686385633	0.0011538159756008248	5.637257884893998e-05	-0.004782422383367013
-0.0007137353608039909	-0.003768913688594999	-0.0032161650331719027	-0.008536965787775408	0.0016414151655403941	0.001341044174273165	0.00011878197840609062	-0.004969650582038909
0.0007216808290184673	-0.0035192760903648423	-0.003340983832286648	-0.0065398650019359295	0.0012045493686385633	0.0010289971764860795	-6.0368207090988335e-06	-0.0044703753855788175
0.0005344526303456831	-0.0038937324877097446	-0.003153755633614308	-0.003731442021849052	0.0010173211699660012	0.0009665877769282627	-6.844622026580538e-05	-0.0042831471869069215
-0.0005265071621314288	-0.003207229092577313	-0.002342433439366687	-0.0029825292271594694	0.0013917775673104593	0.001528272372945949	0.0004308289761933981	-0.004158328387791732
0.00040963383123138186	-0.003581685489921993	-0.0027792992362691837	-0.0022960258320265936	0.0009549117704084065	0.00040490318091079835	-0.00025567441893858955	-0.005843382175844125
-0.0005889165616885794	-0.0035192760903648423	-0.0024672522384818762	-0.0031697574258313654	0.001266958768195714	0.001528272372945949	0.00011878197840609062	-0.003908690789562019
0.0005344526303456831	-0.003394457291250097	-0.0030289368344991185	-0.0027953010284866853	0.0010797305695229298	0.0011538159756008248	0.00036841957663624747	-0.0036590531913320845
-0.00046409776257383406	-0.0027079538961176652	-0.0027792992362691837	-0.0025456634302565284	0.0011421399690805245	0.0005921313795835825	-0.00019326501938143892	-0.0049072411824817586
0.00040963383123138186	-0.0036440948894795877	-0.0032161650331719027	-0.0039810796200785425	0.0012045493686385633	0.0011538159756008248	0.00011878197840609062	-0.004532784785136856
-0.0005889165616885794	-0.0034568666908076917	-0.0019679770420220066	-0.00953551618069537	0.0017038245650979889	0.0015906817725035438	0.00018119137796390739	-0.004220737787349327
-0.0006513259612461741	-0.003207229092577313	-0.0020303864415796014	-0.0071639589975109885	0.0015165963664260929	0.001341044174273165	-6.0368207090988335e-06	-0.004345556586464516
0.0005968620299032779	-0.0029575914943476	-0.002092795841136752	-0.005853361606803498	0.0013293681677533087	0.0012786347747155702	-6.0368207090988335e-06	-0.003971100189119392
-0.0005889165616885794	-0.0022710880992153903	-0.0017183394437918498	-0.00941069738158018	0.0022030997615580805	0.0018403193707332566	0.0002436007775215021	-0.00309736859531462
0.0007216808290184673	-0.0022086786996577956	-0.001905567642464412	-0.008287328189545917	0.00232791856067327	0.0016530911720604724	0.0002436007775215021	-0.003534234392216895
-0.0006513259612461741	-0.0024583162978877304	-0.002092795841136752	-0.0090362409842355	0.002078280962442891	0.0015906817725035438	-6.844622026580538e-05	-0.0035966437917740457
0.0005344526303456831	-0.0024583162978877304	-0.0020303864415796014	-0.009348287982023029	0.002889603156690068	0.0022147757680779367	0.0002436007775215021	-0.00309736859531462
-0.0005889165616885794	-0.0019590411014276388	-0.0010942454482167907	-0.02014511410546871	0.0024527373597875712	0.0022147757680779367	-0.0001308556198238442	-0.0030349591957572475
0.00040963383123138186	-0.0022086786996577956	0.0006532177393920868	-0.03131639662625885	0.00395056294916718	0.0033381449601128654	0.00030601017707865275	-0.0015995430059350113
0.0006592714294608726	-0.0003988061124899911	0.000840445938064871	-0.03187808122227631	0.0038881535496100295	0.003213326160997898	0.00018119137796390739	-0.0018491806041649461
-0.0005265071621314288	0.00010046908396943444	0.0014645399336401521	-0.03474891360192078	0.004824294542972396	0.00396223895568748	0.0004308289761933981	-0.0009130396108021355
0.0004720432307880884	0.002908892064056312	0.003960915915939278	-0.07749935229880012	0.007882355121289653	0.006021749141084776	-6.0368207090988335e-06	0.0015209269719393959
-0.0005889165616885794	0.0004125160817567419	0.0013397211345249627	-0.03387518200811579	0.005261160339874893	0.00396223895568748	0.00036841957663624747	-0.0022236370015096263
0.0005344526303456831	-0.0008980813089500828	-0.00022051385441224092	-0.014216221147507424	0.0034512877527077546	0.0024644133663078716	0.0006180571748661823	-0.0014123148072624492
-0.0003392789634590887	-0.000648443710720592	0.0005908083398353803	-0.013592127151931921	0.0026399655584605775	0.002152366368520342	-6.0368207090988335e-06	-0.0026605027984121232
0.0005344526303456831	-0.0015845847040825145	-0.0002829232539696136	-0.007600824794413041	0.0026399655584605775	0.002339594567193126	-6.0368207090988335e-06	-0.0026605027984121232
-0.0007761447603611416	-0.0014597659049677691	0.0002787613420480728	-0.006415046202820962	0.003326468953592787	0.0028388697636527738	0.0004308289761933981	-0.0022236370015096263
-0.0008385541599191804	-0.0009604907085076775	0.00034117074160477934	-0.012780804957684522	0.0034512877527077546	0.0027140509645380284	5.637257884893998e-05	-0.0019739994032796915
0.0007216808290184673	-0.0005860343111625532	0.0007780365385077204	-0.013966583549277045	0.00376333475049484	0.0029636885627679632	0.0002436007775215021	-0.0017243618050502008
-0.0006513259612461741	-0.0005236249116054026	0.00040358014116281815	-0.01390417414971945	0.0034512877527077546	0.002776460364095623	-6.844622026580538e-05	-0.0018491806041649461
0.0009089090276912515	-0.0005860343111625532	0.0002787613420480728	-0.004979630012998726	0.003576106551822944	0.0029636885627679632	0.000680466574423777	-0.002286046401066999
-0.0008385541599191804	-0.0013973565054101744	-0.0006573796513147379	-0.005354086410343406	0.002889603156690068	0.0022771851676355315	-6.0368207090988335e-06	-0.002473274599739339
0.0005968620299032779	-0.0013349471058528017	-0.00040774205308480305	-0.004792401814326608	0.003139240754920003	0.002776460364095623	0.00036841957663624747	-0.002036408802837286
-0.00046409776257383406	-0.0011477189071804617	0.00015394254293243925	-0.003731442021849052	0.002889603156690068	0.0025268227658654663	0.00018119137796390739	-0.0023484558006248157
0.0005968620299032779	-0.0013973565054101744	-9.569505529705147e-05	-0.002171207032911404	0.0028271937571329175	0.002339594567193126	0.00011878197840609062	-0.0024108652001821884
0.0006592714294608726	-0.0010853095076224228	-0.0001581044548546462	-0.0027328916289293126	0.0028271937571329175	0.002339594567193126	0.00011878197840609062	-0.0022236370015096263
-0.0004016883630166834	-0.0009604907085076775	9.153314337528862e-05	-0.002233616432469443	0.0035136971522653493	0.0029012791632103685	0.0004932383757509928	-0.0017867712046069073
0.00034722443167334305	-0.0014597659049677691	-0.0007197890508718885	-0.0029825292271594694	0.0028271937571329175	0.0020899569689636355	-0.00019326501938143892	-0.002473274599739339
-0.0005889165616885794	-0.0010229001080652722	-0.0002829232539696136	-0.0016719318364517566	0.0032640595540351924	0.002589232165423061	0.00018119137796390739	-0.0019739994032796915
0.0006592714294608726	-0.0010853095076224228	2.9123743817693892e-05	-0.0016719318364517566	0.002952012556247663	0.0025268227658654663	0.0002436007775215021	-0.002098818202394881
-0.0005265071621314288	-0.0010229001080652722	0.0002787613420480728	-0.001609522436894606	0.0030144219558057017	0.0026516415649804337	5.637257884893998e-05	-0.002036408802837286
0.0005968620299032779	-0.0009604907085076775	0.00015394254293243925	-0.01583886553600178	0.004761885143414801	0.004024648355245075	0.0005556477753085876	-0.000600992613014828
-0.0003392789634590887	0.00016287848352680712	0.0006532177393920868	-0.014902724542639412	0.00395056294916718	0.003213326160997898	-6.844622026580538e-05	-0.0012874960081472597
-0.0007137353608039909	-0.0008356719093929321	-3.328565573990083e-05	-0.0034193950240617443	0.0034512877527077546	0.0027140509645380284	5.637257884893998e-05	-0.0017867712046069073
0.0004720432307880884	-0.0009604907085076775	2.9123743817693892e-05	-0.0035442138231767117	0.0032640595540351924	0.0027140509645380284	-6.844622026580538e-05	-0.0018491806041649461
-0.0003392789634590887	-0.0004612155120480299	0.0007156271389505697	-0.0027953010284866853	0.004075381748282814	0.003462963759228055	0.0006180571748661823	-0.0011002678094749196
0.00040963383123138186	-0.0011477189071804617	-0.00022051385441224092	-0.002857710428043836	0.002952012556247663	0.002402003966750277	-0.00019326501938143892	-0.0012874960081472597
-0.0005265071621314288	-0.0005236249116054026	0.00040358014116281815	-0.002171207032911404	0.0036385159513805387	0.0031509167614403033	0.00018119137796390739	-0.0015995430059350113
0.0006592714294608726	-0.0007732625098353374	0.0002787613420480728	-0.0015471130373370112	0.0035136971522653493	0.0028388697636527738	0.00011878197840609062	-0.0015995430059350113
-0.0007137353608039909	-0.0007732625098353374	0.00021635194249047807	-0.0011102472404345143	0.003326468953592787	0.002589232165423061	-6.0368207090988335e-06	-0.0019115900037220968
0.0005968620299032779	-0.0008980813089500828	0.00015394254293243925	-0.0006109720439746447	0.00376333475049484	0.0033381449601128654	0.00030601017707865275	-0.0011002678094749196
0.0005968620299032779	-0.0008356719093929321	9.153314337528862e-05	-0.0007357908430898341	0.0036385159513805387	0.0029636885627679632	0.00018119137796390739	-0.0015371336063774166
-0.0005889165616885794	-0.000648443710720592	0.0002787613420480728	-0.0009854284413193248	0.00376333475049484	0.0031509167614403033	0.00018119137796390739	-0.001225086608590109
0.0005344526303456831	-0.000648443710720592	9.153314337528862e-05	-0.0010478378408769196	0.0035136971522653493	0.0028388697636527738	0.00011878197840609062	-0.0015371336063774166
-0.0005889165616885794	-0.0004612155120480299	0.00034117074160477934	-0.0011102472404345143	0.0038257441500524347	0.0031509167614403033	0.0002436007775215021	-0.0011002678094749196
0.0007216808290184673	-0.00033639671293328455	0.0007780365385077204	-0.0016719318364517566	0.004075381748282814	0.00340055435967046	0.00011878197840609062	-0.0012874960081472597
-0.0006513259612461741	-0.0005236249116054026	0.00046598954072019083	-0.0024832540306993778	0.004012972348724775	0.003213326160997898	0.0002436007775215021	-0.001037858409917769
0.0007216808290184673	-0.00014916851426050037	0.0007780365385077204	-0.003856260820963797	0.004449838145627272	0.003650191957900395	0.00036841957663624747	-0.0005385832134581214
-0.0005265071621314288	-2.4349715145310924e-05	0.0005283989402777856	-0.005354086410343406	0.0038881535496100295	0.003026097962325114	-0.00019326501938143892	-0.001225086608590109
-0.0005889165616885794	-2.4349715145310924e-05	0.000840445938064871	-0.004105898419194176	0.004449838145627272	0.0035253731587852055	0.00030601017707865275	-0.000600992613014828
0.0006592714294608726	-2.4349715145310924e-05	0.0006532177393920868	-0.0019215694346819134	0.004075381748282814	0.0033381449601128654	0.00018119137796390739	-0.0009130396108021355
