Sensor_1	Sensor_2	Sensor_3	Sensor_4	Sensor_5	Sensor_6	Sensor_7	Sensor_8
-0.0069490276417178976	-0.0016339623331045328	-0.004391796253910396	-0.002618904356450402	-0.002939133226520063	-0.0034464186694136423	-0.0041534017090105735	-0.0009609861753256954
-0.004327832860303138	-0.000947458937972101	-0.003393245860990435	-0.001620353963530885	-0.0017533546349275397	-0.0023854588769360863	-0.002967623117418272	9.997361715163855e-05
-0.002892416670481568	-0.0008850495384145063	-0.0023946954680704735	-0.0013707163653009502	-0.0016285358358123503	-0.0018237742809183999	-0.0022811197222858404	-0.0006489391775383879
-0.0005832688868538938	-0.0003857743419544146	-0.0013961450751502902	-0.00043457537193813955	-0.0005675760433352384	-0.000950042687113628	-0.001095341130693761	0.00028720181582397863
-0.0007080876859695273	-0.0003857743419544146	-0.0011465074769207995	-0.0006842129701685185	-0.0008172136415656173	-0.0008252238879988827	-0.0010329317311361663	-0.0006489391775383879
0.0001656439078356886	-7.372734416755122e-05	-0.0008968698786908647	-0.00018493777370887088	-0.0003803478446631203	-0.0005755862897689479	-0.00047124713511847993	0.0002247924162663839
-0.0007080876859695273	-0.000760230739299983	-0.0013337356755931395	-0.0008090317692832638	-0.0011292606393524807	-0.000950042687113628	-0.0008457035324633821	-0.0010233955748835122
0.003847798481727782	0.00011350085450523295	0.0004137275120168482	0.0005015656214235609	0.0005557931486999124	0.0007350111009383209	0.0013386254520486585	3.7564217594043825e-05
0.006406583863584503	0.0004255478522927625	0.0018491437018384183	0.00112565961699862	0.0011798871442743053	0.001795970893415877	0.0027740416418706726	-0.0007113485770955386
0.007405134256504464	0.0008000042496376647	0.001724324902724117	0.0015625254139011169	0.001866390539406737	0.0025448836881052372	0.003335726237888137	0.0002247924162663839
0.007966818852521707	0.0010496418478671554	0.00234841889829851	0.0020618006103612085	0.00230325633630879	0.003418615281910453	0.00377259203479019	-0.0003368921797513025
0.009963919638361407	0.0015489170443274691	0.00359660688944885	0.0031227604028383205	0.0034266255283439406	0.00435475627527282	0.004396686030365471	0.0004120206149391681
0.008216456450751641	0.001174460646982789	0.0038462444876781188	0.002436257007706333	0.0028649409323266983	0.003668252880140388	0.003086088639658202	-0.0003993015793084531
0.005408033470664986	0.0008000042496376647	0.003346969291218471	0.001999391210803614	0.0023656657358668287	0.0024824742885478646	0.0013386254520486585	0.0004120206149391681
0.004659120675974515	0.0008624136491952594	0.004033472686350903	0.0015001160143435222	0.001866390539406737	0.0021080178912031844	0.0007145314564733773	-0.00027448278019370775
0.003847798481727782	0.0012368700465399396	0.004532747882811217	0.0026858946059358235	0.0017415717402919917	0.002232836690318374	0.0012762160524910637	0.0005992488136115082
0.0004152815060656234	-7.372734416755122e-05	0.0024108282978563267	-0.00043457537193813955	-0.00031793844510530356	-0.0010124520866712228	-0.0012201599298080623	-0.0006489391775383879
0.0016634694972157416	0.0004255478522927625	0.0018491437018384183	0.0003767468223088155	0.00011892735179674929	-0.00013872049286645094	-0.0005960659342336694	0.0004744300144963187
0.0001656439078356886	-7.372734416755122e-05	0.0003513181124592535	0.0003767468223088155	-0.00025552904554770883	0.0004853735027088302	-0.0012201599298080623	-0.0005865297779803491
0.001351422499427768	0.0002383196536199783	-0.0006472322804607078	0.0005639750209811556	0.0011798871442743053	0.0008598299000530663	-0.0018442539253833434	0.00028720181582397863
0.00029046270695043397	-1.1317944609734454e-05	-0.0023946954680704735	2.2904249639132956e-06	0.0011174777447167106	0.0010470580987260725	-0.003654126512550482	-0.0005241203784236426
-0.0004584500877391484	-0.0001361367437249239	-0.004329386854352801	0.000688793820096345	0.0011798871442743053	0.0022952460898759686	-0.0037789453116656713	9.997361715163855e-05
-0.0014570004806586656	-0.0001361367437249239	-0.005577574845502475	0.000688793820096345	0.0004933837491416515	0.002607293087663498	-0.0032796701152058017	-0.0006489391775383879
0.000727328503853375	-1.1317944609734454e-05	-0.005515165445944881	0.0002519280231938481	0.00018133675135434402	0.002357655489433119	-0.0016570257267105593	3.7564217594043825e-05
-0.0004584500877391484	-0.0003233649423968199	-0.004953480849927194	-0.00018493777370887088	-0.0007548042420075785	0.001546333295185942	-0.0007208847333481927	-0.0007737579766531333
0.0006649191042957803	-0.0001361367437249239	-0.0034556552605471413	-0.0004969847714961784	-0.0006299854428928331	0.0007350111009383209	0.00021525626001372977	9.997361715163855e-05
-0.0006456782864114885	-7.372734416755122e-05	0.0007881839093615284	0.0003767468223088155	-0.0006299854428928331	-7.631109330885621e-05	0.00034007505912914127	-0.0006489391775383879
4.082510872049916e-05	-0.00019854614328207454	0.006779486266880852	0.0007512032196539398	0.0006806119478144357	-0.0016989554818036545	0.0009017596551461615	0.00016238301670878919
-0.0018314568780037899	-0.00026095554284011335	0.00784044605935752	-0.0019948103608757872	-0.001066851239795108	-0.005817975852597579	0.0010889878538182796	-0.0006489391775383879
4.082510872049916e-05	-0.0005105931410696041	0.0038462444876781188	-0.0014955351644161397	-0.0026894956282899063	-0.0016989554818036545	0.0053328270237278375	-0.00027448278019370775
-0.003079644869153908	-0.0003857743419544146	0.0036590162890055566	-0.0003721659723809889	-0.0033135896238645213	0.0010470580987260725	0.009202209796292271	-0.0008985767757683227
0.0030988856870373116	-0.0005730025406271988	0.00515684187838561	-0.0019948103608757872	-5.891447317551979e-06	-0.0029471434729533286	0.009451847394522206	-0.00021207338063611303
-0.001581819279773855	-0.00026095554284011335	0.005406479476615544	-0.0008090317692832638	-0.002315039230944782	-0.00781507663843728	0.00502078002594053	-0.0007737579766531333
0.0025372010910205134	-0.0003233649423968199	0.0022236000991835425	-0.003055770153352899	0.001055068345160004	-0.002447868276493681	0.004708733028153	-2.48451819635509e-05
-0.01237864540321909	-0.0008226401388569116	0.0011626403067064306	0.005057451789120648	-0.0008172136415656173	0.003044158884565551	0.00452150482948066	-0.0007737579766531333
-0.00882130962844263	-0.00157155293354716	-8.554768444324345e-05	-0.00405432054627286	-0.002939133226520063	-0.0066292980468452	0.0015258536507214426	-0.00014966398107829626
-0.00844685323109795	-0.0016339623331045328	0.0012250497062640253	-0.006425877729457685	-0.0064340596017391505	-0.007315801441977632	0.003273316838330542	-0.0007737579766531333
-0.01113045741206986	-0.0015091435339891213	0.00047613691157355476	-0.002618904356450402	-0.007307791195543922	-0.004819425459678062	0.006268968017090204	-2.48451819635509e-05
-0.007011437041275492	-0.0014467341344319706	-0.004266977454795207	-0.008610206713969726	-0.0047490058136872015	-0.009063264629587175	0.001213806652933913	-0.0005865297779803491
-0.0015194098802167044	-0.0013219153353167812	-0.004891071450370266	-0.004553595742732952	0.0008678401464872199	-0.0011996802853435629	-0.0022811197222858404	9.997361715163855e-05
-0.014937430785076256	-0.001384324734874376	0.00022649931334406403	0.006492867978942662	-6.83008468751467e-05	0.0047292126726175	-0.004403039307240508	-0.000836167376210728
-0.004702289257648262	-0.0008850495384145063	0.004470338483253178	-0.0031805889524680886	0.0028025315327688816	-0.004070512664988035	-0.008397240878919687	0.00016238301670878919
-0.0008953158846418674	-0.0011970965362020358	0.007091533264667715	-0.002431676157777618	0.0004933837491416515	-1.390169375126149e-05	-0.0077107374837870335	-0.0010233955748835122
-0.009382994224460317	-0.0005730025406271988	0.00983754684519722	0.005619136385138335	-0.0026894956282899063	0.005166078469520441	-0.002530757320515331	-8.725458152070154e-05
0.0041598454795144235	-0.0010098683375292516	0.010898506637674332	-0.013852596276798579	-0.0020654016327152913	-0.002884734073395734	-0.0047774957045854105	-0.0010233955748835122
-0.0030172354695963133	-0.000760230739299983	0.008901405851834854	0.0005015656214235609	-0.00424973061722711	0.0012342862973984126	-0.004278220508125763	-0.00014966398107829626
-0.0018938662775613846	-0.0003233649423968199	0.005593707675288329	-0.0016827633630884797	-0.0026270862287323116	-0.00013872049286645094	-0.0054015897001602475	-0.0007737579766531333
0.005470442870222136	0.00030072905317757304	0.006155392271305571	0.0008760220187686851	0.0036762631265740975	0.00042296410315123545	-0.004028582909895384	9.997361715163855e-05
0.004971167673762045	0.0002383196536199783	0.00715394266422531	0.002810713405050791	0.004549994720378869	-0.0037584656672005057	-0.006712187090867294	-0.0010233955748835122
0.008965369245441668	0.0008000042496376647	0.004595157282368367	0.0027483040054934182	0.006047820309758478	-0.0021358212787063735	-0.004715086305027816	3.7564217594043825e-05
0.0021003352941177944	0.0008624136491952594	0.004470338483253178	0.004246129594873027	0.003551444327458686	0.0036058434805832373	-0.0004088377355613293	-0.0005865297779803491
0.01171138282597095	0.0010496418478671554	0.002972512893873569	-0.001807582162203225	0.004050719523918778	0.004105118677042663	0.00252440404364096	0.0002247924162663839
0.001975516495002605	0.0009248230487524101	0.004907204280155675	0.00343480740062585	-0.0011292606393524807	0.005290897268635186	0.005208008224613092	-0.0007113485770955386
0.002849248088807821	0.0005503666514079519	0.00515684187838561	-0.000996259967956048	-0.0017533546349275397	-0.0023854588769360863	0.005270417624170243	-2.48451819635509e-05
0.0075299530556189875	0.0004879572518503572	0.005593707675288329	-0.001807582162203225	-0.0006299854428928331	-0.006192432249942925	0.006518605615320139	-0.0007737579766531333
0.003972617280842083	0.00011350085450523295	0.0043455196841384325	0.0023114382085911434	-0.0011916700389105195	-0.008251942435339554	0.005520055222400622	-2.48451819635509e-05
0.004908758274204894	-0.00019854614328207454	0.001474687304493738	-0.0018699915617608198	0.0004933837491416515	-0.009437721026932078	0.003086088639658202	-0.0007113485770955386
-0.0008329064850842727	-0.00026095554284011335	0.0011626403067064306	0.004870223590447864	0.0004933837491416515	-0.003071962272068074	0.00433427663080832	-0.00014966398107829626
0.0016010600976577027	-0.0005105931410696041	-0.0012089168764783942	-0.0014955351644161397	-6.83008468751467e-05	-0.0010748614862283734	0.0030236792401010515	-0.0009609861753256954
0.0001656439078356886	-0.00026095554284011335	-0.001645782673380447	-0.000996259967956048	-0.00025552904554770883	0.00666390405890005	0.005582464621957772	-0.00027448278019370775
-0.006387343045700211	-0.0005105931410696041	0.0006009557106887442	0.0013752972152287768	-0.002377448630502821	0.00965955523765949	0.007205109010452571	-0.0011482143739984796
0.002225154093232984	-0.00026095554284011335	0.002722875295643634	-0.0059266025329975935	-6.83008468751467e-05	0.004854031471732689	0.0053328270237278375	-2.48451819635509e-05
-0.0019562756771187573	-1.1317944609734454e-05	0.005968164072632787	-0.00012252837415127615	-5.891447317551979e-06	0.0069135416571295405	0.004833551827267746	-0.0005865297779803491
-0.0005208594872971872	-7.372734416755122e-05	0.00877658705272033	0.000688793820096345	0.0019287999389643318	0.004105118677042663	0.0033981356374457317	3.7564217594043825e-05
0.0006025097047381855	-0.0003233649423968199	0.01014959384298475	-0.0008714411688408585	0.002740122133211509	-0.0012620896849011576	0.00034007505912914127	-0.0007113485770955386
0.0017882882963300428	-0.00026095554284011335	0.011272963035019234	0.00043915622186641023	0.0019287999389643318	-0.0019485930800335893	-0.0004088377355613293	3.7564217594043825e-05
-0.0005832688868538938	-0.00044818374151200935	0.009088634050507194	-0.0004969847714961784	0.0004933837491416515	-0.0004507674906535364	-0.00028401893644613985	-0.0006489391775383879
-0.0012697722819867696	-7.372734416755122e-05	0.007029123865110121	-0.0004969847714961784	-0.00013071024643274143	0.001546333295185942	0.00015284686045613505	0.00034961121538157336
0.0003528721065080287	-0.0001361367437249239	0.00503202307927042	-0.0017451727626456304	-0.0005051666437776436	0.0025448836881052372	-0.0003464283360032905	-0.0006489391775383879
-0.0014570004806586656	0.0002383196536199783	0.00409588208590872	2.2904249639132956e-06	-5.891447317551979e-06	0.005415716067750376	0.00015284686045613505	0.0004120206149391681
-0.004515061058975922	-0.00044818374151200935	0.002598056496528889	-0.00043457537193813955	-0.0014413076371400102	0.0031689776836807404	-0.0012825693293661011	-0.0007737579766531333
0.0010393755016404604	5.109145494786027e-05	0.0022236000991835425	-0.0025564949568932516	0.0006806119478144357	-1.390169375126149e-05	-0.001969072724498089	0.0002247924162663839
-0.0016442286793314498	-0.00019854614328207454	0.0024108282978563267	0.000688793820096345	0.0006806119478144357	0.0006726017013807262	-0.001719435126268154	-0.0005241203784236426
-0.0023931414740214763	0.00011350085450523295	0.0034717880903336606	0.0016873442130158622	0.0014295247425044622	-0.001386908484016125	-0.001532206927596258	0.00034961121538157336
-0.005388792652781138	-0.000947458937972101	0.0015995061036089275	-0.0025564949568932516	-0.0004427572442200489	-0.007128573243304848	-0.004652676905470665	-0.0005865297779803491
-0.008384443831540356	-0.0011970965362020358	0.0005385463111315936	-0.0025564949568932516	-0.002315039230944782	-0.007003754444190546	-0.005027133302814901	0.00016238301670878919
-0.010693591615167142	-0.0019460093308920623	-0.0005224134813459624	-0.003929501747157671	-0.004187321217669515	-0.006254841649500076	-0.004839905104142561	-0.0010233955748835122
-0.00863408142977029	-0.0011346871366448852	-0.0007720510795756752	-0.003305407751583278	-0.003188770824749554	-0.005880385252155174	-0.0037789453116656713	0.00016238301670878919
-0.007136255840390682	-0.0018211905317768728	-0.0030187894636450885	-0.0033678171511404287	-0.0037504554207672403	-0.0066292980468452	-0.00527677090104528	-0.0007737579766531333
-0.007885168635080264	-0.0011346871366448852	-0.004828662050812449	-0.002431676157777618	-0.0019405828336001019	-0.0033840092698556035	-0.0041534017090105735	0.00016238301670878919
