Sensor_1	Sensor_2	Sensor_3	Sensor_4	Sensor_5	Sensor_6	Sensor_7	Sensor_8
0.0006288308690007849	0.0003761008850231562	0.0010165055771726994	0.0004825869230187241	0.000463773609521434	0.0006296047455556231	0.0007508412451360247	-2.2685816738921005e-05
0.0010032872663463532	0.00031369148546556147	0.0007668679789427646	0.0005449963225758747	0.0005885924086366234	0.0005671953459980283	0.0008132506446936194	0.0005389987792783213
0.00025437447165632676	0.0003761008850231562	0.0007668679789427646	0.00042017752346068526	0.0004013642099645054	0.00037996714732613235	0.0005636130464632405	3.972358281822963e-05
0.0010032872663463532	0.0005633290836959404	0.00089168677805751	0.0007946339208058095	0.0007758206073089635	0.0007544235446703684	0.0010004788433661815	0.0007262269779506614
-0.00018249132524639222	1.6444876782539808e-06	0.00026759278248222884	4.572112611622714e-05	-3.550158693865768e-05	6.792014953815873e-05	0.00018915664911900443	-0.0002723234149688558
0.0008784684672311638	0.0005633290836959404	0.0007044585793853919	0.0007946339208058095	0.0007758206073089635	0.0008168329442279632	0.0008756600442512141	0.0008510457770658508
-0.0003697195239191764	6.40538872358487e-05	0.00014277398336792757	0.00010813052567337778	-3.550158693865768e-05	0.0001303295490959755	0.00025156604867615506	-0.00014750461585411045
0.00031678387121369944	0.0001888726863508161	0.00014277398336792757	0.00042017752346068526	0.00027654541084887185	0.00037996714732613235	0.000688431845578874	0.0005389987792783213
-0.0003073101243606935	6.40538872358487e-05	-4.4454215304856604e-05	0.00010813052567337778	-0.00016032038605295895	0.0001303295490959755	0.0005012036469060899	-0.0002099140154112611
0.00019196507209873204	0.00025128208590796675	-0.0003565012130921641	0.0002953587243459399	0.00033895481040624453	0.0002551483482109429	0.0008756600442512141	0.0007262269779506614
6.714627298398668e-05	0.00031369148546556147	-0.00010686361486200724	0.0002953587243459399	0.00027654541084887185	0.0011288799420157147	0.000688431845578874	3.972358281822963e-05
-0.0003073101243606935	0.00012646328679322139	-0.0002316824139771967	0.0005449963225758747	0.0004013642099645054	0.0013161081406880548	6.433785000359293e-05	0.0004765893797209486
6.714627298398668e-05	0.00031369148546556147	0.0005172303807126077	-7.909767299896231e-05	0.0007758206073089635	0.00125369874113046	-0.0005597561455714661	-2.2685816738921005e-05
-0.0001200819256887975	0.0003761008850231562	0.0012661431754024122	0.0009194527199205549	0.0007134112077518129	0.0020650209353780813	-0.0009342125429159243	0.0007886363775082561
-0.0007441759212631904	0.0001888726863508161	0.002139874769207184	0.0005449963225758747	0.00027654541084887185	0.0010040611429009694	-0.001433487739376238	3.972358281822963e-05
0.00031678387121369944	0.0004385102845807509	0.002327102967879968	-0.00014150707255655703	0.0005261830090790287	-0.0015547242389564175	-0.001807944136720696	0.001038273975738191
-0.005237652689402683	-0.000622449507896361	-0.0002316824139771967	-0.0010152386663613289	-0.0019077835736629467	-0.004113509620813582	-0.003929863721675808	-2.2685816738921005e-05
-0.007109934676127194	-0.0008096777065689231	-0.0023536019989320867	-0.00182656086060895	-0.002282239971007849	-0.005174469413290694	-0.004117091920347926	0.0008510457770658508
-0.007359572274357573	-0.0007472683070119945	-0.003289742992294009	-0.00182656086060895	-0.0023446493705654436	-0.005049650614175505	-0.0034305885252159385	0.00016454238193341908
-0.007734028671702475	-0.0008096777065689231	-0.004725159182116023	-0.00182656086060895	-0.0017829647745477573	-0.004612784817273452	-0.002931313328755847	0.0007886363775082561
-0.009543901258869614	-0.0011841341039140474	-0.00641021297016886	-0.0030123394522012514	-0.002032602372778136	-0.00355182502479634	-0.002494447531853128	-0.00014750461585411045
-0.009169444861524045	-0.0009969059052412632	-0.007533582162203345	-0.00201378905928129	-0.002095011772335509	-0.0018043618371863523	1.928450445998209e-06	0.0004765893797209486
-0.006485840680551913	-0.001059315304799302	-0.007908038559548025	-0.003698842847333461	-0.0019077835736629467	-0.0030525498283360264	0.0024983044327457904	-0.0002723234149688558
-0.0053624714885176505	-0.0003728119096664262	-0.0055364813763636445	0.00035776812390309054	-0.0017829647745477573	-0.004612784817273452	0.006554915403982564	0.0007262269779506614
-0.0018051357137407464	-0.00012317431143693547	-0.002915286594949329	0.00023294932478834518	-0.001034051979858619	-0.012663597360189627	0.008489606790264448	3.972358281822963e-05
0.004685441840238003	6.40538872358487e-05	-0.0007309576104372884	-0.001202466865033669	0.0011502770046538657	-0.01821803392080601	0.00917611018539688	0.0007886363775082561
0.001440153063248406	0.00012646328679322139	-0.00029409181353456937	0.0022300501106278237	-0.00022272978561055368	-0.015596839139391028	0.009238519584954474	0.00010213298237582435
0.0028131598535132696	0.00031369148546556147	-0.00010686361486200724	-0.00020391647211415176	-3.550158693865768e-05	-0.014161422949569236	0.0088016537880522	0.0009134551766234456
0.001877018860150903	1.6444876782539808e-06	-0.0008557764095520337	-0.00045355407034408657	-0.0007844143816282401	-0.010604087174792332	0.007927922194247206	-0.00014750461585411045
0.0055591734340427745	0.0006881478828106857	0.00033000218204026766	0.001106680918593339	-3.550158693865768e-05	-0.005236878812847845	0.008926472587167389	0.000601408178835916
0.00743145542076773	0.0010001948805979932	0.0003924115815974183	0.0006074057221334694	0.000463773609521434	-0.0010554490424963259	0.008177559792476918	-0.00014750461585411045
0.008929281010147117	0.001249832478827928	-0.0006061388113220989	0.0014187279163806465	0.0020240085984590817	0.004436578118562018	0.0068669624017696496	0.000601408178835916
0.008055549416342345	0.0013122418783850787	0.0007044585793853919	0.003478238101777942	0.0020240085984590817	0.009242101884489262	0.005993230807964878	-8.509521629651573e-05
0.009054099809262528	0.001686698275730647	0.0025143311665523083	0.004102332097352557	0.0028353307927062588	0.009117283085374073	0.002560713832303385	0.0007886363775082561
0.006557723826962736	0.001249832478827928	0.004012156755931917	0.0022924595101858625	0.007952901556420588	0.011738477866788832	-0.00031011854734064315	-0.00014750461585411045
0.0030003880521856097	0.0010626042801551439	0.0035128815594718255	-0.00182656086060895	-0.0015333271763182665	0.011301612069886113	0.0014997540398260512	0.000601408178835916
0.0005664214694440783	0.0010001948805979932	0.0047610695506214995	-0.0012648762645912637	-0.001845374174105796	0.0047486251163499915	0.003247217227435595	-8.509521629651573e-05
0.0061832674296176116	0.0008129666819256531	0.005946848142214245	0.0014811373159377972	0.0035842435873962852	-0.008794214587625193	-0.0005597561455714661	0.000601408178835916
0.0032500256504159886	0.0003761008850231562	0.0075070831311510045	0.0031661911039906343	0.005518934973678169	-0.012476369161517065	-0.0032433603265435984	-8.509521629651573e-05
-0.0028660955062183024	0.0005009196841383456	0.00569721054398431	0.0031661911039906343	0.002960149591821448	-0.009667946181429965	-0.0026192663309683173	0.0006638175783935107
0.0019394282597084977	0.0003761008850231562	0.005572391744869565	-0.00201378905928129	-3.550158693865768e-05	-0.005236878812847845	-0.0017455347371639895	-0.00014750461585411045
-5.767252613120277e-05	0.0004385102845807509	0.003824928557259577	-0.0014521044632638258	-0.0007844143816282401	0.00037996714732613235	-0.0011838501411463032	0.000601408178835916
-0.0037398271000230743	0.0003761008850231562	0.00320083456168474	-0.00201378905928129	-0.001221280178530515	0.0006920141451132178	-0.0019951723353934803	3.972358281822963e-05
-0.000868994720378824	0.00012646328679322139	0.0005796397802702025	-0.001389695063706231	-0.00047236738384071053	-0.0019915900358586924	-0.0013710783398181992	0.0004141799801633539
0.003936529045547976	6.40538872358487e-05	-0.0015422798046844655	-0.0010776480659184795	0.00021413601129172122	-0.002553274631876379	0.0010004788433661815	-0.0002723234149688558
0.001502562462806445	0.0005633290836959404	-0.0029776959945064796	0.003977513298237811	0.001087867605096493	-0.0011802678416110712	0.003808901823452837	0.0007886363775082561
6.714627298398668e-05	0.00012646328679322139	-0.0030401053940640743	0.0021052313115130783	0.002336055596246167	-0.004675194216830825	0.002997579629205216	-2.2685816738921005e-05
0.0011281060654608766	0.0006257384832526469	-0.0021039644007017078	0.0016059561150534307	0.002148827397573383	-0.0032397780270083665	0.004308177019912485	0.0008510457770658508
-0.001493088715953661	0.0001888726863508161	-0.0021039644007017078	0.00017053992523075046	-0.0007844143816282401	-0.00024412684824914876	0.005431546211947635	-8.509521629651573e-05
0.0013153342641336607	0.0006881478828106857	-0.0008557764095520337	-0.0007031916685742434	-0.001034051979858619	0.0003175577477685376	0.007116599999999584	0.001038273975738191
0.001877018860150903	0.0005009196841383456	-0.00010686361486200724	-0.0010776480659184795	-0.0004099579842831158	-0.0011178584420539206	0.005993230807964878	0.00028936118104860853
0.002750750453956119	0.0005633290836959404	-0.0005437294117645042	-0.0012648762645912637	0.0004013642099645054	0.00037996714732613235	0.005306727412832446	0.0009134551766234456
-0.0011810417181659094	6.40538872358487e-05	-0.0010430046082248179	0.0013563185168230518	-0.0015957365758754172	0.0028763431296252584	0.0049946804150449164	3.972358281822963e-05
0.0026259316548409295	0.0005009196841383456	-0.0012926422064545307	0.001106680918593339	0.0005885924086366234	0.0003175577477685376	0.004869861615930393	0.0008510457770658508
0.003312435049973139	0.0001888726863508161	-0.0012926422064545307	-0.0007031916685742434	0.0007134112077518129	-0.0028029122301058695	0.003434445426108157	-2.2685816738921005e-05
-0.0014306793163960663	0.00025128208590796675	-0.0027904677958345836	-7.909767299896231e-05	-0.00047236738384071053	0.0003175577477685376	0.0033096266269929675	0.0008510457770658508
-0.00804607566948956	-0.000622449507896361	-0.006535031769283384	-0.0018889702601661007	-0.0030311527656978754	0.001503336339360839	0.001749391638055986	3.972358281822963e-05
-0.007234753475242384	-0.0008096777065689231	-0.008282494956893371	-0.002263426657511447	-0.0021574211718931036	0.0006920141451132178	0.0010628882429237763	0.0006638175783935107
-0.007983666269931966	-0.001059315304799302	-0.007346353963530561	-0.0029499300526436567	-0.0017829647745477573	5.510749980786045e-06	-0.0002477091477839366	-2.2685816738921005e-05
-0.011977867841611145	-0.0008720871061265179	-0.005786118974593801	-0.00163933266193661	-0.0022198305714506983	-0.0004937644464786395	-0.0011214407415887084	0.0008510457770658508
-0.010292814053559196	-0.001059315304799302	-0.0038514275883112514	-0.00182656086060895	-0.0019701929732203194	-0.005174469413290694	-0.002057581734951075	-2.2685816738921005e-05
-0.003115733104448015	-0.0008720871061265179	-0.001604689204241616	-0.002700292454413722	8.931721217653177e-05	-0.009979993179217495	-0.002931313328755847	0.0006638175783935107
-0.004988015091172304	-0.001059315304799302	1.795518425273812e-05	-0.0013272856641488584	-0.0005971861829554559	-0.00960553678187237	-0.004179501319905521	-0.0002099140154112611
-0.0043015116960398725	-0.0002479931105521249	0.0020774653696498113	0.0007946339208058095	-9.791098649536423e-05	-0.006984342000457833	-0.003305769726100749	0.0007262269779506614
-0.00024490072480354286	-0.0002479931105521249	0.0025143311665523083	-0.00045355407034408657	-3.550158693865768e-05	-0.007171570199129951	-0.003118541527428409	-8.509521629651573e-05
0.002750750453956119	0.0001888726863508161	0.0018902371709774712	-0.0014521044632638258	0.0001517266117336824	-0.004612784817273452	-0.0023072193331807878	0.0008510457770658508
-0.00043212892347588294	-0.0001855837109940861	0.0003924115815974183	-0.002263426657511447	-0.0017829647745477573	0.0007544235446703684	-0.0018703535362782908	-0.0002099140154112611
-0.002928504905775675	6.40538872358487e-05	-0.0009181858091096284	-7.909767299896231e-05	-0.0017205553749906066	0.004998262714580148	-0.0004973467460134273	0.000601408178835916
0.0010032872663463532	0.00012646328679322139	-0.000793367009994439	-0.0005159634699014592	0.0001517266117336824	0.004374168719005311	0.000688431845578874	-0.00014750461585411045
0.004810260639352748	0.0006257384832526469	0.000454820981155013	0.0009194527199205549	0.0014623240024413953	0.004686215716792397	0.0031223984283204054	0.0004765893797209486
0.00549676403448518	0.0010626042801551439	0.002327102967879968	0.002604506507972948	0.001961599198901487	0.005310309712367678	0.005493955611504786	-0.00014750461585411045
0.00768109301899722	0.0011250136797131827	0.0033256533607999295	0.0024796877088577585	0.0027105119935912914	0.001690564538033179	0.006492506004424969	0.0004765893797209486
0.010239878400854385	0.001249832478827928	0.004885888349737133	0.0024172783093001637	0.0037090623865110306	-0.0019915900358586924	0.006118049607080067	-0.00014750461585411045
0.011051200595101562	0.0014994700770578628	0.006071666941329212	0.002604506507972948	0.003833881185625776	-0.0029901404287784317	0.006305277805752185	0.000601408178835916
0.00749386482032488	0.0009377854810403985	0.005073116548409473	0.0018555937132831435	0.002148827397573383	-0.0028653216296634643	0.005369136812390485	-0.0002723234149688558
0.007306636621652318	0.0011250136797131827	0.003887337956817394	0.0018555937132831435	0.0022112367971314217	-0.0019291806363010977	0.005119499214160106	0.0006638175783935107
0.006932180224307638	0.0008129666819256531	0.0031384251621271453	0.0007946339208058095	0.0017743710002289248	-0.0006185832455938289	0.004682633417257609	-0.0002723234149688558
0.0030003880521856097	0.0008129666819256531	0.0011413243762870007	0.00042017752346068526	0.001087867605096493	0.0026267055313953236	0.004120948821240589	0.0009134551766234456
-0.0001200819256887975	0.0006257384832526469	-0.00048132001220690945	-1.6688273441367585e-05	-0.0003475485847257431	0.006745725902189692	0.003933720622568027	0.0002269517814910138
0.0006912402685583796	0.0007505572823680584	-0.0010430046082248179	0.0004825869230187241	0.000463773609521434	0.009117283085374073	0.004495405218585269	0.0009134551766234456
-0.00024490072480354286	0.0004385102845807509	-0.0012926422064545307	0.0004825869230187241	0.0005261830090790287	0.007869095094224399	0.0035592642252233464	3.972358281822963e-05
-5.767252613120277e-05	0.0008129666819256531	0.0002051833829255223	0.0016683655146105814	0.0013375052033262058	0.005684766109712358	0.003621673624780053	0.0009134551766234456
-0.0006817665217064839	0.00025128208590796675	0.0011413243762870007	0.0006074057221334694	0.0007758206073089635	0.00106647054245812	0.002373485633630823	-2.2685816738921005e-05
0.0018146094605933083	0.0006881478828106857	0.0027015593652246483	0.0006698151216906201	0.0014623240024413953	-0.0026156840314339735	0.002311076234072784	0.0009758645761810403
0.0015649718623640396	0.00031369148546556147	0.00357529095902942	0.00017053992523075046	0.0009630488059813036	-0.005985791607537871	0.001312525841153711	-2.2685816738921005e-05
0.0016273812619207462	0.0006257384832526469	0.003887337956817394	0.001106680918593339	0.0011502770046538657	-0.007171570199129951	0.001125297642480927	0.0009758645761810403
0.0016273812619207462	0.0001888726863508161	0.0028887875638974325	-0.0003287352712293412	0.00033895481040624453	-0.0072339795986875455	0.0003763848477913445	-8.509521629651573e-05
0.001689790661478341	0.00025128208590796675	0.0016405995727470923	-0.00045355407034408657	-0.0002851391851681484	-0.003739053223468236	0.0010004788433661815	0.0006638175783935107
-0.0003073101243606935	-6.076491187956279e-05	0.0002051833829255223	-0.00163933266193661	-0.0015333271763182665	6.792014953815873e-05	0.0008756600442512141	-0.0002723234149688558
-0.0005569477225910724	1.6444876782539808e-06	-0.00029409181353456937	-0.0014521044632638258	-0.001221280178530515	0.0033132089265277553	0.0011877070420385216	0.0004141799801633539
-0.0013682699168384715	-0.00012317431143693547	-0.00016927301441960196	-0.0005159634699014592	-0.0007220049820706453	0.00406212172121756	0.0008132506446936194	-0.0002723234149688558
-0.0005569477225910724	0.00012646328679322139	0.0002051833829255223	0.0009818621194781496	0.000463773609521434	0.00356284652475769	0.0005636130464632405	0.0004765893797209486
4.736873426391952e-06	1.6444876782539808e-06	0.0010789149767302941	0.0013563185168230518	0.001087867605096493	0.00106647054245812	-0.001433487739376238	-0.0002723234149688558
0.0003791932707715162	0.0005009196841383456	0.0022022841687650008	0.00279173470664551	0.0022112367971314217	0.0008792423437855579	-0.000996621942473519	0.0007886363775082561
-0.0005569477225910724	6.40538872358487e-05	0.0034504721599142307	0.00023294932478834518	0.0005261830090790287	-0.0010554490424963259	-0.001620715938048356	-8.509521629651573e-05
-0.0006817665217064839	0.00012646328679322139	0.003637700358586793	-0.0007656010681313941	2.6907812618937044e-05	-0.002740502830548275	-0.0025568569314111667	0.0007886363775082561
-0.007421981673914724	-0.0009969059052412632	0.0007044585793853919	-0.0030123394522012514	-0.002906333966582686	-0.005673744609750786	-0.005989373907072659	-0.00014750461585411045
-0.006922706477455076	-0.0009969059052412632	-4.4454215304856604e-05	-0.0034492052491037484	-0.0023446493705654436	-0.006984342000457833	-0.006738286701762242	0.0006638175783935107
-0.007421981673914724	-0.0012465435034716421	-0.001604689204241616	-0.0031371582513157747	-0.0023446493705654436	-0.006547476203555114	-0.007050333699549993	-0.0002099140154112611
-0.00792125687037526	-0.0009344965056841126	-0.0025408301976042047	-0.0021386078583962576	-0.0019701929732203194	-0.004800013015946014	-0.0064262397039756	0.0007886363775082561
-0.00817089446860475	-0.0009969059052412632	-0.0034769711909665713	-0.002513064255741382	-0.0021574211718931036	-0.0019915900358586924	-0.00605178330662981	3.972358281822963e-05
-0.007172344075684789	-0.0007472683070119945	-0.003289742992294009	-0.0009528292668037341	-0.001221280178530515	0.00106647054245812	-0.0053028705119402275	0.0007886363775082561
-0.007546800473029469	-0.0008096777065689231	-0.0034769711909665713	-0.0014521044632638258	-0.0019077835736629467	0.002564296131838173	-0.002681675730525468	-2.2685816738921005e-05
-0.002491639108873178	1.6444876782539808e-06	-0.0015422798046844655	-0.0006407822690166487	0.0001517266117336824	0.0022522491340504214	-0.0006845749446862115	0.0009134551766234456
-0.0018051357137407464	-0.00031040251010883146	-0.0007309576104372884	4.572112611622714e-05	-9.791098649536423e-05	0.0010040611429009694	-0.00037252794689912605	-0.00014750461585411045
-0.00024490072480354286	0.00031369148546556147	0.0008292773784999152	0.0012939091172659012	0.0007134112077518129	-0.00024412684824914876	0.0007508412451360247	0.0009134551766234456
0.00025437447165632676	-0.00012317431143693547	0.0014533713740751963	0.0002953587243459399	0.00027654541084887185	-0.0034270062256811507	-0.00012289034866874715	-0.00014750461585411045
0.002750750453956119	0.00025128208590796675	0.0017030089723051312	0.0005449963225758747	0.0005885924086366234	-0.0043007378194859225	0.0003763848477913445	0.0007886363775082561
0.003998938445105127	0.0001888726863508161	0.0020150559700922166	-0.00020391647211415176	8.931721217653177e-05	-0.0031773686274507718	0.0008756600442512141	-2.2685816738921005e-05
0.00761868361944007	0.0008129666819256531	0.004136975555047107	0.0005449963225758747	0.0009630488059813036	0.0008168329442279632	0.0033096266269929675	0.0005389987792783213
0.008679643411916738	0.0009377854810403985	0.004449022552834192	0.0011690903181507117	0.0012750958037690552	0.004561396917677651	0.0043705864194705235	-0.0002723234149688558
0.00786832121766956	0.0011250136797131827	0.004386613153277041	0.0019180031128407382	0.0017743710002289248	0.006683316502632097	0.004682633417257609	0.0005389987792783213
0.009054099809262528	0.0014994700770578628	0.005447572945754375	0.0024172783093001637	0.0028977401922638535	0.007681866895552059	0.0049946804150449164	-2.2685816738921005e-05
0.008367596414129652	0.001686698275730647	0.005073116548409473	0.003852694499122622	0.002960149591821448	0.008056323292897183	0.0060556402075224725	0.0006638175783935107
0.00768109301899722	0.0011250136797131827	0.004199384954604701	0.0021052313115130783	0.002523283794918507	0.005372719111925273	0.004932271015487766	-0.00014750461585411045
0.006557723826962736	0.0011250136797131827	0.004386613153277041	0.002604506507972948	0.002585693194476102	0.003812484122987625	0.004183358220798183	0.0007262269779506614
0.005621582833599925	0.0011250136797131827	0.005073116548409473	0.002354868909742569	0.002523283794918507	0.003001161928740448	0.003184807827878	-2.2685816738921005e-05
0.0023762940566112167	0.0006881478828106857	0.004261794354161852	0.0010442715190355223	0.00152473340199899	0.000442376546883283	0.000688431845578874	0.0007262269779506614
0.0015649718623640396	0.0005009196841383456	0.004012156755931917	0.0005449963225758747	0.0009006394064245971	-0.0011178584420539206	-0.0006845749446862115	-8.509521629651573e-05
0.002501112855725518	0.00025128208590796675	0.003824928557259577	-7.909767299896231e-05	0.0009630488059813036	-0.0024284558327616335	-0.0013710783398181992	0.0005389987792783213
