Sensor_1	Sensor_2	Sensor_3	Sensor_4	Sensor_5	Sensor_6	Sensor_7	Sensor_8
-0.0033712028610666245	-0.00044648932631430327	-0.0027240049057755122	-0.0009737301747161364	-0.0011187415350577545	-0.0015131595788511198	-0.0020871481879907172	0.00048296762035549
-0.0016237396734566367	-0.00038407992675670855	-0.001725454512855773	-0.0007865019760433523	-0.0009315133363847483	-0.0009514749828334335	-0.0014006447928582855	-0.00026594517433453646
6.131411459531222e-05	0.00011519526970316107	-0.001101360517280714	-3.7589181353769874e-05	-5.778174257997648e-05	-0.0002649715877010017	-0.00046450379949614096	0.0006077864194706795
-0.0003755516823069627	-7.203292896917901e-05	-0.0010389511177231192	-0.00022481738002566587	-0.0004322381399248787	-0.0003273809872590405	-0.00040209439993854623	-7.871697566153024e-05
0.0006229987106129986	-9.623529412028375e-06	-0.0011637699168383087	2.482021820382485e-05	-0.00018260054169494389	-0.00014015278858625635	3.477139696372866e-05	0.00048296762035549
0.0016215491035325158	0.0001776046692607558	-0.0005396759212634716	8.722961776141958e-05	6.703705653521297e-05	0.00042153180743143004	0.0005340465934238203	-0.0003907639734492818
0.0054909318760969494	0.0003024234683757232	0.0007085120698864245	0.0011481894102385315	0.0010655874494547302	0.0020441761959257843	0.002468737979706148	0.00017092062256796048
0.007113576264591748	0.0006768798657208475	0.0017694718623637584	0.001647464606698179	0.0018145002441447566	0.002917907789730556	0.003092831975280985	-0.0005155827725644713
0.007737670260166585	0.0013009738612956845	0.002518384657053785	0.00227155860227346	0.0026258224383919337	0.0034795923857482425	0.0032800601739533253	0.0006077864194706795
0.007924898458839369	0.0008641080643929655	0.0034545256504161514	0.00227155860227346	0.002563413038834339	0.0038540487830929226	0.0029680131761653517	-0.0005155827725644713
0.00879863005264414	0.001176155062180051	0.004889941840238166	0.002958061997405892	0.0030626882352944307	0.0038540487830929226	0.0028431943770506063	0.00029573942168314993
0.0065518916685745054	0.0008016986648355928	0.0047027136415658255	0.001460236408026283	0.0020641378423742474	0.002356223193713314	0.001220549988556252	-0.0005779921721211778
0.004242743884946831	0.000988926863508155	0.004889941840238166	0.00227155860227346	0.0016896814450295672	0.0022314043945985684	0.0007212747920961604	0.00048296762035549
0.0039931062867168965	0.00036483286793287384	0.00507717003891095	0.0007737330128938513	0.0010031780498971354	0.0009832164034484503	9.718079652132339e-05	-0.00045317337300687655
0.0021208242999926075	0.0009265174639505602	0.0042658478446633286	0.0008985518120085967	0.0007535404516672006	0.00017189420920105114	-0.0003396850003813956	0.0006701958190280521
0.0004357705119404365	-0.00019685172808392437	0.0028304316548408703	-0.000412045578698228	-0.00018260054169494389	-0.0005770185854887533	-0.0014630541924163243	-0.00045317337300687655
0.00018613291371050167	0.0006768798657208475	0.0027680222552837197	0.0012105988097959042	0.0008159498512247954	-0.00014015278858625635	-0.000651731998168259	0.0006701958190280521
0.001996005500877418	0.00024001406881812848	0.0008957402685592086	-0.0010985489738308818	0.0011904062485694755	-0.0004521997863733418	-0.0013382353933011348	-0.00026594517433453646
0.0002485423132680964	0.0004896516670480633	-0.0007893135194931844	0.0015850552071410284	0.0013776344472420377	0.002730679591058216	-9.004740215057261e-05	0.0005453770199130847
-0.0016861490730142314	-0.00019685172808392437	0.00020923687342655484	-0.0004744549782562668	0.0010655874494547302	0.002106585595483379	-0.0005269131990537357	-0.00045317337300687655
0.00012372351415290694	0.00042724226749046856	0.008072821217670167	0.0017722834058138126	0.001939319043259502	0.0012328540016786071	0.0021566909819181745	0.0006701958190280521
-0.0037456592584110826	-7.203292896917901e-05	0.008509687014572442	-0.0034701061570152625	-0.0017428355306321475	-0.008378193530174993	0.0008460935912109058	-0.0003907639734492818
0.0033690122911420595	0.0004896516670480633	0.004640304242008009	-0.0032204685587857718	-0.0016804261310747748	-0.0014507501792935251	0.007586308743419812	0.0007326052185856469
-0.00817672662699298	-0.0005713081254290486	0.0053268076371404405	0.0045182969863430955	-0.0033654799191269458	0.0041036863813228575	0.013702429900053659	-0.0007028109712363673
0.009672361646448913	-9.623529412028375e-06	0.010631606599527332	-0.003906971953917759	0.0026258224383919337	-0.011186616510261427	0.011268463317311683	0.00035814882124074465
-0.0007500080796518649	-0.00013444232852721782	0.0059509016327152775	0.0004616860151063218	-0.004176802113374345	-0.016990690669107744	0.006150892553597798	-0.00045317337300687655
0.0039931062867168965	0.00011519526970316107	0.0007085120698864245	-0.0034076967574576678	0.0016896814450295672	-0.0019500253757533947	0.0072118523460744655	0.0004205582207983394
-0.0067413104371709665	-7.203292896917901e-05	-0.0005396759212634716	0.0074515387655449405	0.0025010036392767443	0.011405586129549006	0.008522449736782178	-0.00026594517433453646
-0.0003755516823069627	0.00011519526970316107	-0.0009765417181659686	0.0019595116044861527	0.00044149345387989314	0.0014200822003509472	0.0029680131761653517	0.00048296762035549
0.0038058780880450005	0.0003024234683757232	-0.0011637699168383087	-0.0057792539406422705	-0.003115842320896789	0.001045625803006267	0.0019070533836884618	-7.871697566153024e-05
-0.005617941245135816	0.000552061066605658	-0.0030360519035625977	2.482021820382485e-05	-0.004551258510719247	0.011405586129549006	0.005838845555810268	0.0007950146181432416
0.0006854081101705933	-7.203292896917901e-05	-0.007279891073472378	-0.0015978241702909735	-0.003115842320896789	0.005476693171588165	0.0012829593881138468	-0.00026594517433453646
0.0021208242999926075	-7.203292896917901e-05	-0.010025904654001438	-3.7589181353769874e-05	0.00044149345387989314	0.0003591224078738353	-0.004021839574273045	0.00035814882124074465
-0.00773986083009115	-0.0012578115205614804	-0.007467119272144718	0.0005240954146634724	0.0003790840543218543	0.0013576728007933525	-0.006518215556572171	-0.0005155827725644713
-0.013481525589379872	-0.000696126924544016	-0.004097011696040376	0.0017098740062557738	-0.001867654329747337	-0.007816508934157085	-0.007766403547722289	0.0006077864194706795
0.00430515328450487	-0.001320220920119075	-0.0035353271000226894	-0.009711046112764521	0.0012528156481270702	-0.015992140276187783	-0.012259880315861338	-0.0005779921721211778
-0.012670203395131807	-0.0008209457236592055	-0.0004148571221482822	0.0045182969863430955	0.0003790840543218543	-0.0015755689784078264	-0.0066430343556873606	0.0006701958190280521
-0.015728263973449064	-0.001569858518349232	0.003953800846875799	-0.004967931746395315	-0.001867654329747337	-0.006755549141679751	-0.007579175349049727	-0.0006404015716792166
-0.006242035240711097	-0.0010081739223319897	0.006013311032272872	-0.0062161197375449895	-0.004488849111161652	-0.01287167029831382	-0.006955081353474668	0.00035814882124074465
-0.005305894247348286	-0.001320220920119075	0.0042658478446633286	-0.005279978744182623	-0.004176802113374345	-0.006568320943007855	-0.004645933569847882	-0.0006404015716792166
-0.006616491638055777	-0.00013444232852721782	0.007635955420768115	-0.00016240798046895932	-0.0003074193408103554	0.0011704446021210124	-0.0007141413977258537	0.0006701958190280521
-0.00773986083009115	-7.203292896917901e-05	0.012254250988021687	0.0021467398031582707	4.627656977618244e-06	-0.0066307303425650055	-0.0028984703822383384	-7.871697566153024e-05
0.0078000796597241795	5.2785870145344305e-05	0.013190391981384053	-0.003969381353475354	0.0024385942397195937	-0.013183717296101127	-0.0047707523689626274	0.0007326052185856469
-0.001998196070801761	-0.0002592611276415191	0.008821734012360194	0.00039927661554872707	0.0003166746547647037	-0.002137253574426179	-0.001525463591973919	-0.00020353577477694174
-0.004869028450446233	-0.00013444232852721782	0.006949452025635239	0.0028332431982907025	0.0015648626459143777	0.006537652964065055	0.0016574157854580829	0.0005453770199130847
0.0007478175097281881	0.0006144704661632527	0.008135230617227318	0.0007113236133362566	0.001939319043259502	0.0020441761959257843	0.0023439191805909587	0.00010851122301080984
0.010608502639810835	0.0015506114595251752	0.009633056206607371	-0.00272119336232568	0.0020017284428170967	0.001919357396811039	0.004777885763332934	0.0010446522163731764
0.0017463679026481493	0.0006768798657208475	0.0036417538490880474	0.001460236408026283	-0.002242110727092017	0.007785840955214951	0.008397630937666989	-0.00026594517433453646
0.00767526086060899	0.0016754302586403647	0.0008333308690013919	0.0017722834058138126	0.0020641378423742474	0.008285116151675043	0.010082684725719382	0.0009822428168155817
0.011045368436713332	0.0011137456626229003	-0.0008517229190510012	0.00227155860227346	0.002376184840161555	0.002356223193713314	0.008210402738994649	-0.00026594517433453646
0.012605603425650536	0.0014882020599680246	-0.001725454512855773	0.001023370611123342	0.0022513660410472536	-1.53339894710669e-05	0.0074614899443052884	0.0005453770199130847
0.004742019081407367	0.001176155062180051	-0.004908333890287775	0.0037069747920950302	-0.0001201911421375712	0.001482491599908542	0.0076487181429774065	-0.00014112637521912497
0.007425623262379277	0.00042724226749046856	-0.006406159479667384	0.002958061997405892	0.0020017284428170967	0.0012328540016786071	0.00708703354695972	0.00017092062256796048
0.006239844670786532	0.00042724226749046856	-0.002287139108872571	0.0028332431982907025	0.0020641378423742474	0.0003591224078738353	0.006150892553597798	-0.0005779921721211778
-0.000937236278324205	0.0004896516670480633	0.0007709214694440192	0.00021204841687660902	-0.0011187415350577545	-0.0011387031815062176	0.005089932761120464	0.00035814882124074465
-0.002372652468146663	-0.0003216705271991138	0.0015198342641338236	-0.0032828779583433665	-0.0036775269169144753	-0.002698938170442977	0.004465838765545405	-0.0005779921721211778
0.002869737094682634	0.00036483286793287384	0.002705612855726125	-0.0021595087663082158	-0.0002450099412525386	-0.0007642467841610934	0.005401979758907771	0.0005453770199130847
0.0005605893110556259	0.00036483286793287384	0.004577894842450858	-3.7589181353769874e-05	0.001752090844587162	0.0005463506065461754	0.003779335370413417	-0.00026594517433453646
-0.0024974712672614086	-7.203292896917901e-05	0.0059509016327152775	0.0004616860151063218	0.0015648626459143777	-0.0016379783779658652	0.0017822345845732723	0.00035814882124074465
0.0004981799114978092	5.2785870145344305e-05	0.006762223826963343	-0.0005992737773710122	0.0015648626459143777	-0.004259173159380181	0.0004716371938662256	-0.00045317337300687655
0.003056965293354974	-7.203292896917901e-05	0.0057636734340433815	0.00033686721599113234	0.0028754600366216465	-0.0030109851682309507	0.00034681839475103615	0.00035814882124074465
-0.00018832348363506668	-0.0006337175249870874	0.006075720431830911	0.0010857800106809368	0.0026882318379495285	-0.0003273809872590405	-0.0007765507972834484	-0.0008900391699091514
-0.002185424269474323	0.00024001406881812848	0.00776077421988286	0.0017098740062557738	0.0020641378423742474	0.0014200822003509472	-0.0008389601968410432	0.0004205582207983394
-6.350468451943314e-05	0.00011519526970316107	0.007698364820324821	-0.000412045578698228	0.0007535404516672006	0.0030427265888457455	-0.0027112421835657763	-0.00026594517433453646
-0.0025598806668190033	-9.623529412028375e-06	0.007885593018997827	-0.0024091463645377065	-0.0004946475394824734	0.00678729056229499	-0.0017751011902034097	0.0002333300221255552
-0.005118666048675946	0.0001776046692607558	0.008509687014572442	-0.001473005371176228	-0.002678976523994514	0.008409934950789788	3.477139696372866e-05	-0.00014112637521912497
-0.0037456592584110826	-0.00013444232852721782	0.008197640016784913	-0.0020346899671934704	-0.0018052449301899642	0.0027930889906158107	-0.0014006447928582855	0.00035814882124074465
0.0020584149004350127	-0.0002592611276415191	0.007635955420768115	-0.0018474617685209083	6.703705653521297e-05	-0.003947126161592651	-0.002773651583122927	-0.0005155827725644713
0.0013095021057449863	0.0001776046692607558	0.005201988838025695	0.0005240954146634724	0.0010031780498971354	-0.0036974885633629384	-0.0020871481879907172	0.00048296762035549
-0.0011868738765543618	0.00011519526970316107	0.002081518860151288	0.0025836056000605456	0.001752090844587162	-0.0013883407797359304	-0.0002772756008233568	-0.00026594517433453646
0.0013095021057449863	0.00024001406881812848	0.0005212838712140844	0.0011481894102385315	0.0013776344472420377	-0.0024493005722134864	0.0006588653925385657	0.0005453770199130847
0.0016215491035325158	-9.623529412028375e-06	0.0001468274738689601	-0.001473005371176228	-0.00018260054169494389	-0.0028861663691155393	0.00103332178988369	-0.0003283545738921312
-0.004244934454871174	-0.0003216705271991138	-0.002599186106660767	-0.0011609583733884765	-0.0019300637293049316	-0.0004521997863733418	0.0016574157854580829	0.0002333300221255552
-0.00930009581902791	-0.0010081739223319897	-0.006406159479667384	-0.002783602761883275	-0.003053432921339194	-0.0004521997863733418	9.718079652132339e-05	-0.0003283545738921312
-0.008988048821239936	-0.0015074491187916372	-0.007467119272144718	-0.002284327565423405	-0.002866204722667298	-0.0014507501792935251	-0.00046450379949614096	0.00010851122301080984
-0.008988048821239936	-0.0015074491187916372	-0.005719656084535174	-0.002783602761883275	-0.0028037953231097035	-0.002761347570000572	-0.0007141413977258537	-0.0006404015716792166
-0.008863230022125412	-0.0016322679179063826	-0.005345199687189828	-0.003158059159228177	-0.0036775269169144753	-0.004259173159380181	-0.0010885977950705339	0.00010851122301080984
-0.007427813832303176	-0.0015074491187916372	-0.004658696292057396	-0.002970830960555393	-0.003053432921339194	-0.0036350791638053437	-0.0012758259937435401	-0.0005779921721211778
-0.004120115655755763	-0.00038407992675670855	-0.0022247297093154206	-0.0009113207751580976	-0.0009315133363847483	-0.0010762937819481788	-9.004740215057261e-05	0.0006701958190280521
-0.005305894247348286	-0.001320220920119075	-0.001538226314183433	-0.0024091463645377065	-0.0019924731288625264	-0.0013259313801785577	-0.0012758259937435401	-0.0003907639734492818
-0.0025598806668190033	-9.623529412028375e-06	0.0017070624628066078	-0.0007240925764857575	-0.0004946475394824734	0.0006087600061042142	0.00034681839475103615	0.0007950146181432416
-0.0013116926756695513	-0.0003216705271991138	0.0030176598535136545	-0.0013481865720610386	-0.0005570569390400681	0.0007959882047761102	0.0004716371938662256	-0.00014112637521912497
0.00037336111238284175	0.0001776046692607558	0.004453076043335669	-0.0005368643778138615	0.0005039028534370438	0.0014200822003509472	0.001220549988556252	0.0006077864194706795
-0.0016237396734566367	-0.0003216705271991138	0.005576445235370819	-0.0007865019760433523	0.0001294464560928077	0.0008583976043332608	0.00040922779430907497	-0.0003283545738921312
-0.0009996456778817997	-0.0002592611276415191	0.006200539230945212	-0.0009113207751580976	0.0001294464560928077	4.7075410086083735e-05	0.00040922779430907497	0.00029573942168314993
0.0016215491035325158	-7.203292896917901e-05	0.00776077421988286	-0.0007240925764857575	0.0005039028534370438	0.00042153180743143004	0.0012829593881138468	-0.0003907639734492818
0.006988757465477002	0.0013009738612956845	0.010694015999084039	0.001460236408026283	0.002750641237506679	0.003167545387960935	0.0039041541695281623	0.0006701958190280521
0.005428522476539799	0.0006768798657208475	0.010569197199969738	0.0015850552071410284	0.0020641378423742474	0.003167545387960935	0.003342469573510476	-0.0003907639734492818
0.00786248905928133	0.0013009738612956845	0.010569197199969738	0.001647464606698179	0.0030626882352944307	0.003542001785305393	0.003592107171740855	0.0006701958190280521
0.008923448851758442	0.001176155062180051	0.010319559601739803	0.0017722834058138126	0.0029378694361794633	0.004166095780880452	0.003716925970855822	-0.00020353577477694174
0.009485133447776128	0.00161302085908277	0.010319559601739803	0.0030204713969630426	0.003811601029984457	0.0051646461738006355	0.004153791767758097	0.0006701958190280521
0.005303703677424609	0.0008016986648355928	0.00863450581368741	0.0020219210040435254	0.0026882318379495285	0.003542001785305393	0.0017198251850161217	-0.0003283545738921312
0.00536611307698176	0.000988926863508155	0.008696915213245004	0.001897102204928336	0.0026882318379495285	0.0030427265888457455	0.0011581405889982133	0.0006077864194706795
0.004117925085832086	0.0008016986648355928	0.008696915213245004	0.0012105988097959042	0.0016272720454724166	0.003167545387960935	0.0007212747920961604	-0.0003283545738921312
0.0008726363088424893	0.0006144704661632527	0.006762223826963343	0.00021204841687660902	0.0008783592507823901	0.002481041992828059	-0.0002772756008233568	0.0006701958190280521
-0.00043796108186433536	0.0001776046692607558	0.00726149902342299	0.0001496390173190143	0.00044149345387989314	0.0021689949950409737	-0.000651731998168259	-0.00014112637521912497
0.0005605893110556259	0.000552061066605658	0.008010411818112573	0.00021204841687660902	0.0010031780498971354	0.0014200822003509472	-9.004740215057261e-05	0.0007950146181432416
-0.00018832348363506668	0.00024001406881812848	0.008010411818112573	-0.0005368643778138615	0.0003166746547647037	0.00017189420920105114	-0.0002772756008233568	-0.00014112637521912497
0.0002485423132680964	0.00042724226749046856	0.007698364820324821	0.0001496390173190143	0.0009407686503399848	0.0006711694056609208	0.0005340465934238203	0.0006077864194706795
-0.00043796108186433536	0.00036483286793287384	0.007136680224307801	0.00033686721599113234	0.001127996849012769	0.0008583976043332608	0.000783684191653311	4.610182345321512e-05
