Sensor_1	Sensor_2	Sensor_3	Sensor_4	Sensor_5	Sensor_6	Sensor_7	Sensor_8
-0.00741716338167886	-0.001472944636679907	-0.00430941852963862	-0.0024073647945197507	-0.0025852513146433775	-0.0031700733852664253	-0.0038296418228931373	-0.0008110763606012927
-0.0051080155980516295	-0.0010984882393350048	-0.003498096335391443	-0.0016584519998301683	-0.0017739291203962004	-0.00235875119101836	-0.0027686820304155813	2.458336461064192e-07
-0.003298143010884269	-0.0011608976388923775	-0.002249908344241991	-0.0014088144016002335	-0.001461882122608893	-0.001547428996771183	-0.001957359836168404	-0.0009358951597162601
-0.0018003174215044382	-0.00047439424375994577	-0.001625814348667154	-0.000659901606910207	-0.0008377881270336118	-0.0007985162020811565	-0.0012084470414783777	6.265523320392319e-05
-0.0016754986223894708	-0.0007240318419898806	-0.0013137673508791803	-0.0008471298055825471	-0.001025016325706174	-0.0007361068025240058	-0.001146037641921227	-0.0008110763606012927
-0.000988995227257261	-0.00041198484420235104	-0.0011265391522070622	-0.00047267340823786697	-0.0005881505288041211	-0.0006112880034088164	-0.0008339906441339195	2.458336461064192e-07
-0.0004273106312395747	-0.0006616224424327299	-0.0006272639557471926	-0.0005350828077950176	-0.0006505599283617158	-0.0003616504051793257	-0.0006467624454611354	-0.0008110763606012927
0.0037541191391117223	0.0002745185509300807	0.0013074274305349132	0.0007755145829118071	0.0007848562614614085	0.001198584583757878	0.001350338340378121	-6.21635659114883e-05
0.00587603872406639	0.0002745185509300807	0.0028676624194721168	0.0011499709802569313	0.0011593126588058666	0.0019474973784479044	0.002411298132855677	-0.0009358951597162601
0.007623501911675934	0.0006489749482749829	0.003678984613719738	0.0017740649758317684	0.001970634853053488	0.002634000773580336	0.0033474391262180436	-0.00012457296546908303
0.008185186507693176	0.0008986125465049177	0.004490306807966915	0.0018988837749465137	0.002095453652168233	0.003070866570482833	0.003721895523562946	-0.0006862575614861033
0.009745421496630824	0.0011482501447348525	0.005051991403984157	0.0023357495718490107	0.002781957047300665	0.003507732367384886	0.004533217717810567	6.265523320392319e-05
0.007561092512118783	0.0007113843478321336	0.004240669209737202	0.0015868367771594283	0.0019082254534958931	0.002634000773580336	0.0035970767244479784	-0.0008734857601586654
0.0060632669227391744	0.0005241561491600155	0.0029300718190297115	0.0014620179780444609	0.0015337690561507689	0.0018850879788907537	0.003097801527988109	-6.21635659114883e-05
0.005314354128048926	0.0005241561491600155	0.0027428436203573714	0.0010875615806993366	0.001096903259248716	0.0016354503806603748	0.0029105733293157687	-0.0006862575614861033
0.0036917097395543497	0.000399337350044604	0.0013074274305349132	0.000588286384239467	0.0009720844601335266	0.0010113563850855378	0.002224069934183337	0.00018747403231866855
0.0008832867594676941	-0.0001623472459721942	-3.1699601723556015e-06	0.00015142058733697006	-0.00021369413145855276	0.0007617187868560471	0.0007886537443613229	-0.0006862575614861033
0.0011953337572547795	0.0002121091513720419	0.0001216488389426118	0.0005258769846818723	0.0004103998641158402	0.0012609939833154726	0.0007886537443613229	0.0001250646327615179
0.00013437396477722352	-0.00047439424375994577	-0.00037762635751747986	-0.0005350828077950176	-0.0002761035310161475	0.0006368999877408577	-0.0007715812445763248	-0.0009983045592734108
0.0005712397616799425	-9.993784641504355e-05	0.0003088770376149519	0.00033864878600975423	0.00022317166544394418	0.0016354503806603748	-0.0008964000436906261	6.265523320392319e-05
-0.0004273106312395747	2.4880952700145897e-05	0.0013074274305349132	0.00040105818556734896	-8.88753323438074e-05	0.0016978597802179696	-0.001770131637495842	-0.0005614387623709138
0.00019678336433481824	-3.752844685744883e-05	0.0019315214261097502	0.00015142058733697006	3.5943466771160004e-05	0.0003248529899531061	-0.002394225633070679	6.265523320392319e-05
0.0007584679603525046	0.00014969975181533535	0.0027428436203573714	-0.0002854452095655269	-0.00021369413145855276	-0.0007985162020811565	-0.0029559102290883654	-0.00037421056369812966
0.0008832867594676941	0.0002121091513720419	0.0028676624194721168	0.0007755145829118071	-8.88753323438074e-05	-4.9603407392018184e-05	-0.0024566350326282738	0.000312292831433858
0.00019678336433481824	-0.0001623472459721942	0.0020563402252249396	-0.0002854452095655269	-0.00040092233013133693	-0.0003616504051793257	-0.0031431384277607055	-0.0005614387623709138
0.00107051495813959	-0.0001623472459721942	0.0013074274305349132	-0.0002854452095655269	0.00022317166544394418	0.00020003419083836071	-0.003205547827317856	-6.21635659114883e-05
-0.0011138140263724505	-0.0005368036433170964	-0.0005024451566322252	-0.0003478546091231216	-0.00040092233013133693	0.0021971349766780612	-0.004079279421122628	-0.0008734857601586654
-0.0006145388299123589	0.0002121091513720419	-0.001188948551764657	0.00033864878600975423	0.0007848562614614085	0.005629651952339998	-0.0038296418228931373	0.000312292831433858
-0.0017379080219470655	-0.0003495754446447563	-0.0025619553420295205	-0.00022303581000748807	0.00022317166544394418	0.006815430543932077	-0.005140239213600406	-0.0008110763606012927
-0.0006145388299123589	-3.752844685744883e-05	-0.0033108681367186588	-0.00016062641045033743	0.000660037462345775	0.00868771253065681	-0.00570192380961787	6.265523320392319e-05
-0.002112364419292412	-0.00041198484420235104	-0.0042470091300819135	-0.00016062641045033743	-0.0003385129305737422	0.010622403916938694	-0.007012521200325139	-0.0008734857601586654
-0.0006769482294699536	2.4880952700145897e-05	-0.0044342373287538095	0.0005258769846818723	0.0002855810650015389	0.011995410707204002	-0.00688770240120995	0.0001250646327615179
0.00044642096256475305	-0.0001623472459721942	-0.004746284326541783	8.901118777937533e-05	-0.0002761035310161475	0.011184088512955936	-0.0069501118007671	-0.0004990293628133191
-0.0006769482294699536	-0.0002247566455297889	-0.005807244119018673	0.00021382998689456478	-0.0008377881270336118	0.0105599945173811	-0.006076380206962773	0.0001250646327615179
-0.006106565990971591	-0.0014105352371223123	-0.0085532576995484	-0.0022825459954045613	-0.0029597077119880577	0.007314705740391947	-0.006825293001652799	-0.0008110763606012927
-0.007541982180793161	-0.001036078839776966	-0.008366029500875838	-0.0017832707989451357	-0.00246043251552841	0.005442423753667658	-0.0048281922158130985	0.0002498834318762633
-0.009539082966632861	-0.0016601728353522471	-0.007617116706185811	-0.002594592993192535	-0.002897298312430463	0.002009906778005499	-0.004016870021565921	-0.000748666961043476
-0.010724861558225607	-0.0017225822349093978	-0.0061192911168062025	-0.003031458790095032	-0.002522841915085783	-0.0020467041932317187	-0.003080729028203111	6.265523320392319e-05
-0.010787270957783202	-0.0016601728353522471	-0.003997371531851979	-0.002781821191864653	-0.0027724795133157176	-0.006103315164468048	-0.0018949504366108094	-0.0006862575614861033
-0.0057321095936264665	-0.0010984882393350048	-0.0027491835407018606	-0.0037179621852270195	-0.0013994727230508541	-0.009223785142342456	0.0011007007421488524	0.00018747403231866855
-0.006730659986545984	-0.001472944636679907	-0.0023123177437991416	8.901118777937533e-05	-0.0038958487053504243	-0.010284744934820012	0.00390912372223573	-0.0008110763606012927
-0.0026116396157520594	-0.0008488506411046259	-0.0024995459424719257	-0.0014088144016002335	-0.003146935910660842	-0.014965449901631622	0.0067175467023221636	0.00018747403231866855
0.0033172533422092254	-0.0009112600406622207	-0.0014385861499945918	-0.0022201365958469665	-0.001461882122608893	-0.013467624312252013	0.007466459497012412	-0.000748666961043476
-0.001425861024159536	-0.0002247566455297889	-0.002686774141144266	0.002023702574061703	-0.0007753787274760171	-0.006103315164468048	0.005718996309402424	0.0002498834318762633
-0.0005521294303552082	-0.0006616224424327299	-0.0035605057349494817	-0.0020329083971750705	0.00016076226588634945	-0.00235875119101836	0.0007886537443613229	-0.0008110763606012927
-0.00517042499760878	-0.0003495754446447563	-0.0031860493376043575	0.001836474375388919	9.835286632875473e-05	0.007813980936852039	-0.0010212188428062596	6.265523320392319e-05
-0.0026116396157520594	-0.00041198484420235104	-0.0011265391522070622	-0.0007223110064673577	3.5943466771160004e-05	0.007314705740391947	-0.0021445880348411883	-0.000748666961043476
0.0028179781457491337	0.00014969975181533535	0.001557065028764848	-9.821701089296475e-05	-0.0017115197208386057	0.0021971349766780612	-2.2668449886298347e-05	-6.21635659114883e-05
0.0104319248917637	0.0002745185509300807	0.0009953804327473836	-0.0013464050020426388	-8.88753323438074e-05	0.0005120811886258902	0.0018496135368379907	-0.0009983045592734108
0.012928300874062826	0.0007113843478321336	-0.0011265391522070622	-0.0008471298055825471	0.002157863051725828	0.007564343338621882	0.0032226203271032983	-0.0002493917645838284
0.0020066559515019566	0.0007113843478321336	-0.0004400357570746305	0.0070164545386610655	0.0015337690561507689	0.014179739691715598	0.0035346673248903837	-0.0008734857601586654
0.005314354128048926	0.0010234313456201072	0.003054890618144457	0.0022109307727342653	0.0047790578331403655	0.0042566451620751344	0.0021616605346259643	2.458336461064192e-07
0.0066873609183140115	0.0010858407451768137	0.005426447801329282	-0.0023449553949626	0.005340742429157386	-0.00029924100562173095	0.0014751571394937546	-0.0004990293628133191
0.000696058560795132	0.000836203146947323	0.006175360596018864	0.0019612931745045525	0.0012841314579215002	0.0035701417669427027	0.003097801527988109	0.00018747403231866855
0.0017570183532720218	0.0004617467496024208	0.009483058772565611	-0.0002854452095655269	-0.0005257411292460823	-0.005291992970220871	0.004845264715598097	-0.0006862575614861033
0.004190984936013997	0.0002745185509300807	0.011168112560618004	-0.002969049390537437	-0.0003385129305737422	-0.020270248864017626	0.006093452706747771	0.0001250646327615179
0.004752669532031684	2.4880952700145897e-05	0.010544018565042945	-0.0015960426002725736	-0.002522841915085783	-0.026823235817554414	0.009089103885506766	-0.0004990293628133191
0.004378213134686337	0.00033692795048723134	0.009233421174335676	0.0012747897793716767	-0.0013994727230508541	-0.0273849204135721	0.012584030260726076	0.000312292831433858
0.0031300251435368853	-0.0002871660450878277	0.006674635792478956	0.0025853871700789455	0.0005352186632305855	-0.029506839998526102	0.013083305457186167	-0.0006862575614861033
0.004503031933801527	0.00033692795048723134	0.0048023538057540005	0.0008379239824698459	0.0030315946455303777	-0.027260101614456467	0.014518721647008404	0.0002498834318762633
-0.0027988678144243995	-3.752844685744883e-05	0.0018691120265525996	-0.00016062641045033743	0.00022317166544394418	-0.018085919879505585	0.01489317804435375	-0.0004990293628133191
-0.002237183218407157	-9.993784641504355e-05	-0.0017506331477818993	-0.0011591768033702987	-0.0005257411292460823	-0.00916137574278486	0.014081855850106129	6.265523320392319e-05
0.00025919276389241297	-0.0001623472459721942	-0.0029988211389317954	-0.00215772719629026	-8.88753323438074e-05	-0.0032948921843807266	0.01027488247709929	-0.000748666961043476
-0.0010514046268148558	0.0002121091513720419	-0.0031236399380467628	-0.00022303581000748807	-0.0002761035310161475	0.0015730409811032242	0.005406949311614895	0.000312292831433858
-0.0006769482294699536	-0.0002247566455297889	-0.002187498944684396	-0.0020953177967326653	-0.0013994727230508541	0.003507732367384886	-0.0010212188428062596	-0.0006238481619285086
0.002131474750616924	0.00014969975181533535	-0.0014385861499945918	0.00033864878600975423	-0.0009626069261490233	0.007626752738179476	-0.005389876811829897	0.00037470223099100863
0.0032548439426516307	-3.752844685744883e-05	-0.0004400357570746305	0.0018988837749465137	-0.0003385129305737422	0.009436625325346837	-0.009384078383509964	-0.0004366199632561685
0.0017570183532720218	0.0004617467496024208	0.0013074274305349132	0.0027726153687512856	0.00016076226588634945	0.00868771253065681	-0.010382628776429925	0.0005619304296637928
-0.0001152636334522672	-0.00047439424375994577	0.0014322462296501026	-0.0007847204060253965	-0.0013994727230508541	0.0055048331532248085	-0.009945762979526762	-0.0008110763606012927
0.0020690653510595514	0.0002745185509300807	0.001120199231862573	-0.0020329083971750705	-0.001025016325706174	0.00650338354614477	-0.005826742608732838	0.0005619304296637928
-0.0013634516246023853	0.00033692795048723134	0.0008705616336324162	-0.0010343580042551093	-0.0008377881270336118	0.008562893731542065	-0.0023318162335135284	-0.0002493917645838284
-0.00392223700645955	0.00014969975181533535	0.001557065028764848	-0.000659901606910207	0.0007224468619031477	0.004693510958977631	-0.0001474872490014878	0.00043711163054860336
-0.004421512202919198	2.4880952700145897e-05	0.0035541658146045485	-0.0016584519998301683	0.0012841314579215002	-0.004355851976858505	0.0009758819430332188	-0.00037421056369812966
-0.0027988678144243995	2.4880952700145897e-05	0.004115850410621791	-0.0016584519998301683	0.0014089502570358015	-0.012531483318889203	0.001350338340378121	0.00043711163054860336
-0.005794518993184061	-0.0009736694402198154	0.002368387223012025	-0.0015336332007149789	-2.6465932786212676e-05	-0.018335557477735964	-0.0007091718450187301	-0.0004366199632561685
-0.007729210379465945	-0.0012233070384499722	0.0020563402252249396	0.00015142058733697006	-0.001025016325706174	-0.02164325565428271	-0.001146037641921227	0.0001250646327615179
-0.007541982180793161	-0.0014105352371223123	0.0018067026269950048	-0.001720861399387541	-0.0025852513146433775	-0.02482613503171449	-0.0010836282423636323	-0.0005614387623709138
-0.006855478785661173	-0.0014105352371223123	5.923943938523912e-05	-0.00253218359363494	-0.004083076904022986	-0.023078671844104726	0.0006014255456889828	0.000312292831433858
-0.006106565990971591	-0.0013481258375647176	-0.0031860493376043575	-0.003405915187439934	-0.004582352100482856	-0.016088819093666107	0.0022864793337409317	-0.0004990293628133191
-0.0067930693861035785	-0.0012233070384499722	-0.007429888507513915	-0.0026570023927501296	-0.003958258104908019	-0.0077259595529624026	0.004470808318252972	0.0001250646327615179
-0.005045606198494035	-0.0012857164380071229	-0.009302170494237982	-0.00253218359363494	-0.0034589829084485935	-0.0008609256016391953	0.0009758819430332188	-0.0006862575614861033
-0.007604391580351644	-0.00047439424375994577	-0.008178801302203054	0.001399608578486644	0.0047790578331403655	0.014491786689503128	0.003285029726660893	0.00037470223099100863
-0.008727760772385906	-0.00041198484420235104	-0.0085532576995484	-0.006276747567084184	-0.0070163186832252755	0.017112981470917665	0.007528868896569563	-0.0004990293628133191
-0.006231384790085892	-9.993784641504355e-05	-0.00661856631326585	-0.007400116759119113	-0.005705721292517785	0.010123128720479269	0.009338741483737367	0.00037470223099100863
0.00044642096256475305	-0.0002247566455297889	-0.0038101433331791945	0.001212380379814082	-0.0003385129305737422	-0.005978496365352859	0.00409635192090807	-0.0004366199632561685
0.008934099302383647	-9.993784641504355e-05	-0.0004400357570746305	0.0015868367771594283	0.006651339819865099	-0.014778221702958838	-8.507784944344898e-05	0.000312292831433858
0.00025919276389241297	8.729035225774062e-05	-0.0010017203530923169	0.0065795887417581245	0.0030940040450881945	-0.008287644148980089	-0.0005843530459035406	-0.00037421056369812966
0.006500132719641227	0.0007113843478321336	0.0019315214261097502	0.004020803359901404	0.0004728092636734349	0.0007617187868560471	0.0029105733293157687	0.00043711163054860336
0.008247595907251215	0.000836203146947323	0.0031173000177020516	0.00021382998689456478	-0.0007753787274760171	0.0038197793651724155	0.0038467143226781353	-0.0004990293628133191
0.006812179717428535	0.000836203146947323	0.0041782598101793855	-0.002719411792307058	-0.001025016325706174	0.00650338354614477	0.00390912372223573	0.0002498834318762633
0.007311454913888404	0.0011482501447348525	0.004115850410621791	-0.0015336332007149789	-0.0008377881270336118	0.00999830992136408	0.005843815108517614	-0.0004366199632561685
0.009995059094860537	0.00146029714252216	0.0029300718190297115	0.0007755145829118071	0.001096903259248716	0.009499034724903987	0.008340191090817184	0.000312292831433858
0.008559642905038523	0.0008986125465049177	0.001369836830092508	0.0025853871700789455	0.003406051042875502	0.00419423576251754	0.007840915894357314	-0.0005614387623709138
0.0035668909404396043	0.0008986125465049177	0.0016818838278798154	0.004083212759458554	0.004467010835353058	-0.0017346571954439671	0.0067175467023221636	0.00037470223099100863
0.005251944728491553	0.0010234313456201072	0.003429347015489803	0.0029598435674240697	0.004591829634467803	-0.005167174171105682	0.006031043307190176	-0.00018698236502623367
0.003629300339996755	0.00033692795048723134	0.0024932060221269925	0.0019612931745045525	0.002781957047300665	-0.0062905433631408325	0.00390912372223573	0.000312292831433858
0.002568340547519643	2.4880952700145897e-05	0.0034917564150469538	0.00015142058733697006	0.0014089502570358015	-0.006103315164468048	0.0019120229363960295	-0.0005614387623709138
0.0008832867594676941	0.0004617467496024208	0.005176810203098903	0.00021382998689456478	0.0010344938596911213	-0.004730308374203629	0.00047660674657357127	0.00043711163054860336
-0.0009265858276998884	-3.752844685744883e-05	0.0048023538057540005	-0.0005974922073526123	-0.0009001975265909845	-0.0034821203830532887	-0.0008964000436906261	-0.0004990293628133191
0.0020690653510595514	8.729035225774062e-05	0.003678984613719738	-0.0012839956024854882	-0.001649110321281233	-0.001547428996771183	-0.00020989664855863843	0.0002498834318762633
0.002318702949289264	-9.993784641504355e-05	0.0014946556292068092	-0.001096767403812704	-0.0017115197208386057	0.0014482221819880348	-0.0001474872490014878	-0.0004366199632561685
0.0012577431568119302	0.00014969975181533535	-0.00019039815884469569	-0.000659901606910207	-0.0007753787274760171	0.0044438733607474745	0.0003517879474588259	0.000312292831433858
-0.0013634516246023853	8.729035225774062e-05	-0.0015009955495519645	-0.0012215862029274493	-0.001212244524378514	0.0061289271487996455	0.0012879289408211925	-0.0003118011641414231
-0.0013010422250443465	0.0002745185509300807	-0.0025619553420295205	-0.0010343580042551093	-0.0009001975265909845	0.005629651952339998	0.0027233451306427625	0.0006243398292213875
-0.0004897200307971694	0.0005241561491600155	-0.0019378613464546834	-0.0002854452095655269	0.0004728092636734349	0.0016354503806603748	0.003035392128430514	2.458336461064192e-07
0.0003840115630076024	0.000399337350044604	-0.0010017203530923169	0.0013371991789292714	0.002594728848628325	-0.003419710983495916	0.0020992511350683696	0.0006243398292213875
-0.000988995227257261	2.4880952700145897e-05	-0.00012798875928710096	0.0014620179780444609	0.0022202724512829786	-0.0062905433631408325	0.0008510631439184735	-0.0002493917645838284
0.0003216021634500077	0.0002745185509300807	0.000932971033190011	0.0015868367771594283	0.0015961784557083636	-0.005416811769336061	0.001350338340378121	0.0004995210301061981
7.196456522007288e-05	-3.752844685744883e-05	0.0013074274305349132	8.901118777937533e-05	-0.00015128473190162417	-0.004106214378628348	0.0009134725434760682	-0.0004366199632561685
0.0008832867594676941	0.0002745185509300807	0.0019315214261097502	-0.0010343580042551093	-0.0006505599283617158	-0.0024835699901335495	0.0007886537443613229	0.0005619304296637928
-0.0005521294303552082	-3.752844685744883e-05	0.001557065028764848	-0.001970498997617476	-0.0022107949172984753	-0.0011729725994265028	0.00041419734701597655	-0.0004366199632561685
0.0006336491612373152	8.729035225774062e-05	0.0010577898323052004	-0.0011591768033702987	-0.0017115197208386057	-0.0004240598047364763	0.001350338340378121	0.0002498834318762633
0.001507380755042087	2.4880952700145897e-05	-3.1699601723556015e-06	-0.0009719486046977366	-0.00046333172968893166	-0.001297791398540804	0.0015375665390509052	-0.0003118011641414231
-0.00030249183212482933	2.4880952700145897e-05	-0.0015634049491097812	-0.0002854452095655269	0.0005976280627886243	-0.001297791398540804	0.001163110141706003	0.0006243398292213875
-0.00885257957150043	-0.0007864412415474753	-0.004621465527426372	-0.0012839956024854882	-0.0013994727230508541	-0.0018594759945591566	-0.0008339906441339195	-0.00012457296546908303
-0.009913539363977986	-0.0007864412415474753	-0.004496646728311404	-0.0015336332007149789	-0.0017115197208386057	-0.0026707981888061116	-0.0001474872490014878	0.0004995210301061981
-0.00997594876353558	-0.0009736694402198154	-0.003934962132294384	-0.002781821191864653	-0.0021483855177413247	-0.005728858767123146	-0.0007715812445763248	-0.00018698236502623367
-0.009539082966632861	-0.001036078839776966	-0.0031236399380467628	-0.003655552785670313	-0.002023566718625691	-0.007975597151192337	-0.0017077222379382473	0.0005619304296637928
-0.010412814560437855	-0.0012233070384499722	-0.0016882237482243045	-0.003031458790095032	-0.0028348889128737564	-0.008474872347652873	-0.0025190444321858685	-0.0003118011641414231
-0.00766680097990835	-0.0009112600406622207	-0.0002528075584022904	-0.0014712238011578282	-0.002085976118183286	-0.008537281747210024	-0.0020821786352831495	0.00043711163054860336
-0.004296693403804452	-0.0009736694402198154	5.923943938523912e-05	-0.0018456801985027305	-0.0017115197208386057	-0.01065920133216447	-0.0025190444321858685	-0.00037421056369812966
-0.0008641764281422937	-0.0002871660450878277	0.00043369583673014134	-0.0017832707989451357	-0.0010874257252633246	-0.0077259595529624026	-0.0014580846397083125	0.0004995210301061981
-0.002112364419292412	-0.00041198484420235104	-3.1699601723556015e-06	-0.0010343580042551093	-0.0023980231159708154	-0.0028580263874784517	-0.00027230604811623316	-0.0004366199632561685
9.55516566292225e-06	2.4880952700145897e-05	-0.0009393109535347222	-0.0012215862029274493	-0.0015242915221660436	0.0005120811886258902	0.0012879289408211925	0.00037470223099100863
-5.2854233895560654e-05	-0.0003495754446447563	-0.0014385861499945918	-0.0020953177967326653	-0.0012746539239361088	0.0014482221819880348	0.0010382913425908136	-0.0004366199632561685
-0.0004897200307971694	0.0002745185509300807	-0.0012513579513218076	-0.00041026400868027224	-0.00021369413145855276	0.0033829135682703626	0.0017872041372812841	0.0006243398292213875
-0.0004897200307971694	8.729035225774062e-05	0.000932971033190011	0.0009003333820269965	0.0002855810650015389	0.003258094769155173	0.0021616605346259643	-0.00037421056369812966
0.0058136293245087955	0.000836203146947323	0.0031797094172596463	0.002897434167866475	0.0030940040450881945	0.0023843631753504013	0.0038467143226781353	0.000312292831433858
0.008122777108136026	0.000836203146947323	0.0048023538057540005	0.0023981589714066054	0.0032812322437607566	0.0003872623895107008	0.0035346673248903837	-0.0004990293628133191
0.008684461704153268	0.0013354783434074147	0.0069242733907093346	0.0024605683709642	0.003218822844203162	0.0013234033828732894	0.003659486124005573	0.0004995210301061981
0.008060367708578875	0.0012106595442922252	0.008172461381858565	0.0025853871700789455	0.002095453652168233	0.002696410173137931	0.003285029726660893	-0.0004990293628133191
0.0104319248917637	0.0016475253411949442	0.009295830573893271	0.0022109307727342653	0.0027195476477430702	0.0021347255771204665	0.0033474391262180436	0.0006243398292213875
0.00837241470636596	0.0009610219460625125	0.007673186185398473	0.00040105818556734896	0.0016585878552659583	1.280599216602063e-05	0.0014127477399361599	-0.0004366199632561685
0.0066873609183140115	0.0010858407451768137	0.006487407593806616	0.001025152181141742	0.0012841314579215002	0.0006368999877408577	0.0014127477399361599	0.0005619304296637928
0.005376763527606521	0.0007737937473897283	0.005114400803541308	0.0013371991789292714	0.0010344938596911213	0.0017602691797755643	0.00197443233595318	-0.0003118011641414231
0.0029427969448645452	0.0004617467496024208	0.0025556154216848093	0.000588286384239467	0.001096903259248716	0.0010737657846431325	0.0014751571394937546	0.00037470223099100863
0.0013825619559275637	0.0002121091513720419	0.0006209240354020373	-0.00022303581000748807	0.0007224468619031477	0.0015106315815456295	0.0016623853381660947	-0.0003118011641414231
-0.00017767303300986192	0.00033692795048723134	0.0016194744283222207	0.00033864878600975423	0.0004103998641158402	0.002634000773580336	0.0027857545302008013	0.0005619304296637928
-0.00017767303300986192	0.0007113843478321336	0.001369836830092508	0.00033864878600975423	0.0007224468619031477	0.0017602691797755643	0.0031602109275452595	6.265523320392319e-05
0.0015697901546001258	0.0004617467496024208	0.0022435684238972797	0.00040105818556734896	0.0012841314579215002	-0.0008609256016391953	0.0027233451306427625	0.0005619304296637928
0.0007584679603525046	0.0005241561491600155	0.0033045282163741696	0.000588286384239467	0.0012217220583634614	-0.002608388789248517	0.0018496135368379907	2.458336461064192e-07
0.00107051495813959	0.000399337350044604	0.0031797094172596463	0.0009627427815845913	0.001096903259248716	-0.0035445297826113276	0.0014751571394937546	0.0005619304296637928
0.00107051495813959	2.4880952700145897e-05	0.0031173000177020516	0.0004634675851244996	-0.00021369413145855276	-0.004043804979071197	0.0006014255456889828	-0.0004366199632561685
0.0024435217484044536	0.0002745185509300807	0.0018067026269950048	-0.00022303581000748807	-2.6465932786212676e-05	-0.003045254586151236	0.0007886537443613229	0.00037470223099100863
0.0020690653510595514	0.0002745185509300807	0.0013074274305349132	-0.0007223110064673577	-0.0007129693279184224	-0.0006736974029664111	0.0009758819430332188	-0.00018698236502623367
0.001320152556369969	0.000399337350044604	0.0010577898323052004	-0.0005350828077950176	-0.0009001975265909845	0.002821228972252454	0.0016623853381660947	0.0004995210301061981
-0.0007393576290275483	-3.752844685744883e-05	0.00024646763805780125	-0.0010343580042551093	-0.0013994727230508541	0.00419423576251754	0.0017247947377236894	-0.00037421056369812966
0.0008208773599100994	0.0004617467496024208	0.00043369583673014134	-0.0002854452095655269	-2.6465932786212676e-05	0.004631101559420037	0.0025985263315284612	0.0006243398292213875
-0.0001152636334522672	0.00014969975181533535	0.0008081522340748215	8.901118777937533e-05	9.835286632875473e-05	0.0031956853695975784	0.0022864793337409317	-0.00018698236502623367
0.00025919276389241297	0.00033692795048723134	0.0007457428345172268	0.0009003333820269965	0.0008472656610183371	0.0016354503806603748	0.0023488887332980823	0.0005619304296637928
