Sensor_1	Sensor_2	Sensor_3	Sensor_4	Sensor_5	Sensor_6	Sensor_7	Sensor_8
0.000707575928893478	-8.982272831326021e-05	-0.0010449767452507253	0.00022452405584849622	3.6718570229909986e-05	0.0005102810940718072	-5.977884336516581e-05	-0.00032469426260806067
0.005388280895704645	0.0006590900663763222	0.0012641710383765048	0.001098255649652824	0.001721772358281859	0.0017584690852212592	0.0013756373464564042	0.00036180913252481517
0.006698878286411913	0.0010959558632788191	0.003573318822003735	0.0019095778439002231	0.0024082757534142907	0.0031938852750437174	0.0019373219424738686	-0.00013746606393505445
0.006012374891279926	0.0010335464637216685	0.005383191409170429	0.002533671839474838	0.0024706851529714413	0.002881838277256188	0.0019373219424738686	0.00048662793163956053
0.007947066277562254	0.001345593461508754	0.008254023788814902	0.0019095778439002231	0.0025955039520866308	0.001820878484778854	0.002062140741588836	-0.00013746606393505445
0.009008026070039366	0.0015952310597391328	0.009252574181734863	0.0022216248416877526	0.002533094552529036	0.001820878484778854	0.003123100534066392	0.0006738561303121227
0.0062620124895094165	0.001158365262836858	0.008316433188372496	0.001722349645227661	0.0017841817578394537	0.0019456972838938213	0.0032479193331806933	-0.00013746606393505445
0.004264911703669716	0.0009087276646069231	0.006319332402533018	0.0013478932478829808	0.0011600877622641725	0.0007599186923012979	0.002686234737163673	0.0004242185320824099
0.005325871496147494	0.0009087276646069231	0.004759097413595814	9.970525673330677e-05	0.001284906561379362	0.0006350998931865526	0.0027486441367212677	-0.00026228486305046594
0.0012692605249109423	0.0004718618677044262	0.0011393522392613153	0.0005365710536353596	0.0008480407644770871	0.0023825630807965403	0.002873462935836013	0.00036180913252481517
-0.001414343656060968	-8.982272831326021e-05	-0.0009825673456931305	-0.00014993234149707213	0.00016153736934421126	0.0027570194781414425	0.003310328732738732	-0.00044951306172280603
0.0007699853284510727	0.0003470430685892367	0.0002032112458989488	0.0005365710536353596	0.0006608125658043029	0.002257744281681351	0.005307429518578433	0.00048662793163956053
-0.0002909744640264833	0.00022222426947449136	0.002699587228198075	0.0008486180514228892	3.6718570229909986e-05	7.341529716931028e-05	0.0063683893110555445	-0.00032469426260806067
0.00195576392004293	0.00040945246814683145	0.004759097413595814	-0.0006492075379567197	0.0007232219653618976	-0.0022981418860155145	0.006867664507515636	0.0005490373311971553
0.00027071013199098104	-2.7413328755887534e-05	0.0061321042038609	0.00041175225452061426	-2.569082932768474e-05	-0.002422960685130704	0.0063683893110555445	-0.00032469426260806067
2.107253376060214e-05	9.740547035952396e-05	0.008316433188372496	0.001098255649652824	0.0004735843671317408	-0.001986094888227541	0.0063683893110555445	0.00036180913252481517
-0.0007278402609289802	-0.0002770509269851562	0.008690889585717398	-0.0009612545357442492	-0.0009618318226900513	-0.0031718734798202863	0.004745744922560746	-0.00044951306172280603
-0.0006654308613718296	3.4996070801929235e-05	0.008191614389257307	-0.0009612545357442492	-0.0018355634164952672	-0.002235732486458364	0.004496107324330811	0.00036180913252481517
-0.0017263906538489415	-0.0005266885252155351	0.0050711444113829	-0.001398120332646302	-0.0023972480125125095	-0.0006754974975207162	0.0033727381322958827	-0.0006367412603951461
-0.001601571854733752	-8.982272831326021e-05	0.0029492248264284537	-0.0004619793392843796	-0.0013986976195925482	0.0006350998931865526	0.003123100534066392	0.00023699033340962572
-0.00035338386358407803	0.00015981486991689664	0.00120176163881891	-0.0010236639353013999	-0.00083701302357575	0.0011343750896466442	0.0017500937438015285	-0.00026228486305046594
-0.0011022966582738825	0.00015981486991689664	0.0002656206454565435	9.970525673330677e-05	-0.00040014722667258695	0.0015712408865489191	0.001438046746013999	0.0005490373311971553
0.0003955289311057264	0.00022222426947449136	0.0005152582436860342	-0.0004619793392843796	0.0009728595635918325	0.0005726904936294019	0.0005019057526516324	-7.505666437745973e-05
8.348193331819687e-05	0.000284633669031642	0.0012641710383765048	0.0009734368505380786	0.0017841817578394537	-0.001112363294422991	-0.0005590540398257016	0.0005490373311971553
0.0006451665293358833	-0.0002770509269851562	0.0017010368352790017	-0.001460529732204341	0.0020338193560689444	-0.0029222358815905736	-0.0024937454261080294	-0.00044951306172280603
2.107253376060214e-05	0.000284633669031642	0.003698137621118036	0.0010358462500952292	0.0026579133516442255	0.00013582469672646091	-0.0013703762340728787	0.0005490373311971553
-0.0030369880445562103	-2.7413328755887534e-05	0.006881016998550038	0.0017847590447856998	0.0014721347600519241	0.0003230528953992451	-0.0015576044327452188	-0.00026228486305046594
-0.0023504846494237785	-0.0004642791256579404	0.008191614389257307	-0.002646308323796198	9.912796978750471e-05	-0.0033591016784930705	-0.0033050676203552065	0.000174580933852031
-0.00921551860074743	-0.0011507825207903721	0.0070682451972226	-0.004580999710078304	-0.003520617204547438	-0.004919336667430274	-0.0056142154039819925	-0.0005743318608371073
-0.011087800587472163	-0.0013380107194627122	0.005258372610055684	-0.0042689527122909965	-0.0040823018005644585	-0.0031094640802626916	-0.005302168406194907	0.00023699033340962572
-0.011150209987029314	-0.0013380107194627122	0.004010184618905788	-0.0030207647211411004	-0.003583026604104589	-0.0036087392767225612	-0.005426987205309652	-0.00032469426260806067
-0.007904921210040161	-0.0013380107194627122	0.002699587228198075	-0.004019315114061062	-0.0023972480125125095	-0.006978846852826681	-0.006550356397344359	0.00036180913252481517
-0.007156008415350579	-0.0010883731212332215	0.0008897146410313805	-0.0032704023193714793	-0.0021476104142825747	-0.007353303250171805	-0.006113490600442528	-0.00026228486305046594
-0.006843961417562605	-0.0009011449225604373	-0.0018562989394979024	-0.0006492075379567197	-0.0011490600213630575	-0.00473210846875749	-0.004116389814602828	0.00048662793163956053
-0.003973129037918577	-0.0010259637216756268	-0.0034789433279927007	-0.0005243887388419743	0.00022394676890180598	-0.0035463298771649665	-0.00274338302433752	-0.00044951306172280603
-0.0017263906538489415	-8.982272831326021e-05	-0.0022307553368425825	0.0005989804531929543	0.0010352689631494272	-0.0017364572899978281	-0.0006214634393828522	0.00061144673075475
-0.0026001222476534913	-0.0004642791256579404	-0.0008577485465783852	-0.0007116169375138703	-0.001024241222247646	-0.0003634504997329646	0.0008763621499963126	-0.00026228486305046594
-0.0008526590600441697	3.4996070801929235e-05	0.0006400770428012237	-0.0008364357366290598	-0.001024241222247646	0.002008106683451416	0.0036847851300836343	0.00061144673075475
-0.0010398872587165098	-0.00033946032654275093	0.001638627435721407	-0.0010860733348589946	-0.0018355634164952672	0.0023201536812389456	0.0038720133287555303	-0.00032469426260806067
-0.0002909744640264833	-0.00015223212787041085	0.002886815426870859	-0.001460529732204341	-0.0015859258182648883	0.0010095562905312327	0.0038096039291988237	0.00036180913252481517
0.0008323947280077792	-0.0002770509269851562	0.0042598222171357225	-0.001398120332646302	-0.0015859258182648883	0.0002606434958414283	0.0036847851300836343	-0.0005119224612804008
0.006823697085527103	0.0006590900663763222	0.00619451360341805	0.001098255649652824	0.0009104501640346818	0.0016336502861065139	0.005993932913710864	0.00036180913252481517
0.008071885076676555	0.000284633669031642	0.006007285404745266	0.0014103026474405755	0.0020338193560689444	0.001384012687876579	0.005619476516365962	-0.0006991506599522967
0.007759838078889469	0.0007839088654917337	0.006881016998550038	0.0026584906385900275	0.002969960349431533	0.0015712408865489191	0.005806704715038302	0.00029939973296722044
0.008321522674906934	0.0012207746623944526	0.006756198199435293	0.0013478932478829808	0.002720322751201376	0.0016960596856641086	0.005806704715038302	-0.00026228486305046594
0.010068985862516255	0.0017200498588543223	0.005133553810940938	0.0014727120469981703	0.0032820073472195066	0.0046293014648652875	0.006930073907073231	0.0008610843289844627
0.004701777500572213	0.000721499465934361	0.0023875402304109894	0.002159215442130158	0.0024082757534142907	0.00625194585336053	0.00593152351415327	-0.00044951306172280603
0.0035784083085377283	0.0009711370641640737	0.0031988624246581665	0.0022216248416877526	0.0025955039520866308	0.005003757862210856	0.0051202013199058705	0.0005490373311971553
0.004202502304112121	0.0005966806668196156	0.005195963210498089	0.00034934285496301953	0.0017841817578394537	0.001820878484778854	0.002686234737163673	-0.00032469426260806067
0.0031415425116350093	0.00040945246814683145	0.005195963210498089	0.0014727120469981703	0.002720322751201376	0.002257744281681351	-0.00018459764248079935	0.0004242185320824099
-0.002225665850309033	3.4996070801929235e-05	0.006756198199435293	0.00022452405584849622	0.0016593629587242642	0.003069066475928528	-0.0008711010376132311	-0.0003871036621652113
-0.001414343656060968	9.740547035952396e-05	0.00756752039368247	-0.00014993234149707213	-0.0001505096284428742	0.00344352287327343	0.0006267245517668218	0.00036180913252481517
-0.0008526590600441697	-8.982272831326021e-05	0.00975184937819451	-0.0017101673304338316	-0.0011490600213630575	-0.0001138129015034739	-0.0011207386358427218	-0.0003871036621652113
0.0024550391165030216	0.00022222426947449136	0.010126305775539635	-0.0017101673304338316	0.0006608125658043029	-0.0024853700846874105	-0.0016200138323028135	0.0005490373311971553
-0.0011022966582738825	0.00022222426947449136	0.008753298985274993	9.970525673330677e-05	0.0007856313649194924	-0.0009875444953078016	-0.0018696514305327483	-0.00019987546349287122
-0.0002909744640264833	0.00015981486991689664	0.005632829007400808	0.0014103026474405755	0.002345866353856252	0.0006975092927445914	-0.0011207386358427218	0.00048662793163956053
0.0006451665293358833	-2.7413328755887534e-05	0.003760547020675631	0.00028693345540564685	0.0007232219653618976	0.00038546229495661777	-0.0009335104371708258	-0.0003871036621652113
-0.0002909744640264833	-8.982272831326021e-05	0.0022003120317384273	-0.0008364357366290598	-0.0004625566262301817	0.0007599186923012979	-0.0006214634393828522	0.00023699033340962572
-0.0025377128480961186	-2.7413328755887534e-05	0.002075493232623682	3.7295857175712044e-05	-0.0004625566262301817	0.0023201536812389456	0.0006267245517668218	-0.00026228486305046594
-0.0007278402609289802	0.00022222426947449136	0.0019506744335089365	3.7295857175712044e-05	0.00034876556801655134	0.0016960596856641086	0.001438046746013999	0.00048662793163956053
-0.00035338386358407803	-0.0002770509269851562	0.0022003120317384273	-0.0008364357366290598	-0.0001505096284428742	-0.0006130880979631215	0.0006891339513239725	-0.0003871036621652113
0.0003331195315481317	0.000284633669031642	0.0038853658197905983	0.00028693345540564685	0.0007856313649194924	-0.0003010411001753699	0.0013132279468992536	0.0005490373311971553
-0.0006030214618137908	-8.982272831326021e-05	0.004634278614480847	0.00028693345540564685	3.6718570229909986e-05	-0.00042585989929055934	0.0007515433508815672	-0.00032469426260806067
0.0001458913328757916	-0.0005890979247726857	0.004821506813153409	-0.00033716054016919017	0.0004735843671317408	-0.0009875444953078016	-0.00018459764248079935	4.9762134737285635e-05
0.0004579383306633211	-0.00021464152742844966	0.006069694804302861	-0.00033716054016919017	0.0005359937666891135	-0.0003634504997329646	-0.00018459764248079935	-0.00044951306172280603
0.0003955289311057264	-8.982272831326021e-05	0.005632829007400808	-0.0008364357366290598	9.912796978750471e-05	0.0008847374914164874	-0.00018459764248079935	0.00023699033340962572
-0.0006030214618137908	-0.0004642791256579404	0.004135003418021199	-0.0010860733348589946	-0.0001505096284428742	0.002819428877698593	-0.0004966446402683289	-0.0005743318608371073
-0.0017263906538489415	9.740547035952396e-05	0.002886815426870859	0.000474161654078209	0.0007232219653618976	0.00413002626840564	-0.0003094164415959888	0.00061144673075475
-0.007904921210040161	-0.0012131919203479669	-0.000670520347905823	-0.0017725767299914263	-0.0013362882200353976	0.001196784489204239	-0.0035547052185851413	-0.00032469426260806067
-0.007655283611809782	-0.0010259637216756268	-0.0007953391470210125	-0.002022214328221583	-0.001461107019150143	0.0002606434958414283	-0.003804342816814854	0.00036180913252481517
-0.008466605806057403	-0.001400420119020307	-0.00023365455100310406	-0.002271851926451518	-0.0020227916151678293	-0.00042585989929055934	-0.004116389814602828	-0.00044951306172280603
-0.007655283611809782	-0.0012131919203479669	0.0008273052414740079	-0.002022214328221583	-0.0013986976195925482	-0.001112363294422991	-0.0039291616159300435	0.00036180913252481517
-0.008341787006942658	-0.0012131919203479669	0.0027619966277561137	-0.002084623727779178	-0.0017107446173800778	-0.0023605512855731092	-0.004303618013275168	-0.00019987546349287122
-0.005658182825970526	-0.0007139167238883193	0.005008735011825305	-0.0017101673304338316	-0.0011490600213630575	-0.0027350076829177894	-0.003180248821240461	0.0006738561303121227
-0.0050964982299530615	-0.000963554322117588	0.005383191409170429	-0.0023966707255658193	-0.00189797281605264	-0.0031094640802626916	-0.0030554300221252717	-0.00026228486305046594
-0.002225665850309033	-0.00033946032654275093	0.00582005720607337	-0.0013357109330891515	-0.0006497848249029659	-0.0017364572899978281	-0.0015576044327452188	0.00061144673075475
-0.0018512094529636869	-0.0006515073243302805	0.005445600808728024	-0.0012733015335315567	-0.0007121942244601165	-0.000925135095750651	-0.0014327856336309175	-0.00044951306172280603
-0.00016615566491218203	9.740547035952396e-05	0.005570419607842991	-0.0006492075379567197	0.00022394676890180598	-0.0001138129015034739	-0.0007462822384980417	0.0006738561303121227
2.107253376060214e-05	0.00015981486991689664	0.0048839162127105595	-0.00014993234149707213	0.00034876556801655134	0.0006975092927445914	-0.0006214634393828522	-7.505666437745973e-05
0.0003955289311057264	3.4996070801929235e-05	0.004197412817578128	0.00041175225452061426	0.0007856313649194924	0.000947146890973638	-0.0005590540398257016	0.00061144673075475
0.0022678109178306816	0.00022222426947449136	0.005258372610055684	0.0007237992523081438	0.0015345441596090748	0.0012591938887613896	-0.00024700704203795	-0.00019987546349287122
0.007010925284199887	0.0009711370641640737	0.008316433188372496	0.0024712624399181315	0.003406826146333808	0.002819428877698593	0.0019373219424738686	0.00061144673075475
0.006324421889067011	0.0006590900663763222	0.009314983581292458	0.0018471684443428504	0.0026579133516442255	0.002819428877698593	0.0016252749446867831	-0.0003871036621652113
0.008196703875791744	0.0015952310597391328	0.011374493766689309	0.0022840342412453474	0.0035316449454485532	0.0037555698710609597	0.002873462935836013	0.0008610843289844627
0.007697428679331875	0.0009087276646069231	0.01256027235828161	0.0015975308461129156	0.002533094552529036	0.003880388670176149	0.002686234737163673	-0.0003871036621652113
0.008071885076676555	0.001345593461508754	0.013121956954298852	0.0019095778439002231	0.003157188548104317	0.0040052074692908946	0.0031855099336235426	0.00048662793163956053
0.004826596299687846	0.0009087276646069231	0.011124856168459818	0.0005365710536353596	0.0018465911573966043	0.0021329254825661614	0.0017500937438015285	-0.00019987546349287122
0.005013824498359742	0.0009087276646069231	0.00956462117952217	0.0009734368505380786	0.0022834569542995453	0.0016336502861065139	0.0016876843442434897	0.00061144673075475
0.004202502304112121	0.0006590900663763222	0.008129204989700156	0.0010358462500952292	0.0022210475547419506	0.001196784489204239	0.0013756373464564042	-0.00044951306172280603
0.001518898123140655	0.0007839088654917337	0.0057576478065157755	0.0010358462500952292	0.0024082757534142907	0.0003230528953992451	0.0006267245517668218	0.0007362655298697174
0.0001458913328757916	-8.982272831326021e-05	0.003760547020675631	0.00022452405584849622	0.0012224971618217673	-0.0006130880979631215	-0.00012218824292364872	-0.0003871036621652113
0.0012692605249109423	0.00040945246814683145	0.0034485000228885454	0.0007237992523081438	0.0018465911573966043	0.00038546229495661777	0.001001180949111502	0.00048662793163956053
-0.0004157932631414507	-8.982272831326021e-05	0.0021379026321812766	3.7295857175712044e-05	0.0007232219653618976	0.0006975092927445914	0.0006267245517668218	-0.00032469426260806067
0.00027071013199098104	0.00015981486991689664	0.0023251308308536167	0.0005365710536353596	0.0010352689631494272	0.0005726904936294019	0.001438046746013999	0.00061144673075475
0.0001458913328757916	-2.7413328755887534e-05	0.002886815426870859	-8.75229419394774e-05	0.0004735843671317408	-0.0008003162966354616	0.0012508185473416589	-0.0003871036621652113
0.0011444417257953088	0.00022222426947449136	0.0031988624246581665	0.00022452405584849622	0.0006608125658043029	-0.0010499538948658405	0.0017500937438015285	0.0006738561303121227
0.0005203477302206938	-2.7413328755887534e-05	0.003136453025101238	-8.75229419394774e-05	-0.0001505096284428742	-0.000925135095750651	0.0016252749446867831	-0.0003871036621652113
0.000894804127565374	-2.7413328755887534e-05	0.0026371778286413683	-0.00033716054016919017	9.912796978750471e-05	-0.0012995914930955532	0.0015628655451291884	0.00048662793163956053
0.00027071013199098104	3.4996070801929235e-05	0.0025747684290837736	-0.0002747511406118175	9.912796978750471e-05	-0.0005506786984059708	0.0012508185473416589	-7.505666437745973e-05
-0.00022856506446888858	3.4996070801929235e-05	0.002262721431296022	0.0001621146562909015	0.00022394676890180598	-5.140350194587917e-05	0.00118840914778362	0.0005490373311971553
-4.1336865796548494e-05	9.740547035952396e-05	0.002699587228198075	-0.00021234174105377868	0.0004735843671317408	-0.0001138129015034739	0.0012508185473416589	-0.00013746606393505445
0.0005203477302206938	0.0003470430685892367	0.0029492248264284537	0.0006613898527509932	0.0008480407644770871	0.0008847374914164874	0.0016876843442434897	0.0006738561303121227
-0.0010398872587165098	-0.00040186972610034566	0.002262721431296022	-0.0003995699397263408	-2.569082932768474e-05	0.00038546229495661777	0.0009387715495543514	-0.00044951306172280603
-0.00022856506446888858	-0.00015223212787041085	0.002449949629968806	-0.0002747511406118175	0.0005359937666891135	1.1005897611715554e-05	0.0011259997482266915	0.00029939973296722044
-4.1336865796548494e-05	-0.00015223212787041085	0.0025747684290837736	-0.0004619793392843796	0.00034876556801655134	-0.000925135095750651	0.0005643151522092271	-0.0003871036621652113
0.0010820323262381581	-2.7413328755887534e-05	0.0031988624246581665	3.7295857175712044e-05	0.0009728595635918325	-0.0012371820935381805	0.00037708695353644295	0.0004242185320824099
2.107253376060214e-05	3.4996070801929235e-05	0.0038229564202332256	3.7295857175712044e-05	0.0006608125658043029	-0.0021109136873431744	-0.00043423524071073416	-0.00013746606393505445
-0.002288075249866184	-0.0005890979247726857	0.0021379026321812766	-0.0007116169375138703	9.912796978750471e-05	-0.0037335580758379727	-0.00236892662699284	0.00036180913252481517
-0.007967330609597756	-0.000963554322117588	-0.00023365455100310406	-0.001834986129549021	-0.0012738788204773588	-0.004856927267872235	-0.004802893209734815	-0.00013746606393505445
-0.007468055413137886	-0.0012756013199051175	-0.0009201579461359799	-0.0023966707255658193	-0.0015235164187077377	-0.004482470870527555	-0.00486530260929241	0.00048662793163956053
-0.008529015205614998	-0.0012131919203479669	-0.0012322049439230653	-0.002521489524681453	-0.0022100198138397253	-0.0035463298771649665	-0.0049901214084075995	-0.00026228486305046594
-0.008341787006942658	-0.000963554322117588	-0.0018562989394979024	-0.0022094425268939233	-0.00208520101472498	-0.002235732486458364	-0.004615665011062475	0.0006738561303121227
-0.008279377607385063	-0.0011507825207903721	-0.0018562989394979024	-0.0029583553215835057	-0.0025844762111848496	-0.0026101888838026	-0.004740483810177221	-0.00019987546349287122
-0.0061574580224306175	-0.0009011449225604373	-0.0014818425421534442	-0.0017101673304338316	-0.0017731540169374505	-0.001986094888227541	-0.003429886419469952	0.00048662793163956053
-0.005221317029068251	-0.0010259637216756268	-0.0014194331425951834	-0.0015229391317614915	-0.0017731540169374505	-0.0024853700846874105	-0.0031178394216828664	-0.0005119224612804008
-0.0021008470511933997	-0.0004642791256579404	-0.00023365455100310406	-0.000586798138399125	-0.0005873754253453711	-0.0023605512855731092	-0.0018696514305327483	0.0004242185320824099
-0.0017888000534060922	-0.0004642791256579404	0.0007024864423588184	-0.0004619793392843796	-0.0009618318226900513	-0.002173323086900325	-0.001307966834515728	-0.00032469426260806067
-0.0004157932631414507	-0.00015223212787041085	0.0019506744335089365	-8.75229419394774e-05	-0.0005249660257877764	-0.002173323086900325	-0.0005590540398257016	0.00061144673075475
-4.1336865796548494e-05	9.740547035952396e-05	0.0033236812237738	-0.00033716054016919017	-0.0007121942244601165	-0.0019236854886706123	-0.00043423524071073416	-1.264726482030909e-05
0.0003955289311057264	-8.982272831326021e-05	0.004010184618905788	-0.00021234174105377868	-0.0005249660257877764	-0.0012995914930955532	-0.00018459764248079935	0.0005490373311971553
0.002767086114290551	0.000721499465934361	0.005882466605630077	0.0005365710536353596	0.00034876556801655134	0.0007599186923012979	0.00118840914778362	4.9762134737285635e-05
0.006511650087739795	0.0005966806668196156	0.006943426398107633	0.0011606650492104187	0.001284906561379362	0.002195334882123756	0.0027486441367212677	0.00048662793163956053
0.006449240688182201	0.000721499465934361	0.0068186075989933315	0.0016599402456700663	0.0018465911573966043	0.0031938852750437174	0.0029982817349507584	-0.00026228486305046594
0.007822247478447064	0.001158365262836858	0.006756198199435293	0.0024088530403600927	0.002782732150758971	0.004379663866636241	0.003934422728313569	0.0005490373311971553
0.00875838847180943	0.0012831840619516033	0.00756752039368247	0.002533671839474838	0.0030323697489891277	0.0055030330586709475	0.004620926123446001	-0.00019987546349287122
0.008633569672694241	0.0014080028610667927	0.007317882795452979	0.002783309437705217	0.003219597947661468	0.00612712705424534	0.004995382520790681	0.00061144673075475
0.004452139902342722	0.000721499465934361	0.005695238406958181	0.0013478932478829808	0.0016593629587242642	0.004566892065308581	0.0029982817349507584	-0.00026228486305046594
0.004701777500572213	0.0007839088654917337	0.0061321042038609	0.0013478932478829808	0.0020338193560689444	0.003880388670176149	0.0026238253376063003	0.00048662793163956053
0.0035159989089801336	0.0006590900663763222	0.0070682451972226	0.0012854838483256081	0.0015345441596090748	0.00269461007858407	0.0017500937438015285	-0.00013746606393505445
0.0008323947280077792	9.740547035952396e-05	0.005695238406958181	0.00041175225452061426	0.0009104501640346818	0.0005726904936294019	-0.00012218824292364872	0.00036180913252481517
8.348193331819687e-05	-2.7413328755887534e-05	0.0061321042038609	0.00022452405584849622	0.0004735843671317408	0.00019823409628405564	-0.0008711010376132311	-0.0003871036621652113
0.0006451665293358833	0.000284633669031642	0.00619451360341805	0.0005989804531929543	0.0007856313649194924	0.000947146890973638	-0.0005590540398257016	0.0004242185320824099
-0.0006030214618137908	-0.00040186972610034566	0.005445600808728024	-0.0004619793392843796	-0.00021291902800024687	0.0008847374914164874	-0.0013703762340728787	-0.0006367412603951461
8.348193331819687e-05	0.00022222426947449136	0.005508010208285619	-2.511354238188268e-05	0.0002863561684594007	0.001820878484778854	-0.0008711010376132311	0.0004242185320824099
-0.0011647060578314772	-0.00040186972610034566	0.004010184618905788	-0.0005243887388419743	-0.0004625566262301817	0.001196784489204239	-0.0014327856336309175	-0.0005119224612804008
0.0004579383306633211	0.000284633669031642	0.003947775219348415	0.00034934285496301953	0.0005984031662473743	0.0010095562905312327	-0.0006838728389404469	0.0006738561303121227
-4.1336865796548494e-05	3.4996070801929235e-05	0.003698137621118036	0.00028693345540564685	0.0004735843671317408	-0.0005506786984059708	-0.0012455574349581333	-0.00019987546349287122
0.00027071013199098104	-0.00015223212787041085	0.0032612718242162053	0.0007237992523081438	0.0008480407644770871	-0.0017364572899978281	-0.0011831480354007606	0.00023699033340962572
0.0001458913328757916	0.00015981486991689664	0.003698137621118036	0.0006613898527509932	0.0008480407644770871	-0.002422960685130704	-0.0009959198367284205	-7.505666437745973e-05
0.0004579383306633211	0.00040945246814683145	0.0042598222171357225	0.0007862086518657385	0.0007856313649194924	-0.0020485042877858017	-0.0006214634393828522	0.0006738561303121227
-0.000977477859158915	0.00015981486991689664	0.004384641016250912	9.970525673330677e-05	-2.569082932768474e-05	-0.0014868196917674492	-0.0008086916380556364	-0.00013746606393505445
-0.0005406120622561961	3.4996070801929235e-05	0.0042598222171357225	-0.00033716054016919017	-0.00021291902800024687	-0.001112363294422991	-0.0006838728389404469	0.0004242185320824099
-0.0011022966582738825	-0.00015223212787041085	0.004322231616693317	-0.0008364357366290598	-0.0007746036240181553	-0.0010499538948658405	-0.0009959198367284205	-0.00032469426260806067
-0.0002909744640264833	0.000284633669031642	0.004072594018463382	-0.00014993234149707213	-0.00021291902800024687	-0.0008627256961930563	-0.0006214634393828522	0.0005490373311971553
-0.0006030214618137908	-0.00015223212787041085	0.002886815426870859	-0.0004619793392843796	-0.0005873754253453711	-0.0016740478904402334	-0.0011207386358427218	-0.0003871036621652113
0.0005827571297785106	3.4996070801929235e-05	0.0026371778286413683	0.00034934285496301953	0.0002863561684594007	-0.0019236854886706123	-0.0008086916380556364	0.00036180913252481517
-0.0005406120622561961	-0.0002770509269851562	0.0019506744335089365	9.970525673330677e-05	-0.0001505096284428742	-0.002797417082475162	-0.0016824232318604082	-0.00044951306172280603
-0.003099397444113361	-0.00021464152742844966	7.839244678420343e-05	-0.0002747511406118175	-0.00040014722667258695	-0.003858376874952274	-0.0026185642252227748	0.0006738561303121227
-0.008466605806057403	-0.0010259637216756268	-0.0024179835355151447	-0.0015853485313190863	-0.0022100198138397253	-0.005418611863889922	-0.005114940207522345	-0.00032469426260806067
-0.007468055413137886	-0.0008387355230028426	-0.002355574135957994	-0.0015229391317614915	-0.00189797281605264	-0.004981746066987425	-0.00486530260929241	0.0007362655298697174
