Sensor_1	Sensor_2	Sensor_3	Sensor_4	Sensor_5	Sensor_6	Sensor_7	Sensor_8
-0.004581795429922986	-0.000627376729991358	-0.00439242346837565	-0.0022366218204017407	-0.0011320440985735924	8.641205462756041e-05	-0.0027548788357367737	-0.00038529378957807836
-0.00851358760204457	-0.0013138801251242338	-0.003393873075455467	-0.0027358970168618324	-0.0012568628976878937	-0.0009745477378502176	-0.0028172882352939244	0.00017639080643938598
-0.019872098321507492	-0.0016259271229113192	-0.0060150678568704485	1.0116563667894596e-05	-0.006124796063172067	-0.007839581689173647	-0.0010698250476839366	-0.0007597501869229806
0.0031569701152056595	-0.0011890613260090444	-0.004205195269703088	-0.012596582146944924	0.0009898754863812975	-0.010023910673686132	0.00361087991912723	0.0002388002059969807
-0.014255252361333515	-0.0015635177233537245	-0.002582550881208734	0.007312016311894265	-0.006062386663615138	-0.004656702311742089	0.010163866872663796	-0.0006973407873658299
-0.003645654436560175	-0.0013762895246818285	0.0014116506904704451	-0.003921675608453912	-0.0033787824826432278	-0.027436133150225306	0.01241060525673321	0.00017639080643938598
-0.001960600648508226	-0.001251470725566195	0.0027846574807357527	-0.0022366218204017407	-0.004190104676889961	-0.03261611331349612	0.013783612046998073	-0.000447703189135229
0.007463218684672146	-0.0007521955291065474	-0.0023953226825359497	-0.006979736186770502	0.0024252916762035337	-0.019759777004654033	0.013284336850537981	0.0002388002059969807
-0.0052682988250554175	-0.0004401485313190179	-0.0043300140688182776	0.0044411839322493485	-0.00431492347600515	0.0023955598382543464	0.012348195857175392	-0.000447703189135229
-0.013131883169298586	-0.0001281015335317104	-0.003643510673685846	0.007998519707026253	-0.0014440910963604559	0.004205432425421041	0.011100007866026163	0.00042602840466954284
0.009460319470511847	-0.000627376729991358	-0.001958456885633897	-0.012534172747387107	0.003236613870450711	-0.011084870466163244	0.0049838867093920936	-0.0005101125886928237
-0.0028967416418705927	0.00024635486381341387	-0.003955557671473153	0.0006966199588001043	-0.005875158464942354	0.002645197436484281	0.0056079807049664865	0.0006132566033418829
0.0001613189364464418	-3.2827344169650274e-06	-0.005390973861295167	0.0014455327534901308	-0.003316373083085189	0.013566842359044706	0.0035484705195696353	-0.00032288439002048364
0.005403708499274851	0.0007456300602730614	-0.0013967722896164325	0.0014455327534901308	0.0033614326695661223	0.010134325383382992	0.0009896851377129146	0.0006756660028994776
0.004717205104142863	0.0009328582589458456	0.0020357446860457262	0.001195895155260196	0.0030493856717783707	0.0015218282444495745	-0.002942107034409114	-0.0002604749904628889
0.0075880374837873354	0.0011824958571753363	0.004344892469672956	-0.0022990312199591134	0.0012395130846116764	0.0023955598382543464	-0.0023180130388338327	0.00042602840466954284
0.002220829121843293	0.001244905256732931	0.004968986465247571	0.005564553124284277	0.0027373386739912853	0.00626494261081878	0.000490409941253267	-0.00032288439002048364
0.01663740041962325	0.0013697240558478985	0.008900778637369156	0.002069626749065412	0.008229365835050073	-0.005031158709086991	-0.0003209122529943542	0.0003636190051119481
0.0048420239032578305	0.001244905256732931	0.010398604226749208	0.004503593331806943	0.004235164263370894	-0.008214038086518993	-0.0002585028534367595	-0.00032288439002048364
0.0012222787289233317	0.0009952676585029963	0.009212825635156907	-0.001362890226596969	0.0010522848859388922	-0.004906339909971802	0.0009896851377129146	0.00042602840466954284
0.0042179299076829935	0.0010576770580601469	0.007964637644007233	-0.0009884338292518446	-0.001007225299458403	0.0015842376440071693	0.0020506449301904706	-0.00013565619134814355
0.003094560715648065	0.0009952676585029963	0.008151865842679573	0.0015703515526053202	0.0015515600823987619	0.002021103440909444	0.00042800054169522816	0.0006132566033418829
-0.0033960168383306844	0.00043358306248575396	0.007340543648432396	-0.0009884338292518446	-0.00025831250476793244	-0.0064665748989090055	-0.001818737842373963	-0.00013565619134814355
0.001159869329366181	0.0006208112611583161	0.007090906050202017	-0.002985534615091323	0.00017855329213367632	-0.009836682475013347	0.00011595354390814272	0.0007380754024570724
0.003219379514763032	0.0006208112611583161	0.0038456172732128646	0.0019448079499502224	0.0004281908903640552	-0.0058424809033341685	0.0031116047226673604	-1.0837392232954102e-05
0.003718654711222902	0.00043358306248575396	0.0032215232776375835	0.004878049729151845	0.0035486608682384624	-0.005218386907758887	0.0049838867093920936	0.00042602840466954284
-0.0031463792401007495	0.00018394546425581915	0.0038456172732128646	0.0031305865415423018	0.002612519874876096	-0.010273548271915622	0.004671839711604786	-0.00019806559090573828
0.0014719163271532665	0.0005584018616007214	0.0032215232776375835	-0.0022990312199591134	0.0009898754863812975	-0.00902536028076617	0.006356893499656957	0.0006756660028994776
-0.0005251844586857679	0.00043358306248575396	0.0020357446860457262	-0.0011756620279241847	-0.002505050888838012	0.0002736402533003446	0.008790860082398488	-7.324679179054883e-05
0.0012846881284813705	0.0008080394598302121	0.00016346269932077107	0.0010086669565878559	-0.001007225299458403	0.004143023025864334	0.008166766086824095	0.000987713000686341
0.005278889700160105	0.00037117366292771514	-0.002582550881208734	0.0010710763561454506	0.0026749292744336906	0.005453620416571381	-0.00038332165255194894	-1.0837392232954102e-05
-0.0003379562600138719	0.00037117366292771514	-0.003206644876783127	-0.0021118030212865513	0.0008026472877087354	0.01094564757763039	0.0018634167315176864	0.0006132566033418829
-0.007140580811780151	0.00024635486381341387	-0.005640611459525546	-0.0024862594186318976	-0.008870809643701572	0.016375265339131806	0.007043396894789611	-0.00013565619134814355
0.0005981847333484946	0.00037117366292771514	-0.0013967722896164325	-0.00042674923323460234	-0.002879507286182692	0.002894835034713994	0.0064817122987721465	0.0006132566033418829
0.009959594666971716	5.91266651406297e-05	0.0005379190966661174	0.0012583045548173466	0.005296124055848006	-0.01320679005111769	0.0020506449301904706	-0.0002604749904628889
0.002844923117418574	0.0003087642633710086	0.0011620130922409544	0.0016951703517202876	0.003985526665140737	-0.008775722682535791	0.002362691927977778	0.0006132566033418829
-0.005580345822842725	5.91266651406297e-05	-0.0004606312962538439	0.004004318135347074	-0.0009448158999008083	0.003518929030289053	0.0066689404974440425	-0.0002604749904628889
0.0016591445258258286	0.0004959924620431266	-8.617489890871965e-05	7.252596322548932e-05	-0.0008199971007856188	0.0014594188448922019	0.00841640368505403	0.0007380754024570724
0.0021584197222861423	0.0003087642633710086	0.0019733352864883535	-0.005357091798276148	0.00067782848859399	-0.0017858699320973948	0.004547020912489597	5.157200732464062e-05
-0.0065164868162050915	0.00024635486381341387	0.003159113878080877	-0.0022990312199591134	-0.0014440910963604559	0.0028324256351570654	0.00323642352178255	0.0006756660028994776
-0.009699366193637093	-0.00031532973220449456	0.0010996036926833597	-0.00130048082703893	-0.0033787824826432278	0.0004608684519722406	0.0016137791332877516	-7.324679179054883e-05
-0.0016485536507211407	-0.0007521955291065474	-0.0008350876935987461	-0.0009884338292518446	-7.108430609603644e-05	-0.010835232867933309	-0.001444281445029505	0.0007380754024570724
-0.0027095134431982526	-0.0011266519264514496	0.00010105329976362043	-0.0008636150301370993	0.002113244678416004	-0.014829434439612044	-0.005001617219806409	-0.0002604749904628889
-0.012445379774166154	-0.0008770143282212928	0.0008499660944536469	0.0013831233539329801	-0.0015065004959184947	-0.008838132082093386	-0.0053136642175934945	0.0006756660028994776
-0.010947554184786545	-0.001064242526893855	0.0002258720988783658	-0.0004891586327921971	-0.0032539636835280383	-0.005468024505988822	-0.004689570222018213	-7.324679179054883e-05
-0.001336506652933389	-0.0006897861295489527	3.8643900205581616e-05	-0.004857816601816278	-0.0018809568932631748	-0.0058424809033341685	-0.004564751422903912	0.0007380754024570724
-0.0054555270237277576	-0.0008146049286641421	-0.00027340309758150383	-0.005918776394293834	-0.0032539636835280383	-0.0013490041351948978	-0.005001617219806409	-0.00013565619134814355
-0.011384419981689042	-0.00037773913176186724	-8.617489890871965e-05	-0.001550118425269309	-0.0036908294804303132	0.003768566628518988	-0.003566201029983951	0.0006132566033418829
-0.003708063836118214	-6.569213397411566e-05	-0.0002109936980239091	-0.0005515680323497918	-0.0010696346990155536	2.4002655069965684e-05	-0.002068375440603898	-1.0837392232954102e-05
0.0053412990997177	0.00018394546425581915	-0.001084725291828681	-0.0006139774319064983	0.0015515600823987619	-0.0047815211108566125	-0.0012570532463567208	0.0007380754024570724
3.650013733125235e-05	-0.0001281015335317104	-0.0020208662851910475	0.0005718011596853589	0.00024096269169193718	-0.0022227357289996696	-0.0008825968490118186	-0.00013565619134814355
-0.003271198039215939	0.00012153606469822442	-0.0014591816891735832	0.0019448079499502224	-0.0006951783016710955	0.0014594188448922019	0.000490409941253267	0.0006132566033418829
0.0007854129320212788	0.00012153606469822442	-0.001084725291828681	0.0004469823605701695	-0.0003831313038831219	-0.00041286314183253126	0.0014265509346149674	-0.00019806559090573828
0.009085863073166944	0.0010576770580601469	0.0017236976882579746	-0.0007387962310219098	0.001738788281071102	-0.0013490041351948978	0.004047745716029727	0.0009253036011289684
0.006963943488212054	0.0010576770580601469	0.003346342076752773	0.0008838481574728885	0.001301922484168827	0.0018962846417946988	0.00623207470054199	-0.00013565619134814355
0.0053412990997177	0.0013697240558478985	0.003908026672770459	0.0036298617380021714	0.0018011976806289187	0.0030196538338291834	0.00791712848859416	0.0006132566033418829
0.009522728870069441	0.0013697240558478985	0.0038456172732128646	0.002693720744639805	0.0035486608682384624	-0.0006000913405048713	0.008603631883726592	-7.324679179054883e-05
0.01351693044174862	0.0019938180514229575	0.004407301869230107	0.0021320361486221184	0.004984077058060921	0.0004608684519722406	0.009477363477531364	0.0009253036011289684
0.0065270776913102235	0.001681771053634984	0.0032215232776375835	0.002693720744639805	0.0022380634775311936	0.005578439215686348	0.009227725879301207	0.00011398140688179126
0.003656245311665307	0.0014321334554057152	0.001474060090028484	0.002069626749065412	0.001301922484168827	0.007949996398871173	0.00822917548638169	0.0007380754024570724
