Sensor_1	Sensor_2	Sensor_3	Sensor_4	Sensor_5	Sensor_6	Sensor_7	Sensor_8
0.0008113484078722255	-0.0011640868165025964	9.967206818584096e-05	0.0002375714664184514	0.0012081230859568581	0.0003825328153574947	0.00012758171524085427	-0.00017027846843298278
-0.00031202078416248114	-0.0008520398187152889	-8.755613048627708e-05	5.0343267745889264e-05	0.0020194452802044793	0.000507351614471796	0.00018999111479867103	7.935912979650794e-05
0.0010609860061023824	-0.001039268017387851	-0.001398153521193768	-0.00026170373004164027	0.0010208948872849621	-0.00017915178066019166	-0.00018446528254667527	-0.0009191912631225652
-0.0004992489828348212	-0.001039268017387851	-0.001398153521193768	-0.00038652252915594154	0.00039680089170923694	-0.0002415611802173423	-0.00018446528254667527	-0.0007943724640082639
0.001123395405659977	-0.0009144492182726616	-8.755613048627708e-05	0.00011275266730392808	0.00045921029126683166	7.048581756996519e-05	0.00025240051435626576	-0.0007943724640082639
-0.0006240677819495666	-0.0009768586178298122	0.0010358130615484296	0.00011275266730392808	0.0011457136863997075	0.0002577140162423053	-0.00012205588298908054	-0.0015432852586978463
0.0005617108096422907	-0.0012889056156173417	0.0010358130615484296	-0.00013688493092645082	0.00045921029126683166	0.0007569892127021749	2.762916125664816e-06	-0.001356057060025062
-0.0009361147797373182	-0.0016009526134048713	0.001971954054910574	-7.44755313688561e-05	-0.0007265683003250256	0.0006945798131445802	-0.0002468746821038259	-0.001605694658255441
-0.0008112959806225728	-0.0008520398187152889	0.002596048050485411	-1.2066131811261371e-05	-0.00035211190298034545	0.0006321704135874295	6.517231568370363e-05	-0.0015432852586978463
0.00043689201052798943	-0.0011016774169454457	0.00322014204606047	-7.44755313688561e-05	-0.0002897025034227507	8.076418012370468e-06	-0.00012205588298908054	-0.0021049698547155327
-0.0008737053801792793	-0.001039268017387851	0.004031464240307647	0.00011275266730392808	-0.00035211190298034545	0.0009442174113751811	0.00012758171524085427	-0.0008567818635654145
0.0010609860061023824	-0.0004151740218125699	0.0035945984434049283	0.0002375714664184514	-0.0009137964989980318	0.0012562644091622666	0.00018999111479867103	-0.001168828861352944
-0.0009985241792949129	-0.0003527646222549752	0.0020967728540253194	-0.00038652252915594154	-0.0019747562914746997	0.00019530461668471055	-5.964648343104173e-05	-0.0007319630644506692
0.00043689201052798943	-0.00047758342137016463	0.002034363454468169	-7.44755313688561e-05	-0.0012258434967851173	0.0006321704135874295	2.762916125664816e-06	0.0005786343262565996
-0.0009361147797373182	-0.0005399928209277594	0.00178472585623779	0.0001751620668615228	-0.0009137964989980318	0.0016307208065071688	6.517231568370363e-05	0.0012651377213890314
0.000936167206987859	-0.0009144492182726616	-0.0006492407265039635	-0.00026170373004164027	-0.0013506622958998626	0.0015059020073919793	-0.00012205588298908054	0.0014523659200618155
0.0005617108096422907	-0.0017257714125200607	-0.0009612877242910489	-7.44755313688561e-05	-0.0016627092936876142	0.0010066268109323318	-0.00018446528254667527	0.0013899565205037767
-0.000748886581064534	-0.0015385432138477206	-0.0008988783247343424	0.00011275266730392808	-0.0007265683003250256	0.0013186738087198613	0.00018999111479867103	0.0018892317169636463
0.0008113484078722255	-0.001663362012962466	-0.00195983811721101	-0.00026170373004164027	-0.0009762058985547384	0.0008193986122597696	-0.00030928408166142063	0.0013899565205037767
-0.0004368395832772265	-0.0014137244147325312	-0.0013357441216361732	-7.44755313688561e-05	-0.00041452130253794017	0.0015059020073919793	6.517231568370363e-05	0.0013899565205037767
0.001123395405659977	-0.0011640868165025964	-0.0006492407265039635	0.00011275266730392808	-0.001038615298112333	0.0009442174113751811	6.517231568370363e-05	0.001140318922274064
-0.0006240677819495666	-0.0009768586178298122	-8.755613048627708e-05	-1.2066131811261371e-05	-0.0013506622958998626	0.0006321704135874295	0.00018999111479867103	0.0005786343262565996
0.0010609860061023824	-0.001039268017387851	0.0010358130615484296	-0.00019929433048404555	-0.001101024697670372	0.0009442174113751811	-0.00012205588298908054	0.0002665873284692921
-0.0005616583823919719	-0.0011640868165025964	0.0023464104522552542	0.00036239026553408493	-0.0007889776998826203	0.0011938550096046718	0.0003148099139134164	-0.00017027846843298278
-0.0013105711770819983	-0.0019129996111926229	0.002221591653140953	-0.00019929433048404555	-0.000851387099439993	0.0010690362104894824	-0.00012205588298908054	-0.0006071442653354797
0.00043689201052798943	-0.0019754090107497735	0.002783276249157751	-1.2066131811261371e-05	-0.0012258434967851173	0.0006945798131445802	2.762916125664816e-06	-0.0009191912631225652
-0.0011233429784096582	-0.0015385432138477206	0.0020967728540253194	-1.2066131811261371e-05	-0.0006641589007674309	0.0008193986122597696	-0.00012205588298908054	-0.0007319630644506692
0.0007489390083150749	-0.0011016774169454457	0.00178472585623779	0.00036239026553408493	-4.0064905192815914e-05	0.0002577140162423053	0.00018999111479867103	-0.001168828861352944
-0.0009985241792949129	-0.0009768586178298122	0.0008485848628756454	-0.00026170373004164027	0.00045921029126683166	-0.0002415611802173423	-0.00037169348121901535	-0.000981600662681048
0.000499301410084696	-0.0007272210196005435	0.00028690026685773695	-0.00013688493092645082	0.0017698076819741004	-0.0002415611802173423	0.00043962871302816176	0.0002041779289116974
-0.0004992489828348212	0.0010202421680094442	0.0005365378650881159	-0.00026170373004164027	0.0005216196908244264	-0.0018642055687121406	-0.0002468746821038259	-0.0006695536648930744
0.0005617108096422907	0.0005833763711069473	-0.0007740595256191529	-7.44755313688561e-05	0.0015825794833017603	-0.0016769773700398005	2.762916125664816e-06	-0.0003575066671055449
0.0012482142047751665	0.0011450609671241896	-0.0012733347220790225	0.00011275266730392808	0.0015825794833017603	-0.0015521585709248331	6.517231568370363e-05	-0.00010786906887538805
-0.0008112959806225728	0.0011450609671241896	-0.0009612877242910489	-7.44755313688561e-05	0.0021442640793196688	-0.001177702173580153	2.762916125664816e-06	-4.545966931779333e-05
0.0008737578074295982	0.0013322891657967517	-0.0005244219273889961	5.0343267745889264e-05	0.0015201700837443877	-0.0016769773700398005	2.762916125664816e-06	-0.0003575066671055449
-0.001372980576639593	0.001519517364469536	-0.00027478432915906126	-0.00019929433048404555	0.0015201700837443877	-0.002425890164729383	-0.0002468746821038259	-0.000544734865777885
0.0009985766065447876	0.002081201960486556	-0.000337193728716656	0.0002375714664184514	0.0018322170815321392	-0.0023634807651722323	-5.964648343104173e-05	-0.0006071442653354797
-0.000748886581064534	0.0018939737618146602	-0.0010236971238490877	-0.00019929433048404555	0.0022066734788768194	-0.0023010713656144155	-0.00012205588298908054	-0.0006071442653354797
0.001123395405659977	0.0018315643622566213	-0.0015229723203089574	-0.00026170373004164027	0.00208185467976163	-0.0024882995642874217	-0.00030928408166142063	-0.0006071442653354797
-0.0009361147797373182	0.001706745563141876	-0.0012109253225214278	0.0002999808659760461	0.002518720476664571	-0.0017393867695969512	0.0003772193134710111	7.935912979650794e-05
-0.0008112959806225728	0.0009578327684518495	-0.002459113313671102	-0.00038652252915594154	0.0017073982824169498	-0.0019266149682697353	-0.00030928408166142063	-0.00023268786799035546
0.0012482142047751665	0.0008954233688946989	-0.0027711603114581873	0.00011275266730392808	0.0020194452802044793	-0.0011152927740225582	2.762916125664816e-06	0.0002665873284692921
-0.00012479258548969696	0.00064578577066432	-0.0025839321127862913	0.0001751620668615228	0.0024563110771069763	-0.0004287893788896824	0.00025240051435626576	0.0005786343262565996
0.0008737578074295982	-0.00029035522269782454	-0.0027087509119010367	-0.00019929433048404555	0.0015201700837443877	-0.0010528833744649635	-0.00018446528254667527	-4.545966931779333e-05
-0.0006864771815073833	-0.00016553642358285714	-0.0017102005189815195	-0.00019929433048404555	0.0015825794833017603	-0.0004287893788896824	-0.0002468746821038259	-0.0003575066671055449
0.0008113484078722255	-0.00010312702402526241	-0.0014605629207511406	-1.2066131811261371e-05	0.001457760684186793	-0.00017915178066019166	6.517231568370363e-05	-0.00023268786799035546
-0.0006864771815073833	2.1691775089482945e-05	-0.0005244219273889961	-1.2066131811261371e-05	0.0009584854877269233	-0.0004911987784477212	-0.00012205588298908054	-0.000981600662681048
0.0008113484078722255	-0.00029035522269782454	0.0007237660637609	5.0343267745889264e-05	0.0011457136863997075	8.076418012370468e-06	2.762916125664816e-06	-0.0011064194617953493
0.0009985766065447876	-0.001226496216060191	0.0014726788584504824	0.0002999808659760461	0.001457760684186793	0.0005697610140302789	0.00025240051435626576	-0.0016681040578130357
-0.0011233429784096582	-0.0030363688032268854	0.0012230412602209917	-0.00026170373004164027	0.0015201700837443877	0.0007569892127021749	-0.00018446528254667527	-0.00310352024763505
0.0008113484078722255	-0.004346966193934154	0.0014102694588928877	-7.44755313688561e-05	0.0022066734788768194	0.001568311406949574	2.762916125664816e-06	-0.003977251841439822
-0.0006864771815073833	-0.004971060189509435	0.0017223164566808613	5.0343267745889264e-05	0.0030179956731244406	0.00262927119942713	6.517231568370363e-05	-0.0046637552365722534
0.0006241202091998854	-0.005407925986412154	0.002034363454468169	0.00011275266730392808	0.0028307674744521005	0.0028789087976566208	6.517231568370363e-05	-0.0046637552365722534
-0.0012481617775244036	-0.00503346958906703	0.002783276249157751	-7.44755313688561e-05	0.0015825794833017603	0.0027540899985418754	-0.00012205588298908054	-0.0046637552365722534
0.0002496638118554273	-0.004534194392606938	0.0034073702447330323	0.0001751620668615228	0.001644988882859355	0.0034405933936747513	0.00025240051435626576	-0.0038524330423250763
-0.001185752377967253	-0.0038476909974749507	0.003657007842962523	-0.0003241131295983468	0.0003343914921525304	0.00262927119942713	-0.00037169348121901535	-0.0042268894396697565
-0.0014353899761971878	-0.0034732346001293823	0.004031464240307647	-7.44755313688561e-05	0.00039680089170923694	0.0031909557954443724	-5.964648343104173e-05	-0.003477976644980174
0.0006241202091998854	-0.0032860064014572643	0.00465555823588204	0.00036239026553408493	0.0005840290903820211	0.003503002793231902	0.0003772193134710111	-0.00310352024763505
-0.00180984637354209	-0.004034919196146847	0.0039690548407500525	-0.00038652252915594154	-0.0002897025034227507	0.0027540899985418754	-0.00037169348121901535	-0.0038524330423250763
0.00043689201052798943	-0.0034732346001293823	0.004343511238095399	0.0002375714664184514	0.00045921029126683166	0.0031285463958869997	0.00025240051435626576	-0.0034155672454223573
-0.001372980576639593	-0.003598053399244572	0.003657007842962523	-1.2066131811261371e-05	0.0007088478894967665	0.003066136996329405	6.517231568370363e-05	-0.003727614243209887
0.0003744826109699506	-0.003598053399244572	0.0035945984434049283	0.0001751620668615228	0.0015825794833017603	0.002442043000754568	-0.00018446528254667527	-0.004289298839227351
-0.0015602087753121552	-0.0037228721983597612	0.0034073702447330323	0.0002375714664184514	0.0021442640793196688	0.002379633601196973	6.517231568370363e-05	-0.0046637552365722534
0.0003120732114128	-0.003161187602342075	0.004780377034997674	0.0002375714664184514	0.002893176874009251	0.0025668617998695353	0.0003148099139134164	-0.004726164636129848
-0.0004992489828348212	-0.003598053399244572	0.0044683300372097	-0.00044893192871353627	0.0022066734788768194	0.0013186738087198613	-0.0004965122803337607	-0.006286399625067052
-0.0017474369739840512	-0.0030987782027849242	0.0059037462270326024	0.00011275266730392808	0.0034548614700269376	0.002379633601196973	0.00025240051435626576	-0.006099171426394268
-0.0004992489828348212	-0.0037228721983597612	0.006028565026147348	-1.2066131811261371e-05	0.003330042670911748	0.0026916805989842807	-0.00012205588298908054	-0.006848084221084294
-0.00199707457221443	-0.004346966193934154	0.006527840222606995	0.0001751620668615228	0.0036420896686988335	0.003877459190576582	0.0003148099139134164	-0.0065360372232969866
-0.000748886581064534	-0.006219248180659331	0.005342061631014916	-0.00019929433048404555	0.002331492277992009	0.004876009583496321	2.762916125664816e-06	-0.004601345837014659
-0.0019346651726568354	-0.006468885778889266	0.004218692438980209	-1.2066131811261371e-05	0.0003343914921525304	0.007934070161813578	0.00012758171524085427	-0.0036027954440951415
0.0002496638118554273	-0.006219248180659331	0.003844236041634863	-0.00019929433048404555	-0.0012258434967851173	0.0069355197688933945	-0.00018446528254667527	-0.0033531578458649847
-0.0018722557730992406	-0.005844791783314207	0.004530739436767295	-1.2066131811261371e-05	-0.001912346891917549	0.006373835172876374	6.517231568370363e-05	-0.002479426252060213
-0.0017474369739840512	-0.004034919196146847	0.004031464240307647	-0.00013688493092645082	-0.0018499374923595102	0.00649865397199112	-5.964648343104173e-05	-0.001605694658255441
2.621362504839908e-08	-0.0032860064014572643	0.003657007842962523	5.0343267745889264e-05	-0.0013506622958998626	0.005874559976416283	6.517231568370363e-05	-0.0012312382609103167
-0.0019346651726568354	-0.0030363688032268854	0.003906645441192902	-0.00013688493092645082	-0.0006641589007674309	0.004813600183939171	-0.00012205588298908054	-0.002042560455157938
6.243561318264312e-05	-0.0027243218054398	0.004842786434554824	0.0002375714664184514	-4.0064905192815914e-05	0.004688781384823981	0.00018999111479867103	-0.004538936437457064
-0.0023715309695593323	-0.0034732346001293823	0.0062782026243768385	-0.00044893192871353627	-0.0006017495012107243	0.003939868590134621	0.00012758171524085427	-0.005350258631704685
-0.0006240677819495666	-0.0028491406045549894	0.009149035004021755	0.0001751620668615228	0.0005840290903820211	0.004251915587921484	0.00012758171524085427	-0.006660856022411954
-0.0025587591682321165	-0.00253709360676746	0.01139577338809139	5.0343267745889264e-05	0.0005216196908244264	0.004064687389249144	2.762916125664816e-06	-0.008096272212233746
-0.0014353899761971878	-0.0023498654080948977	0.014016968169505706	-7.44755313688561e-05	0.0010208948872849621	0.004251915587921484	-5.964648343104173e-05	-0.009219641404269119
-0.00180984637354209	-0.0014761338142896818	0.015639612558000504	0.0001751620668615228	0.0008960760881693286	0.005000828382611955	6.517231568370363e-05	-0.009781326000285917
-0.004118994157168876	-0.0023498654080948977	0.016825391149593028	-1.2066131811261371e-05	0.0005840290903820211	0.005999378775531028	6.517231568370363e-05	-0.009781326000285917
-0.0029956249651343914	-0.003598053399244572	0.014890699763310478	-7.44755313688561e-05	-0.0007265683003250256	0.005437694179513786	-5.964648343104173e-05	-0.008970003806038962
-0.003307671962921699	-0.004034919196146847	0.009273853803136944	-1.2066131811261371e-05	8.475389392215149e-05	0.008558164157388193	2.762916125664816e-06	-0.004726164636129848
-0.0004368395832772265	-0.0040973285957046635	0.005217242831900171	-1.2066131811261371e-05	2.234449436477881e-05	0.008995029954291134	-0.00012205588298908054	-0.004726164636129848
-0.002246712170444365	-0.0030363688032268854	0.006839887220394525	-7.44755313688561e-05	-0.001475481095015052	0.006186606974203812	2.762916125664816e-06	-0.007097721819313785
-0.0013105711770819983	-0.0023498654080948977	0.012831189577913626	0.0001751620668615228	-0.0024116220883774186	0.006061788175088623	0.00018999111479867103	-0.007222540618429418
-0.004680678753186784	-0.0022250466089801524	0.017387075745609826	0.0001751620668615228	-0.003784628878642282	0.006061788175088623	6.517231568370363e-05	-0.0065360372232969866
-0.003058034364691764	-0.0026619124058826493	0.01189504858455126	-0.00013688493092645082	-0.002099575090589889	0.00762202316402627	6.517231568370363e-05	-0.004289298839227351
-0.0008737053801792793	-0.0027867312049973947	0.008712169207119258	0.00036239026553408493	-0.001912346891917549	0.007060338568008584	0.00018999111479867103	-0.003914842441882227
-0.002433940369116483	-0.0024122748076524925	0.008150484611101794	5.0343267745889264e-05	-0.0012258434967851173	0.005936969375973877	6.517231568370363e-05	-0.004351708238784946
-0.0018722557730992406	-0.0030987782027849242	0.009461082001809284	-0.00019929433048404555	-0.003410172481297158	0.004314324987479079	-0.00018446528254667527	-0.000981600662681048
-0.0036197189607092284	-0.0029739594036692907	0.008649759807561663	5.0343267745889264e-05	-0.0024740314879347913	0.005375284779956191	0.00012758171524085427	1.694973023891322e-05
-0.0008737053801792793	-0.0038476909974749507	0.00409387363986502	0.0001751620668615228	-4.0064905192815914e-05	0.007309976166238741	-0.0002468746821038259	0.0002665873284692921
-0.0019346651726568354	-0.003972509796589252	-0.000337193728716656	-7.44755313688561e-05	-0.001038615298112333	0.005936969375973877	-0.00018446528254667527	-0.001356057060025062
2.621362504839908e-08	-0.004659013191722128	0.0059037462270326024	0.00042479966509123557	-0.001038615298112333	0.006061788175088623	0.0003772193134710111	-0.0015432852586978463
-0.001372980576639593	-0.0042845567943770035	0.008025665811986604	-7.44755313688561e-05	-0.003347763081739563	0.005562512978628753	-0.00012205588298908054	-0.0027290638502899256
-0.002808396766461607	-0.0036604627988021665	0.009461082001809284	0.00011275266730392808	-0.002536440887491942	0.006810700969779093	0.00012758171524085427	-0.0019177416560427485
-0.0008112959806225728	-0.0032860064014572643	0.008150484611101794	0.0002999808659760461	-0.0020371656910322944	0.005874559976416283	0.00018999111479867103	-0.002479426252060213
-0.002059483971772025	-0.0024122748076524925	0.006527840222606995	-1.2066131811261371e-05	-0.00010247430475041064	0.004314324987479079	6.517231568370363e-05	-0.004476527037899469
-0.00037443018372007586	-0.0014761338142896818	0.007526390615526957	0.0001751620668615228	-0.0005393401016522414	0.003877459190576582	6.517231568370363e-05	-0.0037900236427674816
-0.002870806166019202	-0.0022250466089801524	0.010709269992958514	-7.44755313688561e-05	-0.002536440887491942	0.0063114257733190016	6.517231568370363e-05	-0.0036027954440951415
-0.002059483971772025	-0.0038476909974749507	0.011832639184993665	-7.44755313688561e-05	-0.001475481095015052	0.006249016373761185	-5.964648343104173e-05	-0.003914842441882227
-0.003058034364691764	-0.0032860064014572643	0.008961806805349415	0.0001751620668615228	-0.0025988502870499808	0.0061241975746466615	0.00012758171524085427	-0.0036652048436527362
-0.0023715309695593323	-0.0034108252005724538	0.009648310200481403	5.0343267745889264e-05	-0.003347763081739563	0.00562492237818657	2.762916125664816e-06	-0.0029787014485203045
-0.0006864771815073833	-0.002287456008537303	0.00889939740579182	0.00036239026553408493	-0.0039094476777570275	0.004563962585709458	0.0003148099139134164	-0.0019177416560427485
-0.003058034364691764	-0.003535643999686977	0.00677747782083693	-0.00038652252915594154	-0.00415908527598674	0.005188056581283851	-0.00037169348121901535	-0.0011064194617953493
-0.0006240677819495666	-0.003972509796589252	0.004780377034997674	0.0002999808659760461	-0.002786078485722321	0.00562492237818657	0.00018999111479867103	0.0007034531253717891
-0.000748886581064534	-0.0030987782027849242	0.001347860059335293	0.0002375714664184514	-0.001038615298112333	0.007247566766681146	-0.00030928408166142063	-0.0012312382609103167
-0.00018720198504729169	-0.003348415801014859	0.0014726788584504824	-0.00013688493092645082	-0.0018499374923595102	0.0052504659808414456	2.762916125664816e-06	-0.003228339046749795
-0.002683577967347306	-0.0034732346001293823	0.006964706019509714	5.0343267745889264e-05	-0.003784628878642282	0.004563962585709458	-0.00012205588298908054	-0.0031659296471926446
-0.0011233429784096582	-0.0017881808120774334	0.012956008377028594	0.0001751620668615228	-0.0019747562914746997	0.004314324987479079	0.0003148099139134164	-0.003477976644980174
-0.0018722557730992406	2.1691775089482945e-05	0.012581551979683692	0.00011275266730392808	-0.0022243938897046345	0.004314324987479079	0.00018999111479867103	-0.005350258631704685
-0.0033700813624792936	-0.0020378184103078123	0.013517692973045836	-0.00013688493092645082	-0.0024740314879347913	0.00531287538039904	-0.0002468746821038259	-0.004726164636129848
-0.00199707457221443	-0.0017257714125200607	0.014391424566850608	0.0004872090646488303	-0.0018499374923595102	0.0044391437865942684	0.0005020381125857565	-0.00522543983258994
-0.0036197189607092284	-0.0022250466089801524	0.013455283573488463	-0.00019929433048404555	-0.0024740314879347913	0.006249016373761185	-0.00018446528254667527	-0.004414117638342319
-0.0023091215700021817	-0.004971060189509435	0.016326115953132936	-7.44755313688561e-05	-0.004783179271562021	0.008308526559158258	6.517231568370363e-05	-0.004850983435245038
-0.0048679069518593465	-0.006032019981986991	0.016825391149593028	0.00011275266730392808	-0.0030357160839520336	0.006685882170663904	2.762916125664816e-06	-0.00790904401356185
-0.0023091215700021817	-0.004596603792164533	0.015015518562425667	0.0001751620668615228	-0.00415908527598674	0.008558164157388193	0.00025240051435626576	-0.005724715029049365
-0.003058034364691764	-0.005407925986412154	0.0208820021208298	0.0001751620668615228	-0.0055945014658091985	0.0061241975746466615	2.762916125664816e-06	-0.005662305629492215
-0.005179953949646432	-0.0042845567943770035	0.017324666346052897	0.00042479966509123557	-0.004907998070676767	0.004751190784381576	0.0003772193134710111	-0.004726164636129848
-0.0035573095611520777	-0.011274409544816066	0.0077760282137568915	-0.00026170373004164027	-0.0039094476777570275	0.008308526559158258	-0.00030928408166142063	-0.0012312382609103167
-0.002433940369116483	-0.014706926520477337	-0.0027711603114581873	5.0343267745889264e-05	0.0003343914921525304	0.015423198108711844	6.517231568370363e-05	0.0002665873284692921
0.001997126999464749	-0.014332470123132657	-0.01032269765791427	5.0343267745889264e-05	0.0009584854877269233	0.016858614298534302	-0.0002468746821038259	0.002575735112096078
-0.0009985241792949129	-0.01464451712092063	-0.005766811490218293	0.0002999808659760461	8.475389392215149e-05	0.014923922912251975	-0.00018446528254667527	-0.0012312382609103167
-0.0005616583823919719	-0.013521147928885258	0.0014726788584504824	-0.00013688493092645082	-0.005344863867579042	0.015235969910039948	6.517231568370363e-05	-0.000981600662681048
-0.0036197189607092284	-0.012959463332868237	0.010334813595613834	0.0004872090646488303	-0.006093776662269068	0.014799104113137451	0.00043962871302816176	0.0006410437258146384
-0.0014353899761971878	-0.013146691531540577	0.009897947798711337	-0.00019929433048404555	-0.005656910865366793	0.011928271733492757	-0.0002468746821038259	-0.0029787014485203045
0.0008737578074295982	-0.009776583955436235	0.008524941008446474	0.00036239026553408493	-0.0049704074702343615	0.008246117159600663	0.00018999111479867103	-0.0036652048436527362
-0.0008112959806225728	-0.00802912076782647	0.007588800015084551	0.0002999808659760461	-0.002973306684394661	0.010555264943227893	0.0003148099139134164	-0.0003575066671055449
-0.00037443018372007586	-0.0055327447855269	0.012331914381453757	0.0001751620668615228	-0.005719320264923944	0.010492855543670743	0.00012758171524085427	-0.00048232546622073436
-0.004493450554514	-0.0075298455713666	0.019196948332777408	-7.44755313688561e-05	-0.005032816869791512	0.006061788175088623	-5.964648343104173e-05	-0.006223990225509457
-0.0021218933713291754	-0.006531295178446639	0.01876008253587491	0.0001751620668615228	-0.0066554612582867545	0.0075596137644682315	0.0003772193134710111	-0.0019177416560427485
-0.0006240677819495666	-0.006780932776676574	0.01520274676109823	0.00036239026553408493	-0.006905098856516245	0.008932620554733539	-5.964648343104173e-05	-0.004351708238784946
0.001123395405659977	-0.008403577165171372	0.014765880964195732	5.0343267745889264e-05	-0.009027018441471135	0.010368036744555553	6.517231568370363e-05	-0.003727614243209887
-0.0008112959806225728	-0.009214899359418549	0.01832321673897286	0.0004872090646488303	-0.005656910865366793	0.00936948635163537	0.0003772193134710111	-0.005537486830377025
-0.0029332155655765746	-0.00940212755809089	0.017262256946495302	0.00011275266730392808	-0.006093776662269068	0.009556714550307932	0.00018999111479867103	-0.0052878492321470905
0.00018725441229761053	-0.006531295178446639	0.014703471564637693	5.0343267745889264e-05	-0.004408722874217119	0.008807801755618572	-0.00018446528254667527	-0.002229788653829834
-0.0011233429784096582	-0.0017257714125200607	0.014016968169505706	0.00011275266730392808	-0.008028468048551174	0.0022548148020817838	2.762916125664816e-06	-0.0022921980533878727
-0.0004368395832772265	0.0005833763711069473	0.011957457984108855	0.00042479966509123557	-0.0028484878852794715	-0.004485400350126456	0.0003148099139134164	-0.002417016852502618
-0.0008112959806225728	0.004390349744113786	0.005030014633227831	-0.00013688493092645082	-0.001912346891917549	-0.0037988969549940244	-0.00012205588298908054	0.0015771847191765609
0.00299567739238471	0.007011544525528324	0.006652659021721741	0.00011275266730392808	-0.0039094476777570275	-0.008105145524460955	0.0003772193134710111	-0.0031659296471926446
-0.0033700813624792936	0.003391799351193825	0.01626370655357534	-1.2066131811261371e-05	0.0008960760881693286	-0.010102246310300433	-0.00018446528254667527	-0.006660856022411954
-0.0011233429784096582	0.00576335653437865	0.004031464240307647	0.00011275266730392808	-0.002099575090589889	-0.0007408363766769899	0.00012758171524085427	-0.001980151055600343
0.0009985766065447876	0.0012074703666822284	0.008649759807561663	0.0004872090646488303	-0.0015378904945724248	0.0008818080118175864	0.0005020381125857565	0.0031374197081142086
-0.002433940369116483	0.0009578327684518495	0.0007861754633180507	-0.00044893192871353627	-0.000227293103865156	-0.003049984160304442	-0.000434102880776166	-0.0014184664595826568
0.0025588115954824353	0.010319242702075515	0.002783276249157751	0.00011275266730392808	-0.0007265683003250256	-0.008479601921805635	6.517231568370363e-05	-0.0025418356516178076
-0.0036197189607092284	0.012815618684374641	0.015389974959770125	0.00011275266730392808	-0.005282454468021891	-0.016218367466934502	2.762916125664816e-06	-0.0006071442653354797
-0.0008112959806225728	0.00295493355429155	0.011270954588976645	0.00036239026553408493	0.00039680089170923694	0.001568311406949574	2.762916125664816e-06	0.000953090723602168
-0.002246712170444365	-0.0004151740218125699	0.0056541086288022235	-1.2066131811261371e-05	-0.00035211190298034545	-0.0069193669328684315	-0.00012205588298908054	0.00032899672802644275
-0.00218430277088677	0.004515168543228976	0.003469779644290183	0.0001751620668615228	-0.000227293103865156	-0.0012401115731368595	0.00025240051435626576	-0.0017305134573701864
0.0008737578074295982	0.00295493355429155	0.0014726788584504824	-1.2066131811261371e-05	-0.0019747562914746997	0.0031285463958869997	-0.00018446528254667527	0.0012651377213890314
-0.004805497552301752	-0.0019129996111926229	0.008212894010659388	5.0343267745889264e-05	-0.003410172481297158	0.0018803584047375477	6.517231568370363e-05	-0.00017027846843298278
-0.0009985241792949129	-4.071762446811178e-05	0.0044683300372097	0.00011275266730392808	-0.0016627092936876142	0.00013289521712755992	2.762916125664816e-06	-0.0014184664595826568
-0.002059483971772025	0.002081201960486556	0.0004117190659733705	0.0002375714664184514	-0.0004769307020950908	-0.0016769773700398005	0.0003772193134710111	0.0022636881143089926
0.0008113484078722255	-0.004971060189509435	-0.006390905485792686	-0.00013688493092645082	0.00014716329347996826	0.00550010357907138	-0.00018446528254667527	0.0028877821098838297
0.0017474894012348141	-0.006593704578004234	-0.010073060059684558	5.0343267745889264e-05	0.0009584854877269233	0.009806352148538311	0.00018999111479867103	0.0015771847191765609
6.243561318264312e-05	-0.006468885778889266	-0.0050803080950858615	0.0002999808659760461	-0.0007889776998826203	0.008932620554733539	0.00012758171524085427	0.0007658625249293838
-0.0004368395832772265	-0.008341167765613333	-0.0009612877242910489	-0.00019929433048404555	-0.0016627092936876142	-0.0009904739749073688	-0.0002468746821038259	-0.0018553322564853758
0.00043689201052798943	0.00045855757199175784	0.006340612023934433	0.0002375714664184514	-0.001038615298112333	8.076418012370468e-06	0.00012758171524085427	-0.001605694658255441
0.0008737578074295982	-0.001226496216060191	0.008150484611101794	0.0004872090646488303	-0.002099575090589889	0.003066136996329405	0.0003772193134710111	-0.00048232546622073436
-0.002870806166019202	0.0010826515675665949	0.009648310200481403	-7.44755313688561e-05	-0.0020371656910322944	-0.0006160175775624666	-5.964648343104173e-05	-0.00310352024763505
0.0012482142047751665	0.0012074703666822284	0.010958907591188893	5.0343267745889264e-05	-0.002973306684394661	0.0014434926078350507	6.517231568370363e-05	-0.004039661240996972
-0.0029956249651343914	0.0005209669715493526	0.015889250156230217	0.00011275266730392808	-0.006031367262711473	-0.0009904739749073688	6.517231568370363e-05	-0.0023546074529450234
-0.002246712170444365	-0.0022250466089801524	0.013455283573488463	0.00042479966509123557	-0.0037222194790846874	-0.001364930372252049	-0.00012205588298908054	0.0002041779289116974
-0.0013105711770819983	-0.004222147394819853	0.0020967728540253194	-7.44755313688561e-05	-0.0020371656910322944	0.002442043000754568	-0.00030928408166142063	0.0035118761054588887
0.0018723082003495595	-0.0007272210196005435	-0.00158538171986633	0.0004872090646488303	-0.0006641589007674309	0.001568311406949574	0.0005644475121433512	0.0014523659200618155
-0.0005616583823919719	-0.0011016774169454457	0.002221591653140953	-1.2066131811261371e-05	-0.002536440887491942	0.002192405402524633	-0.0002468746821038259	-0.00048232546622073436
-0.00218430277088677	-0.0013513150151749365	0.005529289829687256	-1.2066131811261371e-05	-0.0038470382781994328	-0.001177702173580153	2.762916125664816e-06	1.694973023891322e-05
0.0014978518030046573	0.0026428865565037984	0.0039690548407500525	0.0005496184642059809	-0.0009762058985547384	0.00019530461668471055	0.00025240051435626576	0.000953090723602168
-0.0014977993757547825	0.0010826515675665949	0.004156283039422615	-0.00013688493092645082	-0.0013506622958998626	0.0006321704135874295	-0.00012205588298908054	0.00032899672802644275
-0.00031202078416248114	0.00020891997376226712	0.0056541086288022235	0.00011275266730392808	-0.0004769307020950908	-0.0016769773700398005	-5.964648343104173e-05	-0.0027290638502899256
-0.002246712170444365	0.001519517364469536	0.005154833432342132	-1.2066131811261371e-05	-0.0011634340972275226	-0.00467262854879924	0.00025240051435626576	-0.0010440100622377546
0.001373033003889912	0.0022684301591591183	0.004031464240307647	0.00036239026553408493	-0.001725118693245209	0.0017555396056223582	0.00012758171524085427	0.00039140612758448157
-0.0009361147797373182	-0.00010312702402526241	0.006527840222606995	5.0343267745889264e-05	-0.0013506622958998626	-0.001177702173580153	-0.00012205588298908054	-0.002417016852502618
-0.001185752377967253	-0.00047758342137016463	0.007276753017297022	0.0001751620668615228	-0.001912346891917549	0.0010066268109323318	0.00025240051435626576	-0.0023546074529450234
0.000936167206987859	-0.00522069778773937	0.0077760282137568915	0.00011275266730392808	-0.003410172481297158	0.0050632377821691055	6.517231568370363e-05	-0.0018553322564853758
-0.00031202078416248114	-0.0032860064014572643	0.007401571816412211	0.0002375714664184514	-0.003597400679969498	0.0036278215923470913	0.00012758171524085427	-0.0009191912631225652
-0.00012479258548969696	-0.004409375593492637	0.006403021423492472	0.00036239026553408493	-0.0012258434967851173	0.004501553186151863	0.00025240051435626576	-0.0016681040578130357
-0.002059483971772025	-0.006593704578004234	0.007651209414641702	-0.00019929433048404555	-0.003222944282624818	0.005188056581283851	-0.00012205588298908054	-0.00048232546622073436
-0.0009361147797373182	-0.006905751575791763	0.009149035004021755	5.0343267745889264e-05	-0.002099575090589889	0.0010066268109323318	-5.964648343104173e-05	-0.0014808758591406956
0.0008113484078722255	0.0016443361635842813	0.005404471030572511	5.0343267745889264e-05	-0.0020371656910322944	-0.015094998274900018	0.00025240051435626576	-0.00023268786799035546
0.001123395405659977	0.010194423902959882	0.007588800015084551	-7.44755313688561e-05	0.0025811298762217216	-0.008354783122691334	6.517231568370363e-05	0.0008906813240445732
-0.002621168567789267	0.0023932489582743077	0.004156283039422615	5.0343267745889264e-05	0.001457760684186793	-0.0050470849461441425	-0.00012205588298908054	0.0004538155271420763
-0.0017474369739840512	0.00295493355429155	0.002408819851812849	0.0001751620668615228	0.002705948675336467	-0.008604420720920825	0.00018999111479867103	0.0029501915094414244
0.0021219457985799384	-0.0027243218054398	-0.003520073106148658	-0.00019929433048404555	0.0006464384899396158	-0.0067321387341960914	-0.00030928408166142063	0.00014176852935410267
0.0027460397941543313	0.002081201960486556	-0.004144167101723051	5.0343267745889264e-05	0.00027198209259493566	-0.005733588341276574	-5.964648343104173e-05	0.001764412917849345
0.0010609860061023824	-0.003348415801014859	0.002221591653140953	0.00036239026553408493	-0.0017875280928028037	-0.005608769542161385	0.00025240051435626576	0.002638144511654117
-0.00012479258548969696	-0.002287456008537303	-0.0013357441216361732	-7.44755313688561e-05	0.0015825794833017603	-0.004797447347914208	6.517231568370363e-05	0.002450916312981777
0.0033077243901720177	0.006886725726413356	-0.0023342945145563565	0.0001751620668615228	-4.0064905192815914e-05	-0.009727789912956197	2.762916125664816e-06	0.0035118761054588887
-0.0008737053801792793	0.0013946985653545685	0.0029080950482729406	-7.44755313688561e-05	2.234449436477881e-05	-0.008729239520036014	-0.00018446528254667527	0.001140318922274064
0.001560261202562252	0.0018315643622566213	-0.002833569711016226	-1.2066131811261371e-05	-0.00010247430475041064	-0.009790199312512904	2.762916125664816e-06	0.0021388693151942473
0.0014354424034475066	0.0018939737618146602	0.0002244908673010304	0.0001751620668615228	-0.0005393401016522414	-0.005296722544374077	2.762916125664816e-06	0.004198379500590876
0.0002496638118554273	0.0026428865565037984	-2.5146730929570538e-05	0.0002999808659760461	0.0008336666886124	-0.003923715754109214	0.00043962871302816176	0.001764412917849345
0.001373033003889912	0.0007081951702221367	-0.00021237492960191062	0.00011275266730392808	-0.0009137964989980318	-0.002800346562074507	6.517231568370363e-05	0.0013899565205037767
-0.00012479258548969696	-0.0004151740218125699	0.00028690026685773695	-0.00013688493092645082	-0.0019747562914746997	-0.0029251653611892525	2.762916125664816e-06	0.0012651377213890314
0.0013106236043323172	0.002330839558716713	-0.002459113313671102	0.00011275266730392808	-0.0006017495012107243	-0.003299621758534599	0.00018999111479867103	0.0038239231032461962
-0.00031202078416248114	-0.002474684207209865	-0.005329945693315574	0.00011275266730392808	0.00045921029126683166	0.0034405933936747513	0.00025240051435626576	0.004198379500590876
0.001560261202562252	-0.004034919196146847	-0.007763912276057772	5.0343267745889264e-05	0.002955586273566402	0.004501553186151863	2.762916125664816e-06	0.0043856076992634385
-0.00031202078416248114	-0.0024122748076524925	-0.007327046479155053	0.0001751620668615228	0.0003343914921525304	0.004501553186151863	2.762916125664816e-06	0.0016395941187341556
-0.0009985241792949129	0.006137812931723552	0.004218692438980209	5.0343267745889264e-05	-0.002099575090589889	-0.006856957533311281	0.00012758171524085427	0.0008906813240445732
-0.0024963497686745217	0.003579027549866609	0.004405920637652994	-1.2066131811261371e-05	-0.0006017495012107243	-0.005608769542161385	-0.00018446528254667527	-0.0018553322564853758
-0.0008112959806225728	0.004889624940573878	-0.0001499655300438718	0.00042479966509123557	0.0021442640793196688	0.003877459190576582	0.0005020381125857565	0.0012651377213890314
6.243561318264312e-05	0.004390349744113786	0.0010982224611058022	0.00011275266730392808	0.0008960760881693286	0.0020675866034094437	2.762916125664816e-06	-0.001605694658255441
-0.0008737053801792793	0.0007081951702221367	0.0002244908673010304	-7.44755313688561e-05	0.0010833042868421128	-0.0004287893788896824	-5.964648343104173e-05	-0.003914842441882227
0.0010609860061023824	0.004140712145883407	-0.002459113313671102	0.00011275266730392808	-4.0064905192815914e-05	0.00281649939809947	0.0003148099139134164	0.0005786343262565996
-0.0019346651726568354	0.0038910745476541386	0.0025336386509278164	0.00011275266730392808	-0.000227293103865156	0.008246117159600663	6.517231568370363e-05	0.0006410437258146384
0.0003120732114128	0.0011450609671241896	0.005778927427917413	-0.00013688493092645082	-0.00010247430475041064	0.005812150576859132	-0.00018446528254667527	-0.0021673792542731274
-0.0004992489828348212	-0.0009144492182726616	0.005092424032784981	0.00042479966509123557	-0.001288252896342712	0.0037526403914618367	0.0003148099139134164	-0.004414117638342319
-0.0009985241792949129	0.0017691549626994707	0.00322014204606047	5.0343267745889264e-05	-0.002286803289262229	0.0030037275967718102	2.762916125664816e-06	-0.003540386044537547
0.0007489390083150749	0.0013946985653545685	0.004405920637652994	-1.2066131811261371e-05	-0.0022243938897046345	0.005999378775531028	-5.964648343104173e-05	-0.0015432852586978463
-0.0027459873669040125	-0.00047758342137016463	0.006215793224819688	0.0002375714664184514	-0.001475481095015052	0.007746841963140572	0.00018999111479867103	-0.0031659296471926446
-0.002808396766461607	0.00027132937331941775	0.006215793224819688	0.0001751620668615228	-0.0007889776998826203	0.003877459190576582	2.762916125664816e-06	-0.0018553322564853758
-0.004368631755399255	-0.0026619124058826493	0.001971954054910574	-1.2066131811261371e-05	0.00039680089170923694	0.014175010117562614	6.517231568370363e-05	0.0016395941187341556
0.0011858048052171277	-0.005283107187296965	-0.006640543084023065	0.00036239026553408493	0.00020957269303734094	0.012864412726855123	0.00025240051435626576	0.0027005539112112675
0.0009985766065447876	-0.002474684207209865	0.001347860059335293	-0.00026170373004164027	-0.0014130716954574574	0.0056873317777439425	-0.000434102880776166	-0.0025418356516178076
-0.004118994157168876	-0.00503346958906703	0.009710719600039441	-7.44755313688561e-05	-0.0025988502870499808	0.008495754757831042	2.762916125664816e-06	-0.0037900236427674816
-0.0021218933713291754	-0.0064064763793316715	0.01189504858455126	0.0005496184642059809	-0.003971857077314622	0.013176459724642653	0.0005644475121433512	-0.002042560455157938
-0.003058034364691764	-0.004409375593492637	0.007463981215969806	0.00011275266730392808	-0.00415908527598674	0.012240318731279842	0.00012758171524085427	-0.0018553322564853758
0.001123395405659977	-0.0009768586178298122	0.006215793224819688	5.0343267745889264e-05	-0.003160534883067223	0.005812150576859132	2.762916125664816e-06	-0.005537486830377025
-0.0037445377598239737	0.003142161752963446	0.009024216204906566	-7.44755313688561e-05	-0.0017875280928028037	-0.0006160175775624666	0.00043962871302816176	-0.00329074844630739
-0.0031828531638069535	-0.00016553642358285714	0.011021316990746488	0.00042479966509123557	-0.0016627092936876142	0.012302728130837437	-0.00012205588298908054	1.694973023891322e-05
-0.004368631755399255	-0.003785281597917356	0.009710719600039441	-1.2066131811261371e-05	-0.003410172481297158	0.012802003327297973	-0.00012205588298908054	-0.0022921980533878727
-0.0029956249651343914	-0.0053455165868541155	0.010209994796499311	0.00042479966509123557	-0.005095226269349107	0.008932620554733539	0.0005644475121433512	-0.005100621033474306
-0.002059483971772025	-0.0023498654080948977	0.014890699763310478	5.0343267745889264e-05	-0.007466783452533932	0.003939868590134621	2.762916125664816e-06	-0.007596997015773876
-0.002683577967347306	-0.004659013191722128	0.018260807339414598	-0.00013688493092645082	-0.006842689456959095	0.012802003327297973	2.762916125664816e-06	-0.0033531578458649847
-0.003307671962921699	-0.00253709360676746	0.026061982284100838	0.0002999808659760461	-0.008590152644568638	0.008995029954291134	6.517231568370363e-05	-0.00310352024763505
-0.008550061525750774	0.0003961481724346072	0.02587475408542894	0.0001751620668615228	-0.00640582366005682	0.002442043000754568	0.0003148099139134164	-0.004726164636129848
-0.0029956249651343914	-0.007155389174021254	0.016513344151805276	0.0001751620668615228	-0.007466783452533932	0.012926822126412274	0.00012758171524085427	-0.0011064194617953493
-0.003058034364691764	-0.012397778736850551	0.017761532142955394	0.0002375714664184514	-0.009651112437045972	0.012177909331723136	0.00018999111479867103	-0.0027290638502899256
-0.0008737053801792793	-0.009214899359418549	0.016825391149593028	0.00011275266730392808	-0.013333267010937844	0.012739593927739934	0.00012758171524085427	-0.004476527037899469
-0.0009361147797373182	-0.006905751575791763	0.035860258014626556	0.00036239026553408493	-0.018138790776864422	0.01180345293437779	6.517231568370363e-05	-0.005350258631704685
-0.0050551351505312425	-0.00522069778773937	0.04060337238099576	0.00036239026553408493	-0.020260710361818646	0.003690230991904242	0.0005644475121433512	-0.008408319210021498
-0.0011233429784096582	-0.007467436171808561	0.03255255983807981	-0.00026170373004164027	-0.020697576158721143	0.006061788175088623	-0.00037169348121901535	-0.008283500410906752
0.0031204961914998997	-0.013084282131982983	0.03292701623542493	-0.00013688493092645082	-0.02244503934633113	0.016359339102074655	6.517231568370363e-05	-0.002479426252060213
0.005429643975126686	-0.009776583955436235	0.03910554679161615	-0.00019929433048404555	-0.0255030999246475	0.00780925136269861	-0.00018446528254667527	-0.010155782397631485
0.0024964021959246185	-0.0064064763793316715	0.0424132449681629	-0.0005737507278287257	-0.0221329923485436	0.0023172242016393785	-0.0013078344745809378	-0.013151433576390259
0.0013106236043323172	-0.009838993354993386	0.04940309771860174	-0.00200916691765074	-0.029684529694999684	0.00019530461668471055	-0.0011830156754661925	-0.01009337299807389
0.0018098988007924088	-0.0005399928209277594	0.06119847423496738	-0.0008233883260584385	-0.02912284509898222	-0.0009904739749073688	-0.00018446528254667527	-0.014524440366655345
-0.0018722557730992406	-0.005657563584641423	0.06338280321947898	-0.0007609789265012878	-0.03149440228216682	0.0034405933936747513	6.517231568370363e-05	-0.01196565498479818
0.00948625494636346	-0.01189850354039046	0.0739924011442521	-0.006752281284019945	-0.04990517515162596	0.003253365195001967	-0.0043034856533406	-0.01883068893612183
0.01984621527290642	-0.019699678485076477	0.1010780805522018	-0.0006361601273860984	-0.056832618502507204	0.012677184528182783	0.0009389039094882534	-0.017520091545414562
0.010547214738840793	-0.02550375264392346	0.1176789808344938	-0.00013688493092645082	-0.05764394069675438	-0.002425890164729383	0.0007516757108161354	-0.03811519339938596
0.014104550513617031	-0.004159737995262258	0.08684873745309463	0.00036239026553408493	-0.044038691593221824	-0.009540561714283413	0.001063722708603665	-0.018019366741874654
0.009673483145036021	0.006449859929510637	0.07218252855708496	0.000736846662878321	-0.03149440228216682	-0.009415742915168224	0.00018999111479867103	-0.015023715563115436
-0.002683577967347306	-0.00016553642358285714	0.06294593742257648	-1.2066131811261371e-05	-0.005032816869791512	-0.01085115910499046	-0.0006213310794489502	-0.01926755473302455
-0.006365732541238955	-0.0022250466089801524	0.03380074782922926	-0.00038652252915594154	-0.004845588671119616	-0.009602971113841008	-0.0006213310794489502	-0.014025165170195475
-0.0031828531638069535	0.004203121545441002	0.021131639719059292	0.0006120278637640197	-0.008652562044126233	-0.0005536081780048718	0.0005020381125857565	-0.0033531578458649847
-0.0017474369739840512	-0.0014137244147325312	0.013205645975258529	-0.00026170373004164027	-0.006031367262711473	-0.0031123935598620367	-0.0004965122803337607	-0.007472178216659353
-0.002059483971772025	0.0022684301591591183	0.0039690548407500525	-0.0003241131295983468	-0.0006017495012107243	-0.007793098526673425	-0.0006837404790065449	-0.01009337299807389
-0.006303323141681361	0.0013946985653545685	0.012456733180568946	5.0343267745889264e-05	-0.001475481095015052	-0.00467262854879924	-0.00012205588298908054	-0.006598446622854359
-0.004118994157168876	0.0016443361635842813	0.013143236575700934	0.00036239026553408493	-0.0015378904945724248	-0.003986125153667031	0.0003148099139134164	-0.006036762026837117
-0.003307671962921699	0.002767705355619432	0.0025336386509278164	-0.00026170373004164027	-0.001288252896342712	-0.005109494345701293	-0.0004965122803337607	-0.007534587616216948
-0.0010609335788520635	0.0007081951702221367	0.003657007842962523	-0.00019929433048404555	-0.004034266476871995	-0.0020514337673849248	0.00018999111479867103	-0.004913392834801744
-0.0031828531638069535	-4.071762446811178e-05	0.010896498191631299	0.00036239026553408493	-0.0024116220883774186	-0.002675527762959762	0.00025240051435626576	-0.005100621033474306
-0.0008737053801792793	-0.00022794582314045186	0.0010358130615484296	0.00011275266730392808	-0.001475481095015052	-0.0020514337673849248	-5.964648343104173e-05	-0.0054750774308194305
6.243561318264312e-05	-0.001039268017387851	0.0007861754633180507	-1.2066131811261371e-05	-0.0030357160839520336	-0.0014273397718094216	-0.00030928408166142063	-0.002417016852502618
-0.0015602087753121552	2.1691775089482945e-05	0.0022840010526976595	0.0001751620668615228	-0.001101024697670372	-0.0016145679704822058	0.00012758171524085427	-0.0036652048436527362
-0.000748886581064534	-0.0005399928209277594	0.0009734036619906128	0.0001751620668615228	-0.00016488370430756127	-0.0018017961691545459	6.517231568370363e-05	-0.004538936437457064
-0.0031204437642493588	0.00020891997376226712	0.003719417242520562	5.0343267745889264e-05	-0.001288252896342712	-0.00217625256649967	-0.00012205588298908054	-0.002479426252060213
-0.0014977993757547825	0.0008954233688946989	0.006652659021721741	0.00011275266730392808	-0.002786078485722321	-0.002425890164729383	0.00025240051435626576	-0.0029162920489622657
-0.0031204437642493588	0.0010202421680094442	0.006028565026147348	0.0002375714664184514	-0.0016627092936876142	-0.003049984160304442	-5.964648343104173e-05	-0.0033531578458649847
-0.00180984637354209	0.00045855757199175784	0.0029080950482729406	-1.2066131811261371e-05	-0.001101024697670372	-0.0017393867695969512	-0.00012205588298908054	-0.0023546074529450234
-0.003058034364691764	-0.00016553642358285714	0.0014102694588928877	0.0002375714664184514	-0.00035211190298034545	-0.0012401115731368595	0.00018999111479867103	-0.002229788653829834
-0.0025587591682321165	-0.0007896304191572501	0.0005365378650881159	-0.00038652252915594154	-0.000851387099439993	-0.0016145679704822058	-0.00037169348121901535	-0.0025418356516178076
-0.0009361147797373182	-0.0003527646222549752	0.0017223164566808613	0.00011275266730392808	-0.0014130716954574574	-0.0018642055687121406	-5.964648343104173e-05	-0.0019177416560427485
-0.002870806166019202	-0.00029035522269782454	0.0023464104522552542	-0.00013688493092645082	-0.0017875280928028037	-0.0018642055687121406	-0.0002468746821038259	-0.002479426252060213
-0.0009361147797373182	-0.00022794582314045186	0.002408819851812849	0.0001751620668615228	-0.0013506622958998626	-0.0013025209726948983	0.00012758171524085427	-0.0022921980533878727
-0.0024963497686745217	-4.071762446811178e-05	0.0014726788584504824	-7.44755313688561e-05	-0.000227293103865156	-0.0018017961691545459	-0.00012205588298908054	-0.0027290638502899256
-0.0008112959806225728	-0.0003527646222549752	0.001160631860663397	5.0343267745889264e-05	-4.0064905192815914e-05	-0.0009904739749073688	0.00025240051435626576	-0.0012936476604683556
-0.002621168567789267	-0.0004151740218125699	0.0018471352557953846	-0.00038652252915594154	-0.0016002998941300195	-0.00198902436782733	-0.0005589216798913554	-0.0021049698547155327
-0.001185752377967253	-0.0006648116200429488	0.0012230412602209917	-0.00044893192871353627	-0.001475481095015052	-0.0016769773700398005	-0.0004965122803337607	-0.001605694658255441
-0.0029332155655765746	-0.0027867312049973947	-0.001148515922963833	-0.003631811306145538	-0.0040966758764291455	-0.003861306354551619	-0.002556022465731056	-0.004164480040112606
-0.0025587591682321165	-0.0007896304191572501	0.0004741284655305211	-0.001135435323845968	-0.0013506622958998626	-0.0014897491713672384	-0.00030928408166142063	-0.0021049698547155327
-0.0008112959806225728	-0.0006648116200429488	0.0009109942624332401	-0.000511341328270909	-0.0009762058985547384	-0.0014897491713672384	-5.964648343104173e-05	-0.001792922856927781
-0.0024963497686745217	-4.071762446811178e-05	0.001347860059335293	-0.0003241131295983468	-0.0011634340972275226	-0.0012401115731368595	-0.00012205588298908054	-0.001168828861352944
-0.0009361147797373182	-0.00022794582314045186	0.0010982224611058022	-0.00013688493092645082	-0.001101024697670372	-0.0012401115731368595	-0.00037169348121901535	-0.001792922856927781
-0.002621168567789267	-0.0006648116200429488	9.967206818584096e-05	-0.0006361601273860984	-0.0011634340972275226	-0.0013025209726948983	-0.0002468746821038259	-0.001356057060025062
-0.0008737053801792793	-0.0003527646222549752	0.0002244908673010304	5.0343267745889264e-05	-0.0004769307020950908	-0.0004911987784477212	0.00018999111479867103	-0.0006695536648930744
-0.00218430277088677	-0.00047758342137016463	0.00034930966641621986	-0.00038652252915594154	-0.0012258434967851173	-0.0014273397718094216	-0.00030928408166142063	-0.0018553322564853758
-0.002246712170444365	-0.0006648116200429488	0.0007237660637609	-0.00038652252915594154	-0.001288252896342712	-0.0013025209726948983	-0.00018446528254667527	-0.0015432852586978463
-0.0006864771815073833	-0.0006024022204853541	0.0007237660637609	5.0343267745889264e-05	-0.0013506622958998626	-0.000928064575349774	-0.00012205588298908054	-0.000981600662681048
-0.0021218933713291754	-0.00029035522269782454	0.0006613566642033053	-7.44755313688561e-05	-0.0007265683003250256	-0.0008032457762352507	6.517231568370363e-05	-0.0007943724640082639
-0.0009361147797373182	-0.0008520398187152889	3.7262668628468276e-05	-0.00038652252915594154	-0.001101024697670372	-0.0015521585709248331	-0.000434102880776166	-0.0009191912631225652
-0.002059483971772025	-0.0007272210196005435	0.00016208146774343568	-0.00026170373004164027	-0.0007265683003250256	-0.00036637997933253175	0.00018999111479867103	-0.0019177416560427485
-0.00031202078416248114	-0.00022794582314045186	0.00034930966641621986	0.0002375714664184514	-0.0015378904945724248	-0.0009904739749073688	-0.000434102880776166	-0.0012312382609103167
-0.002621168567789267	-0.0014761338142896818	0.00016208146774343568	-7.44755313688561e-05	-0.0011634340972275226	-0.0006160175775624666	-5.964648343104173e-05	7.935912979650794e-05
-0.00012479258548969696	-0.0005399928209277594	0.00016208146774343568	-0.00013688493092645082	-0.0009137964989980318	-0.0009904739749073688	-5.964648343104173e-05	-0.000981600662681048
-0.0002496113846048864	-0.0009144492182726616	9.967206818584096e-05	-7.44755313688561e-05	-0.0007889776998826203	-0.0005536081780048718	2.762916125664816e-06	-0.001605694658255441
-0.002246712170444365	-0.0011016774169454457	-0.00027478432915906126	-0.000511341328270909	-0.001038615298112333	-0.0008032457762352507	-0.00037169348121901535	-0.0014808758591406956
-0.00031202078416248114	-4.071762446811178e-05	0.00034930966641621986	0.0001751620668615228	-0.0006017495012107243	-0.000928064575349774	6.517231568370363e-05	-0.0010440100622377546
-0.00180984637354209	-0.0004151740218125699	0.0006613566642033053	5.0343267745889264e-05	-0.00041452130253794017	-0.0002415611802173423	0.00012758171524085427	-0.001168828861352944
-0.00031202078416248114	-0.0007896304191572501	-2.5146730929570538e-05	-0.00038652252915594154	-0.0014130716954574574	-0.0009904739749073688	6.517231568370363e-05	-0.000544734865777885
-0.0014977993757547825	-0.0004151740218125699	0.00028690026685773695	5.0343267745889264e-05	-0.0006641589007674309	-0.0004287893788896824	-5.964648343104173e-05	-0.0012312382609103167
6.243561318264312e-05	-0.0007896304191572501	0.0002244908673010304	-0.00038652252915594154	-0.0009762058985547384	-0.0008656551757926234	-0.00030928408166142063	-0.0012936476604683556
-0.0019346651726568354	-0.0005399928209277594	0.0008485848628756454	0.0001751620668615228	-0.0006017495012107243	-0.0005536081780048718	0.00012758171524085427	-0.0006071442653354797
-0.0019346651726568354	-0.0003527646222549752	0.00034930966641621986	-0.00026170373004164027	-0.000851387099439993	-0.0008656551757926234	-0.0002468746821038259	-0.0010440100622377546
-0.00018720198504729169	-0.00029035522269782454	0.00034930966641621986	-7.44755313688561e-05	-0.000851387099439993	-0.0007408363766769899	-5.964648343104173e-05	-0.0007943724640082639
-0.0017474369739840512	-0.0005399928209277594	0.00028690026685773695	-0.0003241131295983468	-0.0007265683003250256	-0.0006160175775624666	-0.00030928408166142063	-0.00041991606666313963
0.00043689201052798943	8.410117464752176e-05	0.0009734036619906128	0.0002375714664184514	-0.00035211190298034545	-0.0004287893788896824	0.00025240051435626576	-0.0012936476604683556
