Sensor_1	Sensor_2	Sensor_3	Sensor_4	Sensor_5	Sensor_6	Sensor_7	Sensor_8
0.0033924220569157004	0.000677276165407692	0.0037932308232246914	0.0017035332112613766	0.0018736113069350857	-0.001907349828336402	0.0019836016327150485	0.0002538720759899249
0.0027059186617832687	0.00011559156939044968	0.003231546227207005	0.0009546204165717942	0.001187107911802654	0.00040179795529082796	0.001671554634927963	-0.0008070877164876311
-4.0094918745792185e-05	0.0004900479667353519	0.0020457676356142596	0.0011418486152441343	0.0009374703135727191	0.002461308140688123	0.0011722794384678714	0.0002538720759899249
-0.0006641889143210733	0.00030281976806278976	0.0012344454413670825	0.0003929358205545519	0.0002509669184407315	0.002523717540245718	0.00042336664377784494	-0.0003078125200277615
8.472388036939726e-05	0.000240410368504973	0.0009848078431373697	0.000143298222324173	0.00037578571755503276	0.001213120149538005	0.00042336664377784494	0.0003162814755475196
8.472388036939726e-05	-9.227229724295682e-06	0.0014216736400398666	0.00026811702143936245	6.373871976794732e-05	-0.0011584370336463756	-0.0001383179522396194	-0.0004950407186996575
0.0008960460746165744	0.0004900479667353519	0.0016713112382695794	0.0007049828183414153	0.00037578571755503276	-0.00402926941329107	-1.3499153124429952e-05	0.0006283284733350492
-0.0006641889143210733	-7.163662928189041e-05	0.0012968548409246772	0.00020570762188176772	-0.00012348947890483686	-0.007524195788509935	-0.0011368683451593586	-0.00043263131914250685
0.0009584554741741691	0.00042763856717775717	0.0022954052338446385	0.001204258014801285	0.000750242114899935	-0.009209249576562328	-0.0008248213473720512	0.0005035096742198597
-0.00010250431830338691	-9.227229724295682e-06	0.0022329958342870437	0.0007049828183414153	-6.108007934702009e-05	-0.01020779996948229	-0.0015113247425040388	-0.0004950407186996575
0.0003967708781564827	0.0001780009689476003	0.0017337206378271741	0.00076739221789901	0.0003133763179983262	-0.009146840177004734	-0.001074458945601764	0.00037869087510467025
-0.0006017795147634786	-0.00019645542839707986	0.0011720360418099318	0.00045534522011170253	-0.00012348947890483686	-0.006962511192492693	-0.001448915342946444	-0.0004950407186996575
0.0008336366750589796	0.000240410368504973	0.0014840830395974614	0.0008922110170141995	0.0005006045166702222	-0.003842041214618286	-0.0007624119478144564	0.00037869087510467025
-0.0010386453116659755	-0.00038368362706941994	0.00029830444800516	-0.00035597697413591867	-0.0006851740749216351	-0.0022193968261239316	-0.0015737341420616335	-0.0006198595178148469
-0.0004769607156487332	0.00011559156939044968	0.00029830444800516	0.00045534522011170253	1.329320210574636e-06	0.0014003483482110113	-0.0009496401464863524	0.00037869087510467025
-0.00022732311741835431	-9.227229724295682e-06	0.00048553264667750007	1.8479423208983548e-05	-0.00012348947890483686	0.0018372141451132862	-0.0010120495460443912	-0.00043263131914250685
0.00020954267948369854	0.0001780009689476003	0.0005479420462350948	8.088882276657827e-05	0.00012614811932554204	0.001025891950865665	-0.0007000025482568617	0.0005659190737774544
-0.00022732311741835431	0.00030281976806278976	0.0010472172426947424	0.000143298222324173	-0.00012348947890483686	-0.0007215712367438787	-0.0005751837491416723	-0.0003078125200277615
0.0007088178759437902	-0.00013404602883948513	0.000922398443579775	-0.0001687487754631345	0.00018855751888313677	-0.003155537819486298	-0.0004503649500264828	0.00019146267643233017
-0.0006641889143210733	-0.0002588648279546746	0.0009848078431373697	8.088882276657827e-05	-0.0002483082780193602	-0.004653363408865463	-0.0008248213473720512	-0.0007446783169298143
-0.0012258735103378715	-9.227229724295682e-06	0.00029830444800516	-0.00023115817502028513	-0.00012348947890483686	-0.007024920592050288	-0.0011368683451593586	0.0005035096742198597
-0.006780310070954698	-0.0012574152208746359	-0.0027597561303116525	-0.0019162119630731222	-0.0021205902647445374	-0.00995816237125191	-0.004132519523918798	-0.0004950407186996575
-0.006593081872281914	-0.0011325964217594464	-0.0035710783245592737	-0.0013545273670554359	-0.0019333620660717532	-0.009396477775235113	-0.004257338323033322	0.0003162814755475196
-0.007154766468299378	-0.0015694622186619434	-0.00450721931792164	-0.002165849561303057	-0.002619865461204185	-0.00933406837567663	-0.005255888715953283	-0.0006822689173724417
-0.005781759678035181	-0.0008829588235295116	-0.00413276292057696	-0.0014793461661706253	-0.0019333620660717532	-0.0068376923933775036	-0.004694204119936041	0.0005659190737774544
-0.005594531479362397	-0.001195005821316597	-0.00394553472190462	-0.0018538025635155275	-0.0024950466620889955	-0.004653363408865463	-0.005068660517280943	-0.00043263131914250685
-0.004658390486000252	-0.001195005821316597	-0.0038831253223470252	-0.0017913931639579328	-0.002182999664301688	-0.0030931284199282594	-0.004506975921263701	0.00019146267643233017
-0.004096705889982344	-0.0010701870222018517	-0.0031966219272145935	-0.0019162119630731222	-0.0022454090638588386	-0.002281806225680638	-0.004257338323033322	-0.0003078125200277615
-0.001163464110781165	-0.0005085024261843873	-0.0016363869382769458	-0.0008552521705953442	-0.0011844492713817267	-0.0012208464332039703	-0.0030715597314412424	0.0005035096742198597
-0.0005393701152058838	-0.0003212742275118252	-0.0005130177462424612	-0.0006056145723654094	-0.0009972210727093866	-0.0016577122301062452	-0.0024474657358664054	-0.00024540312047016677
0.0008960460746165744	-7.163662928189041e-05	-1.3742549782591595e-05	-0.00023115817502028513	-0.0003107176775769549	-0.003842041214618286	-0.0017609623407339736	0.0005659190737774544
-0.00010250431830338691	-0.00019645542839707986	0.00029830444800516	1.8479423208983548e-05	-0.0005603552758073338	-0.0062135983978026665	-0.00213541873807932	-0.00024540312047016677
0.0012080930724036598	0.00030281976806278976	0.0007975796444645855	0.0008298016174570488	0.0003133763179983262	-0.007586605188067974	-0.0011992777447165093	0.0006907378728921998
0.0028931468604556088	0.0001780009689476003	0.0014840830395974614	0.00076739221789901	0.00037578571755503276	-0.009209249576562328	-0.001074458945601764	-0.00024540312047016677
0.007511442427710069	0.0009893231631952215	0.0037308214236670967	0.0025148554055089978	0.002060839505607426	-0.007024920592050288	0.0012970982375830609	0.0005035096742198597
0.006824939032578081	0.000677276165407692	0.00404286842145396	0.0021403990081640956	0.0016863831082627456	-0.005152638605325555	0.0014219170366980283	-0.00043263131914250685
0.006824939032578081	0.001114141962310189	0.004417324818799084	0.0026396742046241872	0.002497705302510367	-0.002094578027008742	0.0023580580300599507	0.00037869087510467025
0.007511442427710069	0.0010517325627525942	0.005103828213931516	0.0027020836041808938	0.002497705302510367	0.0023988987411305285	0.0027949238269626697	-0.0004950407186996575
0.007511442427710069	0.0012389607614249343	0.005103828213931516	0.0026396742046241872	0.002872161699855047	0.00558177811856253	0.003169380224307128	0.0003162814755475196
0.0040165160524909815	0.000677276165407692	0.003855640222781398	0.0012666674143588796	0.001623973708705151	0.0060810533150224	0.0019836016327150485	-0.0005574501182572522
0.002643509262226118	0.00042763856717775717	0.00298190862897707	0.0009546204165717942	0.0012495173113602487	0.00483286532387206	0.001484326436255623	6.664387731758481e-05
0.0033300126573581057	0.000677276165407692	0.0035435932249943125	0.0008922110170141995	0.001187107911802654	0.0028357645380325813	0.001858782833599859	-0.0005574501182572522
0.00045918027771407743	0.00042763856717775717	0.001983358236057109	0.0006425734187842647	0.0006254233157854117	-0.0017825310292207686	0.0007354136415655965	0.00037869087510467025
-0.0006641889143210733	-0.00019645542839707986	0.0012968548409246772	0.000143298222324173	-0.00018589887846176545	-0.007024920592050288	-0.00038795555046933217	-0.0006822689173724417
0.0012705024719612545	0.00030281976806278976	0.0017961300373847688	0.0010794392156865396	0.0009374703135727191	-0.010020571770809505	0.0002985478446630996	0.000441100274662265
0.00027195207904129326	0.00011559156939044968	0.0016089018387122067	0.0010170298161289448	0.0004381951171126275	-0.012204900755321546	-0.0003255461509119595	-0.00037022191958446804
0.0009584554741741691	0.0003652291676203845	0.0016713112382695794	0.0014538956130316638	0.0009374703135727191	-0.011768034958419493	-7.590855268158059e-05	0.0005035096742198597
0.00027195207904129326	-0.00013404602883948513	0.001359264240482272	0.0007049828183414153	0.0003133763179983262	-0.009895752971694316	-0.000637593148699267	-0.0006198595178148469
2.231448081091436e-05	-0.00013404602883948513	0.0010472172426947424	0.0006425734187842647	0.00018855751888313677	-0.005277457404440744	-0.0007624119478144564	0.00019146267643233017
-0.0004145513160906944	-7.163662928189041e-05	0.000922398443579775	0.00026811702143936245	-0.00018589887846176545	-0.00172012162966384	-0.0008872307469287577	-0.0005574501182572522
-0.00010250431830338691	-7.163662928189041e-05	0.0006727608453493961	-0.00010633937590576181	-0.00012348947890483686	0.00015216035706089315	-0.0008248213473720512	6.664387731758481e-05
-0.0012258735103378715	-0.00038368362706941994	0.00048553264667750007	-0.0005432051728078147	-0.0007475834744792298	0.0007138449530785795	-0.0013240965438321428	-0.0006822689173724417
-0.0007265983138782239	-0.0003212742275118252	0.00042312324711990534	-0.00035597697413591867	-0.0006227646753649285	8.975095750329842e-05	-0.0011368683451593586	-0.00012058432135542141
-0.0015379205081258451	-0.0007581400244147662	0.00011107624933259785	-0.0008552521705953442	-0.0011844492713817267	-0.003779631815060691	-0.0017609623407339736	-0.0010567253147173439
-4.0094918745792185e-05	5.3182169832410864e-05	0.0006727608453493961	8.088882276657827e-05	-0.00018589887846176545	-0.007586605188067974	-0.0008248213473720512	0.0002538720759899249
2.231448081091436e-05	-0.00038368362706941994	0.000922398443579775	1.8479423208983548e-05	-0.0005603552758073338	-0.011643216159304304	-0.0009496401464863524	-0.0007446783169298143
-4.0094918745792185e-05	-0.0006333212252995768	0.00042312324711990534	0.000143298222324173	-0.000497945876249295	-0.014264410940719063	-0.001074458945601764	-0.00018299372091257204
0.00027195207904129326	-0.0003212742275118252	0.0009848078431373697	0.0005801640192266699	-0.00012348947890483686	-0.013702726344701155	-0.0008248213473720512	-0.0008070877164876311
0.0006464084763864175	-0.0006333212252995768	0.0006103514457926895	0.00026811702143936245	-6.108007934702009e-05	-0.011455987960631964	-0.0009496401464863524	-0.00018299372091257204
0.00027195207904129326	-0.00019645542839707986	0.0010472172426947424	0.00045534522011170253	0.00012614811932554204	-0.006775282993819909	-0.0007624119478144564	-0.0006198595178148469
-0.002786108499275519	-0.0006957306248567274	-0.0009498835431449582	-0.000480795773250664	-0.0007475834744792298	-0.002968309620813514	-0.002073009338521281	-5.8174921797826684e-05
-0.008902229655909588	-0.001195005821316597	-0.0038831253223470252	-0.002165849561303057	-0.002619865461204185	-0.0005343430380715386	-0.004506975921263701	-0.0005574501182572522
-0.007966088662547	-0.0012574152208746359	-0.004632038117036608	-0.0026651247577629267	-0.0028695030594336757	0.001213120149538005	-0.004881432318608381	0.0002538720759899249
-0.007903679262989405	-0.0015694622186619434	-0.004756856916151353	-0.0031643999542225743	-0.003431187655451806	2.7341557946147788e-05	-0.005193479316396132	-0.0006822689173724417
-0.006842719470512293	-0.0012574152208746359	-0.004569628717479013	-0.0026651247577629267	-0.0029319124589912704	-0.0036548130159455017	-0.0049438417181659755	0.00019146267643233017
-0.0062810348744946065	-0.0016942810177762446	-0.004319991119248856	-0.0027275341573198553	-0.0033687782558937673	-0.00889720257877502	-0.00500625111772357	-0.0008070877164876311
-0.003847068291753075	-0.0012574152208746359	-0.0031966219272145935	-0.0016041649652853707	-0.002432637262531623	-0.013827545143816788	-0.0038828819256888636	0.00019146267643233017
-0.0023492427023730222	-0.0011325964217594464	-0.002198071534294632	-0.0012921179674982852	-0.001995771465628904	-0.01757210911726581	-0.0035084255283439614	-0.0006822689173724417
-0.00028973251697639313	-0.0007581400244147662	-0.0007626553444726181	-0.00023115817502028513	-0.0009972210727093866	-0.018133793713283053	-0.002260237537193621	6.664387731758481e-05
-4.0094918745792185e-05	-0.0005709118257419821	4.866684977500313e-05	0.00020570762188176772	-0.000934811673152236	-0.01607428352788598	-0.001698552941176379	-0.0007446783169298143
0.0008336366750589796	-0.0005085024261843873	0.00011107624933259785	0.00020570762188176772	-0.0003731270771345496	-0.013577907545586632	-0.001261687144274548	0.00012905327687517953
0.00045918027771407743	-0.0003212742275118252	0.00048553264667750007	0.00026811702143936245	-0.0003107176775769549	-0.008585155580987491	-0.0011992777447165093	-0.0005574501182572522
-4.0094918745792185e-05	-0.0006333212252995768	-0.00020097074845493168	-0.00010633937590576181	-0.0006851740749216351	-0.00402926941329107	-0.0013865059433888494	6.664387731758481e-05
0.0023314622644385885	5.3182169832410864e-05	0.0012344454413670825	0.00033052642099695717	1.329320210574636e-06	-0.0002847054398416038	-7.590855268158059e-05	-0.0004950407186996575
0.006575301434347702	0.0007396855649652867	0.0032939556267645997	0.0014538956130316638	0.0014991549095901835	0.0028357645380325813	0.002108420431830238	0.00019146267643233017
0.00551434164187059	0.0004900479667353519	0.0036060026245519072	0.0010794392156865396	0.0010622891126879086	0.0023364893415729338	0.0021708298313878327	-0.0006198595178148469
0.00707457663080735	0.0011765513618677836	0.004479734218356679	0.0019531708094917555	0.002060839505607426	0.001649985946440502	0.003356608422979912	0.00037869087510467025
0.007261804829480134	0.0011765513618677836	0.005540694010833791	0.0023276272068362136	0.002248067704279766	-0.0008463900358590681	0.003980702418555193	-0.0004950407186996575
0.00813553642328535	0.0014885983596553132	0.0058527410086215426	0.002889311802853678	0.0029969804989697924	-0.0037172224155035405	0.00479202461280237	0.0005659190737774544
0.004453381849392812	0.0007396855649652867	0.004292506019684561	0.001828352010376122	0.001811201907377935	-0.007024920592050288	0.0030445614251923825	-0.00043263131914250685
0.003954106652933387	0.000677276165407692	0.003918049622338993	0.002077989608606279	0.001998430106050275	-0.008023470984969805	0.0028573332265200424	0.0002538720759899249
0.0040165160524909815	0.0008020949645228814	0.003855640222781398	0.002077989608606279	0.001811201907377935	-0.007212148790722628	0.002732514427404631	-0.00037022191958446804
0.0005215896772712281	5.3182169832410864e-05	0.0017961300373847688	0.0010170298161289448	0.0008750609140151244	-0.007649014587624681	0.0009850512397950872	0.00019146267643233017
-0.0007265983138782239	-7.163662928189041e-05	0.0014840830395974614	0.0006425734187842647	0.0003133763179983262	-0.0060263701991307705	0.0002985478446630996	-0.0005574501182572522
-4.0094918745792185e-05	0.00030281976806278976	0.0014840830395974614	0.0009546204165717942	0.0005630139162273728	-0.003842041214618286	0.0007354136415655965	0.000441100274662265
8.472388036939726e-05	-9.227229724295682e-06	0.0012968548409246772	8.088882276657827e-05	-6.108007934702009e-05	-0.00421649761196341	4.891024643272068e-05	-0.0005574501182572522
0.0005839990768288228	0.00011559156939044968	0.0016089018387122067	0.0003929358205545519	0.00012614811932554204	-0.004778182207980652	0.0002985478446630996	0.0002538720759899249
-0.0012258735103378715	-0.00019645542839707986	0.0014840830395974614	1.8479423208983548e-05	-0.0005603552758073338	-0.006463235996032601	-7.590855268158059e-05	-0.0005574501182572522
8.472388036939726e-05	5.3182169832410864e-05	0.0016713112382695794	0.00026811702143936245	-6.108007934702009e-05	-0.008709974380102237	0.00017372904554791013	0.0002538720759899249
-0.00010250431830338691	-0.00013404602883948513	0.0019209488364999583	0.0003929358205545519	-0.0003107176775769549	-0.010270209369039884	-1.3499153124429952e-05	-0.0006198595178148469
0.00027195207904129326	-0.0003212742275118252	0.0011720360418099318	0.000143298222324173	-0.0003731270771345496	-0.012080081956207023	-0.00026313675135436476	0.00012905327687517953
-0.00016491371786098163	-7.163662928189041e-05	0.0014840830395974614	0.00033052642099695717	-0.0002483082780193602	-0.012891404150453978	-0.00020072735179677004	-0.0005574501182572522
0.0007088178759437902	5.3182169832410864e-05	0.0014840830395974614	0.0009546204165717942	0.0002509669184407315	-0.01239212895399433	0.00017372904554791013	0.0002538720759899249
-0.0006017795147634786	-0.00038368362706941994	0.0007351702449074349	0.000143298222324173	-0.000497945876249295	-0.01239212895399433	-0.0007000025482568617	-0.0006198595178148469
0.0005215896772712281	0.0001780009689476003	0.0012344454413670825	0.0008298016174570488	0.00018855751888313677	-0.009770934172579793	-0.0001383179522396194	0.000441100274662265
-0.0004145513160906944	-0.00038368362706941994	0.000922398443579775	0.00026811702143936245	-0.000497945876249295	-0.00889720257877502	-0.000637593148699267	-0.0007446783169298143
0.0003967708781564827	0.0001780009689476003	0.0012344454413670825	0.0006425734187842647	0.00012614811932554204	-0.006588054795147791	-7.590855268158059e-05	0.0002538720759899249
-0.0007890077134358187	-0.0005709118257419821	0.0006727608453493961	-0.0004183863736930693	-0.000934811673152236	-0.005527095002670235	-0.0008872307469287577	-0.0007446783169298143
0.0001471332799265479	5.3182169832410864e-05	0.0011096266422525591	8.088882276657827e-05	-0.0002483082780193602	-0.0032803566186005995	0.00023613844510550486	0.0002538720759899249
-0.0006641889143210733	-0.00038368362706941994	0.0007975796444645855	-0.0006680239719230041	-0.0006227646753649285	-0.004715772808423502	-0.00020072735179677004	-0.0007446783169298143
-0.003222974296177794	-0.0007581400244147662	-0.0008874741435873634	-0.0010424803692679063	-0.0012468586709393215	-0.006151188998245072	-0.0013240965438321428	4.2344777597680405e-06
-0.009027048455024334	-0.0013198246204320085	-0.0032590313267713	-0.0022282589608597636	-0.002807093659876969	-0.009708524773022198	-0.003820472526131269	-0.0005574501182572522
-0.00765404166475947	-0.0016942810177762446	-0.00394553472190462	-0.002353077759975397	-0.002807093659876969	-0.011705625558861454	-0.004132519523918798	6.664387731758481e-05
-0.006655491271839509	-0.0010701870222018517	-0.003446259525444084	-0.001728983764400338	-0.0024950466620889955	-0.011955263157091833	-0.003945291325246458	-0.00043263131914250685
-0.006405853673609796	-0.0015070528191043486	-0.00413276292057696	-0.0018538025635155275	-0.0026822748607617797	-0.013952363942931534	-0.004257338323033322	6.664387731758481e-05
-0.005344893881132684	-0.0015694622186619434	-0.0036334877241168684	-0.001978621362630273	-0.0026822748607617797	-0.014389229739833809	-0.00407011012436076	-0.0006822689173724417
-0.0031605648966206434	-0.0010701870222018517	-0.002697346730754502	-0.0010424803692679063	-0.001995771465628904	-0.012953813550011795	-0.0031963785305559878	0.00019146267643233017
-0.003909477691309782	-0.0015694622186619434	-0.002634937331196907	-0.0016665743648429654	-0.0025574560616465902	-0.013640316945143782	-0.0034460161287861446	-0.0009319065156025985
-0.00016491371786098163	-0.0005709118257419821	-0.0010122929427025529	-0.0006680239719230041	-0.0010596304722665373	-0.011393578561074369	-0.001698552941176379	0.0003162814755475196
-0.0004769607156487332	-0.00038368362706941994	-7.615194933974223e-05	-0.00035597697413591867	-0.0012468586709393215	-0.010145390569924695	-0.001261687144274548	-0.0004950407186996575
0.0008336366750589796	-0.00013404602883948513	0.00042312324711990534	0.000143298222324173	-0.0005603552758073338	-0.010519846967269597	-0.0004503649500264828	0.0002538720759899249
-0.0006017795147634786	-0.0009453682230871063	-1.3742549782591595e-05	-0.0007928427710381936	-0.0012468586709393215	-0.012204900755321546	-0.0011368683451593586	-0.0008694971160450038
0.0009584554741741691	0.00011559156939044968	0.0010472172426947424	0.0007049828183414153	-0.00012348947890483686	-0.010956712764171872	4.891024643272068e-05	0.000441100274662265
0.003954106652933387	0.0004900479667353519	0.0026698616311895407	0.0010794392156865396	0.0005630139162273728	-0.010956712764171872	0.0013595076371399895	-0.00037022191958446804
0.007324214229037729	0.0004900479667353519	0.003855640222781398	0.0018907614099337167	0.0014991549095901835	-0.008772383779659831	0.002732514427404631	6.664387731758481e-05
0.0067625296330204865	0.00042763856717775717	0.0041676872205691495	0.0017659426108189713	0.0013119267109182875	-0.007711423987182275	0.0026701050278479244	-0.0007446783169298143
0.0081979458228425	0.001301370160982529	0.0052286470130462614	0.002889311802853678	0.0025601147020670734	-0.00546468560311264	0.003918293018997598	0.0003162814755475196
0.007885898825054971	0.0007396855649652867	0.005353465812161451	0.0023900366063938083	0.002060839505607426	-0.004528544609750718	0.0036686554207674416	-0.0009319065156025985
0.008447583421072435	0.001301370160982529	0.005727922209506353	0.0029517212024112727	0.0027473429007398575	-0.003405175417715789	0.004355158815899873	0.0002538720759899249
0.00351724085603089	0.0004900479667353519	0.00404286842145396	0.0014538956130316638	0.0012495173113602487	-0.0032803566186005995	0.002545286228732735	-0.0007446783169298143
0.0033924220569157004	0.0003652291676203845	0.0036060026245519072	0.001204258014801285	0.0012495173113602487	-0.002968309620813514	0.0024204674296175455	-0.00012058432135542141
0.0022690528648809938	0.0003652291676203845	0.0032939556267645997	0.0010794392156865396	0.000750242114899935	-0.0029059002212559193	0.0021708298313878327	-0.0007446783169298143
-0.0004769607156487332	-0.0003212742275118252	0.0012344454413670825	-0.0001687487754631345	-0.00018589887846176545	-0.004840591607537803	0.0006730042420080018	-0.00018299372091257204
-0.00010250431830338691	-9.227229724295682e-06	0.0016713112382695794	8.088882276657827e-05	1.329320210574636e-06	-0.006588054795147791	0.0005481854428928123	-0.0006822689173724417
2.231448081091436e-05	0.0001780009689476003	0.001983358236057109	0.0008922110170141995	0.0002509669184407315	-0.008335517982757112	0.0007978230411231912	0.00019146267643233017
0.0003967708781564827	-7.163662928189041e-05	0.0019209488364999583	0.00033052642099695717	6.373871976794732e-05	-0.010020571770809505	0.0006730042420080018	-0.0006198595178148469
0.0008960460746165744	0.000240410368504973	0.0021081770351722984	0.0008922110170141995	0.0005006045166702222	-0.011518397360189114	0.0009850512397950872	0.00037869087510467025
-0.00010250431830338691	-0.00038368362706941994	0.0016713112382695794	0.0003929358205545519	-0.0003731270771345496	-0.012329719554436736	0.00017372904554791013	-0.0008070877164876311
0.0005215896772712281	-9.227229724295682e-06	0.0017337206378271741	0.0006425734187842647	0.00018855751888313677	-0.01257935715266667	0.0005481854428928123	6.664387731758481e-05
-0.0004145513160906944	-0.0003212742275118252	0.0016713112382695794	0.00026811702143936245	-0.0003107176775769549	-0.011955263157091833	0.00011131964599120359	-0.0007446783169298143
0.00020954267948369854	-0.00019645542839707986	0.0016713112382695794	0.00076739221789901	0.0002509669184407315	-0.010457437567712224	0.0003609572442206943	0.00019146267643233017
-0.0007890077134358187	-0.0002588648279546746	0.0012968548409246772	0.00026811702143936245	-0.0003107176775769549	-0.009833343572137165	0.00011131964599120359	-0.0007446783169298143
0.00027195207904129326	-9.227229724295682e-06	0.001359264240482272	0.00045534522011170253	6.373871976794732e-05	-0.008647564980544642	0.0002985478446630996	0.00012905327687517953
-0.00028973251697639313	-0.0002588648279546746	0.0012968548409246772	0.00026811702143936245	-0.0003731270771345496	-0.00789865218585506	-1.3499153124429952e-05	-0.0006822689173724417
-4.0094918745792185e-05	-9.227229724295682e-06	0.0011720360418099318	0.00026811702143936245	-0.00018589887846176545	-0.007149739391165033	0.0002985478446630996	0.00019146267643233017
-0.0006641889143210733	-0.00038368362706941994	0.0007975796444645855	-0.00023115817502028513	-0.0006227646753649285	-0.006712873594263202	-0.00020072735179677004	-0.0006822689173724417
0.0005215896772712281	-9.227229724295682e-06	0.0010472172426947424	0.00026811702143936245	1.329320210574636e-06	-0.006400826596475451	0.0002985478446630996	0.0003162814755475196
-0.00010250431830338691	-7.163662928189041e-05	0.0011720360418099318	8.088882276657827e-05	-0.0002483082780193602	-0.005839142000457986	4.891024643272068e-05	-0.0004950407186996575
0.00027195207904129326	-0.0002588648279546746	0.0008599890440221802	0.00020570762188176772	-6.108007934702009e-05	-0.0060263701991307705	0.00011131964599120359	6.664387731758481e-05
-0.0011010547112235702	-0.0006333212252995768	0.0003607138475623106	-0.00035597697413591867	-0.0007475834744792298	-0.0066504641947051635	-0.000637593148699267	-0.0008694971160450038
-0.003472611894407507	-0.0003212742275118252	-0.0007002459449150233	-0.0005432051728078147	-0.0006227646753649285	-0.006276007797360705	-0.0013865059433888494	0.0003162814755475196
-0.008964639055466739	-0.001444643419546754	-0.003508668925002123	-0.0021034401617454623	-0.002619865461204185	-0.008273108583199962	-0.004194928923475949	-0.0005574501182572522
-0.007529222865645169	-0.0013822340199896033	-0.00394553472190462	-0.0017913931639579328	-0.0024950466620889955	-0.007711423987182275	-0.00407011012436076	0.00019146267643233017
-0.008215726260777156	-0.0013822340199896033	-0.004319991119248856	-0.0022906683604173583	-0.0028695030594336757	-0.00777383338673987	-0.004694204119936041	-0.0006198595178148469
-0.007092357068741784	-0.0015694622186619434	-0.0044448099183640455	-0.0024154871595325478	-0.0028695030594336757	-0.00789865218585506	-0.004694204119936041	4.2344777597680405e-06
-0.0073419946669723846	-0.0017566904173347275	-0.004257581719691261	-0.0027275341573198553	-0.003493597055008957	-0.008148289784084772	-0.00481902291905123	-0.0008694971160450038
-0.004283934088655128	-0.0008829588235295116	-0.002822165529869247	-0.001541755565727776	-0.0020581808651864986	-0.007649014587624681	-0.0030715597314412424	0.0003162814755475196
-0.004034296490425193	-0.0016942810177762446	-0.0029469843289844366	-0.002353077759975397	-0.0029319124589912704	-0.008023470984969805	-0.0036332443274584847	-0.0009943159151597492
8.472388036939726e-05	-0.0003212742275118252	-0.0008250647440297687	-0.0006680239719230041	-0.0009972210727093866	-0.0070873299916078825	-0.0013240965438321428	0.00037869087510467025
-0.0005393701152058838	-0.000820549423972361	-0.0008250647440297687	-0.0010424803692679063	-0.0013716774700540668	-0.006712873594263202	-0.0015737341420616335	-0.0006822689173724417
0.0008960460746165744	-0.00038368362706941994	-0.00020097074845493168	-0.0001687487754631345	-0.0005603552758073338	-0.006088779598687921	-0.0005751837491416723	6.664387731758481e-05
0.0003967708781564827	-0.00044609302662745876	-0.00032578954757012113	-0.00023115817502028513	-0.00043553647669214435	-0.005339866803997895	-0.0007000025482568617	-0.0006198595178148469
0.0018945964675365357	-0.00038368362706941994	-0.00013856134889733696	1.8479423208983548e-05	0.00012614811932554204	-0.004403725810635972	-0.00038795555046933217	-0.00012058432135542141
0.004328563050278067	-0.00013404602883948513	0.0014840830395974614	0.0008298016174570488	0.0008126515144581958	-0.0028434908216983246	0.0008602324406803419	-0.0009319065156025985
0.00801071762417016	0.0006148667658500973	0.0031691368276494103	0.002015580209048906	0.0021232489051650205	-0.0008463900358590681	0.002919742626077637	6.664387731758481e-05
0.00707457663080735	0.00042763856717775717	0.0033563650263215283	0.0015787144121466312	0.0015615643091475562	-0.0005343430380715386	0.002732514427404631	-0.0008694971160450038
0.008634811619744998	0.0012389607614249343	0.004666962417029019	0.0025148554055089978	0.002622524101625112	0.0011507107499804103	0.0041055212176699385	0.0002538720759899249
0.00850999282063003	0.0010517325627525942	0.005041418814373921	0.002077989608606279	0.002435295902952772	0.0017123953459980967	0.004230340016784684	-0.0006822689173724417
0.006949757831692827	0.0011765513618677836	0.004791781216144209	0.0023900366063938083	0.0025601147020670734	0.001899623544670881	0.004230340016784684	0.0002538720759899249
0.0036420596551460793	0.0009269137636371827	0.0036060026245519072	0.0015163050125890365	0.001623973708705151	0.0011507107499804103	0.0028573332265200424	-0.00037022191958446804
0.0046406100480658186	0.0009269137636371827	0.0032939556267645997	0.0014538956130316638	0.0019360207064926804	0.0013379389486534166	0.0028573332265200424	0.000441100274662265
0.002019415266650837	0.000677276165407692	0.0026698616311895407	0.0012666674143588796	0.001187107911802654	0.0007762543526361743	0.0019211922331578979	-0.0005574501182572522
0.00027195207904129326	0.000677276165407692	0.0016089018387122067	0.0013290768139164744	0.0014367455100325888	0.00040179795529082796	0.0012346888380254661	0.0005659190737774544
-4.0094918745792185e-05	-0.00013404602883948513	0.0006727608453493961	0.00045534522011170253	0.0005006045166702222	-0.00040952423895634915	0.0002985478446630996	-0.0005574501182572522
0.0010832742732884704	0.00011559156939044968	0.0009848078431373697	0.0008298016174570488	0.0009998797131303139	-0.00022229604028378702	0.0006105948424508512	0.0002538720759899249
0.00027195207904129326	0.00011559156939044968	0.0011096266422525591	0.0005801640192266699	0.0004381951171126275	-0.0004719336385139439	0.0002985478446630996	-0.0005574501182572522
-0.00010250431830338691	5.3182169832410864e-05	0.0006727608453493961	0.00026811702143936245	0.0002509669184407315	-0.0005343430380715386	0.0003609572442206943	0.0002538720759899249
-0.0005393701152058838	0.000240410368504973	0.001359264240482272	0.00033052642099695717	1.329320210574636e-06	-0.00040952423895634915	0.0003609572442206943	-0.00037022191958446804
-0.00016491371786098163	-9.227229724295682e-06	0.000922398443579775	0.000143298222324173	-6.108007934702009e-05	-0.000659161837186284	0.0002985478446630996	0.0002538720759899249
-0.00028973251697639313	-7.163662928189041e-05	0.0007975796444645855	-0.00035597697413591867	-0.00043553647669214435	-0.000659161837186284	-1.3499153124429952e-05	-0.0007446783169298143
-0.00028973251697639313	-7.163662928189041e-05	0.00029830444800516	-0.00035597697413591867	-0.0003731270771345496	-0.0007839806363010293	-7.590855268158059e-05	0.00019146267643233017
-0.0007890077134358187	-0.0003212742275118252	0.00023589504844756526	-0.000480795773250664	-0.000497945876249295	-0.0007839806363010293	-0.00020072735179677004	-0.0007446783169298143
8.472388036939726e-05	-7.163662928189041e-05	4.866684977500313e-05	1.8479423208983548e-05	1.329320210574636e-06	-0.0003471148393991985	4.891024643272068e-05	6.664387731758481e-05
-0.0008514171129934134	-0.0005085024261843873	-0.0007002459449150233	-0.000480795773250664	-0.0005603552758073338	-0.0009712088349738135	-0.000637593148699267	-0.0008070877164876311
0.0008336366750589796	-0.0002588648279546746	-0.0005130177462424612	0.00020570762188176772	0.00037578571755503276	-0.00040952423895634915	-7.590855268158059e-05	4.2344777597680405e-06
0.0005839990768288228	-9.227229724295682e-06	-0.00032578954757012113	0.00026811702143936245	0.00037578571755503276	-0.00040952423895634915	-0.00026313675135436476	-0.0006198595178148469
0.0007088178759437902	-0.0002588648279546746	-0.0004506083466848665	0.00045534522011170253	0.0005630139162273728	-0.0003471148393991985	4.891024643272068e-05	4.2344777597680405e-06
-0.0005393701152058838	-0.0005709118257419821	-0.0007002459449150233	-0.00035597697413591867	-0.0003107176775769549	-0.0007215712367438787	-0.0005127743495840775	-0.0008070877164876311
0.0006464084763864175	-7.163662928189041e-05	-1.3742549782591595e-05	8.088882276657827e-05	0.0002509669184407315	-0.00022229604028378702	0.00011131964599120359	-5.8174921797826684e-05
-0.001163464110781165	-0.00013404602883948513	-7.615194933974223e-05	-0.0001687487754631345	-0.0003107176775769549	-0.0005343430380715386	-0.00026313675135436476	-0.0006198595178148469
-0.005282484481575089	-0.0006957306248567274	-0.002447709132524567	-0.0014169367666130306	-0.001558905668726629	-0.0022193968261239316	-0.00213541873807932	0.00019146267643233017
-0.009401504852369014	-0.0015070528191043486	-0.004382400518806451	-0.0028523529564350447	-0.0031191406576640546	-0.004091678812848221	-0.004382157122148955	-0.0004950407186996575
-0.008090907461661967	-0.001444643419546754	-0.004569628717479013	-0.0026651247577629267	-0.0028695030594336757	-0.004154088212405593	-0.004382157122148955	4.2344777597680405e-06
-0.008278135660334307	-0.0015070528191043486	-0.004756856916151353	-0.0028523529564350447	-0.0031815500572214273	-0.004278907011520783	-0.00481902291905123	-0.0004950407186996575
-0.007092357068741784	-0.001444643419546754	-0.005006494514381732	-0.0024778965590901425	-0.002807093659876969	-0.0043413164110783775	-0.004694204119936041	0.00012905327687517953
-0.0062810348744946065	-0.0015694622186619434	-0.004694447516594424	-0.0022906683604173583	-0.0029319124589912704	-0.004278907011520783	-0.004694204119936041	-0.0006822689173724417
-0.00497043748378756	-0.0013198246204320085	-0.004257581719691261	-0.001978621362630273	-0.0020581808651864986	-0.0036548130159455017	-0.003945291325246458	6.664387731758481e-05
-0.0031605648966206434	-0.0006957306248567274	-0.002822165529869247	-0.0012297085679402464	-0.0014340868696121056	-0.0027186720225838013	-0.0028843315327689023	-0.00037022191958446804
-0.0006641889143210733	-0.0007581400244147662	-0.0021356621347370375	-0.0006680239719230041	-0.0008724022735941972	-0.0020321686274515915	-0.0017609623407339736	6.664387731758481e-05
-0.0008514171129934134	-0.0006957306248567274	-0.0015739775387197952	-0.0009176615701529389	-0.001122039871824576	-0.00172012162966384	-0.0015737341420616335	-0.0006822689173724417
0.00045918027771407743	-0.00013404602883948513	-0.0010122929427025529	-0.00035597697413591867	-0.00043553647669214435	-0.0009712088349738135	-0.0007624119478144564	0.0003162814755475196
0.000334361478598888	0.0001780009689476003	-0.00038819894712727177	-4.3929976347723e-05	-0.0003107176775769549	-0.0004719336385139439	-0.00038795555046933217	-0.00018299372091257204
0.0017073682688637515	0.00011559156939044968	-0.00032578954757012113	-4.3929976347723e-05	1.329320210574636e-06	-0.0002847054398416038	-1.3499153124429952e-05	0.000441100274662265
0.004703019447622969	0.0001780009689476003	0.0012968548409246772	0.00033052642099695717	0.0004381951171126275	0.0007138449530785795	0.0011722794384678714	-0.0006198595178148469
0.008073127023727311	0.0008020949645228814	0.0027322710307471354	0.0015787144121466312	0.0017487925078198963	0.0021492611429005937	0.0028573332265200424	6.664387731758481e-05
0.0075738518272672195	0.0008020949645228814	0.003044318028534221	0.0014538956130316638	0.0019360207064926804	0.0023988987411305285	0.002982152025635232	-0.0006198595178148469
0.009134086816204423	0.0009269137636371827	0.0032939556267645997	0.0021403990081640956	0.0025601147020670734	0.002898173937590842	0.0036686554207674416	0.00012905327687517953
0.00938372441443458	0.001301370160982529	0.00435491541924149	0.0027020836041808938	0.003121799298084982	0.003522267933165013	0.004230340016784684	-0.0004950407186996575
0.007885898825054971	0.0009893231631952215	0.0036060026245519072	0.002452446005951403	0.0029969804989697924	0.0028357645380325813	0.003793474219882631	0.00012905327687517953
0.00351724085603089	0.00042763856717775717	0.002607452231632168	0.0017659426108189713	0.0018736113069350857	0.0017123953459980967	0.0024204674296175455	-0.0006822689173724417
