Sensor_1	Sensor_2	Sensor_3	Sensor_4	Sensor_5	Sensor_6	Sensor_7	Sensor_8
-0.0008467846198529916	-0.002563735621526675	-0.007118649931147081	-0.02595903864019644	-0.004395960944464594	-0.0035130486699488372	-0.0005680978199049669	-0.006566782660837767
0.0007134503690846561	-0.0005666348356871964	-0.006432146536014205	-0.03076456240612324	-0.002523678957739861	-0.004948464859770851	-6.4132238879466286e-06	-0.010061709036056854
-0.0005971470216223906	-0.0014403664294924123	-0.0064945559355718	-0.03488358277691739	-0.00033934997322737637	-0.004574008462426171	5.5996175670092185e-05	-0.01062339363207454
0.0007134503690846561	-0.0018148228268375366	-0.006307327736899904	-0.03157588460037042	-0.0015875379643779386	-0.0037002768686211773	-0.0001936414225602867	-0.015366507998443302
-0.0007219658207378021	-0.0011283194317051048	-0.006432146536014205	-0.03494599217647498	-0.00027694057367022573	-0.0036378674690635826	-0.00025605082211743735	-0.023417320541359254
0.0005262221704118719	-0.0011907288312622555	-0.007617925127606728	-0.02708240783223137	-0.0014003097657051544	-0.002077632480126379	0.00024322437434265431	-0.018736615574547644
0.0004638127708542772	-0.0033126484162171455	-0.009552616513889056	-0.020779058476925183	-0.004645598542694751	-0.0013911290849943914	-0.0003808696212326268	-0.013556635411276163
-0.0005971470216223906	-0.0018148228268375366	-0.008990931917871592	-0.014163662123831244	-0.00614342413207436	-0.004012323866408929	-0.000131232023002692	-0.00950002444003939
0.0005886315699694666	-0.0009410912330323207	-0.0071810593307046755	-0.015723897112768448	-0.006954746326321759	-0.0030137734734891897	-0.000131232023002692	-0.014929642201541249
-0.0006595564211799854	-4.950239669954115e-06	-0.005808052540439812	-0.0152246219163088	-0.007641249721453969	-0.0028889546743740002	-0.0001936414225602867	-0.017925293380300467
0.0007758597686418067	-0.0009410912330323207	-0.0048719115470774454	-0.016035944110555755	-0.005768967734729458	-0.003825095667736589	-0.00025605082211743735	-0.016739514788708165
-0.0007219658207378021	-0.002189279224182439	-0.0048719115470774454	-0.015599078313653258	-0.003771866948889757	-0.0035130486699488372	5.5996175670092185e-05	-0.01667710538915057
0.0007758597686418067	-0.0025013262219699683	-0.004809502147519851	-0.020841467876482556	-0.003959095147561875	-0.0020152230805692284	-6.882262344465317e-05	-0.01599060199401814
-0.00053473762206524	-0.003000601418429838	-0.005808052540439812	-0.0172217227021485	-0.005519330136499079	-0.001890404281454483	-0.00025605082211743735	-0.010935440629861848
-0.0004723282225076453	-0.004186380010021917	-0.0056832337413246226	-0.017533769699935586	-0.005893786533844203	-8.053169428690055e-05	0.00011840557522724282	-0.010498574832959351
0.0005262221704118719	-0.0041239706104643226	-0.00599528073911193	-0.016660038106130592	-0.006393061730304295	-0.000642216290304809	-0.0003184602216750321	-0.013993501208178438
-0.00040991882295049464	-0.004810474005596754	-0.004934320946634818	-0.01790822609728049	-0.0060186053329591704	0.0022286160893398854	0.0001808149747850596	-0.015865783194903393
0.00040140337129757064	-0.0038743330122343878	-0.004934320946634818	-0.01959327988533288	-0.00670510872809138	0.0012300656964199241	-0.00044327902078977743	-0.01961034716835286
-0.00040991882295049464	-0.002563735621526675	-0.0029996295603527123	-0.0152246219163088	-0.005581739536057118	0.00048115290173034175	-0.0001936414225602867	-0.017550836982955342
0.0005886315699694666	-0.0026261450210842696	-0.002001079167433195	-0.016847266304803377	-0.006081014732516765	-0.0007046256898621817	-6.4132238879466286e-06	-0.015304098598885707
-0.0005971470216223906	-0.0025013262219699683	-0.0013769851718583581	-0.017034494503475717	-0.005082464339597026	-0.002077632480126379	-6.4132238879466286e-06	-0.015179279799770518
0.0007758597686418067	-0.002563735621526675	-0.003249267158582203	-0.016160762909670945	-0.003771866948889757	-0.0012663102858789799	-0.0003184602216750321	-0.020172031764369658
0.0007134503690846561	-0.006433118394091553	-0.004684683348405105	-0.0152246219163088	-0.0028981353550849853	-0.0007670350894193323	-0.000131232023002692	-0.016552286590035825
-0.00040991882295049464	-0.00724444058833873	-0.006244918337342309	-0.014662937320290892	-0.002149222560394737	-0.0010166726876497112	0.0001808149747850596	-0.010560984232516946
0.0004638127708542772	-0.007369259387453919	-0.006806602933359107	-0.014725346719848487	-0.0026484977568546064	-0.00270172647570166	-0.00025605082211743735	-0.007565333053757284
-0.0006595564211799854	-0.006620346592763893	-0.006369737136457054	-0.015536668914095664	-0.003210182352872293	-0.0030137734734891897	-0.0003808696212326268	-0.00781497065198744
0.0009006785677574403	-0.0056217961998443755	-0.0048719115470774454	-0.015287031315866173	-0.002586088357297456	-0.0034506392703912425	-0.00025605082211743735	-0.004819319473227779
-0.0006595564211799854	-0.005746614998958677	-0.005932871339554335	-0.013851615126043715	-0.003397410551544633	-0.00501087425932889	-0.0001936414225602867	-0.006566782660837767
0.0006510409695270614	-0.004810474005596754	-0.007617925127606728	-0.016160762909670945	-0.004708007942251902	-0.0028889546743740002	-0.0003808696212326268	-0.012745313217028986
-0.0007219658207378021	-0.0032502390166595507	-0.00824201912318201	-0.01279065533356638	-0.0063306523307467	-0.0025769076765864707	-6.4132238879466286e-06	-0.00781497065198744
-0.0007219658207378021	-0.0024389168224123736	-0.009365388315216716	-0.011667286141531674	-0.00670510872809138	-0.00270172647570166	-0.0003808696212326268	-0.014555185804196125
0.0007134503690846561	-0.00069145363480283	-0.009365388315216716	-0.010481507549939373	-0.005956195933401798	-0.0028889546743740002	-0.000131232023002692	-0.02092094455906013
-0.0007219658207378021	-0.002563735621526675	-0.011362489101056417	-0.007361037572065188	-0.007079565125436282	-0.0008918538885345217	-0.00044327902078977743	-0.016552286590035825
0.0008382691681991794	-0.0026261450210842696	-0.012173811295303594	-0.0031796078017132245	-0.006580289928976191	-0.0015783572836665094	5.5996175670092185e-05	-0.03321559627188497
-0.0005971470216223906	-0.002376507422854779	-0.012610677092206313	-0.0004960036207413143	-0.0051448737391541766	0.0017293408928800158	-0.00025605082211743735	-0.03165536128294777
0.0005886315699694666	0.00011986855944479125	-0.013484408686010418	0.00025290917394826806	-0.005207283138711771	-0.003201001672161752	-6.882262344465317e-05	-0.031904998881177704
-0.0005971470216223906	-0.0003794066370146343	-0.012735495891321058	0.0003153185735058628	-0.005768967734729458	0.0007307904999607207	-0.0001936414225602867	-0.03864521403338639
0.0005262221704118719	-0.001502775829050007	-0.01298513348955077	0.0001280903748339668	-0.004895236140924242	0.0007931998995178713	-0.00025605082211743735	-0.03958135502674898
0.0009006785677574403	-0.0030630108179867666	-0.013921274482913581	0.0007521843704083597	-0.0030853635537575475	0.00023151530350040694	0.00024322437434265431	-0.03989340202453606
-0.0009091940194096981	-0.004248789409579512	-0.015231871873620628	-0.0001839566229537848	-0.0032725917524298875	-0.00014294109384449527	-0.0005680978199049669	-0.04201532160949095
0.0007134503690846561	-0.003624695414004231	-0.013858865083355987	0.0003777279730634575	-0.004895236140924242	0.002540663087127415	-6.882262344465317e-05	-0.041079180616128586
-0.0006595564211799854	-0.002563735621526675	-0.01310995228866596	0.00019049977439067334	-0.003771866948889757	-0.0008918538885345217	-0.00025605082211743735	-0.03465101246170743
0.0008382691681991794	-0.003000601418429838	-0.01298513348955077	0.0005649561717362417	-0.004645598542694751	-0.0007046256898621817	-0.000131232023002692	-0.028285253706843427
-0.0005971470216223906	-0.0036871048135620477	-0.01292272408999362	0.00025290917394826806	-0.005332101937826739	0.0005435623012879365	5.5996175670092185e-05	-0.025164783728969242
0.0008382691681991794	-0.00474806460603916	-0.01298513348955077	0.00025290917394826806	-0.00614342413207436	0.00016910590394281222	-6.882262344465317e-05	-0.02323009234268647
-0.0004723282225076453	-0.004186380010021917	-0.011362489101056417	-0.0002463660225113795	-0.009326303509506362	-0.00014294109384449527	-0.0006305072194625616	-0.02067130696082975
-0.00040991882295049464	-0.0025013262219699683	-0.006619374734687211	0.0005649561717362417	-0.007578840321896152	-0.0017031760827816989	0.00011840557522724282	-0.02772356911082574
0.0007134503690846561	-0.00337505781577474	-0.006182508937784714	0.0003153185735058628	-0.00870220951393108	-0.00519810245800123	-0.000131232023002692	-0.023042864144014574
-0.0009091940194096981	-0.0049977022042695385	-0.008491656721411944	-0.0001839566229537848	-0.010075216304195944	-0.00394991446685089	-0.0005680978199049669	-0.018923843773220206
0.0007758597686418067	-0.0045608364073668195	-0.009178160116543932	0.0003777279730634575	-0.00851498131525874	-0.004199552065081713	-0.000131232023002692	-0.017675655782070532
-0.0009716034189677369	-0.0049352928047115	-0.007617925127606728	-0.00030877542206897424	-0.01163545129313337	-0.0026393170761440654	-0.0001936414225602867	-0.018237340378087774
0.0007758597686418067	-0.005434568001171591	-0.006931421732474297	0.0003153185735058628	-0.014693511871450182	-0.0003925786920744301	-0.0005056884203473722	-0.02154503855463452
-0.0007219658207378021	-0.004436017608251852	-0.009677435313003802	0.0005025467721782029	-0.012634001686053109	0.0006059717008455312	-6.4132238879466286e-06	-0.02566405892542889
0.0008382691681991794	-0.004248789409579512	-0.008179609723624637	0.0003153185735058628	-0.0111361760966735	0.0009804280981902114	-6.882262344465317e-05	-0.029408622898878356
0.0007758597686418067	-0.008055762782585907	-0.009240569516101527	0.0005649561717362417	-0.00988798810552316	-0.0011414914867644566	-0.000131232023002692	-0.026412971720118472
-0.0004723282225076453	-0.010052863568426051	-0.009178160116543932	0.0005025467721782029	-0.008452571915701368	0.001666931493322421	0.00011840557522724282	-0.02416623333604928
0.0004638127708542772	-0.012986105347627452	-0.007680334527164323	6.568097527637207e-05	-0.009326303509506362	0.0007307904999607207	-0.0003808696212326268	-0.01948552836923767
-0.0005971470216223906	-0.012549239550725622	-0.007368287529377016	6.568097527637207e-05	-0.0077036591210115635	-0.0010166726876497112	-0.0003184602216750321	-0.017800474581185277
0.0007134503690846561	-0.012674058349840367	-0.004809502147519851	0.00025290917394826806	-0.0077036591210115635	-0.0005798068907465481	-0.00025605082211743735	-0.008002198850659337
-0.00053473762206524	-0.013859836941432668	-0.004372636350617576	3.271575718777342e-06	-0.011760270092248337	-0.005634968254903283	-0.0005680978199049669	0.004604499859953037
0.0005886315699694666	-0.014171883939219976	-0.0048719115470774454	0.0001280903748339668	-0.01250918288693792	-0.007756887839858173	-0.0003808696212326268	0.011968809007736558
-0.0004723282225076453	-0.014920796733910002	-0.0038109517545998894	3.271575718777342e-06	-0.01531760586702502	-0.012437592806669784	-0.0003808696212326268	0.017460836168795124
-0.0007843752202949528	-0.014109474539662825	-0.005121549145307602	-0.00030877542206897424	-0.01781398184932459	-0.005822196453576067	-0.0006929166190201563	0.011344715012161943
0.0006510409695270614	-0.014296702738334721	-0.004934320946634818	3.271575718777342e-06	-0.017252297253307125	-0.002264860678798941	-0.0005680978199049669	-0.001636440095796221
-0.0007219658207378021	-0.015482481329927245	-0.00686901233291759	-0.00012154722339641211	-0.016940250255519373	-0.0022024512792417905	-0.0003808696212326268	-0.00600509806482008
0.0007758597686418067	-0.017167535117979194	-0.008616475520526246	0.00019049977439067334	-0.016128928061272196	-0.0023896794779136865	-0.00025605082211743735	-0.0035711314820776607
-0.00053473762206524	-0.018977407705146776	-0.011799354897958247	-0.00012154722339641211	-0.014319055474105058	-0.0032634110717184583	-0.0003808696212326268	-0.00313426568517583
0.0006510409695270614	-0.017354763316651978	-0.010925623304153476	6.568097527637207e-05	-0.014943149469680339	-0.006071834051806002	-0.0005056884203473722	-0.013182179013931039
-0.0007843752202949528	-0.01673066932107714	-0.00842924732185435	6.568097527637207e-05	-0.01519278706790983	-0.0022024512792417905	-0.00044327902078977743	-0.014555185804196125
0.0007134503690846561	-0.013485380544087544	-0.007992381524951853	-0.0006208224198565038	-0.016128928061272196	-0.004886055460213701	-0.001192191815479804	-0.014742414002868465
0.001150316165986709	-0.007806125184356416	-0.006619374734687211	0.0006273655712938364	-0.017252297253307125	-0.0022024512792417905	0.00024322437434265431	-0.004132816078095347
-0.0006595564211799854	-0.00724444058833873	-0.0071810593307046755	-0.0002463660225113795	-0.016128928061272196	-0.0076944784403008	-0.0005056884203473722	-0.004382453676325726
0.0007134503690846561	-0.008242990981258691	-0.010301529308578639	0.00025290917394826806	-0.01332050508118554	-0.004199552065081713	-0.00025605082211743735	-0.004132816078095347
-0.0003475094233928999	-0.0068699841909940496	-0.009490207114331461	0.00025290917394826806	-0.011448223094460586	-0.00875543823277769	-0.000131232023002692	-0.01180917222366662
0.00015176577306719174	-0.010676957564000666	-0.011861764297515842	-0.0004335942211837196	-0.012072317090035423	-0.0055725588553461325	-0.0006929166190201563	-0.014929642201541249
-0.0008467846198529916	-0.009803225970195895	-0.012673086491763463	-0.00030877542206897424	-0.01069931029977056	-0.005510149455788094	0.00011840557522724282	-0.025164783728969242
0.0009006785677574403	-0.007618896985683854	-0.01729138205901748	0.0005649561717362417	-0.007141974524993877	-0.002264860678798941	0.00024322437434265431	-0.048755536761699636
-0.0002851000238353052	-0.00786853458391401	-0.019288482844857402	3.271575718777342e-06	-0.0077036591210115635	0.0015421126942078978	-0.0005056884203473722	-0.05287455713249378
-0.0008467846198529916	-0.006183480795861618	-0.018851617047954683	3.271575718777342e-06	-0.005831377134286608	0.0007307904999607207	-0.00044327902078977743	-0.05599502711036819
0.0009006785677574403	-0.008367809780373436	-0.01760342905680501	0.000689774970850765	-0.007953296719241942	0.005411495466771887	0.00011840557522724282	-0.04582229498249779
-0.0009091940194096981	-0.0009410912330323207	-0.01310995228866596	3.271575718777342e-06	-0.0002145311741130751	0.00821991844685832	-0.0003184602216750321	-0.0355871534550698
0.0007134503690846561	-0.002813373219757054	-0.01816511365282225	0.00019049977439067334	-0.0077036591210115635	0.003351985281374814	-0.00025605082211743735	-0.04781939576833749
-0.00053473762206524	0.0004943249567901375	-0.016480059864770302	0.0003777279730634575	-0.005768967734729458	0.0014172938950927083	-6.882262344465317e-05	-0.05187600673957404
0.0007134503690846561	0.003739613733778846	-0.01460777787804557	0.0005025467721782029	-0.004895236140924242	0.005286676667657142	5.5996175670092185e-05	-0.0525001007351491
-0.0003475094233928999	-0.0009410912330323207	-0.01292272408999362	0.0003153185735058628	-0.003771866948889757	0.0020413878906679894	-0.00025605082211743735	-0.04638397957851503
0.0007134503690846561	-0.0016275946281651965	-0.01716656325990229	0.0003153185735058628	-0.0016499473639346451	-0.0017031760827816989	-0.000131232023002692	-0.04750734877054974
0.0004638127708542772	-0.006620346592763893	-0.01573114707008072	6.568097527637207e-05	-0.0015875379643779386	-0.001453538484551764	-0.00044327902078977743	-0.04987890595373434
-0.0002851000238353052	-0.0031254202175443613	-0.01598078466831021	0.0005649561717362417	-0.0013379003661475597	-0.004574008462426171	0.00011840557522724282	-0.05362346992718381
0.0007758597686418067	-0.005372158601614441	-0.014233321480700667	0.0005025467721782029	-0.0024612695581827104	0.0026030724866850097	-6.4132238879466286e-06	-0.05911549708824304
-0.00053473762206524	-0.008180581581701096	-0.012361039493975934	0.00025290917394826806	-0.0036470481497745677	0.00041874350217274703	-6.882262344465317e-05	-0.04095436181701384
0.0005262221704118719	-0.006557937193206742	-0.01498223427539025	3.271575718777342e-06	-0.005644148935614268	-0.004324370864196014	-0.000131232023002692	-0.03777148243958184
-0.00053473762206524	-0.007681306385241449	-0.01198658309663081	0.00019049977439067334	-0.007017155725878688	-0.00644629044915046	-6.4132238879466286e-06	-0.03964376442630635
0.0007758597686418067	-0.00924154137417843	-0.011549717299728757	0.0001280903748339668	-0.008577390714816335	-0.0016407666832241041	-0.00025605082211743735	-0.03727220724312175
-0.00053473762206524	-0.008555037979045998	-0.007056240531589486	0.00019049977439067334	-0.010886538498443121	-0.010440492020830083	-0.0003808696212326268	-0.02129540095640503
-0.0004723282225076453	-0.006682755992321487	-0.0020634885669903458	0.00019049977439067334	-0.01300845808339779	-0.01487155938941176	-0.0001936414225602867	-0.010498574832959351
0.0005262221704118719	-0.00986563536975349	-0.003998179953272674	-0.0001839566229537848	-0.013882189677202561	-0.01356096199870449	-0.0006305072194625616	-0.008813521044906958
-0.0005971470216223906	-0.007618896985683854	-0.00830442852273916	-5.913782383859534e-05	-0.013195686282070351	-0.016868660175251238	-0.00044327902078977743	-0.009749662038269769
0.0009006785677574403	-0.008555037979045998	-0.0065569653351296164	0.0003153185735058628	-0.014631102471892588	-0.015370834585871629	-0.0001936414225602867	-0.024103823936491686
-0.0006595564211799854	-0.009803225970195895	-0.003998179953272674	-0.0001839566229537848	-0.017127478454192158	-0.009129894630122593	-0.00044327902078977743	-0.025851287124101674
0.0005886315699694666	-0.009179131974621058	-0.004747092747962256	6.568097527637207e-05	-0.018063619447554746	-0.010814948418174986	-0.0005680978199049669	-0.027037065715693753
-0.0007219658207378021	-0.011550689157805882	-0.00942779771477431	0.0005025467721782029	-0.012446773487380769	-0.014746740590296792	5.5996175670092185e-05	-0.03408932786568997
0.0008382691681991794	-0.012861286548513151	-0.011924173697073437	-0.00037118482162612487	-0.014007008476317973	-0.0038875050672937395	-0.0006929166190201563	-0.036086428651529445
0.0009006785677574403	-0.0145463403365651	-0.008616475520526246	0.00044013737262105224	-0.013133276882512979	0.0018541596919952053	-6.882262344465317e-05	-0.037397026042236714
-0.0008467846198529916	-0.012299601952495243	-0.01111285150282626	-0.00012154722339641211	-0.012197135889150612	-0.006883156246053623	-0.000755326018577529	-0.04432446939311796
0.0009630879673143689	-0.009303950773736025	-0.010488757507251423	0.0006273655712938364	-0.01151063249401818	-0.010253263822157743	0.00030563377389980495	-0.05287455713249378
-0.0006595564211799854	-0.011675507956920406	-0.010925623304153476	-5.913782383859534e-05	-0.01069931029977056	-0.00888025703189288	-0.00044327902078977743	-0.04526061038648033
0.0006510409695270614	-0.009740816570638744	-0.01117526090238341	0.00025290917394826806	-0.010636900900213409	-0.009317122828795377	-0.0003184602216750321	-0.04582229498249779
-0.0007219658207378021	-0.008679856778161188	-0.012236220694861188	3.271575718777342e-06	-0.009825578705965787	-0.006383881049593754	-0.0003808696212326268	-0.04638397957851503
0.0005886315699694666	-0.008679856778161188	-0.014233321480700667	-0.00037118482162612487	-0.009638350507293891	-0.011688680011979757	-0.000755326018577529	-0.04800662396700983
-0.0008467846198529916	-0.00911672257506324	-0.012860314690435803	0.00044013737262105224	-0.006268242931189105	-0.017055888373923578	-0.000131232023002692	-0.04444928819223293
-0.0005971470216223906	-0.011238642160017909	-0.016417650465212708	6.568097527637207e-05	-0.009950397505080977	-0.008131344237202853	-0.00025605082211743735	-0.05100227514576927
0.0007134503690846561	-0.01342297114452995	-0.018726798248839938	3.271575718777342e-06	-0.011760270092248337	0.00478740147119705	-0.00044327902078977743	-0.056431892907270464
-0.0009091940194096981	-0.009803225970195895	-0.018227523052379846	-0.00030877542206897424	-0.01257159228649507	-0.0023896794779136865	-0.0008177354181351237	-0.06454511484974423
0.0009006785677574403	-0.010240091767098392	-0.01498223427539025	0.0005649561717362417	-0.010886538498443121	-0.009629169826582462	0.00011840557522724282	-0.060426094478949643
-0.0005971470216223906	-0.011238642160017909	-0.019163664045742212	0.0001280903748339668	-0.010449672701541068	-0.00251449827702932	-0.0005056884203473722	-0.05231287253647654
0.0005262221704118719	-0.0017524134272799419	-0.015294281273178001	3.271575718777342e-06	-0.013694961478530665	0.0064100458596916265	-0.0005056884203473722	-0.05019095295152165
-0.0007219658207378021	-0.006433118394091553	-0.01448295907893038	0.00044013737262105224	-0.00988798810552316	-0.0023896794779136865	-6.882262344465317e-05	-0.04819385216568217
0.0007758597686418067	-0.008492628579488848	-0.019538120443087115	0.0007521843704083597	-0.011011357297557867	-0.0013911290849943914	0.0004304525730145503	-0.05761767149886299
-3.5462425605370385e-05	-0.009803225970195895	-0.019413301643971925	-0.0006832318194136544	-0.01069931029977056	-0.0007046256898621817	-0.0013170106145945493	-0.05518370491612101
-3.5462425605370385e-05	-0.008867084976833972	-0.016417650465212708	0.0007521843704083597	-0.01257159228649507	0.00878160304287623	0.000492861972572145	-0.05786730909709292
8.935637350959702e-05	-0.00967840717108115	-0.01766583845636238	-0.0006208224198565038	-0.011760270092248337	0.00809509964774402	-0.0011297824159222092	-0.06635498743691137
-9.787182516252102e-05	-0.00911672257506324	-0.016542469264327897	0.0005649561717362417	-0.012009907690477828	0.007533415051726333	0.00030563377389980495	-0.05992681928249022
0.0002765845721823812	-0.009803225970195895	-0.020411852036891887	-0.0002463660225113795	-0.01350773327985788	0.002915119484472317	0.0003680431734573997	-0.0627352422625771
-3.5462425605370385e-05	-0.009054313175505868	-0.01797788545414991	0.0005649561717362417	-0.011760270092248337	0.005473904866329482	-0.0010673730163646145	-0.06061332267762265
0.0002765845721823812	-0.010739366963558261	-0.0169169256616728	-0.0001839566229537848	-0.013944599076760156	0.008656784243761484	-0.0005680978199049669	-0.048755536761699636
-0.0007219658207378021	-0.012486830151168027	-0.01541910007229319	0.00025290917394826806	-0.015941699862599856	0.003788851078277533	-0.0001936414225602867	-0.04819385216568217
-0.0012836504167548224	-0.013173333546300237	-0.013796455683798392	-0.000995278817201184	-0.018313257045784237	0.0026654818862423824	-0.001192191815479804	-0.045572657384267634
0.0010254973668719636	-0.011800326756035595	-0.012860314690435803	0.00019049977439067334	-0.020934451827198552	0.009530515837565812	-0.000131232023002692	-0.04476133519002046
-0.0006595564211799854	-0.0145463403365651	-0.016854516262115204	-0.0002463660225113795	-0.01899976044091667	0.005411495466771887	-0.0006305072194625616	-0.0473201205718774
0.0008382691681991794	-0.015981756526387114	-0.015356690672735596	0.0001280903748339668	-0.01962385443649195	-0.005385330656673792	-0.0001936414225602867	-0.05075263754753934
-0.0012836504167548224	-0.018977407705146776	-0.01760342905680501	-0.001182507015873302	-0.020310357831623937	0.008844012442433824	5.5996175670092185e-05	-0.037709073040024244
0.0010254973668719636	-0.016231394124617493	-0.012236220694861188	0.0005025467721782029	-0.022931552613038697	0.015958683991987188	-0.00025605082211743735	-0.03933171742851904
-0.00040991882295049464	-0.020350414495411195	-0.0132971804873383	-0.001182507015873302	-0.022245049217906265	0.006285227060577103	-0.0005056884203473722	-0.042577006205508194
0.0006510409695270614	-0.020100776897181483	-0.017728247855919976	-0.0014321446141036809	-0.022744324414366357	0.007720643250398673	-0.000755326018577529	-0.034588603062149836
0.0007134503690846561	-0.022472334080365863	-0.010051891710349148	-0.0009328694176435892	-0.02623925078958589	0.001479703294650303	-0.0006305072194625616	-0.027161884514808943
-0.0007219658207378021	-0.025780032256912833	-0.006619374734687211	-0.009795004154806941	-0.02686334478516028	0.002540663087127415	-0.0006305072194625616	-0.02816043490772846
0.0008382691681991794	-0.026965810848505134	-0.008179609723624637	-0.019031595289315195	-0.02717539178294781	-0.003762686268178772	-0.0005056884203473722	-0.031904998881177704
-0.0009716034189677369	-0.05654786623875485	-0.03769925571431609	-1.1390306797480014	-0.05582130617983516	-0.026167660709317087	-0.0018786952106126797	-0.02298045474445698
0.0007758597686418067	-0.02808918004053984	-0.0008153005758406717	-0.10765294266094894	-0.02280673381392395	0.00016910590394281222	-0.00044327902078977743	-0.02323009234268647
-0.0007843752202949528	-0.022534743479923236	0.0056752769781385215	-0.0537312214432788	-0.025490337994895418	-0.004698827261541361	-0.0005680978199049669	-0.03134331428516024
0.0007134503690846561	-0.03177133461443171	-0.004247817551502386	-0.04961220107248443	-0.027737076378965497	-0.014746740590296792	-0.00044327902078977743	-0.022605998347112077
-0.0006595564211799854	-0.03202097221266165	-0.004996730346192413	-0.04742787208797239	-0.0338531975355989	-0.009379532228352971	-0.000755326018577529	-0.02023444116392703
-0.0007219658207378021	-0.03039832782416707	0.0024923976007060755	-0.045305952503018165	-0.039719681094003034	-0.011126995415962515	-0.000755326018577529	-0.008813521044906958
0.0004638127708542772	-0.02771472364319494	0.0002456592166368843	-0.04087488513443627	-0.033416331738696625	-0.015121196987641694	-0.0010673730163646145	-0.015304098598885707
-0.00040991882295049464	-0.027465086044965226	-0.007056240531589486	-0.044681858507442884	-0.03853390250241051	-0.011751089411537574	-0.0003184602216750321	-0.002510171689600993
0.00040140337129757064	-0.030273509025052103	-0.002687582562565405	-0.04942497287381231	-0.04583580225063666	-0.00919230402968041	-0.0013170106145945493	-0.017488427583397748
-0.0006595564211799854	-0.02939977743124711	-0.00037843477893839683	-0.040687656935763705	-0.03965727169444544	-0.017430344771268924	-0.0010049636168074638	-0.013306997813046229
0.0006510409695270614	-0.027777133042752533	-0.014295730880257818	-0.03987633474151653	-0.04602303044930922	-0.031784506669491064	-0.0010673730163646145	-0.013306997813046229
-0.0007219658207378021	-0.028526045837442338	-0.012111401895745999	-0.02308820626055219	-0.04352665446700965	-0.022922371932327712	-0.000755326018577529	-0.020421669362599815
0.0007134503690846561	-0.031521697016202	-0.018539570050167598	-0.0008704600180859945	-0.046272668047539156	-0.03921122521683218	-0.0013170106145945493	-0.027099475115250904
0.0006510409695270614	-0.03620240198301361	-0.012236220694861188	-0.0004960036207413143	-0.04864422523072376	-0.03471774844869335	-0.0008177354181351237	-0.031530542483833024
-0.0007219658207378021	-0.03239542861000677	-0.023532322014766294	-0.0016817822123336157	-0.04851940643160857	-0.059931145869918545	-0.0010673730163646145	-0.048069033366567426
0.0007758597686418067	-0.03695131477770319	-0.02309545621786402	-0.0011200976163165954	-0.052763245601517905	-0.06860605240840933	-0.0006305072194625616	-0.08145806212982354
-0.0009091940194096981	-0.027777133042752533	-0.011549717299728757	-0.02845541462249601	-0.04046859388869284	-0.092633671238042	-0.000942554217249425	-0.12233621883997836
0.0009630879673143689	-0.028338817638769775	-0.02297063741874905	-0.025210125845506415	-0.048456997032050975	-0.10661337673891969	-0.0010049636168074638	-0.139623622517403
-0.0006595564211799854	-0.025967260455585617	-0.03632624892405145	-0.03844091855169407	-0.06256152133204385	-0.13319978095040952	-0.000131232023002692	-0.1954800351213546
0.0009006785677574403	-0.023595703272401236	-0.0006904817767254823	-0.033323347787980184	-0.056944675371869646	-0.12071790103891189	-0.0008177354181351237	-0.21258021060010646
-0.0007843752202949528	-0.030772784221511973	0.0026796257993784156	3.271575718777342e-06	-0.06630608530549287	-0.13245086815572016	-0.00044327902078977743	-0.23130303046735312
-0.00040991882295049464	-0.00069145363480283	0.006486599172385699	0.0003777279730634575	-0.03603752652011116	-0.07653204615221032	-6.882262344465317e-05	-0.18362224920543224
0.0007134503690846561	-0.023408475073728452	-0.04500115546254224	-0.0004335942211837196	-0.024616606401090646	-0.06810677721194924	-0.0010673730163646145	-0.14474119328111645
-0.0005971470216223906	-0.041319972746727496	-0.08918701034924381	-0.000745641218970805	-0.012446773487380769	-0.03534184244426819	-0.0011297824159222092	-0.15010840164306072
0.00040140337129757064	-0.025467985259125303	-0.0981739638855228	-0.09435974055520369	-0.002960544754642358	-0.03933604401594737	-0.0015042388132675555	-0.09244211645194156
-0.00022269062427771047	-0.022659562279038425	-0.08438148658331768	-0.1207589165680214	-0.003147772953314698	-0.039772909812849644	-0.0010673730163646145	-0.1131620371050277
0.0005886315699694666	-0.033019522605581386	-0.05860640456607502	-0.05972252380079768	-0.0342900633325014	-0.0644246226380576	-0.0008801448176927185	-0.1103536141249406
-0.0007219658207378021	-0.017354763316651978	-0.035577336129361425	-0.036318998966739624	-0.029921405363477538	-0.048447816351340656	-0.0006929166190201563	-0.1100415671271533
0.0007134503690846561	-0.03358120720159885	-0.09006074194304903	-0.010980782746399242	-0.026488888387815157	-0.04152037300045919	-0.001816285811054641	-0.08782382088468732
0.0006510409695270614	-0.022472334080365863	-0.08712750016384718	-0.0008080506185292879	-0.023555646608613756	-0.03084836567612892	-0.0011297824159222092	-0.07740145115858676
-0.0006595564211799854	-0.028838092835229645	-0.06971527768730801	-0.0008080506185292879	-0.022369868017021455	-0.028664036691616657	-0.0012546012150373986	-0.07203424279664294
0.0008382691681991794	-0.012424420751610432	-0.04830885363908921	-0.0004960036207413143	-0.03834667430373817	-0.039772909812849644	-0.0006929166190201563	-0.07359447778558015
-0.0009091940194096981	-0.03420530119717391	-0.027152067189101015	-0.0016817822123336157	-0.04514929885550445	-0.0296001776849788	-0.0013170106145945493	-0.07297038379000509
0.0009006785677574403	-0.022347515281250674	-0.035702154928476615	-0.00030877542206897424	-0.04664712444488406	-0.03952327221461971	-0.00843168216414858	-0.24784152135008752
-0.0013460598163124171	-0.21669038550327002	-0.23959366328279108	-0.020654239677809993	-0.06118851454177876	-0.005634968254903283	-0.0015042388132675555	-0.0642954772515143
0.0005886315699694666	-0.04868428189451124	-0.037199980517856224	-0.0006832318194136544	-0.06468344091699829	-0.008193753636760892	-0.0010049636168074638	-0.0634841550572669
-0.0004723282225076453	-0.03489180459230612	-0.016417650465212708	-0.0011200976163165954	-0.06898968948646456	-0.003825095667736589	-0.0015042388132675555	-0.06647980623602634
-0.0007219658207378021	-0.03838673096752565	-0.015918375268752616	-0.0008704600180859945	-0.053075292599305435	-0.0061966528509211916	-0.0012546012150373986	-0.05805453729576526
0.0008382691681991794	-0.03838673096752565	-0.035078060932902	-0.0004960036207413143	-0.05151505761036823	-0.016431794378349185	-0.000942554217249425	-0.04388760359621524
-0.0008467846198529916	-0.061290980605123835	-0.052552692808998325	-0.001619372812776021	-0.050266869619218335	0.004662582672082305	-0.0018786952106126797	-0.04432446939311796
0.0007134503690846561	-0.04743609390336134	-0.0326440943501598	-0.001182507015873302	-0.06056442054620437	-0.016868660175251238	-0.0015042388132675555	-0.05817935609488023
-0.0009716034189677369	-0.04824741609760874	-0.008366837922296755	-0.0018690104110061778	-0.057381541168772365	-0.03265823826329606	-0.000942554217249425	-0.06129982607275464
0.0009630879673143689	-0.04375393932946969	-0.0016266227700878488	-0.06789815514282882	-0.05650780957496715	-0.012437592806669784	-0.0019411046101693863	-0.049566858955947035
-0.0010340128185253317	-0.05267848346619042	-0.0031868577590254965	-0.3236518745294159	-0.030046224162592283	-0.012500002206226934	-0.0005056884203473722	-0.03845798583471405
0.0007758597686418067	-0.029836643228149606	-0.029710852570957735	-0.0647152757653966	-0.04683435264355662	-0.04108350720355691	-0.0015042388132675555	-0.05718080570196071
0.0004638127708542772	-0.04749850330291894	-0.016854516262115204	-0.06459045696628185	-0.05020446021966096	-0.025793204311972184	-0.0015666482128247061	-0.050066134152406905
-0.0009091940194096981	-0.049183557090970664	-0.023906778412111196	-0.01747136030037799	-0.04939313802541356	-0.03821267482391244	-0.001816285811054641	-0.05799212789620789
0.0005886315699694666	-0.05186716127194324	-0.03994599409838595	-0.0023682856074660474	-0.04970518502320109	-0.03253341946418087	-0.0013170106145945493	-0.05112709394488424
-0.00053473762206524	-0.05392667145734009	-0.03289373194838974	-0.01959327988533288	-0.05057891661700609	-0.03172209726993347	-0.001379420014152144	-0.05480924851877589
0.00021417517262500851	-0.05611100044185213	-0.030522174765205135	-0.004615023991535683	-0.051078191813465956	-0.0360283458394004	-0.007557950570343808	-0.2065889082425878
-0.0010964222180824823	-0.22180795626698346	-0.2008998355571483	-0.007548265770737306	-0.048456997032050975	-0.03022427168055386	-0.0015042388132675555	-0.048256261565239766
0.0007134503690846561	-0.05024451688344844	-0.04780957844262934	-0.0012449164154308967	-0.04533652705417657	-0.028476808492944317	-0.0014418294137097387	-0.04526061038648033
-0.0007219658207378021	-0.04718645630513163	-0.03869780610723583	-0.0011200976163165954	-0.03847149310285314	-0.030598728077898985	-0.001379420014152144	-0.04370037539754312
-0.0006595564211799854	-0.03539107978876599	-0.033892282341309476	-0.0008704600180859945	-0.03553825132365129	-0.03315751345975593	-0.0012546012150373986	-0.03227945527852283
0.0006510409695270614	-0.023658112671957943	-0.055485934588200614	-0.0006832318194136544	-0.025365519195780672	-0.0332199228593133	-0.001192191815479804	-0.03327800567144257
-0.0008467846198529916	-0.02808918004053984	-0.05567316278687273	-0.008359587964985371	-0.028049123376752583	-0.018740942161976193	-0.0013170106145945493	-0.02947103229843573
0.0005886315699694666	-0.024157387868418034	-0.03763684631475872	-0.03113901880346792	-0.024117331204630554	-0.025793204311972184	-0.001192191815479804	-0.03696016024533444
-0.00053473762206524	-0.031147240618856653	-0.034204329339097006	-0.006050440181357697	-0.022557096215693795	-0.02623007010887468	-0.0010673730163646145	-0.034026918466132594
0.0006510409695270614	-0.021536193087003497	-0.03439155753776957	-0.050173885668501894	-0.021745774021446174	-0.006508699848708055	-0.0008177354181351237	-0.022418770148439293
-0.0007843752202949528	-0.027340267245850036	-0.02159763062848441	-0.06852224913840366	-0.03179368735020183	-0.008942666431450474	-0.000942554217249425	-0.03365246206878725
0.0007134503690846561	-0.038137093369295494	-0.02696483899042823	-0.07070657812291548	-0.030795136957282088	-0.016993478974366427	-0.0010673730163646145	-0.03833316703559886
0.0007134503690846561	-0.04625031531176904	-0.023969187811669013	-0.027394454830018455	-0.03984449989311778	-0.015183606387199289	-0.000942554217249425	-0.03976858322542132
-0.00053473762206524	-0.04213129494097467	-0.023969187811669013	-0.005488755585340455	-0.04914350042718363	-0.017180707173038545	-0.001379420014152144	-0.04345073779931341
0.00040140337129757064	-0.03757540877327825	-0.021285583630697102	-0.0021810574087932633	-0.047083990241786555	-0.03022427168055386	-0.001379420014152144	-0.04444928819223293
-0.0009091940194096981	-0.04057105995203747	-0.029710852570957735	-0.0013697352145460862	-0.04215364767674501	-0.034780157848250504	-0.0017538764114974903	-0.049754087154619375
0.0007134503690846561	-0.0464375435104416	-0.034703604535556876	-0.0009328694176435892	-0.04739603723957386	-0.026978982903564486	-0.0015042388132675555	-0.04931722135771688
-0.0005971470216223906	-0.048809100693625984	-0.035015651533344405	-0.0012449164154308967	-0.21221926147090064	-0.16109678255260707	-0.007058675373883938	-0.2018457938762186
2.694697395222434e-05	-0.19060325648823961	-0.1761233039328256	-0.0019314198105637725	-0.06062682994576152	-0.035154614245595184	-0.0020659234092845757	-0.062111148267002037
-0.0009716034189677369	-0.047685731501591055	0.010543210143622472	-0.0012449164154308967	-0.0709243808727471	-0.03371919805577339	-0.0014418294137097387	-0.06298487986080703
-0.0006595564211799854	-0.0645986787816708	0.01584800910600892	-0.0014321446141036809	-0.08184602579530753	-0.019489854956665775	-0.0018786952106126797	-0.061923920068329696
0.0005262221704118719	-0.05835773882592177	0.028641936015293634	-0.0015569634132184262	-0.08309421378645743	-0.04201964819691928	-0.0019411046101693863	-0.07016196080991821
-0.0007219658207378021	-0.03695131477770319	0.010668028942737218	-0.0013073258149889355	-0.07036269627672986	-0.0664217234238973	-0.0016290576123818568	-0.07153496760018285
0.0005886315699694666	-0.04668718110867154	-0.023469912615209143	-0.009795004154806941	-0.06568199130991825	-0.047449265958420694	-0.0018786952106126797	0.05384551611081112
-0.0003475094233928999	0.04898642841295797	0.06802226713606929	-1.3411123155151488	0.06725002974753225	0.05671202190302749	-0.0015042388132675555	-0.04201532160949095
0.0004638127708542772	-0.038449140367083245	-0.052677511608113514	-0.1665050064436604	-0.049767594422758465	-0.02504429151728238	-0.0018786952106126797	-0.04750734877054974
-0.0008467846198529916	-0.0453141743184069	-0.06147723694571949	-0.11121027843572562	-0.06356007172496336	-0.028788855490731624	-0.0016914670119398956	-0.05037818115019421
0.0005262221704118719	-0.05355221505999519	-0.009365388315216716	-0.10471970088174687	-0.06661813230328018	-0.031784506669491064	-0.001192191815479804	-0.05636948350771309
0.00015176577306719174	-0.06622132317016538	-0.0078051533262790684	-0.12269360795430329	-0.08995924773778108	-0.007132793844283336	-0.0025651986057446674	-0.05686875870417296
-0.0006595564211799854	-0.08257258585422722	0.04599174909227566	-0.13973137403349778	-0.10512473183025062	-0.010378082621272489	-0.0017538764114974903	-0.05749285269974824
0.0006510409695270614	-0.0783911560838757	0.049299447268822405	-0.0723292225114105	-0.10437581903556081	-0.03534184244426819	-0.0016914670119398956	-0.07478025637717223
-0.0008467846198529916	-0.07957693467546778	0.01235308273078961	-0.0019314198105637725	-0.10849483940635496	-0.033469560457543235	-0.0023155610075147326	-0.06360897385638165
0.0009006785677574403	-0.10903417126660253	-0.026215926195738204	-0.0010576882167585566	-0.07860073701831816	-0.01730552597215418	-0.002440379806629478	-0.05593261771081104
-0.0008467846198529916	-0.10566406369049797	-0.11096789079480751	-0.002056238609678074	-0.06081405814443408	-0.057434769887618975	-0.0025651986057446674	-0.06535643704399163
0.00040140337129757064	-0.05324016806220744	-0.0905600171395089	-0.0018690104110061778	-0.025115881597550738	-0.08233612031105664	-0.0021283328088419484	-0.07665253836389674
-0.0007843752202949528	-0.06041724901131906	-0.08500558057889229	-0.0016817822123336157	-0.05981550775151434	-0.07228820698230098	-0.002253151607957138	-0.07328243078779262
-0.0006595564211799854	-0.05005728868477588	-0.08581690277313969	-0.0021810574087932633	-0.08159638819707737	-0.04707480956107579	-0.0021283328088419484	-0.03964376442630635
2.694697395222434e-05	-0.08831425061351617	-0.07221165366960736	-0.0031796078017132245	-0.09064575113291351	-0.07397326077035338	-0.0036261583982215573	-0.09830860001034525
-0.0006595564211799854	-0.0712764845343219	-0.07464562025234933	-0.0023682856074660474	-0.07579231403823128	-0.04757408475753566	-0.002690017404859857	-0.0832055253174333
0.0007758597686418067	-0.07988898167325531	-0.040195631696615886	-0.0015569634132184262	-0.0890855161439763	-0.05250442732257721	-0.0021283328088419484	-0.06941304801522863
-0.00053473762206524	-0.07957693467546778	-0.058543995166517204	-0.0018690104110061778	-0.08334385138468736	-0.04382952078408642	-0.002814836203974602	-0.07702699476124164
0.0004638127708542772	-0.07339840411927656	-0.06272542493686895	-0.002493104406580793	-0.07741495842672586	-0.06167860905752787	-0.003064473802204759	-0.0800850553395589
-0.0010964222180824823	-0.08625474042811909	-0.04057008809396079	-0.0016817822123336157	-0.07260943466079928	-0.06685858922079979	-0.0020659234092845757	-0.0807715587346911
0.0009006785677574403	-0.07764224328918545	-0.11015656860056033	-0.002680332605253355	-0.08215807279309506	-0.06105451506195325	-0.003064473802204759	-0.06903859161788328
0.00021417517262500851	-0.17400235620594762	-0.16008408824655107	-0.005738393183570167	-0.16884472877844625	-0.146492983056155	-0.005935306181849009	-0.16346401314836312
-0.0007843752202949528	-0.08076271326705986	-0.07470802965190693	-0.0036164735986157215	-0.07878796521699072	-0.07203856938407105	-0.003064473802204759	-0.08663804229309502
0.0007134503690846561	-0.08063789446794511	-0.07183719727226223	-0.002056238609678074	-0.07697809262982336	-0.0659224482274372	-0.002440379806629478	-0.07091087360460824
-0.0004723282225076453	0.008919593897050548	0.025147009640074547	-1.3116550789240142	0.04253590752276648	0.028690201501715196	0.000929727769474642	0.032563910861707956
0.0006510409695270614	-0.05885701402238186	-0.10897079000896781	-0.17992302734852017	-0.047708084237361614	-0.0478237223557656	-0.002190742208399765	-0.06367138325593924
-0.0005971470216223906	-0.06160302760291114	-0.0920578427288885	-0.13055719229854712	-0.06387211872275089	-0.06486148843496009	-0.0025027892061870727	-0.065418846443549
0.0002765845721823812	-0.07015311534228719	-0.057732672972269805	-0.09885321732334296	-0.06212465553514157	-0.07478458296460055	-0.0023779704070723273	-0.07178460519841301
-0.0005971470216223906	-0.04793536909982121	-0.09617686309968287	-0.10322187529236682	-0.06711740749974027	-0.048322997552225466	-0.0025027892061870727	-0.06404583965328436
-0.0007219658207378021	-0.06122857120556624	-0.061851693343064396	-0.1074657144622766	-0.07672845503159342	-0.04869745394957059	-0.002253151607957138	-0.06329692685859434
0.00040140337129757064	-0.06172784640202633	-0.05573557218643055	-0.0908648141799846	-0.06337284352629102	-0.05606176309735411	-0.0020659234092845757	-0.06910100101744043
-0.0007219658207378021	-0.06672059836662525	-0.0763930834399591	-0.08886771339414468	-0.06418416572053842	-0.031472459671703756	-0.0023155610075147326	-0.07034918900859055
0.0009630879673143689	-0.07408490751440877	-0.06172687454394943	-0.10097513690829762	-0.07535544824132856	-0.012812049204014464	-0.0015666482128247061	-0.058928268889570035
-0.0009091940194096981	-0.0743969545121963	-0.046561390451479445	-0.10172404970298721	-0.07192293126566707	-0.02304719073144268	-0.0023779704070723273	-0.07272074619177515
0.00040140337129757064	-0.07027793414140215	-0.036201430124936484	-0.09841635152644046	-0.07860073701831816	-0.037276533830550074	-0.0020659234092845757	-0.06997473261124565
-0.0007843752202949528	-0.06478590698034292	-0.009989482310791553	-0.08318845803441333	-0.07167329366743713	-0.039086406417717434	-0.0010673730163646145	-0.062111148267002037
0.0010879067664295583	-0.051991980071057986	-0.04824644423953184	-0.08013039745609651	-0.059253823155496876	-0.02285996253277056	-0.0020659234092845757	-0.05568298011258088
0.00040140337129757064	-0.06647096076839532	-0.028837120977153186	-0.09885321732334296	-0.07304630045770177	-0.015870109782331276	-0.002190742208399765	-0.0505029999493094
-0.0005971470216223906	-0.06397458478609575	0.022088949061757734	-0.10153682150431487	-0.08303180438689983	-0.027166211102237048	-0.001379420014152144	-0.06030127567983512
0.0005262221704118719	-0.061790255801583704	0.030202171004230838	-0.09342359956184176	-0.09145707332716091	-0.035653889442055275	-0.0017538764114974903	-0.07053641720726311
-0.0003475094233928999	-0.05411389965601243	0.018843660284768138	-0.07407668569902004	-0.09513922790105256	-0.03465533904913576	-0.0013170106145945493	-0.06379620205505443
0.0007758597686418067	-0.06291362499361841	0.011916216933886892	-0.001182507015873302	-0.0985717448767145	-0.03902399701815962	-0.002190742208399765	-0.07721422295991465
-0.0008467846198529916	-0.06672059836662525	0.014100545918398932	-0.0021186480092361126	-0.09364140231167273	-0.05032009833806539	-0.0019411046101693863	-0.08389202871256551
0.0005886315699694666	-0.0720253973290117	0.016659331300256097	-0.0014321446141036809	-0.09208116732273552	-0.05319093071770964	-0.0018786952106126797	-0.08657563289353765
-0.0004723282225076453	-0.07339840411927656	-0.035577336129361425	-0.0010576882167585566	-0.08346867018380233	-0.05481357510620399	-0.0016914670119398956	-0.07871204854929403
-0.0008467846198529916	-0.06709505476397015	-0.06472252572270865	-0.002056238609678074	-0.06593162890814819	-0.05350297771549739	-0.0023779704070723273	-0.07103569240372298
0.0004638127708542772	-0.06647096076839532	-0.07745404323243621	-0.0019938292101213673	-0.05182710460815554	-0.05905741427611377	-0.0025651986057446674	-0.07471784697761485
-0.0008467846198529916	-0.05935628921884173	-0.07121310327668762	-0.0021186480092361126	-0.05532203098337507	-0.05986873647036073	-0.002440379806629478	-0.07184701459797038
0.0005262221704118719	-0.06821842395600508	-0.05492424999218293	-0.002056238609678074	-0.07005064927894233	-0.05150587692965747	-0.0025027892061870727	-0.07141014880106766
-0.0006595564211799854	-0.06690782656529803	-0.056734122579350066	-0.001806601011448583	-0.07666604563203605	-0.04925913854558783	-0.0020659234092845757	-0.07346965898646496
0.0005886315699694666	-0.06341290019007828	-0.0634119283320016	-0.001619372812776021	-0.06356007172496336	-0.051131420532312566	-0.0023155610075147326	-0.07190942399752775
-0.0007843752202949528	-0.06765673935998762	-0.061976512142179585	-0.0017441916118909884	-0.05619576257717984	-0.05350297771549739	-0.002190742208399765	-0.06860172582098079
0.0007134503690846561	-0.06297603439317578	-0.06996491528553772	-0.0019314198105637725	-0.056944675371869646	-0.05250442732257721	-0.0023155610075147326	-0.06623016863779663
0.00040140337129757064	-0.06016761141308913	-0.066532398309876	-0.001806601011448583	-0.06212465553514157	-0.05032009833806539	-0.002190742208399765	-0.06635498743691137
-0.0008467846198529916	-0.06066688660954922	-0.0617892839435068	-0.0018690104110061778	-0.06493307851522823	-0.046450715565500955	-0.0020659234092845757	-0.0650443900462041
0.0005886315699694666	-0.06266398739538825	-0.05860640456607502	-0.001806601011448583	-0.06125092394133658	-0.04420397718143132	-0.002253151607957138	-0.06466993364885942
-0.0006595564211799854	-0.05973074561618663	-0.0574206259744825	-0.0014321446141036809	-0.056944675371869646	-0.044079158382316574	-0.0017538764114974903	-0.06323451745903697
0.0006510409695270614	-0.05611100044185213	-0.055860390985545294	-0.0014945540136612756	-0.05519721218425988	-0.04570180277081093	-0.0018786952106126797	-0.05992681928249022
-0.0007219658207378021	-0.0538642620577825	-0.0574206259744825	-0.001619372812776021	-0.051390238811253264	-0.04239410459426418	-0.0020659234092845757	-0.057742490297977955
0.0004638127708542772	-0.052366436468402666	-0.05985459255722447	-0.0012449164154308967	-0.0476456748378038	-0.037276533830550074	-0.0015042388132675555	-0.05430997332231624
-0.0005971470216223906	-0.052304027068845294	-0.05049318262360103	-0.0016817822123336157	-0.047583265438246425	-0.03590352704028521	-0.0021283328088419484	-0.05331142292939606
-0.0004723282225076453	-0.04693681870690147	-0.04550043065900233	-0.0010576882167585566	-0.046272668047539156	-0.0355914800424979	-0.0012546012150373986	-0.05212564433780398
0.00040140337129757064	-0.045813449514866544	-0.0432536922749327	-0.0012449164154308967	-0.045898211650194254	-0.0360283458394004	-0.0017538764114974903	-0.051376731543114174
-0.00053473762206524	-0.043816348729027066	-0.04431465206740981	-0.000995278817201184	-0.04252810407408991	-0.034280882651790634	-0.0012546012150373986	-0.04869312736214204
0.0004638127708542772	-0.04437803332504431	-0.04812162544041665	-0.0013697352145460862	-0.039220405897543165	-0.03184691606904866	-0.0017538764114974903	-0.04551024798471004
-0.0007219658207378021	-0.04425321452592934	-0.04743512204528422	-0.0010576882167585566	-0.0370984863125885	-0.02872644609117425	-0.0010049636168074638	-0.04407483179488825
0.0007758597686418067	-0.04225611374008986	-0.042192732482455586	-0.0006832318194136544	-0.038097036705508236	-0.027166211102237048	-0.0014418294137097387	-0.04320110020108325
-0.0009091940194096981	-0.0400717847555776	-0.03757443691520135	-0.000558413020298909	-0.03684884871435856	-0.027478258100024577	-0.0010049636168074638	-0.04176568401126102
0.0007134503690846561	-0.036639267779915885	-0.03876021550679343	-0.0010576882167585566	-0.033603559937368965	-0.026978982903564486	-0.0013170106145945493	-0.03964376442630635
0.0005262221704118719	-0.03420530119717391	-0.04194309488422543	-0.0006832318194136544	-0.028735626771885014	-0.02454501632082251	-0.0010673730163646145	-0.03745943544179431
-0.0009091940194096981	-0.03476698579319115	-0.03982117529927076	-0.0010576882167585566	-0.027050572983833066	-0.022173459137637908	-0.0015042388132675555	-0.03646088504887457
0.0009006785677574403	-0.03370602600071404	-0.0334554165444072	-0.0002463660225113795	-0.027549848180293157	-0.02017635835179843	-0.0006305072194625616	-0.03521269705772445
-0.0009716034189677369	-0.03208338161221924	-0.030834221762992664	-0.0010576882167585566	-0.030108633562149656	-0.02086286174693064	-0.0013170106145945493	-0.03483824066037977
0.0005262221704118719	-0.030148690225936914	-0.030334946566532794	-0.0006832318194136544	-0.02898526437011517	-0.020925271146488233	-0.0008801448176927185	-0.03290354927409744
-0.0006595564211799854	-0.02939977743124711	-0.030896631162549815	-0.0004960036207413143	-0.02218263981834867	-0.018491304563746036	-0.0006305072194625616	-0.031405723684717834
0.0007134503690846561	-0.029274958632132142	-0.03208240975414234	-0.000995278817201184	-0.0213089082245439	-0.017867210568170977	-0.0012546012150373986	-0.03134331428516024
-0.0009091940194096981	-0.029274958632132142	-0.028712302178037996	-0.0006832318194136544	-0.022307458617463416	-0.016806250775693643	-0.000942554217249425	-0.030594401490470435
-0.00053473762206524	-0.026591354451160232	-0.025841469798393524	-0.0006832318194136544	-0.022931552613038697	-0.015558062784544191	-0.0006305072194625616	-0.02909657590109105
0.0005262221704118719	-0.025530394658682898	-0.025279785202375837	-0.0004960036207413143	-0.0213089082245439	-0.0150587875880841	-0.0006929166190201563	-0.028347663106401244
-0.0006595564211799854	-0.02459425366532053	-0.026028697997065864	-0.0008704600180859945	-0.01868771344312936	-0.014122646594722177	-0.0008177354181351237	-0.027099475115250904
0.0005262221704118719	-0.02409497846886066	-0.026590382593083106	-0.0006208224198565038	-0.016565793858174693	-0.012999277402686804	-0.0008177354181351237	-0.02422864273560643
-0.00053473762206524	-0.02290919987726836	-0.026340744994853615	-0.00037118482162612487	-0.01506796826879464	-0.012250364607997222	-0.0006929166190201563	-0.024540689733394183
0.0005262221704118719	-0.021723421285675837	-0.024593281807243406	-0.0009328694176435892	-0.01581688106348511	-0.011626270612422385	-0.0006929166190201563	-0.02385418633826175
-0.0007219658207378021	-0.021161736689658817	-0.02066148963512182	-0.0002463660225113795	-0.015005558869237934	-0.010128445023042554	-0.0003808696212326268	-0.022543588947554483
0.0007134503690846561	-0.020288005095854045	-0.019350892244414775	-0.000745641218970805	-0.013570142679415031	-0.009566760427025756	-0.0006305072194625616	-0.02198190435153724
0.0005886315699694666	-0.01885258890603203	-0.020536670836006632	-0.0004335942211837196	-0.011448223094460586	-0.00875543823277769	-0.0005056884203473722	-0.020421669362599815
-0.0007843752202949528	-0.017729219713996658	-0.02047426143644948	-0.0013073258149889355	-0.010387263301983474	-0.008131344237202853	-0.000755326018577529	-0.019797575367024978
0.0009630879673143689	-0.017105125718422043	-0.017915476054592316	-0.0013073258149889355	-0.009263894109948989	-0.007507250241628016	-6.4132238879466286e-06	-0.019235890771007735
-0.0008467846198529916	-0.017167535117979194	-0.0169169256616728	-0.0046774333910932775	-0.010636900900213409	-0.007195203243840931	-0.0006305072194625616	-0.01730119938472563
0.0006510409695270614	-0.015045615533024748	-0.01579355646963787	-0.012416198936221257	-0.009763169306408637	-0.006134243451363375	-0.000131232023002692	-0.01567855499623061
-0.0004723282225076453	-0.013797427541874852	-0.015044643674947844	-0.019406051686660097	-0.0063306523307467	-0.005073283658886485	-0.0003808696212326268	-0.015928192594460988
0.0005262221704118719	-0.013922246340990041	-0.01498223427539025	-0.04174861672824082	-0.00383427634844713	-0.0032634110717184583	-0.0003184602216750321	-0.013868682409063693
-0.0006595564211799854	-0.012174783153380275	-0.011736945498401541	-0.029453965015416195	-0.005332101937826739	-0.003825095667736589	-0.0003184602216750321	-0.01430554820596619
-0.00040991882295049464	-0.01111382336090272	-0.01061357630636639	-0.034009851183112394	-0.004832826741366647	-0.002951364073931595	5.5996175670092185e-05	-0.013619044810833758
0.0004638127708542772	-0.012049964354265974	-0.011799354897958247	-0.024086756653471708	-0.005644148935614268	-0.003575458069506432	-0.0003184602216750321	-0.014243138806408151
-0.0007219658207378021	-0.012049964354265974	-0.011861764297515842	-0.025022897646834075	-0.004645598542694751	-0.0030761828730465623	-0.00044327902078977743	-0.013868682409063693
0.0008382691681991794	-0.007993353383028756	-0.007555515728049578	-0.07276608830831299	0.000409562821462206	0.0006059717008455312	0.00024322437434265431	-0.010873031230304031
-0.0005971470216223906	-0.00911672257506324	-0.009178160116543932	-0.04898810707690959	-0.0015251285648203439	-0.0010166726876497112	-0.0003184602216750321	-0.011621944024994058
0.0005262221704118719	-0.009303950773736025	-0.009615025913446207	-0.039564287743729	-0.004395960944464594	-0.0028889546743740002	-0.0003808696212326268	-0.012745313217028986
-0.0008467846198529916	-0.010739366963558261	-0.010800804505038286	-0.01360197752781378	-0.0035222293506598223	-0.002264860678798941	0.0003680431734573997	-0.012246038020568895
0.0010254973668719636	-0.010427319965770732	-0.009053341317429187	-0.04412017391142564	-0.0017747661630498346	-0.0010166726876497112	-0.00044327902078977743	-0.010810621830746436
0.0007134503690846561	-0.008367809780373436	-0.008366837922296755	-0.04262234832204559	-0.0013379003661475597	-0.0005798068907465481	5.5996175670092185e-05	-0.010311346634286567
-0.0005971470216223906	-0.00955358837196596	-0.009677435313003802	-0.01890677649020045	-0.0030229541541999527	-0.001890404281454483	-6.4132238879466286e-06	-0.011372306426764123
0.0005262221704118719	-0.010364910566213137	-0.009989482310791553	-0.01372679632692897	-0.0035222293506598223	-0.00251449827702932	-0.00025605082211743735	-0.01230844742012649
-0.0004723282225076453	-0.010364910566213137	-0.009615025913446207	-0.010855963947284497	-0.0032725917524298875	-0.002077632480126379	0.00011840557522724282	-0.012558085018356646
0.0005262221704118719	-0.01061454816444285	-0.009989482310791553	-0.0071738093733924035	-0.004146323346234659	-0.0024520888774717253	5.5996175670092185e-05	-0.011933991022781809
-0.0005971470216223906	-0.010489729365328326	-0.00942779771477431	-0.004427795792862899	-0.004208732745792254	-0.002951364073931595	-0.0003184602216750321	-0.012433266219241235
0.0004638127708542772	-0.010302501166655542	-0.009677435313003802	-0.004053339395517996	-0.0035222293506598223	-0.00232727007835698	-0.0001936414225602867	-0.011746762824109247
-0.0007219658207378021	-0.00961599777152311	-0.008366837922296755	-0.008609225563214862	-0.002086813160837364	-0.0015159478841093588	-6.4132238879466286e-06	-0.010748212431189286
-0.0007219658207378021	-0.008679856778161188	-0.00830442852273916	-0.011854514340204014	-0.0019619943617226188	-0.0012663102858789799	-0.000131232023002692	-0.010685803031631691
0.00040140337129757064	-0.008492628579488848	-0.008179609723624637	-0.008234769165869738	-0.0022116319599525536	-0.0012039008863216072	-0.0005056884203473722	-0.010498574832959351
-0.0003475094233928999	-0.007556487586126259	-0.007056240531589486	-0.008359587964985371	-0.001088262767917847	-0.00026775989295924063	0.0004304525730145503	-0.009312796241366605
0.0002765845721823812	-0.00724444058833873	-0.006432146536014205	-0.010419098150382	-0.000838625169687468	-0.00020535049340209	-0.0005680978199049669	-0.007253286055969754
-0.0004723282225076453	-0.005496977400729186	-0.004497455149732765	-0.006674534176932534	0.0011584756161517884	0.0016045220937654925	-6.882262344465317e-05	-0.004070406678537752
0.0005886315699694666	-0.0020020510255098767	-0.0009401193749554171	-0.04062524753620633	0.007836281368802878	0.006971730455709535	0.000492861972572145	-0.001449211897123437
-0.00053473762206524	0.00018227795900216393	0.0016186660069017478	-0.008234769165869738	0.003779670397566104	0.003539213480047154	0.0001808149747850596	-0.005068957071457714
0.0006510409695270614	-0.0030630108179867666	0.002180350602918546	-0.06777333634371363	0.00814832836659063	0.00728377745349662	-6.882262344465317e-05	-0.0008875273011057505
0.0009006785677574403	0.0011184189523647525	0.002804444598493605	-0.0549170000348711	0.008585194163493348	0.007533415051726333	0.0006800901712449292	-0.00045066150420325357
-0.0008467846198529916	-0.0011283194317051048	-0.0001912065802658347	-0.028018548825593292	0.005714361783848876	0.004974629669869612	-0.000131232023002692	-0.0030094468860608625
0.0007758597686418067	-0.0011907288312622555	-3.978381593494618e-06	-0.02726963603090371	0.005901589982521438	0.004974629669869612	0.0003680431734573997	-0.002884628086945673
-0.0007843752202949528	-0.0016275946281651965	-0.0006280723771683316	-0.01809545429595283	0.004965448989158627	0.004350535674294331	-6.4132238879466286e-06	-0.0036959502811932943
0.0009006785677574403	-0.0018772322263946872	-0.0003160253793808021	-0.006424896578702599	0.004903039589601255	0.004350535674294331	-6.882262344465317e-05	-0.00350872208252051
-0.0007843752202949528	-0.0017524134272799419	-0.0002536159798232074	-0.00973259475524979	0.005027858388716222	0.0047249920716399	0.0001808149747850596	-0.0032590844842905753
0.0007134503690846561	-0.0011907288312622555	-6.638778115064525e-05	-0.00892127256100217	0.00484063019004366	0.0047249920716399	0.0005552713721297398	-0.003071856285618235
-0.0004723282225076453	-0.0020020510255098767	0.00012084041752169483	-0.016660038106130592	0.0057767711834062485	0.0047249920716399	-6.882262344465317e-05	-0.0035711314820776607
-0.0006595564211799854	-0.0013779570299348176	5.843101796410011e-05	-0.010543916949496968	0.005527133585176092	0.005099448468984358	0.00011840557522724282	-0.0028222186873880784
0.0007758597686418067	0.0003070967581173534	0.001743484806016049	-0.025896629240638847	0.007212187373228485	0.006722092857479156	0.000492861972572145	-0.0008875273011057505
-0.00053473762206524	-0.0001921784383427383	0.0009321626117688719	-0.007797903368967685	0.006276046379866118	0.005598723665444227	0.0004304525730145503	-0.0016988494953538158
0.0005886315699694666	-0.0006290442352452352	0.000682525013538493	-0.009607775956134157	0.005901589982521438	0.005224267268099547	0.00011840557522724282	-0.002073305892698496
-0.0005971470216223906	-0.0005042254361300458	0.0006201156139817865	-0.0157863065123256	0.005901589982521438	0.005411495466771887	0.0005552713721297398	-0.0036335408816356995
0.0009630879673143689	-0.0017524134272799419	-0.0005656629776102928	-0.006986581174719619	0.001033656817037265	0.0012300656964199241	-0.0001936414225602867	-0.006067507464377675
-0.0008467846198529916	-0.0049352928047115	-0.0037485423550422947	-0.005738393183570167	0.0012832944152669779	0.0009804280981902114	5.5996175670092185e-05	-0.006566782660837767
0.0006510409695270614	-0.004810474005596754	-0.003436495357254765	-0.005800802583127762	0.0011584756161517884	0.001666931493322421	-6.882262344465317e-05	-0.006067507464377675
0.0009006785677574403	-0.004685655206482009	-0.003062038959910307	-0.00311719840215563	0.0018449790112842201	0.0019165690915528	0.0005552713721297398	-0.006129916863935048
-0.0008467846198529916	-0.004872883405154349	-0.0038109517545998894	-0.004490205192420493	0.0010960662165941937	0.001666931493322421	-0.0001936414225602867	-0.006129916863935048
0.0005262221704118719	-0.0045608364073668195	-0.003498904756812804	-0.004427795792862899	0.0017201602121692527	0.0017293408928800158	-6.882262344465317e-05	-0.006067507464377675
-0.0004723282225076453	-0.004061561210906728	-0.0029996295603527123	-0.0048646615897653955	0.002469073006858835	0.002353434888455075	0.0004304525730145503	-0.005256185270130054
0.0006510409695270614	-0.004186380010021917	-0.0029996295603527123	-0.005675983784012795	0.0022194354086293444	0.0021662066897822907	-0.0001936414225602867	-0.005505822868360211
-0.0008467846198529916	-0.004061561210906728	-0.003062038959910307	-0.007860312768524835	0.0026563012055318413	0.0028527100849147224	0.0003680431734573997	-0.004632091274554995
0.0008382691681991794	-0.003562286014446636	-0.00243794496433547	-0.004802252190208023	0.0027811200046465867	0.0026654818862423824	0.00024322437434265431	-0.0046945006741130335
-0.0005971470216223906	-0.003624695414004231	-0.0021258979665479405	-0.01628558170878569	0.0034676233997790185	0.002915119484472317	-0.0001936414225602867	-0.0046945006741130335
-0.00053473762206524	-0.0018772322263946872	-0.0008777099753982665	-0.025272535245064454	0.00484063019004366	0.004288126274737625	0.00030563377389980495	-0.0029470374865030458
0.0008382691681991794	-0.002813373219757054	-0.0016266227700878488	-0.007922722168081986	0.0037172609980093974	0.0032895758818174414	0.000492861972572145	-0.0038207690803080396
-0.0007219658207378021	-0.003437467215332335	-0.002687582562565405	-0.0021186480092361126	0.002718710605089436	0.002540663087127415	-6.4132238879466286e-06	-0.004569681874997844
0.0007134503690846561	-0.00337505781577474	-0.0027499919621227775	-0.0015569634132184262	0.0028435294042041814	0.002790300685357572	0.0001808149747850596	-0.004320044276768131
-0.0004723282225076453	-0.00337505781577474	-0.0027499919621227775	-0.0009328694176435892	0.0030307576028769656	0.002977528884029912	-6.4132238879466286e-06	-0.004507272475440471
0.00040140337129757064	-0.003437467215332335	-0.00262517316300781	-0.006736943576490129	0.003530032799336613	0.0031023476831451013	0.00011840557522724282	-0.004195225477652942
-0.0005971470216223906	-0.0030630108179867666	-0.0018762603683180057	-0.003866111196845212	0.0030931670024341162	0.002915119484472317	0.0001808149747850596	-0.004195225477652942
0.0005886315699694666	-0.0030630108179867666	-0.0006280723771683316	-0.015099803117193611	0.0042789455940261956	0.003976079276949429	0.0003680431734573997	-0.003071856285618235
0.0005262221704118719	-0.002126869824624844	-0.0011273475736282013	-0.01347715872869859	0.003966898596238444	0.0034768040804900036	5.5996175670092185e-05	-0.0032590844842905753
-0.0007843752202949528	-0.002189279224182439	-0.0013769851718583581	-0.010481507549939373	0.004029307995796039	0.003539213480047154	-6.882262344465317e-05	-0.00332149388384817
0.0007134503690846561	-0.0018148228268375366	-0.0013145757723007634	-0.008234769165869738	0.004403764393141385	0.003601622879605193	0.00030563377389980495	-0.00350872208252051
-0.0005971470216223906	-0.002376507422854779	-0.0013769851718583581	-0.003928520596403251	0.004154126794911228	0.0036640322791623436	0.00030563377389980495	-0.00350872208252051
0.0005262221704118719	-0.0024389168224123736	-0.0013769851718583581	-0.0029923796030408845	0.0037172609980093974	0.003351985281374814	0.0001808149747850596	-0.0033839032834057647
-0.0005971470216223906	-0.002189279224182439	-0.0011273475736282013	-0.0023058762079084527	0.0039044891966812934	0.0037264416787199384	0.0001808149747850596	-0.0033839032834057647
0.0006510409695270614	-0.002314098023297184	-0.0010025287745130118	-0.004989480388880585	0.0042789455940261956	0.0038512604778346837	0.00024322437434265431	-0.0030094468860608625
-0.0005971470216223906	-0.0020020510255098767	-0.0011273475736282013	-0.003741292397730467	0.0040917173953540775	0.003351985281374814	5.5996175670092185e-05	-0.0033839032834057647
-0.0005971470216223906	-0.0018148228268375366	-0.0010025287745130118	-0.0014945540136612756	0.0042789455940261956	0.0036640322791623436	0.00030563377389980495	-0.0027598092878304836
0.0005886315699694666	-0.0018772322263946872	-0.0010025287745130118	-0.002867560803926139	0.0040917173953540775	0.0032895758818174414	5.5996175670092185e-05	-0.0031966750847334247
-0.0006595564211799854	-0.0018148228268375366	-0.0008777099753982665	-0.002680332605253355	0.0040917173953540775	0.003601622879605193	0.00024322437434265431	-0.0029470374865030458
0.0007134503690846561	-0.0018148228268375366	-0.0008153005758406717	-0.003054789002598035	0.004154126794911228	0.003601622879605193	0.0001808149747850596	-0.002447762290042954
-0.0003475094233928999	-0.0014403664294924123	-0.0001912065802658347	-0.00311719840215563	0.00484063019004366	0.004163307475622213	-0.0003184602216750321	-0.0034463126829629154
0.00021417517262500851	-0.0022516886237400335	-0.0009401193749554171	-0.0032420172012705972	0.0045285831922565745	0.0038512604778346837	0.0003680431734573997	-0.0025725810891585876
-0.0004723282225076453	-0.0013779570299348176	-3.978381593494618e-06	-0.002430695007023198	0.004154126794911228	0.0037264416787199384	5.5996175670092185e-05	-0.0026349904887157383
0.0007134503690846561	-0.001315547630377445	-0.0001912065802658347	-0.0018690104110061778	0.004778220790486065	0.004163307475622213	0.0005552713721297398	-0.0021357152922556466
0.00040140337129757064	-0.0017524134272799419	-0.0008777099753982665	-0.002867560803926139	0.0040917173953540775	0.0032271664822598467	-0.00025605082211743735	-0.00313426568517583
-0.0006595564211799854	-0.0014403664294924123	-0.0005032535780535863	-0.0017441916118909884	0.004403764393141385	0.0037264416787199384	5.5996175670092185e-05	-0.0026349904887157383
0.0008382691681991794	-0.0011907288312622555	0.0002456592166368843	-0.0008080506185292879	0.00484063019004366	0.004038488676507024	0.0006176807716873345	-0.0023229434909284308
-0.0008467846198529916	-0.0016275946281651965	-0.0003160253793808021	-0.0017441916118909884	0.0038420797971236986	0.003414394680932409	-6.882262344465317e-05	-0.0030094468860608625
0.0005262221704118719	-0.0015651852286071577	-0.0001912065802658347	-0.0023058762079084527	0.0039044891966812934	0.003351985281374814	5.5996175670092185e-05	-0.002510171689600993
-0.0006595564211799854	-0.001315547630377445	-0.0002536159798232074	-0.0011200976163165954	0.00484063019004366	0.003976079276949429	0.0006176807716873345	-0.002073305892698496
0.0008382691681991794	-0.0009410912330323207	0.00018324981707884547	-0.0015569634132184262	0.004403764393141385	0.0034768040804900036	5.5996175670092185e-05	-0.002510171689600993
-0.0006595564211799854	-0.0011907288312622555	0.0005577062144241918	-0.001806601011448583	0.00484063019004366	0.004038488676507024	0.000492861972572145	-0.0020108964931409012
-0.0005971470216223906	-0.0008162724339175753	0.0006201156139817865	-0.004115748795075591	0.00465340199137132	0.004038488676507024	0.0001808149747850596	-0.0019484870935833065
0.0004638127708542772	-0.0010035006325899154	0.00037047801575118555	-0.003990929995960846	0.004466173792698536	0.0038512604778346837	0.00011840557522724282	-0.0021981246918132413
-0.00053473762206524	-0.00069145363480283	0.0006201156139817865	-0.0046774333910932775	0.004903039589601255	0.004288126274737625	0.00024322437434265431	-0.0016988494953538158
0.0005886315699694666	-0.0004418160365726731	0.0008697532122112772	-0.006799352976047723	0.005277495986946157	0.004350535674294331	0.00024322437434265431	-0.0013868024975660642
-0.0005971470216223906	-0.00031699723745792774	0.0012442096095564015	-0.005488755585340455	0.005277495986946157	0.0045377638729671155	0.00024322437434265431	-0.0018860776940257118
0.0005886315699694666	-0.0003794066370146343	0.0011818002099988067	-0.00530152738666767	0.004965448989158627	0.004412945073851926	0.0001808149747850596	-0.0013868024975660642
-0.0006595564211799854	-0.0001921784383427383	0.0010569814108840614	-0.0046774333910932775	0.005339905386503752	0.004662582672082305	0.0005552713721297398	-0.0011995742988937241
0.0008382691681991794	-0.00012976903878514356	0.0007449344130969759	-0.005176708587552925	0.005402314786061346	0.004412945073851926	0.00030563377389980495	-0.0013868024975660642
0.0006510409695270614	-0.0005042254361300458	0.0008073438126541266	-0.004427795792862899	0.005090267788273817	0.004038488676507024	5.5996175670092185e-05	-0.0018236682944685612
-0.00040991882295049464	5.745915988764061e-05	0.001743484806016049	-0.00511429918799533	0.005714361783848876	0.004974629669869612	0.0006800901712449292	-0.000825117901549044
0.00033899397173953183	-0.0004418160365726731	0.0010569814108840614	-0.008234769165869738	0.0047158113909289145	0.003976079276949429	-0.00025605082211743735	-0.0018860776940257118
-0.0004723282225076453	-0.00012976903878514356	0.0014314378082291856	-0.005176708587552925	0.005277495986946157	0.0047249920716399	0.0004304525730145503	-0.001449211897123437
0.0006510409695270614	-0.000254587837900333	0.0009321626117688719	-0.00511429918799533	0.005090267788273817	0.004225716875179586	0.0006176807716873345	-0.000575480303318443
-0.0004723282225076453	0.00018227795900216393	0.0014938472077865583	-0.005488755585340455	0.004965448989158627	0.004038488676507024	-0.000131232023002692	-0.0016988494953538158
0.00040140337129757064	-0.0003794066370146343	0.000682525013538493	-0.0071738093733924035	0.005651952384290837	0.0047249920716399	0.0003680431734573997	-0.0007627085019910051
-0.00053473762206524	0.00011986855944479125	0.0014314378082291856	-0.008609225563214862	0.005402314786061346	0.004662582672082305	0.00011840557522724282	-0.0009499367006633452
-0.00053473762206524	-4.950239669954115e-06	0.0014938472077865583	-0.005675983784012795	0.005651952384290837	0.004849810870754423	0.0004304525730145503	-0.0008875273011057505
0.0005886315699694666	-0.00031699723745792774	0.0011818002099988067	-0.004178158194633186	0.005090267788273817	0.004350535674294331	0.0001808149747850596	-0.0012619836984508748
