Sensor_1	Sensor_2	Sensor_3	Sensor_4	Sensor_5	Sensor_6	Sensor_7	Sensor_8
-0.0002881317158769381	-0.0003953666666665079	5.8586823834971824e-05	-0.0003662121156631226	-0.0004107505836570269	-0.00021173949034847261	-0.00031535157549389403	-0.0007923278934918176
0.0003359622796976769	-2.09102693222718e-05	0.00018340562294971718	7.065368123937432e-05	2.611521324547006e-05	0.00010030750743861283	0.00012151422140838086	0.00026863189898529427
-0.000537769314107539	-0.0004577760662241026	-6.623197528021763e-05	-0.00042862151522027325	-0.0004731599832146216	-0.0003989676890208127	-0.00031535157549389403	-0.0007923278934918176
-3.849411764744737e-05	-0.0002705478675517625	-6.623197528021763e-05	-0.00011657451743340985	-3.6294186312124666e-05	-0.00021173949034847261	-3.304577706808587e-06	8.140370031295419e-05
-0.0008498163118946245	-0.0004577760662241026	-0.00025346017395277975	-0.0005534403143359068	-0.0005355693827722163	-0.0005861958876938189	-0.0004401703746090835	-0.0007923278934918176
8.632468146774208e-05	-0.0002081384679941678	5.8586823834971824e-05	-5.416511787581513e-05	8.852461280306478e-05	-0.00021173949034847261	0.0002463330205231262	8.140370031295419e-05
-0.0008498163118946245	-0.0004577760662241026	-0.00025346017395277975	-0.0005534403143359068	-0.0004731599832146216	-0.0005861958876938189	-0.00037776097505193285	-0.0006675090943766282
0.00027355288014008217	-2.09102693222718e-05	5.8586823834971824e-05	8.244281681779597e-06	8.852461280306478e-05	-2.451129167613253e-05	0.0003087424200804989	0.0003934506981004837
2.3915281910147357e-05	0.0003535461280230745	0.0004330432211792079	0.0002578818799117144	0.0002757528114749608	0.000287535706111397	0.00043356121919568835	-0.00016823389791720267
0.0001487340810253368	4.149913023576701e-05	-6.623197528021763e-05	0.00013306308079696905	8.852461280306478e-05	-8.692069123372725e-05	0.0002463330205231262	0.000331041298542889
-0.0004753599145495002	-0.0002081384679941678	-6.623197528021763e-05	-0.00030380271610574994	-0.0002859317845422815	-0.00021173949034847261	-3.304577706808587e-06	-0.0006050996948194776
-0.0010370445105669646	-0.0002705478675517625	-0.0009399635690852115	-0.00024139331654771112	-0.0003483411841000983	-0.0006486052872509696	-0.00012812337682110986	0.00020622249942769955
-0.00578015887693617	-0.0008946418631270436	-0.003373930151827187	-0.001739218905927764	-0.0020333949721522693	-0.0023960684748609573	-0.002250042961776444	-0.00035546209658954275
-0.007902078461890616	-0.0010818700617989396	-0.005058983939879136	-0.0020512659037155156	-0.0024702607690541	-0.003082571869992945	-0.003248593354696405	0.00045586009765807844
-0.008713400656137793	-0.001206688860914129	-0.00543344033722426	-0.0025505411001753853	-0.002719898367284257	-0.0030201624704353502	-0.003872687350270798	-0.0002930526970323921
-0.00927508525215548	-0.0013315076600293185	-0.005807896734569162	-0.0021136753032731104	-0.0026574889677268843	-0.002458477874418552	-0.004371962546731112	0.000331041298542889
-0.009087857053483361	-0.001643554657816626	-0.0055582591363392275	-0.00280017869840532	-0.0027823077668418517	-0.0027081154726480428	-0.005370512939650851	-0.0006675090943766282
-0.007215575066758628	-0.0011442794613565344	-0.004185252346074808	-0.0019264471046003262	-0.0018461667734797071	-0.001397518081940996	-0.005120875341420694	0.0003934506981004837
-0.007527622064545936	-0.0009570512626841943	-0.00274983615625235	-0.001115124910352927	-0.0021582137712670146	-0.000773424086366159	-0.005557741138323191	-0.0004178714961471375
-0.004594380285343869	-0.0007698230640114101	-0.0009399635690852115	-0.0013023531090254892	-0.0013468915770198375	-0.0017095650797280815	-0.005308103540093256	0.00026863189898529427
-0.0016611385061418016	-0.0006450042648966647	0.0011195466163120837	-0.0013023531090254892	-0.0007852069810025952	-0.0015223368810552973	-0.004933647142748354	-0.0005426902952614387
-0.0014115009079123109	-8.331966887897835e-05	0.0021805064087891957	0.0006947476768142113	-0.0007227975814445564	-0.00021173949034847261	-0.0042471437476163665	0.0005182694972152291
-0.0007874069123370298	-8.331966887897835e-05	0.0024925534065769472	-0.0004910309147783121	-0.0004107505836570269	-0.0011478804837108392	-0.004309553147173073	-0.0002930526970323921
0.0008352374761573245	4.149913023576701e-05	0.0018684594110021102	-0.0007406685130078028	0.0003381622110321114	-0.0008358334859233096	-0.003872687350270798	0.0005182694972152291
-0.0006001787136642456	-8.331966887897835e-05	0.001057137216754489	0.0007571570763718061	-0.0003483411841000983	0.0020349988937211627	-0.002624499359121124	-0.0004178714961471375
0.004579801449607013	0.000665593125810604	0.0018060500114440714	0.0005075194781414272	0.001711169001297419	0.0041569184786753866	0.0003711518196385377	0.00045586009765807844
0.006576902235446935	0.0007904119249257935	0.0016812312123297701	0.0013188416723890484	0.002335262996871812	0.00584197226672778	0.002430662005035611	-0.0004178714961471375
0.0075754526283666745	0.0012272777218278463	0.002991828603036817	0.0017557074692917674	0.0037706791866947142	0.007714254253452735	0.004427762790874867	0.0003934506981004837
-0.0006625881132218403	0.001102458922713101	0.0032414662012669737	0.005125815045396109	0.0005253904097046735	0.004281737277790354	0.00611281657892726	-0.0004802808957047322
0.016375177965971766	0.001289687121384997	0.0030542380025944116	-0.006419923872739819	0.006267055168994284	-0.0044555786602580305	0.009482924155031602	0.0003934506981004837
0.007949909025711355	0.0009152307240405388	0.003179056801709379	0.00731014402990815	-0.0007227975814445564	-0.00027414888990651143	0.01478772311741805	-0.0004802808957047322
0.0031443852597845545	0.0009152307240405388	0.0021805064087891957	0.0055002714427405675	-0.0015965291752493282	-0.012007116006714114	0.018157830693522836	0.00026863189898529427
0.013441936186770587	0.0002287273289081071	0.00436483539330168	-0.002612950499732536	0.002148034798199916	-0.02511308991378658	0.017970602494850052	-0.0006050996948194776
0.010196647409780546	0.0005407743266954146	-0.0021881515602351076	0.00013306308079696905	0.001898397199969759	-0.020432384946974524	0.015349407713435292	0.0003934506981004837
0.007887499626154204	0.00010390852979291765	-0.004185252346074808	-0.0012399437094678945	2.611521324547006e-05	-0.0036442564660104093	0.011916890737773578	-0.0004178714961471375
-0.012707602227816972	0.00047836492713781986	-0.00543344033722426	0.009931338811322243	-0.0012844821774617987	0.011021952429999038	0.011854481338215983	0.00045586009765807844
0.003269204058899744	-0.0002081384679941678	-0.0034363395513847816	-0.004859688883802615	0.0030217663920046878	-0.004205941062027652	0.006861729373617287	-0.0005426902952614387
0.002021016067749848	0.0002287273289081071	-0.0030618831540394353	-0.002987406897077438	-0.0034688111619742834	-0.004580397459372998	0.00592558838025492	0.00045586009765807844
0.001396922072175455	-0.00033295726710935725	-0.003748386549172311	-0.0014271719081402345	-0.0030319453650722306	0.00783907305256748	0.004864628587777142	-0.0006675090943766282
-0.0002881317158769381	0.0002287273289081071	-0.0015640575646602706	0.0017557074692917674	-0.0004107505836570269	0.011396408827344384	0.002181024406805232	0.0003934506981004837
-0.0015363197070270562	-0.0002705478675517625	-0.0005030977721827146	0.0010067946746012968	0.0017735784008550137	0.0009116297016857899	-0.0035606403524839347	-0.0005426902952614387
0.0018961972686348805	-0.0002081384679941678	0.0016188218127721754	-0.004485232486457491	0.001087075005723026	-0.0031449812695505397	-0.005308103540093256	1.899430075535946e-05
-0.007090756267643439	-0.0002705478675517625	0.0015564124132145807	0.00219257326619382	-0.0013468915770198375	0.00284632108796834	-0.0029989557564660263	-0.0007299184939342229
0.0031443852597845545	4.149913023576701e-05	0.0041151977950713015	-0.00011657451743340985	0.0030841757915622825	-0.0050796726558324234	-0.0029989557564660263	0.00026863189898529427
0.0003359622796976769	-0.0002081384679941678	0.004052788395514373	0.0006947476768142113	0.002085625398642099	-0.012756028801403696	-0.0038102779507132034	-0.0004178714961471375
-0.001161863309681932	-0.00014572906843657307	0.00311664740215134	-0.004610051285572236	0.0007750280079350524	-0.009510740024414543	-0.002811727557793464	0.000331041298542889
-0.006341843472952968	4.149913023576701e-05	0.002118097009231601	0.00013306308079696905	-0.0039056769588770024	0.0015981330968186658	-0.0002529421759367434	-0.00035546209658954275
-0.0015363197070270562	4.149913023576701e-05	0.0026797816052492873	0.00044511007858427654	-9.870358586971939e-05	-2.451129167613253e-05	-6.571397726440331e-05	0.0003934506981004837
-0.00022572231632023154	-2.09102693222718e-05	0.003803150797283772	-0.002176084702830261	0.00015093401235977133	-0.011195793812466492	-0.0016883583657587575	-0.0002306432974747974
0.0017089690699629845	4.149913023576701e-05	0.0009947278171968943	-0.004173185488670184	0.00046298101014730086	-0.010509290417334505	-0.00037776097505193285	0.000331041298542889
-0.001785957305256991	0.00010390852979291765	-0.0005655071717403093	0.0021301638666362255	-0.001222072777904648	-0.002208840276188173	0.0025554808041503563	-0.00016823389791720267
-0.00016331291676174864	0.0002287273289081071	-0.0016264669642174212	0.004252083451590893	0.0023976723964298507	-0.0034570282673385133	0.0033668029983975334	0.0007054976958877912
-0.006404252872510563	-0.0005201854657821414	-0.002687426756694755	-5.416511787581513e-05	0.0015863502021826736	-0.012381572404059016	-0.00031535157549389403	1.899430075535946e-05
-0.009337494651713074	-0.0010818700617989396	-0.004809346341649201	-0.004360413687342524	-0.002345441969939799	-0.011320612611581682	-0.00037776097505193285	0.0003934506981004837
-0.01046086384374778	-0.0015811452582590313	-0.005308621538109515	-0.003861138490883098	-0.006090005943389043	-0.003082571869992945	0.001744158609902735	-0.0005426902952614387
-0.006903528068970655	-0.001206688860914129	-0.005995124933241502	-0.0020512659037155156	-0.004342542755779499	-0.0019592026779584604	0.001744158609902735	0.000331041298542889
-0.0003505411154345328	-0.001456326459144286	-0.005995124933241502	-0.0033618632944225624	-0.0011596633783474974	-0.0027081154726480428	-0.005869788136110277	-0.0004178714961471375
-0.01027363564507544	-0.0010818700617989396	-0.006744037727931529	-0.0021136753032731104	-0.0009100257801168965	0.008962442244601965	-0.0027493181582363135	0.0003934506981004837
-0.01195868943312739	-0.0008946418631270436	-0.008678729114213413	-0.005046917082474955	-0.011082757907988183	0.014080013008316739	0.0028675278019376638	-0.0002930526970323921
-0.00309655469596426	-0.0002705478675517625	-0.005121393339436731	-0.00280017869840532	-0.004404952155336206	0.003220777485313464	0.005051856786449926	0.0005806788967728238
0.0048294390478369476	-0.0006450042648966647	-0.0036235677500571217	0.0023173920653090097	0.0031465851911198772	-0.01263121000228895	0.0014321116121156496	-0.0004178714961471375
0.004330163851376856	0.0002287273289081071	-0.0016264669642174212	-0.0003662121156631226	0.004956457778287016	-0.010758928015564218	0.001556930411230839	0.0007679070954453859
-0.005967387075608732	-8.331966887897835e-05	-0.003810795948729462	0.00450172104982105	-0.0007227975814445564	0.002971139887083085	0.0052390849851224885	-0.00016823389791720267
8.632468146774208e-05	4.149913023576701e-05	-0.0026250173571376045	0.0014436604715042378	-0.0015965291752493282	0.003408005683985582	0.007173776371403928	0.0005182694972152291
0.0025827006637673122	-0.0002081384679941678	-0.0003782789730675251	-0.005109326482031884	0.00040057161059015023	-0.0023336590753033626	0.003429212397955128	-0.0005426902952614387
0.001396922072175455	0.0007280025253681988	0.0035535131990545032	-0.0024257223010597517	0.0005877998092629344	0.004032099679560641	0.004490172190432018	0.0003934506981004837
0.00308197586022696	0.0010400495231555063	0.005300976386663603	0.0014436604715042378	-0.000597978782329811	0.007027750858320303	0.006674501174944503	-0.0002930526970323921
0.012068929396505723	0.0010400495231555063	0.00592507038223844	0.003066304859998592	0.003396222789349368	-0.002645706073090448	0.005987997779811627	0.00020622249942769955
0.015251808773937281	0.001102458922713101	0.0070484395742733685	0.003690398855572985	0.007577652559701331	-0.009385921225299354	0.0033668029983975334	-0.00035546209658954275
0.0075754526283666745	0.0014145059205006305	0.007797352368963173	0.004564130449378645	0.0047692295796142314	-0.0034570282673385133	0.0033043935988399387	0.0005182694972152291
0.0027075194628825017	0.0009152307240405388	0.005987479781796035	0.003752808255131468	0.00040057161059015023	0.00303354928664068	0.003928487594414776	-0.0004802808957047322
0.009385325215533369	0.0010400495231555063	0.005488204585336165	-0.00017898391699100458	0.001898397199969759	0.0015981330968186658	0.0033043935988399387	0.0005182694972152291
0.0069513586327918375	0.0006031837262530093	0.0045520635919740204	-0.003049816296635033	0.001087075005723026	0.0012236766994735415	0.000932836415655558	-0.0005426902952614387
-0.003034145296406665	0.000665593125810604	0.0026173722056912485	-0.0014271719081402345	-0.0009100257801168965	0.005405106469825505	-0.00012812337682110986	0.00045586009765807844
-0.0035334204928665347	4.149913023576701e-05	0.000869909018082371	0.0006947476768142113	-0.0012844821774617987	0.004344146677348393	0.0002463330205231262	-0.0004178714961471375
0.0052663048447394445	0.0003535461280230745	0.00030822442206490663	0.0015060698710613885	0.002085625398642099	-0.0023960684748609573	0.0006207894178680284	0.00045586009765807844
0.004080526253146921	-0.0002705478675517625	-0.0007527353704126494	-0.0003662121156631226	0.001960806599527354	-0.0057037666514072605	-0.0010018549706267699	-0.0007299184939342229
-0.0017235479056993963	-2.09102693222718e-05	-0.0003158695735099304	0.0009443852750441462	-0.00016111298542731411	-8.692069123372725e-05	0.00043356121919568835	0.00020622249942769955
-0.002659688899061541	-8.331966887897835e-05	-0.0006903259708550546	0.0013188416723890484	-0.0017837573739218904	0.001972589494163568	0.001993796208132892	-0.0005426902952614387
0.004454982650491823	0.00010390852979291765	-0.0006903259708550546	-0.001364762508583084	0.0005877998092629344	-0.0023960684748609573	0.0024930714045923175	0.000331041298542889
0.0024578818646521228	-2.09102693222718e-05	-0.0008775541695278388	-0.0023009035019454505	0.00015093401235977133	-0.0034570282673385133	0.0018065680094601078	-0.0004178714961471375
-0.0015987291065842069	0.0003535461280230745	-0.0006279165712974599	0.0005699288776990219	-0.0003483411841000983	0.0010988579003587962	0.003678849996185285	0.0003934506981004837
-0.002160413702601449	-0.00014572906843657307	-0.002312970359349409	0.0010692040741588915	-0.000597978782329811	0.000287535706111397	0.003928487594414776	-0.0004802808957047322
0.004392573250934673	0.00016631792935029033	-0.0024377891584648204	8.244281681779597e-06	0.002085625398642099	-0.00208402147707365	0.00399089699397237	0.00045586009765807844
0.00021114348058293153	-0.0002705478675517625	-0.00312429255359703	-0.0014271719081402345	0.00021334341191736605	0.000287535706111397	0.002430662005035611	-0.0004802808957047322
-0.0031589640955214104	0.0002911367284657018	-0.00256260795758001	-0.00017898391699100458	-0.0010972539787894586	0.006778113260089924	0.0035540311970703176	0.0006430882963304185
-0.001973185503929109	-8.331966887897835e-05	-0.00274983615625235	0.00013306308079696905	-0.0014717103761345829	0.006778113260089924	0.0033043935988399387	-0.0005426902952614387
0.0027699288624398744	-0.0002081384679941678	-0.0022505609597922582	-0.0008030779125653975	0.0007126186083774577	0.0018477706950486006	0.002181024406805232	0.0001438130998705489
0.0003983716792552716	-0.0002705478675517625	-0.0010023729686428062	-0.0013023531090254892	0.0002757528114749608	3.7898107881462195e-05	0.0011824740138857148	-0.0006675090943766282
-0.0024724607003889787	4.149913023576701e-05	5.8586823834971824e-05	0.0012564322728316757	-0.0005355693827722163	0.0012860860990311362	0.002368252605478016	0.00026863189898529427
-0.0003505411154345328	-0.00014572906843657307	0.00030822442206490663	0.0006323382772570607	-0.00016111298542731411	-0.0027705248722056375	0.0020562056076904867	-0.0005426902952614387
0.002208244266422632	-0.0002705478675517625	-0.00025346017395277975	-0.0016768095063706134	0.0010246656061649873	-0.007326411039902503	0.00043356121919568835	0.000331041298542889
-0.0075900314641035305	-0.001206688860914129	-0.0026250173571376045	-0.003049816296635033	-0.0024078513694969494	-0.006577498245212476	-0.002624499359121124	-0.0004802808957047322
-0.011646642435340304	-0.0011442794613565344	-0.0029994737544818406	-0.0023009035019454505	-0.004092905157548898	-0.0030201624704353502	-0.0023748617608916334	0.000331041298542889
-0.009399904051270669	-0.0015811452582590313	-0.004185252346074808	-0.004173185488670184	-0.003968086358434153	-0.004767625658045338	-0.003311002754253556	-0.0005426902952614387
-0.006217024673838667	-0.0013315076600293185	-0.004559708743419044	-0.004298004287784929	-0.002532670168611695	-0.005953404249637639	-0.004122324948501177	0.00020622249942769955
-0.009087857053483361	-0.0015187358587014366	-0.004559708743419044	-0.0034866820935373077	-0.0034064017624166887	-0.003893894064240122	-0.004621600144961269	-0.0006050996948194776
-0.008838219455252982	-0.0012690982604712797	-0.003748386549172311	-0.0010527155107953323	-0.0028447171663994464	-0.002271249675746212	-0.003997506149385988	0.0001438130998705489
-0.004656789684901019	-0.0011442794613565344	-0.0032491113527122195	-0.00042862151522027325	-0.0010972539787894586	-0.004143531662470501	-0.004184734348058772	-0.0004802808957047322
-0.001161863309681932	-0.0008946418631270436	-0.0013144199664298917	-0.0009903061112381817	0.00015093401235977133	-0.004705216258487743	-0.004371962546731112	1.899430075535946e-05
-0.0034086016937517893	-0.0006450042648966647	0.0004954526207372467	-0.0006782591134506522	-0.00084761638056019	-0.0011478804837108392	-0.003685459151598458	-0.0006050996948194776
-0.0037830580910962475	-0.0002081384679941678	0.0020556876096744503	0.0002578818799117144	-0.0014093009765769882	0.0011612672999163909	-0.0023748617608916334	0.00026863189898529427
-0.0006001787136642456	-0.0004577760662241026	0.002305325207904163	-0.0019264471046003262	-0.0007227975814445564	-0.001397518081940996	-0.002686908758678719	-0.0006050996948194776
0.0012721032730598214	-0.0002705478675517625	0.002929419203479222	-0.002176084702830261	2.611521324547006e-05	-0.0023960684748609573	-0.0025620899595639735	0.00020622249942769955
-0.0004753599145495002	-8.331966887897835e-05	0.0037407413977263992	-0.0004910309147783121	-0.0005355693827722163	0.00016271690699620756	-0.0012514925688567047	-0.0004802808957047322
0.004579801449607013	0.0007904119249257935	0.005425795185778792	0.0015684792706189832	0.0015239408026246348	0.0014733142977034763	0.0016817492103455844	0.00026863189898529427
0.008948459418631316	0.00047836492713781986	0.005300976386663603	0.0012564322728316757	0.0028969475928897204	3.7898107881462195e-05	0.0022434338063628267	-0.0007923278934918176
0.009572553414206153	0.0009776401235979115	0.005238566987106452	0.0015684792706189832	0.0034586321889069627	0.0012860860990311362	0.003054756000610448	0.0001438130998705489
0.006888949233234243	0.0010400495231555063	0.005425795185778792	0.0023173920653090097	0.002335262996871812	0.004219327878232981	0.00411571579308756	-0.0005426902952614387
0.00819954662394129	0.001289687121384997	0.005113748187991263	0.0031287142595561868	0.0028969475928897204	0.005093059472037975	0.0052390849851224885	0.00020622249942769955
0.008636412420843786	0.0005407743266954146	0.0037407413977263992	0.0010067946746012968	0.002522491195544596	0.0023470458915086923	0.003678849996185285	-0.0007299184939342229
0.006701721034561681	0.000665593125810604	0.003366285000381719	0.0011316134737164862	0.0022104441977575107	0.0035328244831007716	0.0035540311970703176	0.00020622249942769955
0.0029571570611122144	0.0005407743266954146	0.003366285000381719	0.0015684792706189832	0.0005253904097046735	0.00515546887159557	0.0036164405966276902	-0.0007299184939342229
0.0017089690699629845	0.0002287273289081071	0.0026797816052492873	0.0007571570763718061	0.00021334341191736605	0.0029087304875254905	0.0023058432059204215	0.00026863189898529427
0.002645110063324463	-0.00014572906843657307	0.0024925534065769472	-0.0009903061112381817	0.0002757528114749608	0.0014109048981458816	0.0009952458152131527	-0.0006675090943766282
0.0037684792553598356	0.0004159555275806692	0.004052788395514373	-0.0007406685130078028	0.0007750280079350524	0.002971139887083085	0.0018065680094601078	0.00045586009765807844
-0.0012866821087971214	0.00010390852979291765	0.004427244792858831	0.0007571570763718061	-0.001222072777904648	0.0041569184786753866	0.0009952458152131527	-0.0004178714961471375
0.00308197586022696	0.000665593125810604	0.0038655601968415887	0.00013306308079696905	0.0010246656061649873	0.00303354928664068	0.000932836415655558	0.0007054976958877912
0.0035188416571296788	0.0003535461280230745	0.0049265199893184786	0.00044511007858427654	0.0015239408026246348	0.0027215022888535945	-0.0004401703746090835	-0.00016823389791720267
0.0015217408712902003	0.0004159555275806692	0.005113748187991263	0.0013188416723890484	0.0010246656061649873	0.005280287670710315	-0.0008770361715115804	0.0005806788967728238
-3.849411764744737e-05	0.00016631792935029033	0.006049889181354073	0.0006323382772570607	0.00046298101014730086	0.008088710650797415	-0.001813177164873947	-0.0002930526970323921
0.0020834254673074426	0.0003535461280230745	0.006861211375600806	0.0009443852750441462	0.001087075005723026	0.010397858434424201	-0.0023124523613335946	0.0006430882963304185
0.0016465596704053898	0.0002911367284657018	0.00785976176852099	-0.00042862151522027325	0.0007750280079350524	0.012394959220263901	-0.003935096749828393	-0.0001058244983593859
0.0003359622796976769	0.0007904119249257935	0.009482406157015344	0.0006323382772570607	0.0008374374074926472	0.016326751392385486	-0.0044343719462882625	0.0010175446936753207
-0.0009746351110093698	0.0002287273289081071	0.009669634355687684	0.0008195664759289567	0.0002757528114749608	0.015203382200351001	-0.005869788136110277	-0.0001058244983593859
0.002894747661555064	0.0002287273289081071	0.011666735141527385	0.0003202912794690871	0.001960806599527354	0.012332549820706307	-0.006618700930800303	0.0005806788967728238
0.0012096938735028928	-0.00014572906843657307	0.00810939936675048	0.00044511007858427654	0.0013367126039522947	0.011021952429999038	-0.007305204325933179	-0.0004178714961471375
0.0006480092774854285	0.0002911367284657018	0.010855412947279985	0.001381251071946643	0.0018359878004121644	0.013019053215839183	-0.006306653933013218	0.0005806788967728238
-0.00041295051499212754	0.00010390852979291765	0.008671083962768167	0.0005075194781414272	0.001274303204394922	0.013518328412298608	-0.006493882131685114	-0.00016823389791720267
0.0008976468757149192	0.0002911367284657018	0.008920721560998546	-0.00011657451743340985	0.0015863502021826736	0.014329650606545785	-0.005994606935225466	0.0005182694972152291
-0.0004753599145495002	-0.00014572906843657307	0.007547714770733238	-0.001364762508583084	-3.6294186312124666e-05	0.016077113794155995	-0.006244244533456067	-0.0004178714961471375
-0.003970286289769032	4.149913023576701e-05	0.004052788395514373	-0.0009903061112381817	-0.0007852069810025952	0.017075664187075956	-0.006244244533456067	0.0006430882963304185
-0.008463763057908302	-0.0013939170595866912	-0.002312970359349409	-0.0031746350957502223	-0.0025950795681692895	0.012020502822919	-0.008927848714427533	-0.0004802808957047322
-0.006653890470740942	-0.0007698230640114101	-0.001876104562447134	-0.001988856504157921	-0.001222072777904648	0.008275938849469533	-0.00755484192416267	0.0006430882963304185
-0.007839669062333021	-0.0012690982604712797	-0.002312970359349409	-0.001739218905927764	-0.0015341197756921776	0.0039696902800030465	-0.007430023125047924	-0.00035546209658954275
-0.007465212664988341	-0.001019460662241789	-0.004060433546959619	-0.0004910309147783121	-0.0009724351796744912	0.0015981330968186658	-0.005807378736553126	0.0006430882963304185
-0.007465212664988341	-0.001206688860914129	-0.005121393339436731	-0.0009278967116801429	-0.0013468915770198375	-0.0005237864881362242	-0.004684009544518419	-0.0002930526970323921
-0.0060922058747234775	-0.0008946418631270436	-0.004247661745631959	-0.001739218905927764	-0.0014717103761345829	-0.0010230616845956497	-0.002624499359121124	0.00045586009765807844
-0.006903528068970655	-0.0009570512626841943	-0.004122842946517213	-0.0025505411001753853	-0.002532670168611695	-0.0003989676890208127	-0.0012514925688567047	-0.0004178714961471375
-0.004095105088884221	-0.0005201854657821414	-0.003498748950941488	-0.0018640377050429535	-0.0020333949721522693	-0.0006486052872509696	0.000932836415655558	0.0003934506981004837
-0.0013490915083547161	-0.00033295726710935725	-0.003373930151827187	-0.0018640377050429535	-0.001034844579232086	-0.0033946188677809186	0.0018065680094601078	-0.0004178714961471375
0.0003983716792552716	-0.0002705478675517625	-0.0036859771496142724	-0.0008030779125653975	-3.6294186312124666e-05	-0.004954853856718122	0.0022434338063628267	0.000331041298542889
-0.0010370445105669646	-0.0002705478675517625	-0.004122842946517213	-5.416511787581513e-05	-9.870358586971939e-05	-0.004205941062027652	0.002181024406805232	-0.0004178714961471375
-0.0002881317158769381	-8.331966887897835e-05	-0.004122842946517213	0.0002578818799117144	0.00015093401235977133	-0.0032073906691081344	0.0033043935988399387	0.000331041298542889
0.002021016067749848	4.149913023576701e-05	-0.003373930151827187	-0.00030380271610574994	-0.00016111298542731411	-0.0029577530708784217	0.004365353391317717	-0.0005426902952614387
0.006764130434119053	0.0007904119249257935	-0.0011896011673151463	0.0006323382772570607	0.0011494844052797326	-0.0017095650797280815	0.0064872729762717185	0.000331041298542889
0.007013768032348988	0.0007280025253681988	5.8586823834971824e-05	0.0010692040741588915	0.0014615314030674842	-0.0010854710841536885	0.00642486357671479	-0.0006050996948194776
0.008386774822613852	0.0012272777218278463	0.0013067748149839797	0.00269184846265369	0.0026473099946597856	-0.0003989676890208127	0.006549682375829535	0.00045586009765807844
0.009135687617303434	0.0012272777218278463	0.0022429158083467904	0.00269184846265369	0.0030841757915622825	-0.0010854710841536885	0.005863178980697326	-0.00035546209658954275
0.00988460041199346	0.0016017341191729706	0.0035535131990545032	0.002879076661326252	0.003583450988021708	-0.0010854710841536885	0.005863178980697326	0.0006430882963304185
