Sensor_1	Sensor_2	Sensor_3	Sensor_4	Sensor_5	Sensor_6	Sensor_7	Sensor_8
-0.0006635086518649302	-0.00034701498435940614	-5.575655756451248e-05	-0.000376203860532609	-0.0003604236438541353	-0.0002126350652322806	-0.0003148210955978836	-0.0006022756694890052
-3.941465629053731e-05	-0.00034701498435940614	-5.575655756451248e-05	-0.00018897566186026893	-0.00011078604562397842	-0.00015022566567468587	-6.518349736794882e-05	2.1818326085387696e-05
-0.0015996496452277409	-0.0004718337834741515	-0.0005550317540246041	-0.0006258414587627659	-0.0005476518425264754	-0.0007743196612495229	-0.0007516868924999365	-0.0006022756694890052
-0.0050321666208892335	-0.0007214713817043084	-0.002676951338979494	-0.0013123448538947535	-0.0014213834363316913	-0.002022507652399419	-0.002311921881437584	0.00039627472343051195
-0.008776730594338478	-0.00140797477683674	-0.004611642725260934	-0.0025605328450442055	-0.0028567996261537054	-0.0035827426413361785	-0.004371432066834213	-0.00041504747081710924
-0.007528542603189026	-0.0009711089799342432	-0.004299595727473848	-0.00206125764858478	-0.002107886831464123	-0.0032082862439914983	-0.0037473380712595983	0.00039627472343051195
-0.008714321194781327	-0.001220746578164178	-0.0046740521248185285	-0.0024357140459299043	-0.002731980827038738	-0.0033955144426638384	-0.004184203868162317	-0.0002902286717023639
-0.008152636598764085	-0.001220746578164178	-0.004798870923933718	-0.002310895246814715	-0.0024199338292516526	-0.0033955144426638384	-0.0041217944686047225	0.00039627472343051195
-0.00759095200274662	-0.0011583371786065833	-0.004362005127031443	-0.00224848584725712	-0.0024199338292516526	-0.0031458768444339036	-0.0037473380712595983	-0.0002902286717023639
-0.00559385121690692	-0.0010335183794918379	-0.003737911131456162	-0.0015619824521251324	-0.0017334304341192208	-0.0025217828488595107	-0.002936015877012643	0.00033386532387291723
-0.004220844426641612	-0.0005342431830321903	-0.0026145419394218994	-0.0012499354543373808	-0.0013589740367736525	-0.00177287005416904	-0.0021871030823223947	-0.00022781927214476916
-0.001162783848325244	2.7441412985718117e-05	-0.0012415351491570359	-0.0001265662623026742	-0.00011078604562397842	-0.0005870914625771828	-0.0006892774929427858	0.0007083217212178194
-0.0010379650492100545	-0.00015978678568662197	-0.000991897550927101	-0.0003137944609745702	-0.0003604236438541353	-0.0003998632639041766	-0.0006892774929427858	-0.00022781927214476916
-0.00016423345540528267	-3.49679865723207e-05	-0.0008670787518119116	-0.0001265662623026742	-0.00011078604562397842	-0.00027504446478943123	-0.00037723049515503426	0.0004586841229876626
-0.0006010992523082237	-9.737738612902724e-05	-0.0006798505531393495	-0.0003137944609745702	-0.00029801424429654055	-0.00015022566567468587	-0.0005020492942702237	-0.0002902286717023639
0.0013335921339747703	0.0002770790112156529	6.906224155023288e-05	0.00037270893415741746	0.0004508985503928198	0.00047386832990059524	0.0003716822995345481	0.0004586841229876626
0.004204424513619021	0.0006515354085605551	0.0020037536278325607	0.0011216217288469998	0.001262220744640441	0.001784465720607642	0.001869507888914379	-0.00022781927214476916
0.00794898848706782	0.0015252670023648829	0.004063263813229412	0.002557037918669236	0.0028848651331352393	0.0034071101091022182	0.00392901807431123	0.0008331405203325648
0.00751212269016599	0.0012132200045777974	0.004188082612344601	0.0022449909208821506	0.0023855899366751476	0.0033447007095446235	0.0036793804760817395	2.1818326085387696e-05
0.00925958587777509	0.001962132799267824	0.005186633005264563	0.002993903715571733	0.0034465497291522595	0.004093613504234428	0.004490702670328917	0.0008955499198901595
0.008573082482643102	0.0014628576028077322	0.005124223605706968	0.002557037918669236	0.00276004633402005	0.003906385305562088	0.003741789875638446	-0.00022781927214476916
0.008261035484855572	0.0014628576028077322	0.004874586007476589	0.002557037918669236	0.002947274532692834	0.003843975906004493	0.003304924078736393	0.0007083217212178194
0.0052653843060959105	0.0010259918059054574	0.003813626214999699	0.0015584875257492747	0.0018239053406579053	0.0029078349126421266	0.0017446890897989675	-0.00010300047302935766
0.00557743130388344	0.0011508106050202027	0.0037512168154418823	0.001932943923094621	0.002135952338445657	0.003219881910429434	0.002306373685816876	0.0007083217212178194
0.0023321425268942875	0.0006515354085605551	0.002378210025177463	0.0007471653315020976	0.0007629455481807934	0.0014724187228201124	0.001869507888914379	-0.0001654098725869524
0.0007094981383990451	0.00040189781033062033	0.0005683374380101025	0.0001230713359277047	-0.00023560484473916787	-0.0005870914625771828	0.002930467681391713	0.0004586841229876626
0.001770457930876601	0.0002770790112156529	0.0005059280384525078	-0.0012499354543373808	-4.83766460663837e-05	-0.0019600982528418243	0.005239615465018499	-0.0002902286717023639
-0.00035146165407762275	0.00040189781033062033	0.0008803844357978541	0.0018081251239794316	-0.00029801424429654055	-0.0032082862439914983	0.008110447844662971	0.0006459123216602247
0.00039745114061195963	8.985081254286875e-05	0.0012548408331420902	-0.0006258414587627659	0.00020126095216310702	-0.010322957793545084	0.008796951239795181	-0.00041504747081710924
0.002831417723354379	0.00040189781033062033	0.0016292972304878806	-0.0008130696574346619	0.0016366771419855652	-0.01369306536964987	0.009483454634927613	0.0005210935225452573
0.0007094981383990451	0.0002146696116580582	0.0011924314335853836	0.00037270893415741746	0.0011998113450830683	-0.01138391758602264	0.009545864034485207	-0.00022781927214476916
-0.00035146165407762275	0.0005891260090029604	0.0008803844357978541	0.001745715724422059	0.0007629455481807934	-0.009761273197527842	0.010357186228732385	0.0007083217212178194
0.00014781354238224687	-3.49679865723207e-05	0.0001314716411078276	-0.0001265662623026742	-0.00011078604562397842	-0.012320058579384563	0.009545864034485207	-0.0002902286717023639
0.0035803305180439615	0.00040189781033062033	-0.0011791257495994412	-0.0018116200503546231	7.644215304791757e-05	-0.01088464238956277	0.009421045235370462	0.000583502922102852
0.00033504174105458695	0.00015226021210024143	-0.0019904479438466183	-0.00025138506141786365	-0.0016086116350040314	-0.00420683663691146	0.008859360639352776	-0.00022781927214476916
-0.0014124214465554008	0.00015226021210024143	-0.002052857343404213	0.0008719841306172871	-0.0011717458381013124	-0.0003998632639041766	0.006987078652628043	0.0004586841229876626
-3.941465629053731e-05	-3.49679865723207e-05	-0.002052857343404213	-0.0012499354543373808	1.4032753491211025e-05	-0.0015232324559395494	0.004116246272983792	-0.0003526380712599586
-0.00016423345540528267	0.00040189781033062033	-0.0014911727473865266	-0.0003137944609745702	0.0005757173495080092	9.941193255524894e-05	0.002680830083161778	0.000583502922102852
-0.0012876026474402114	0.0002770790112156529	-0.000804669352254539	-0.0001265662623026742	1.4032753491211025e-05	0.0015972375219353019	0.0016198702906844442	-0.00010300047302935766
-3.941465629053731e-05	0.0002146696116580582	-0.0004302129549094147	0.0004351183337145681	0.0007629455481807934	-0.00015022566567468587	0.0004965010986497376	0.0004586841229876626
0.001583229732204705	-9.737738612902724e-05	0.00038110923933731833	-0.0004386132600899817	0.001449448943312781	-0.0019600982528418243	-0.0011261432898455048	-0.0003526380712599586
-0.0002266428549624333	0.00015226021210024143	0.0011300220340277889	0.0012464405279621893	0.0008877643472955388	0.00047386832990059524	-0.001500599687189963	0.0004586841229876626
-0.004158435027084906	-0.0005966525825891189	0.0007555656366826646	-0.0001265662623026742	-0.0007972894407564102	0.001160371725032583	-0.0030608346761271665	-0.0005398662699322987
-0.006654811009384032	-0.0005966525825891189	-0.0007422599526969442	-0.002934989242389774	-0.0024199338292516526	-0.0012735948577093925	-0.004496250865949403	0.0004586841229876626
-0.009026368192568857	-0.001220746578164178	-0.0017408103456166835	-0.004994499427786625	-0.004042578217746007	-0.003083467444876309	-0.005619620057984331	-0.0003526380712599586
-0.009588052788585655	-0.000783880781261459	-0.0014911727473865266	-0.003122217441061892	-0.003605712420843732	-0.0033331050431066878	-0.004808297863737154	0.0006459123216602247
-0.009088777592125785	-0.0010959277790489885	-0.002240085542076997	-0.002685351644159395	-0.002731980827038738	-0.0065159844205382456	-0.005120344861524684	-4.059107347220703e-05
-0.006654811009384032	-0.0009086995803770925	-0.0029889983367665796	-0.0016868012512398778	-0.0011093364385439397	-0.009449226199740313	-0.0041217944686047225	0.0006459123216602247
-0.006405173411153653	-0.0011583371786065833	-0.0035506829327833778	-0.0014995730525670936	-0.0012341552376593512	-0.010073320195315372	-0.0026863782787822643	-0.0003526380712599586
-0.005344213618676985	-0.0005342431830321903	-0.003301045334554109	-0.0006258414587627659	-0.0007972894407564102	-0.007888991210803553	-6.518349736794882e-05	0.0006459123216602247
-0.004220844426641612	-0.0006590619821467136	-0.00305140773632373	-0.0010627072556650408	-0.0007972894407564102	-0.006079118623635971	0.00124541389333932	-0.0002902286717023639
-0.001350012046997806	2.7441412985718117e-05	-0.0021152667429618077	-0.0007506602578775112	0.00020126095216310702	-0.003457923842221877	0.002930467681391713	0.0007083217212178194
-0.0022861530403601726	-0.0002221961852442167	-0.0015535821469438993	-0.0006882508583199165	-0.0007348800411992595	-0.0012111854581517978	0.003117695880063609	-0.00022781927214476916
-0.000725918051422525	0.0002146696116580582	-0.0004926223544670094	-1.7474631874847546e-06	-0.0003604236438541353	0.0002242307316704384	0.003804199275196485	0.0007083217212178194
8.540414282465214e-05	-0.00015978678568662197	-0.0005550317540246041	-0.0010627072556650408	-0.0007972894407564102	-0.0006495008621347775	0.002868058281833674	-0.00022781927214476916
0.00308105532158387	0.00015226021210024143	0.00044351863889535714	-0.0003137944609745702	0.0001388515526055123	0.0005362777294577459	0.0036169710765241447	0.0004586841229876626
0.004828518509193858	0.00046430720988777097	0.0020661630273897114	0.0009343935301744377	0.0004508985503928198	0.002221331517510139	0.004802749668116002	-0.0003526380712599586
0.008635491882200697	0.0012132200045777974	0.003813626214999699	0.0018705345235372484	0.002260771137559958	0.0027206067139697865	0.0066126222552833624	0.0006459123216602247
0.008573082482643102	0.0011508106050202027	0.0036888074158845097	0.0016208969253068695	0.0024479993362327424	0.0014100093232625177	0.006675031654840957	-0.00010300047302935766
0.009634042275120658	0.001712495201037667	0.004000854413672483	0.0029314943160141382	0.0035089591287098543	0.0020341033188373547	0.008172857244220566	0.0007083217212178194
0.008261035484855572	0.0014628576028077322	0.003626398016326915	0.002806675516899393	0.0028848651331352393	0.0022837409170677336	0.00873454184023803	-4.059107347220703e-05
0.0081986260852982	0.0014628576028077322	0.002815075822079738	0.0018081251239794316	0.0028224557335778666	0.002221331517510139	0.00854731364156569	0.0007083217212178194
0.00507815610742357	0.0010259918059054574	0.001941344228274966	0.001308849927519784	0.0015742677424279705	0.002595787914855263	0.007486353849088134	-4.059107347220703e-05
0.00507815610742357	0.001275629404134948	0.0025030288242926524	0.001496078126192124	0.0017614959411003106	0.0029702443121997213	0.007111897451742788	0.0007707311207754142
0.0018328673304341958	0.0005891260090029604	0.001504478431372691	6.066193637010997e-05	0.0005757173495080092	0.0002242307316704384	0.0043034744716565765	-4.059107347220703e-05
0.002207323727779098	0.0005267166094453657	0.0014420690318150964	0.0001230713359277047	0.0007005361486231987	-0.0015232324559395494	0.003180105279621648	0.0006459123216602247
0.0016456391317622998	8.985081254286875e-05	0.0017541160296021818	0.0001230713359277047	0.0004508985503928198	-0.003083467444876309	0.002056736087586497	-0.00041504747081710924
0.002207323727779098	0.00046430720988777097	0.0022533912260622735	0.0011840311284048166	0.0013246301441980357	-0.003270695643549093	0.0019319172884717517	0.0005210935225452573
0.0013335921339747703	8.985081254286875e-05	0.0020037536278325607	0.00037270893415741746	0.0008253549477383881	-0.003707561440451368	0.0009957762951096072	-0.0003526380712599586
0.0014584109330895156	0.0003394884107730256	0.0018165254291602206	-1.7474631874847546e-06	0.0008253549477383881	-0.0016480512550542947	0.00124541389333932	0.000583502922102852
-0.0005386898527501849	0.00015226021210024143	0.0011924314335853836	-0.000376203860532609	-0.00023560484473916787	0.0008483247272448313	0.0008709574959944177	-0.00022781927214476916
-0.0004762804531928122	2.7441412985718117e-05	0.0008803844357978541	-0.0007506602578775112	-0.00023560484473916787	0.002158922117952544	0.0006837292973216336	0.00020904652475772778
-0.0012251932478826166	-9.737738612902724e-05	0.00025629044022301706	-0.0010627072556650408	-0.0003604236438541353	0.0022837409170677336	0.000184454100861986	-0.00047745687037470397
-0.0007883274509805638	0.00015226021210024143	-5.575655756451248e-05	-0.0001265662623026742	-4.83766460663837e-05	0.0020965127183949495	0.0004965010986497376	0.00039627472343051195
-0.0014124214465554008	-0.00034701498435940614	-0.0004302129549094147	-0.0005010226596471323	-0.0006100612420840701	-8.781626611709115e-05	-0.000252411696040733	-0.0005398662699322987
0.0008967263370718292	0.0002770790112156529	0.00038110923933731833	0.00018548073548485533	0.000638126749065604	-0.0014608230563819546	0.00043409169909214285	0.0004586841229876626
0.0002726323414969922	0.0002146696116580582	0.000693156237125292	0.00037270893415741746	0.00032607975127829647	-0.002209735851071981	0.000184454100861986	-0.00010300047302935766
0.0004598605401697764	0.0002146696116580582	0.0008803844357978541	0.0005599371328302016	0.0005133079499510806	-0.002022507652399419	0.0008709574959944177	0.000583502922102852
-3.941465629053731e-05	-9.737738612902724e-05	0.00044351863889535714	-0.0005010226596471323	-0.00011078604562397842	-0.0021473264515146084	0.0008085480964372671	-0.0003526380712599586
0.0007719075379566398	0.0002146696116580582	0.00025629044022301706	-0.000376203860532609	0.00032607975127829647	-0.0011487760585946472	0.0016822796902415948	0.0004586841229876626
-0.000725918051422525	-0.0002221961852442167	-0.0005550317540246041	-0.0010627072556650408	-0.00048524244296888064	-0.00027504446478943123	0.0014950514915696989	-0.00047745687037470397
0.0002726323414969922	0.0003394884107730256	-0.0006174411535821989	-0.00025138506141786365	0.00032607975127829647	0.001347599923704923	0.002493601884489216	0.0006459123216602247
-0.002598200038147258	-0.0004718337834741515	-0.002676951338979494	-0.0011875260547797861	-0.000859698840314449	0.00028664013122781107	0.0010581856946665358	-0.0005398662699322987
-0.006779629808499221	-0.0008462901808194978	-0.005672602517738712	-0.0018740294499122179	-0.0017334304341192208	-0.0010863666590366083	-0.0008140962920575312	0.0004586841229876626
-0.008901549393453667	-0.0015327935759514855	-0.006608743511101078	-0.002498123445486611	-0.0026071620279235486	-0.0023345546501871706	-0.001937465484092682	-0.0006022756694890052
-0.008589502395666138	-0.0015952029755090802	-0.006483924711986111	-0.002310895246814715	-0.0026071620279235486	-0.0032082862439914983	-0.001937465484092682	2.1818326085387696e-05
-0.009026368192568857	-0.0019072499732966097	-0.006234287113755732	-0.003371855039292271	-0.003168846623940791	-0.004830930632486297	-0.002748787678339859	-0.0007895038681617894
-0.0073413144045164636	-0.0010335183794918379	-0.004549233325703339	-0.0023733046463723095	-0.0020454774319065283	-0.004706111833371551	-0.0017502372854198978	0.0004586841229876626
-0.006904448607613745	-0.0010335183794918379	-0.0034258641336690765	-0.0021860764476999694	-0.002295115030136019	-0.004768521232928702	-0.0018750560845350872	-0.0003526380712599586
-0.004844938422216893	-0.000783880781261459	-0.002427313740749115	-0.0019988482490271853	-0.0015462022354464366	-0.004706111833371551	-0.0011885526894022114	0.0004586841229876626
-0.0033471128328368405	-0.0006590619821467136	-0.0013039445487146306	-0.00206125764858478	-0.0014213834363316913	-0.003707561440451368	-0.0007516868924999365	-0.0003526380712599586
-0.001786877843900081	-0.0005342431830321903	-0.0008670787518119116	-0.001437163653009943	-0.0011717458381013124	-0.0019600982528418243	0.000184454100861986	0.00020904652475772778
-0.0015996496452277409	-0.0004718337834741515	-0.0004926223544670094	-0.0015619824521251324	-0.0011093364385439397	-0.0008991384603642683	0.0003092728999773975	-0.0005398662699322987
-0.0002266428549624333	-0.00015978678568662197	-0.0006174411535821989	-0.0008754790569922566	-0.00029801424429654055	-0.0002126350652322806	0.0008709574959944177	0.00033386532387291723
-0.0006010992523082237	-9.737738612902724e-05	-0.0005550317540246041	-0.00025138506141786365	-0.00029801424429654055	0.0002242307316704384	0.0005589104982068882	-0.0002902286717023639
0.0016456391317622998	-0.00015978678568662197	6.652841993082248e-06	0.00018548073548485533	0.0005133079499510806	-0.00015022566567468587	0.0009957762951096072	8.422772564298242e-05
0.005327793705653949	0.00046430720988777097	0.002815075822079738	0.0015584875257492747	0.0017614959411003106	0.0009731435263600208	0.0025560112840465887	-0.0005398662699322987
0.008261035484855572	0.001088401205463052	0.005124223605706968	0.0026194473182268307	0.0028848651331352393	0.001347599923704923	0.0036793804760817395	0.0002714559243153225
0.007761760288395481	0.0008387636072324511	0.005935545799954145	0.0016208969253068695	0.0023855899366751476	0.0002242307316704384	0.002868058281833674	-0.0005398662699322987
0.009509223476005468	0.0014004482032505816	0.007433371389333754	0.0024946285191116413	0.002947274532692834	0.0010355529259178375	0.00355456167696655	0.00039627472343051195
0.008885129480430631	0.0012132200045777974	0.0078078277866791	0.0018705345235372484	0.002323180537117997	0.001160371725032583	0.003180105279621648	-0.00041504747081710924
0.00769935088883833	0.001088401205463052	0.006559639795529426	0.0013712593270773787	0.0020111335393302454	0.0012227811245901776	0.0023687830853744707	0.00039627472343051195
0.005327793705653949	0.0007763542076757446	0.00587313640039655	0.0011216217288469998	0.0011374019455254736	0.0017220563210500472	0.0015574608911264054	-0.0002902286717023639
0.005327793705653949	0.0007763542076757446	0.005061814206149373	0.0009968029297320324	0.0013870395437556304	0.002658197314412636	0.001869507888914379	0.00020904652475772778
0.0012711827344167315	2.7441412985718117e-05	0.0026278476234073977	-0.00025138506141786365	7.644215304791757e-05	0.0012851905241477724	5.963530174724063e-05	-0.00047745687037470397
0.0014584109330895156	0.0002146696116580582	0.0016917066300450312	0.0005599371328302016	0.000638126749065604	0.001347599923704923	0.00043409169909214285	0.0002714559243153225
0.0006470887388423385	2.7441412985718117e-05	0.0020661630273897114	0.0004975277332721628	0.0005757173495080092	0.0005986871290157847	0.00043409169909214285	-0.00041504747081710924
0.0010215451361865746	-3.49679865723207e-05	0.0017541160296021818	0.0004975277332721628	0.0008253549477383881	-0.0004622726634617713	0.0005589104982068882	8.422772564298242e-05
0.0002726323414969922	-0.0002846055848018114	0.0014420690318150964	0.00037270893415741746	0.00032607975127829647	-0.0011487760585946472	0.0004965010986497376	-0.0007270944686041947
0.0005846793392847438	-0.00015978678568662197	0.0018789348287173713	0.00018548073548485533	0.0004508985503928198	-0.0014608230563819546	0.0005589104982068882	8.422772564298242e-05
2.2994743267057416e-05	-0.0002221961852442167	0.002128572426947306	-0.0003137944609745702	-0.00017319544518157315	-0.0016480512550542947	0.00024686350041935867	-0.000664685069047044
0.0005222699397271491	-9.737738612902724e-05	0.0023158006256200903	-0.0003137944609745702	-0.00011078604562397842	-0.0010239572594794577	0.0005589104982068882	0.00014663712520013306
0.00033504174105458695	-9.737738612902724e-05	0.0023158006256200903	-0.0006882508583199165	-0.0003604236438541353	-0.0004622726634617713	0.00043409169909214285	-0.00047745687037470397
0.0006470887388423385	-0.00015978678568662197	0.001317250232700129	-0.0005634320592051711	-0.00029801424429654055	9.941193255524894e-05	0.0006213198977644829	0.00020904652475772778
-0.00016423345540528267	-0.0002846055848018114	0.0008803844357978541	-0.0006258414587627659	-0.00048524244296888064	0.0004114589303430005	0.0005589104982068882	-0.000664685069047044
0.00014781354238224687	-0.00015978678568662197	0.0005059280384525078	-0.000376203860532609	-0.00011078604562397842	0.0002242307316704384	0.0009333668955520125	0.00020904652475772778
-0.00016423345540528267	-0.0004094243839165568	0.00019388104066542233	-0.0005010226596471323	-0.00029801424429654055	-0.00015022566567468587	0.0008085480964372671	-0.000664685069047044
0.0004598605401697764	2.7441412985718117e-05	0.0003186998397806118	0.0004351183337145681	0.0004508985503928198	3.7002532997654214e-05	0.0016198702906844442	0.0002714559243153225
-3.941465629053731e-05	-0.00034701498435940614	6.652841993082248e-06	-6.415686274507948e-05	0.0001388515526055123	-0.0007743196612495229	0.0011205950942245746	-0.0007270944686041947
0.0005846793392847438	8.985081254286875e-05	0.0003186998397806118	0.0004351183337145681	0.0005757173495080092	-0.0005870914625771828	0.0014950514915696989	0.0004586841229876626
-3.941465629053731e-05	-0.00015978678568662197	0.0006307468375676972	-6.415686274507948e-05	-4.83766460663837e-05	-0.0007119102616919282	0.0009333668955520125	-0.0003526380712599586
0.0007719075379566398	0.00040189781033062033	0.0012548408331420902	0.00018548073548485533	0.0005133079499510806	-0.00015022566567468587	0.0011205950942245746	0.0006459123216602247
-0.002161334241244983	-0.0002221961852442167	-5.575655756451248e-05	-0.001000297856107002	-0.000859698840314449	-0.0012735948577093925	-0.00106373389028791	-0.0001654098725869524
-0.0071540862058441235	-0.0009086995803770925	-0.0019904479438466183	-0.002310895246814715	-0.0023575244296936138	-0.0028962392462039688	-0.0037473380712595983	0.0005210935225452573
-0.007902999000533706	-0.0011583371786065833	-0.0032386359349965144	-0.0028101704432745844	-0.002731980827038738	-0.003270695643549093	-0.0047458884641795596	-0.0002902286717023639
-0.007840589600977	-0.0012831559777213286	-0.0027393607385366447	-0.002310895246814715	-0.002544752628365954	-0.003270695643549093	-0.004870707263294305	0.0002714559243153225
-0.008901549393453667	-0.0014703841763943348	-0.003987548729686541	-0.002498123445486611	-0.002731980827038738	-0.003270695643549093	-0.005494801258869586	-0.00047745687037470397
-0.007778180201418516	-0.0013455653772793674	-0.0036130923323414166	-0.0021236670481423747	-0.0021702962310212737	-0.0025217828488595107	-0.0049331166628519	0.0002714559243153225
-0.007715770801861366	-0.0015952029755090802	-0.0034258641336690765	-0.0019988482490271853	-0.002482343228808803	-0.0018352794537266348	-0.004621069665064814	-0.000664685069047044
-0.0050321666208892335	-0.0007214713817043084	-0.002052857343404213	-0.0011251166552221914	-0.0011717458381013124	-0.0007743196612495229	-0.002998425276570016	0.00033386532387291723
-0.003659159830624814	-0.000783880781261459	-0.0008670787518119116	-0.0013123448538947535	-0.0013589740367736525	-0.000524682063019366	-0.0024991500801099242	-0.00047745687037470397
-0.0014748308461129955	-0.00034701498435940614	6.652841993082248e-06	-0.0005010226596471323	-0.0005476518425264754	-8.781626611709115e-05	-0.0014381902876328123	0.00033386532387291723
-0.001162783848325244	-0.0004094243839165568	0.0005683374380101025	-0.0005634320592051711	-0.0006724706416416648	-0.0007119102616919282	-0.001500599687189963	-0.00047745687037470397
2.2994743267057416e-05	-0.0002846055848018114	0.0008803844357978541	-0.0004386132600899817	-0.00023560484473916787	-0.001585641855496256	-0.0014381902876328123	0.0002714559243153225
0.00014781354238224687	-0.0002221961852442167	0.0009427938353550047	-0.0001265662623026742	-0.00017319544518157315	-0.0018976888532842295	-0.001313371488517845	-0.0003526380712599586
0.0035803305180439615	0.00040189781033062033	0.003002304020752522	0.0010592123292896272	0.0010749925459678789	-0.0006495008621347775	0.0003092728999773975	0.000583502922102852
0.006263934699015872	0.0005267166094453657	0.004375310811016941	0.001308849927519784	0.0015118583428708199	0.0004114589303430005	0.0014326420920121041	-0.00047745687037470397
0.008635491882200697	0.001088401205463052	0.005685908201724654	0.002307400320439301	0.002510408735790337	0.002221331517510139	0.003117695880063609	0.00039627472343051195
0.00794898848706782	0.0009635824063478626	0.006185183398184302	0.0019953533226522158	0.002135952338445657	0.002845425513084532	0.003304924078736393	-0.00041504747081710924
0.009634042275120658	0.0014628576028077322	0.0068716867933165116	0.0026194473182268307	0.002947274532692834	0.003968794705119683	0.004428293270770878	0.0005210935225452573
0.008573082482643102	0.0010259918059054574	0.007370961989776603	0.0022449909208821506	0.002323180537117997	0.003968794705119683	0.004178655672541387	-0.00041504747081710924
0.007262485091935389	0.0011508106050202027	0.005498680003052092	0.002182581521324556	0.0023855899366751476	0.0031574725108725055	0.003741789875638446	0.0004586841229876626
0.005452612504768695	0.0003394884107730256	0.0049994048065922225	0.0009968029297320324	0.0013246301441980357	0.0014724187228201124	0.0023687830853744707	-0.0006022756694890052
0.005951887701228342	0.0008387636072324511	0.004687357808804693	0.0016833063248649083	0.002073542938888062	0.001160371725032583	0.002493601884489216	0.0002714559243153225
0.001583229732204705	2.7441412985718117e-05	0.002815075822079738	0.00031029953459982274	0.0004508985503928198	-0.0011487760585946472	0.000184454100861986	-0.0005398662699322987
0.0025193707255666276	8.985081254286875e-05	0.002815075822079738	0.00037270893415741746	0.0007629455481807934	-0.00177287005416904	-2.7740978103540925e-06	0.00020904652475772778
0.0010839545357446134	-0.0004718337834741515	0.0018789348287173713	-0.0001265662623026742	1.4032753491211025e-05	-0.0023345546501871706	-0.0008765056916151259	-0.0007895038681617894
0.0018952767299915685	-3.49679865723207e-05	0.0025030288242926524	0.000247890135042228	0.000638126749065604	-0.0014608230563819546	-0.0006892774929427858	0.00020904652475772778
0.0005222699397271491	-9.737738612902724e-05	0.0024406194247350577	6.066193637010997e-05	1.4032753491211025e-05	-0.000524682063019366	-0.00106373389028791	-0.0006022756694890052
0.0008967263370718292	-9.737738612902724e-05	0.002565438223849359	0.00018548073548485533	0.00020126095216310702	0.0005362777294577459	-0.0009389150911727207	0.00014663712520013306
