Sensor_1	Sensor_2	Sensor_3	Sensor_4	Sensor_5	Sensor_6	Sensor_7	Sensor_8
0.0009245328450449009	0.0003040585946438856	0.0010448144808117288	0.00042891483939877517	0.00043350817120635377	0.0006362513466089403	0.000648399336232286	-0.0002661760891129461
0.0015486268406192938	0.0005536961928740425	0.0011072238803695456	0.0006785524376284879	0.0008079645685519221	0.0008858889448393192	0.0008980369344622208	0.0006075555046922698
0.0004252576485848092	0.00017923979552869618	0.0007327674830244213	0.0002416866407264351	0.00018387057297686304	0.00044902314793615616	0.00027394293888738375	-0.0002661760891129461
0.0010493516441592021	0.0003664679942012583	0.0007951768825815719	0.0004913242389561479	0.0006207363698791379	0.0006362513466089403	0.000648399336232286	0.00042032730601948565
0.0004252576485848092	0.0003040585946438856	0.0007951768825815719	0.00036650543984162454	0.00024627997253445777	0.0005114325474939729	0.0003987617380021291	-0.0002661760891129461
0.00036284824902721446	0.00017923979552869618	0.00035831108567929704	0.00011686784161124564	0.00012146117341926832	0.00013697615014884867	0.0001491241397721943	0.000357917906462335
-1.1608148318353884e-05	-7.988403143199818e-06	0.00042072048523689176	5.445844205365091e-05	-3.3576256956990846e-06	7.456675059125395e-05	2.4305340657004848e-05	-0.00032858548866965265
0.00030043884946961974	-7.988403143199818e-06	0.00023349228656455168	0.00011686784161124564	0.00012146117341926832	1.2157351034103314e-05	0.0001491241397721943	0.0001082803082324002
-0.00026124574654762256	5.4420996414394907e-05	0.00035831108567929704	5.445844205365091e-05	-3.3576256956990846e-06	0.00013697615014884867	2.4305340657004848e-05	-0.0002661760891129461
0.0004252576485848092	0.0003664679942012583	0.0004831298847944865	0.00036650543984162454	0.00043350817120635377	0.0001993855497064434	0.00033635233844497847	0.0005451461051346751
-0.0005108833447780015	-0.00025762600137313463	4.626408789198955e-05	-0.0003199979552912513	-0.0003154046234832286	-0.000362299046311243	-0.0002877416571300806	-0.0006406324864576263
-0.00026124574654762256	-0.0001952166018155399	-0.00026578290989554	-0.00019517915617606185	-0.00012817642481111058	-0.00048711784542598835	-0.00016292285801533524	4.587090867458343e-05
-0.0006357021438927468	-0.00013280720225838927	-7.855471122275581e-05	-0.0003199979552912513	-0.0002529952239256339	-0.00048711784542598835	-0.0002877416571300806	-0.0006406324864576263
0.00030043884946961974	5.4420996414394907e-05	0.00023349228656455168	0.00011686784161124564	0.00018387057297686304	-5.02520485239355e-05	0.00027394293888738375	0.00023309910734714556
-0.0005108833447780015	-0.00025762600137313463	-0.00014096411078035054	-0.000382407354848846	-0.00037781402304082334	-0.0004247084458683936	2.4305340657004848e-05	-0.000703041886014999
5.080125124012902e-05	-0.00025762600137313463	-0.0003281923094531347	-0.00013276975661868917	-0.00012817642481111058	-0.000362299046311243	0.0003987617380021291	-1.6538490883011292e-05
-0.0005732927443351521	-0.0005072635996032915	-0.0005778299076828475	-0.0006320449530783367	-0.0005650422217136075	-0.0007367554436559232	2.4305340657004848e-05	-0.0008278606851301884
-0.00019883634699024988	-0.00032003540093117344	-0.0008274675059127823	-0.0003199979552912513	-0.00019058582436803917	-0.0004247084458683936	0.0003987617380021291	0.0001082803082324002
-0.0040682191195544615	-0.0006320823987184809	-0.002574930693522326	-0.0012561389486531738	-0.0011891362172880005	-0.0012984400396727214	-0.001660748447394944	-0.0005782230869000315
-0.008062420691233863	-0.0009441293965055664	-0.0047592596780343666	-0.0016930047455558928	-0.0021876866102079617	-0.002484218631265467	-0.003907486831464579	0.000357917906462335
-0.00837446768902117	-0.0011937669947357232	-0.004946487876707151	-0.0025667363393606646	-0.002374914808880302	-0.0027338562294958457	-0.005093265423056659	-0.00032858548866965265
-0.008312058289463575	-0.0011937669947357232	-0.004634440878919621	-0.0019426423437860496	-0.0022500960097651124	-0.001423258838788355	-0.005530131219959378	0.000357917906462335
-0.009809883878843184	-0.0011937669947357232	-0.004072756282902379	-0.0015681859464407033	-0.002811780605783243	-0.001610487037460695	-0.006653500411993862	-0.00032858548866965265
-0.006627004501411182	-0.0009441293965055664	-0.002762158892194666	-0.0023795081406883245	-0.001938049011978027	-0.0031707220263983427	-0.006965547409780948	0.00048273670557708037
-0.006127729304951091	-0.000819310597390821	-0.0015763803006028088	-0.0016930047455558928	-0.0020004584115351776	-0.001984943434805597	-0.007027956809338987	-0.00032858548866965265
-0.005129178912031573	-0.000819310597390821	-0.0006402393072406642	-0.0005072261539635914	-0.0016884114137480921	-0.0006119366445407337	-0.006341453414206111	0.00042032730601948565
-0.0018838901350424209	-0.0006320823987184809	0.0007327674830244213	-0.0011313201495384284	-0.0008770892195004709	-0.0008615742427711126	-0.0057797688181888685	-0.0005158136873424368
-0.0005108833447780015	-0.0005072635996032915	0.0004831298847944865	-0.000569635553520742	-0.00037781402304082334	0.0005738419470513456	-0.005654950019073679	0.0001082803082324002
-0.0011349773403528385	-0.00044485420004569676	4.626408789198955e-05	-0.000382407354848846	-0.00037781402304082334	0.003819130724040498	-0.005717359418631718	-0.0005158136873424368
-0.0008853397421226816	-7.988403143199818e-06	-0.0006402393072406642	0.0002416866407264351	0.0003086893720920525	0.006565144304570447	-0.005842178217746685	0.000357917906462335
-0.0008853397421226816	-0.00038244480048810203	-0.001326742702373096	-0.00019517915617606185	0.0003086893720920525	0.007750922896162971	-0.007152775608453732	-0.0005782230869000315
0.002359949034866471	0.000241649195086735	-1.6145311665605178e-05	0.0006785524376284879	0.0017441055619136225	0.011183439871824019	-0.0064038628137637055	0.00023309910734714556
0.004419459220263544	0.0006785149919887878	0.0015440896772711543	0.0020515592278933514	0.002118561959258747	0.014803185046158962	-0.0057797688181888685	-0.0004534042877848421
0.007727157396810513	0.0011153807888915068	0.00223059307240403	0.0026756532234679664	0.002929884153505924	0.015864144838636074	-0.004968446623941691	0.000357917906462335
0.007851976195925703	0.0009281525902191667	0.0023554118715187755	0.0026756532234679664	0.002243380758373492	0.015177641443503642	-0.004032305630579769	-0.0005158136873424368
0.00941221118486335	0.0012401995880064742	0.002729868268864122	0.002800472022583156	0.0024306089570464984	0.014179091050583681	-0.001286292050050264	0.0002955085069047403
0.00860088899061573	0.0006785149919887878	0.00223059307240403	0.0019267404287788281	0.001432058564126315	0.01149548686961177	0.0005859899366751353	-0.0008902700846877831
0.006541378805218434	0.0006785149919887878	0.0016064990768291931	0.0019267404287788281	0.0017441055619136225	0.008999110887311979	0.0023958625238418296	0.0001082803082324002
0.00473150621805174	0.0004912867933166698	0.0027922776684217165	0.0014274652323187365	0.0019313337605864067	0.005254546913863178	0.003581641115434131	-0.000703041886014999
0.0016734456397344832	0.0004912867933166698	0.0024178212710763702	0.0014898746318761091	0.0014944679636839098	7.456675059125395e-05	0.00439296330968153	0.00023309910734714556
0.0028592242313263405	-7.988403143199818e-06	0.0012320426794840689	-0.0018802329442284549	0.0014944679636839098	-0.0036075878233003955	0.004767419707026654	-0.0006406324864576263
0.0016110362401773326	0.000241649195086735	0.0006079486839096759	0.0022387874265661356	0.0003086893720920525	-0.0023593998321502774	0.007700661486228277	0.00023309910734714556
0.0022975396353093203	-0.00032003540093117344	-0.0005778299076828475	-0.000569635553520742	-0.001064317418172811	-0.008662749187456686	0.008262346082245742	-0.0008278606851301884
0.00279681483176919	0.00011683039597198963	-0.00026578290989554	0.0004913242389561479	-0.0010019080186156604	-0.009037205584802033	0.009385715274280226	0.00017068970778999493
0.0004252576485848092	-0.00032003540093117344	-0.0017011990997175541	-7.950957503943812e-06	-0.0006274516212712022	-0.00629119200427275	0.006951748691538695	-0.0006406324864576263
0.0018606738384072674	-7.039780270079454e-05	-0.002200474296177646	-0.0007568637521930821	0.0004959175707639485	-0.0022969904325926827	0.003768869314106915	0.00017068970778999493
-0.0021959371328299504	-7.988403143199818e-06	-0.00238770249485043	0.0022387874265661356	-3.3576256956990846e-06	0.0036943119249257528	0.0015845403295946525	-0.0005782230869000315
-0.0013222055390251786	0.00011683039597198963	-0.0012643333028148351	0.00042891483939877517	-6.576702525329381e-05	0.002383714534218484	0.0010228557335769661	0.00023309910734714556
0.00011321065079727965	5.4420996414394907e-05	-0.0005154205081254748	-0.0017554141451132654	-0.0011267268177308498	-0.001984943434805597	0.001085265133135005	-0.00032858548866965265
0.003233680628671687	5.4420996414394907e-05	-0.00238770249485043	-0.001630595345998298	-0.0010019080186156604	-0.001797715236132813	0.0010228557335769661	0.0002955085069047403
0.0010493516441592021	5.4420996414394907e-05	-0.003885528084230039	-7.036035706065036e-05	-3.3576256956990846e-06	0.005504184512092891	0.0007732181353474754	-0.00032858548866965265
-0.00356894392309437	0.00017923979552869618	-0.003885528084230039	0.0023011968261232862	0.001681696162356472	0.008999110887311979	-0.00016292285801533524	0.0005451461051346751
-0.0038185815213247487	-0.0001952166018155399	-0.00238770249485043	0.00011686784161124564	0.0016192867627988772	0.0028829897306787977	-0.002347251842527376	-0.0005158136873424368
-0.0012597961394671398	-7.988403143199818e-06	-0.0007650581063556317	-0.0016930047455558928	0.0017441055619136225	0.0018844393377588364	-0.002721708239872278	0.00017068970778999493
-0.002944849927519533	-0.0005696729991604421	0.00017108288700695695	-0.0016930047455558928	-0.00037781402304082334	0.004568043518730969	-0.0032209834363317036	-0.0008902700846877831
-0.002258346532387101	-7.988403143199818e-06	0.0023554118715187755	-0.0006320449530783367	-0.001064317418172811	0.0014475735408561174	-0.0036578492332342005	0.00023309910734714556
5.080125124012902e-05	-0.00013280720225838927	0.004664559655146006	-0.0018802329442284549	-0.0010019080186156604	-0.004980594613565037	-0.004656399626154162	-0.0005158136873424368
0.00030043884946961974	0.000241649195086735	0.005039016052490908	0.00017927724116884036	-0.0015635926146329027	-0.0074145611963074565	-0.004219533829251665	0.00042032730601948565
-0.0036313533226519645	-0.0009441293965055664	0.0019185460746169447	-0.0013185483482112126	-0.0030614182040125115	-0.011221534569313851	-0.006029406416419469	-0.0006406324864576263
-0.006127729304951091	-0.0011313575951783506	-0.001326742702373096	-0.0006944543526359315	-0.0024997336079952692	-0.013281044754711147	-0.005904587617303836	0.00017068970778999493
-0.006939051499199156	-0.0015058139925232528	-0.003199024689097607	-0.0026291457389182593	-0.0018756396124204322	-0.013405863553826336	-0.004032305630579769	-0.0006406324864576263
-0.01105807186999308	-0.001256176394293318	-0.005695400671397177	-0.0025667363393606646	-0.003186237003127701	-0.009661299580376648	-0.0007246074540325775	0.00023309910734714556
-0.011869394064240257	-0.0016930421911955928	-0.008004548455023963	-0.0038773337300679334	-0.003623102800029976	-0.006603239002059835	0.0024582719233994244	-0.000703041886014999
-0.00837446768902117	-0.001443404592965658	-0.007442863859006277	-0.005063112321660457	-0.0015635926146329027	-0.006665648401617208	0.005141876104371335	-0.00014135728999775665
-0.010309159075303054	-0.001256176394293318	-0.0051961254749370855	-0.0018802329442284549	-0.0024997336079952692	-0.010347802975508635	0.006577292294193793	-0.0007654512855728157
-0.004817131914244266	-0.000819310597390821	-0.0022628836957347964	-0.002067461142900795	-0.0009394986190585097	-0.018024159121080352	0.007950299084458656	0.00017068970778999493
0.001735855039292078	-0.0006944917982760757	0.0017313178759441605	-0.000569635553520742	0.0004959175707639485	-0.020270897505149543	0.009136077676050514	-0.000703041886014999
0.001735855039292078	-0.00038244480048810203	0.002105774273289285	0.0032997472190432475	-0.0007522704203855035	-0.020270897505149543	0.010009809269855507	0.0001082803082324002
0.00510596261539642	-0.0007569011978332263	0.002043364873731246	-0.0028163739375903774	-0.0016884114137480921	-0.02114462909895476	0.008948849477378173	-0.0008902700846877831
0.001298989242389137	-0.00032003540093117344	0.00010867348744958427	-0.0008192731517511209	-0.0030614182040125115	-0.010971896971083916	0.009448124673838265	0.0001082803082324002
5.080125124012902e-05	-0.0005696729991604421	-0.0017636084992751488	-0.001443367147325958	-0.0033110558022428904	-0.0026090374303804342	0.007763070885785872	-0.0008278606851301884
0.0028592242313263405	0.00011683039597198963	-0.0026997494926375154	-0.0012561389486531738	-0.0009394986190585097	0.0018220299382012417	0.0055787419012738315	-7.894789044060602e-05
0.006791016403448813	0.0004912867933166698	-0.002138064896620051	-0.0006320449530783367	0.002243380758373492	0.010122480079347351	0.00451778210879672	-0.0007654512855728157
0.0022351302357517255	0.001052971389333468	-0.00039060170901028535	0.005359257404440099	0.0019313337605864067	0.01592655423819367	0.006265245296405819	0.00017068970778999493
0.005542828412298473	0.000865743190661572	0.0013568614785992583	0.002113968627451168	0.0024306089570464984	0.002134076935988549	0.005204285503928707	-0.0005782230869000315
0.015153875944152073	0.0013650183871212196	0.003915646860455979	-0.001006501350423461	0.004490119142443572	-0.006728057801175247	0.00439296330968153	0.000357917906462335
0.00860088899061573	0.0007409243915463826	0.003915646860455979	0.002550834424353221	0.003553978149080761	0.0010107077439536205	0.0037064599145490984	-0.0007654512855728157
0.003982593423361713	0.000865743190661572	0.00453974085603126	0.003799022415503339	0.0029922935530635186	0.0030702179293509158	0.0028327283207443266	0.00023309910734714556
0.0029216336308843793	0.0006161055924316372	0.00684888863965849	0.004235888212405614	0.0017441055619136225	-0.0036075878233003955	0.0022710437247270843	-0.0005782230869000315
0.00491873441672408	0.0004912867933166698	0.007785029633020413	-0.0018802329442284549	0.0021809713588163415	-0.009723708979934242	0.0020214061264967054	0.0002955085069047403
-0.0009477491416800543	-0.00025762600137313463	0.006474432242313366	-0.003502877332723253	-0.001938049011978027	-0.008101064591439888	0.001272493331807345	-0.0007654512855728157
-0.0006981115434503415	0.0004912867933166698	0.005163834851605653	0.0007409618371860827	-0.0018132302128632816	-0.003545178423743245	0.0022086343251694895	0.00048273670557708037
0.0022975396353093203	-0.0001952166018155399	0.0033539622644385148	-0.0023795081406883245	0.00024627997253445777	-0.005542279209582279	0.0005859899366751353	-0.0006406324864576263
-0.0015718431372551134	5.4420996414394907e-05	0.00185613667505935	-0.00044481675440599666	0.00037109877164875904	-0.0038572254215303303	0.0005859899366751353	0.0001082803082324002
-0.0034441251239796244	-0.00013280720225838927	0.00017108288700695695	0.0003040960402840298	-0.0012515456168455952	-0.004418910017548017	0.0010228557335769661	-0.0005782230869000315
0.0019230832379648621	0.000241649195086735	-0.0017636084992751488	-0.00044481675440599666	0.0008703739681088507	-0.006041554406042815	0.0024582719233994244	0.000357917906462335
0.0024223584344245097	-0.0001952166018155399	-0.0028245682917522608	-7.036035706065036e-05	0.0017441055619136225	-0.0054798698100246845	0.0026455001220722085	-0.0006406324864576263
-0.001010158541237649	0.00011683039597198963	-0.00294938709086745	0.001739512230106044	0.0010576021667816349	-0.0027338562294958457	0.0022086343251694895	0.0002955085069047403
-0.001634252536812264	-7.039780270079454e-05	-0.0023252930952928352	0.0016146934309912986	0.002243380758373492	0.003195036728465661	-0.0005373792553597934	-0.0005782230869000315
-0.0011349773403528385	-7.988403143199818e-06	-0.0016387897001599594	-0.0006944543526359315	0.0006831457694362886	0.0073140570992600296	0.001709359128709842	0.00023309910734714556
-0.004005809719997089	-0.00038244480048810203	-0.0012643333028148351	-0.002941192736705567	-0.004559243793392342	0.006190687907225323	0.0035192317158765363	-0.0007654512855728157
-0.0008853397421226816	-0.00025762600137313463	0.0007951768825815719	-0.0015057765468835527	-0.003623102800029976	-0.0016728964370182897	0.0035192317158765363	0.0001082803082324002
0.007914385595483298	-0.0001952166018155399	-7.855471122275581e-05	-0.0030036021362631615	0.0009951927672240402	-0.006852876600289548	0.0020214061264967054	-0.0004534042877848421
0.004419459220263544	0.0003664679942012583	-0.0013891521019302466	0.0016771028305484492	0.0013072397650120138	0.0025085333333336735	0.0026455001220722085	0.0006075555046922698
-0.0038809909208823434	-7.988403143199818e-06	-0.0023252930952928352	0.005421666803997693	-0.0005026328221555687	0.009560795483329665	0.0036440505149917257	-0.00032858548866965265
-1.1608148318353884e-05	5.4420996414394907e-05	-0.001950836697947933	-0.00013276975661868917	0.0005583269703210991	0.0018220299382012417	0.0037064599145490984	0.0002955085069047403
0.000674895246814522	-0.00025762600137313463	-0.0022628836957347964	-0.00450142772564277	-0.0006898610208279088	-0.0016728964370182897	0.003581641115434131	-0.0005782230869000315
-0.0023831653315022905	-7.039780270079454e-05	-0.0035734810864422872	-0.0023170987411302857	-0.0021876866102079617	0.0035070837262529686	0.005765970099946616	0.000357917906462335
-0.008561695887693954	-0.000819310597390821	-0.0064443134660863155	-0.001006501350423461	-0.003186237003127701	0.001759620538643647	0.004642600907911465	-0.00039099488822769146
-0.006065319905394384	-0.0011313575951783506	-0.007692501457236656	-0.0016930047455558928	-0.0009394986190585097	-0.007289742397192045	0.0019589967269393327	0.0002955085069047403
-0.006627004501411182	-0.0016930421911955928	-0.007005998062104446	-0.004251790127412836	-0.0014387738155183794	-0.010597440573739236	-0.00022533225757248587	-0.000703041886014999
-0.012056622262913264	-0.0016306327916384422	-0.006194675867857047	-0.0011937295490960231	-0.0039975591973751	-0.006790467200731953	0.00027394293888738375	-1.6538490883011292e-05
-0.008249648889906425	-0.0016930421911955928	-0.005757810070954328	-0.002254689341572691	-0.0030614182040125115	-0.009286843183031968	-0.001286292050050264	-0.000703041886014999
-0.0008229303425650869	-0.001006538796063161	-0.003386252887769947	-0.0036276961318375545	0.00012146117341926832	-0.011595990966659198	-0.0024096612420845265	0.000357917906462335
-0.006689413900968777	-0.0013185857938504686	-0.0024501118944075806	-0.0018178235446708602	-0.001938049011978027	-0.005854326207370031	-0.0032833928358892983	-0.0006406324864576263
-0.007812783093003928	-0.0010689481956203117	-0.0012019239032574625	0.00017927724116884036	-0.002562143007552864	-0.0006743460440983284	-0.002097614244296997	-7.894789044060602e-05
-0.0011349773403528385	-0.0008817199969479717	-1.6145311665605178e-05	-0.0018178235446708602	-0.0009394986190585097	-0.0025466280308230616	-0.002347251842527376	-0.0007654512855728157
0.002984043030441752	-7.039780270079454e-05	0.0011696332799269182	-0.0030660115358207563	0.00037109877164875904	-0.0008615742427711126	-0.0026592988403149054	0.000357917906462335
-0.005628454108491665	-0.0005696729991604421	0.0010448144808117288	-0.001443367147325958	-0.002312505409322707	0.005192137514305584	-0.003345802235447337	-0.0006406324864576263
-0.005253997711146763	-0.00032003540093117344	0.0016064990768291931	-7.036035706065036e-05	-0.0014387738155183794	0.005067318715190394	-0.002908936438544618	0.00017068970778999493
0.0019854926375215687	-0.00013280720225838927	0.0017937272755017553	-0.0013185483482112126	0.0006207363698791379	-0.0018601246356910739	-0.0028465270389874675	-0.0005158136873424368
0.006042103608758342	0.0004912867933166698	0.0036035998626688936	5.445844205365091e-05	0.002056152559701152	-0.003045903227283153	-0.0005373792553597934	0.00017068970778999493
0.004232231021591204	0.0005536961928740425	0.004352512657358476	0.002363606225680881	0.0011200115663392296	-0.0009239836423282632	0.002146224925612117	-0.000703041886014999
0.008226432593270383	0.0011153807888915068	0.0044773314564736655	0.002738062623025561	0.0026178371557188385	-0.0023593998321502774	0.004018506912336184	0.0002955085069047403
0.010722808575570397	0.0007409243915463826	0.003915646860455979	0.0014274652323187365	0.0028050653543911785	-0.004169272419317638	0.00439296330968153	-0.0006406324864576263
0.009224982986190344	0.0011153807888915068	0.0038532374608983844	0.0018019216296631946	0.002680246555275989	-0.0007367554436559232	0.0060156076981763285	0.0001082803082324002
0.0045442780193787335	0.0009281525902191667	0.002854687067978423	0.002176378027008541	0.0009327833676664454	0.0016348017395284575	0.0066397016937513875	-0.0005782230869000315
0.0068534258030057416	0.0007409243915463826	0.0010448144808117288	0.00036650543984162454	0.001681696162356472	-0.000362299046311243	0.0062028358968482245	0.00017068970778999493
0.0071030634012361205	0.0004288773937590751	0.0007951768825815719	-0.00019517915617606185	0.0017441055619136225	-5.02520485239355e-05	0.0055787419012738315	-0.000703041886014999
0.001486217441061699	0.0004288773937590751	-0.00045301110856788007	0.0012402370336459523	0.0010576021667816349	0.0029453991302361704	0.0048922385061414	0.0002955085069047403
-0.001634252536812264	-7.988403143199818e-06	-0.0010146957045855665	0.0009281900358588668	-3.3576256956990846e-06	0.0033198555275808506	0.0035192317158765363	-0.0005158136873424368
0.0017982644388492286	0.00017923979552869618	-0.0005154205081254748	0.00011686784161124564	0.0009951927672240402	0.0020716675364311765	0.003332003517204196	0.00023309910734714556
0.0007997140459297114	-0.00013280720225838927	-0.00026578290989554	-0.0008192731517511209	-0.00012817642481111058	0.002009258136873582	0.0023958625238418296	-0.0006406324864576263
-0.0006357021438927468	5.4420996414394907e-05	0.00017108288700695695	-0.0002575885557332125	-0.0008146798199430982	0.0031326273289080664	0.0026455001220722085	0.0001082803082324002
-0.0005108833447780015	-7.988403143199818e-06	0.0006079486839096759	-0.000569635553520742	-0.0010019080186156604	0.0014475735408561174	0.0022710437247270843	-0.0004534042877848421
0.002359949034866471	0.00011683039597198963	0.0006079486839096759	-0.0003199979552912513	0.00018387057297686304	-0.0017353058365758844	0.002583090722514614	0.000357917906462335
0.0009869422446016074	-0.00032003540093117344	0.00023349228656455168	-0.0006944543526359315	-0.0003154046234832286	-0.004169272419317638	0.0022710437247270843	-0.0007654512855728157
0.0009869422446016074	0.0003664679942012583	4.626408789198955e-05	5.445844205365091e-05	0.00018387057297686304	-0.003982044220645076	0.0036440505149917257	0.0005451461051346751
5.080125124012902e-05	-7.988403143199818e-06	-0.0007026487067980369	-0.0007568637521930821	-0.0005026328221555687	-0.004356500617990422	0.003394412916761347	-0.0004534042877848421
0.0012365798428319863	5.4420996414394907e-05	-0.0009522863050279717	-0.0008192731517511209	0.0003086893720920525	-0.003295540825512644	0.003831278713664288	0.0002955085069047403
