Sensor_1	Sensor_2	Sensor_3	Sensor_4	Sensor_5	Sensor_6	Sensor_7	Sensor_8
0.00852799481193256	0.0017895021591514126	0.004835570771343223	0.002804800114442507	0.0030567468604558723	0.0035967941176471285	0.004395316144045314	0.0009695705882357686
0.008777632410162495	0.0014774551613643272	0.005397255367360909	0.002617571915770611	0.0028695186617837543	0.003721612916761874	0.004582544342717876	-2.8979804684414745e-05
0.008777632410162495	0.001976730357824197	0.0055220741664756545	0.0029920283131150693	0.003306384458686251	0.004033659914549403	0.004957000740062556	0.0009071611886781739
0.0049706590371561	0.0010405893644616082	0.0037122015793089602	0.0018686591210801407	0.001870968268863793	0.0025982437247273893	0.0032095375524525682	-2.8979804684414745e-05
0.005282706034943185	0.0011654081635767977	0.0032129263828488686	0.0018686591210801407	0.0019333776684213877	0.0023486061264974545	0.0033343563515682018	0.000657523590448017
0.004284155642023224	0.0012278175631339483	0.002651241786831404	0.00161902152285065	0.0016837400701914529	0.002411015526055049	0.0030223093537806722	0.0002206577935457421
0.0015381420614937191	0.0007909517662318954	0.00034209400320417416	0.001182155725947709	0.0009348272755014264	0.0015372839322498333	0.001836530762188593	0.0008447517891205791
0.0006644104676889473	0.0002916765697718038	-0.00028199999237066287	0.0005580617303730939	0.0004979614785989295	0.0010380087357897416	0.0010252085679405276	-0.00021620800335675483
0.001350913862821601	0.0004789047684443659	-9.477179369787869e-05	0.0008701087281606235	0.0011220554741742106	0.0010380087357897416	0.0008379803692686316	0.0004702953917756769
4.031647211455436e-05	0.0002916765697718038	0.0005293222018769583	0.0009949275272753688	0.0008724178759438317	0.0006635523384455055	-9.816062409417903e-05	-0.00027861740291434955
0.00022754467078645035	0.00016685777065661433	0.0006541410009912596	5.878653391300226e-05	0.0008724178759438317	-0.000272588654916861	-0.000722254619669016	0.0004078859922180822
-0.0004589587243455373	0.0001044483710994637	0.0015278725947960314	0.0003708335317009759	0.00024832388036943875	0.00010186774242781915	-0.0005974358205538266	-0.0003410268024719443
0.0005395916685739799	0.0004789047684443659	0.002089557190814162	0.0008701087281606235	0.0001235050812542493	-0.00045981685358986724	-9.816062409417903e-05	0.0005327047913332716
0.0009140480659193262	-0.00027000802624566056	0.001215825597008946	-0.0010645826581214823	-0.0008750453116654899	-0.0022696894407570056	-0.000909482818340912	-0.000590664400701435
0.001350913862821601	0.0003540859693293985	0.0002172752040894288	0.0004332429312581265	-1.3137178607181e-06	-0.000896682650491698	-0.0002853888227665191	0.0004702953917756769
0.0003523634699016398	4.2038971541424885e-05	-0.0014053691844053695	0.0001836053330281917	0.0001235050812542493	-0.0002101792553592663	-0.000909482818340912	-0.0004034362020286508
0.000102725871671705	0.00022926717021398701	-0.0020294631799802065	0.0012445651255053036	0.0011220554741742106	-0.0002101792553592663	-0.0018456238117035006	0.00034547659266048747
-0.0007085963225759162	-0.0003948268253604059	-0.004088973365377502	-0.0010021732585641097	0.0011844648737313612	-0.0010215014496068875	-0.003905133997101018	-0.0005282550011438403
-0.0011454621194784131	0.0002916765697718038	-0.005087523758297463	0.0005580617303730939	0.0017461494697486035	0.0018493309300373628	-0.003031402403295802	0.0005951141908908664
-0.002206421911955525	-2.037042801528166e-05	-0.006335711749447137	-3.6228656445924656e-06	0.0004979614785989295	0.0027230625238419126	-0.0024697178072785597	-0.0005282550011438403
4.031647211455436e-05	0.00022926717021398701	-0.005961255352101791	5.878653391300226e-05	-0.00018854191653305818	0.0022861967269398598	-0.0010343016174563235	0.0004078859922180822
0.0009140480659193262	4.2038971541424885e-05	-0.004837886160067084	-0.0005653074616613907	-0.0011246829098958688	0.0010380087357897416	-9.816062409417903e-05	-0.0004034362020286508
0.001350913862821601	-0.00020759862668806583	-0.0030904229724575405	0.0004956523308154992	-0.0011246829098958688	3.945834287022443e-05	0.0006507521705962915	3.3429594873402024e-05
0.0008516386663617315	4.2038971541424885e-05	-0.0008436845883879052	0.0004956523308154992	-0.0001261325169761296	-0.0012087296482794496	-3.5751224536140214e-05	-0.0003410268024719443
-0.0031425629053178916	-0.0008941020218204976	3.0047005416866668e-05	-0.0011894014572366718	0.0005603708781560801	-0.0021448706416422603	-0.002594536606393749	3.3429594873402024e-05
-0.011193375448233844	-0.0010813302204928377	0.0042738861753264246	0.0004332429312581265	-0.0008750453116654899	-0.0018952330434114373	-0.003031402403295802	-0.0003410268024719443
-0.01056928145265923	-0.0010813302204928377	0.00514761776913053	-0.005558059426260531	-0.0036834682917530337	-0.0062638910124357405	-0.0035306775997554496	0.0004078859922180822
-0.006637489280536757	-0.0014557866178377399	0.002276785389486502	-0.007804797810330166	-0.00624225367360931	-0.0014583672465093844	0.0012124367666133118	-0.00046584560158668964
-0.013377704432745885	-0.0008941020218204976	0.0009661879987792332	0.0003708335317009759	-0.008176945059892304	0.0012252369344627478	0.0054562759365222036	0.0004078859922180822
-0.0011454621194784131	-0.0013933772182805892	-0.0011557315861754347	-0.006681428618295904	-0.004869246883345113	-0.006139072213321439	0.0038336315480280714	-0.0004034362020286508
-0.0012702809185927144	-0.000582055024032968	-0.0030904229724575405	-0.0007525356603337308	-0.00212323330281583	-0.004329199626154079	0.0031471281528954176	0.0005327047913332716
-0.0037666569008927286	-0.001018920820935243	-0.002965604173342573	0.0029296189135576967	0.002245424666208473	0.00016427714198541388	0.003084718753337823	-0.000590664400701435
-0.00563893888761724	-0.00020759862668806583	0.0019023289921418218	0.00586286069275932	0.001434102471961296	-0.0015207766460669792	0.00283508115510811	0.0005327047913332716
0.0027863300526436152	-0.00020759862668806583	0.0022143759899289073	-0.003685777439536686	0.0006851896772712696	-0.004266790226596262	0.0010252085679405276	-0.00021620800335675483
0.0009764574654760327	-2.037042801528166e-05	0.0019023289921418218	-0.0033113210421908956	-0.0017487769054707059	0.007154129892424255	0.004832181940947811	0.0005951141908908664
-0.011068556649118655	-0.0001451892271304711	0.0023391947890436526	0.003865759906919397	-0.006491891271839467	0.010024962272068727	0.006142779331655079	-0.00027861740291434955
0.00621884702830533	4.2038971541424885e-05	0.001652691393911443	-0.009302623399709775	-0.0017487769054707059	-0.0005846356527046126	0.00015147697413664396	0.0004702953917756769
0.007217397421225291	0.0004789047684443659	0.0021519665903713125	-0.0012518108567938224	0.001434102471961296	0.004033659914549403	-0.0003477982223238918	-0.0004034362020286508
-0.0021440125123979303	0.0013526363622486937	0.00508520836957338	0.009794652864881348	0.0032439750591286565	0.006280398298619039	0.000962799168383377	0.0008447517891205791
0.009713773403524861	0.0011654081635767977	0.009578685137712206	0.001369383924620271	0.006551673235675404	-0.007200032005798551	-0.0033434494010833316	-9.138920424200947e-05
0.013770384374761191	0.0012278175631339483	0.010015550934614925	0.0001836053330281917	0.005802760440985377	-0.01081977718013305	-0.00484127499046294	0.0004078859922180822
0.007966310215915318	0.0010405893644616082	0.008954591142138035	0.00024601473258578643	0.0021830152666513225	0.0008507805371174015	-3.5751224536140214e-05	-0.0006530738002590297
-0.00426593209735282	0.0014774551613643272	0.013198430312046927	0.006549364087891751	-0.0006878171129929278	0.004720163309681391	0.003646403349355287	0.0005951141908908664
0.008902451209277684	0.0008533611657894902	0.015569987495231308	-0.004996374830243733	0.0021206058670937278	-0.007824126001372944	-0.0020952614099338795	-0.0001537986037996042
0.009152088807507619	0.0007909517662318954	0.013323249111162117	-0.005183603028915851	0.002058196467536133	-0.004766065423056132	-0.004029952796215319	0.0004078859922180822
-0.008759408865491869	0.0002916765697718038	0.011950242320897031	0.003990578706035031	0.0024326528648814794	0.006217988899061444	-0.0015335768139161932	-0.0006530738002590297
-0.005451710688944678	0.0004789047684443659	0.014571437102311346	0.0044274445029373055	0.00530348524452573	0.00028909594110015924	-0.002594536606393749	0.0004078859922180822
0.006780531624323238	0.0004164953688867712	0.015008302899214065	-0.0013766296559090119	0.0055531228427558865	-0.009197132791637808	-0.005278140787365437	-0.00027861740291434955
0.004284155642023224	0.00016685777065661433	0.012823973914702025	-0.0020631330510414436	0.0019333776684213877	-0.0016455954451817245	-0.0018456238117035006	0.00028306719310333683
-0.008696999465934274	0.0002916765697718038	0.010577235530632167	0.00430262570382256	-0.00212323330281583	0.008839183680476648	0.004894591340505405	-0.00027861740291434955
0.0010388668650336275	0.0004789047684443659	0.008392906546120127	0.0004332429312581265	-0.0018111863050283006	0.003721612916761874	0.006142779331655079	0.0007823423895632065
0.009651364003967267	-2.037042801528166e-05	0.004024248577095824	-0.007055885015640584	-0.0035586494926374	-0.0010215014496068875	0.0033967657511253524	-0.0003410268024719443
-2.2092927443928545e-05	0.0010405893644616082	-0.00021959059281306814	-0.00050289806210424	-0.002747327298390223	0.010087371671625878	0.007016510925459851	0.001094389387350514
-0.0071367644769966265	0.0003540859693293985	-0.004026563965819907	0.005425994895857045	-0.0018111863050283006	0.011647606660563525	0.0069541015259022565	-2.8979804684414745e-05
0.007030169222552507	0.0004164953688867712	-0.004713067360952561	0.00024601473258578643	0.004242525452048174	0.0009131899366749963	0.0025230341573205806	0.0007823423895632065
0.006468484626535265	0.00016685777065661433	-0.00340246997024507	0.00030842413214338116	0.004367344251163363	0.0007259617380026562	0.0018989401617452994	-9.138920424200947e-05
-0.00620062348363426	0.0008533611657894902	-0.0011557315861754347	0.006549364087891751	-0.00018854191653305818	0.00677967349507913	0.006017960532540112	0.0009695705882357686
0.0006020010681315746	0.00016685777065661433	0.0010910067978944227	-0.0015014484550242013	-0.0005629983138786265	0.002473424925612644	0.005081819539177301	-0.00021620800335675483
0.005594753032730937	0.0003540859693293985	0.004336295574883353	-0.0024999988479437185	0.0001235050812542493	0.0008507805371174015	0.003958450347143039	0.0007199329900056117
-0.0016447373159378387	0.00022926717021398701	0.00739435615320061	-0.0015014484550242013	-0.0015615487067979217	0.0032223377203022263	0.0038336315480280714	-9.138920424200947e-05
-0.006450261081864639	0.00016685777065661433	0.009516275738154834	0.0009325181277182182	-0.0026225084992754777	0.002036559128709925	0.003708812748912882	0.0005327047913332716
0.003472833447776047	0.00016685777065661433	0.009890732135499736	-0.002187951850156633	0.0004979614785989295	-0.003455468032348863	0.0013372555657285012	-9.138920424200947e-05
0.005095477836270845	0.0004164953688867712	0.008767362943465251	-0.001126992057679077	0.0019957870679789824	-0.0016455954451817245	0.0010252085679405276	0.0007199329900056117
-0.006325442282749449	0.00016685777065661433	0.006770262157625773	0.0029296189135576967	-0.0005005889143205877	0.0021613779278251144	0.0010876179674981223	-0.00027861740291434955
-0.00563893888761724	-0.00020759862668806583	0.0032753357824064633	-0.001563857854581352	-0.00031336071564824763	-0.0010839108491644822	-0.0016583956130309385	0.0008447517891205791
-0.004453160296024716	-0.0007068738231477134	0.0005293222018769583	-0.003935415037766177	-0.0006254077134362213	-0.002394508239871307	-0.004591637392233006	-2.8979804684414745e-05
-0.00963314045929664	-0.0008941020218204976	0.0005917316014345531	-0.0016262672541389467	-0.0006254077134362213	0.0013500557335774932	-0.00477886559090579	0.000657523590448017
-0.014064207827878317	-0.001018920820935243	0.0021519665903713125	-0.001126992057679077	-0.0006878171129929278	0.001599693331807428	-0.005715006584267712	-0.0001537986037996042
-0.007261583276112038	-0.000831692622263347	0.0036497921797513655	-0.0031240928435189996	0.0004979614785989295	-0.0012087296482794496	-0.006463919378957739	0.0007823423895632065
-0.005514120088502272	-0.001018920820935243	0.004461114373998543	-0.003436139841306307	-0.0005629983138786265	-0.00045981685358986724	-0.006027053582055464	-0.0001537986037996042
-0.006325442282749449	-8.277982757287639e-05	0.006770262157625773	-0.0003780792629894947	-0.0007502265125505225	0.0035967941176471285	-0.002656946005951122	0.001094389387350514
-0.006263032883192299	-0.00045723622491844473	0.0072071279545278255	-0.0006277168612189854	-0.0021856427023729808	0.0018493309300373628	-0.0019080332112610954	0.00015824839398814738
0.0037224710460059818	0.00022926717021398701	0.008330497146562532	-0.002187951850156633	-0.00018854191653305818	0.0005387335393303161	-0.00016057002365132966	0.0010319799877929192
0.00016513527122885563	-0.00020759862668806583	0.006770262157625773	-0.0009397638590065149	-0.0019984145037001966	0.002223787327382265	0.00052593337148088	-0.0001537986037996042
-0.0005213681239035761	0.0003540859693293985	0.0053348459678033144	0.0004332429312581265	-0.0005005889143205877	0.005219438506141927	0.002023758960860489	0.0008447517891205791
-0.0010206433203632237	0.0001044483710994637	0.0034001545815214307	0.0006204711299306886	0.0003107332799270335	0.005157029106584554	0.0013372555657285012	9.583899443099675e-05
0.001975007858395994	0.0004789047684443659	0.0021519665903713125	-0.00012844166475933783	0.0019957870679789824	0.0059059419012741365	0.0015244837644010634	0.0007823423895632065
0.0017253702601665033	0.0007909517662318954	0.003088107583733679	0.0015566121232930552	0.0016213306706338582	0.008090270885786177	0.0038336315480280714	-2.8979804684414745e-05
0.005407524834058153	0.0014150457618067325	0.0036497921797513655	0.0021807061188678922	0.0024326528648814794	0.007528586289768935	0.006080369932097485	0.0007823423895632065
0.00884004180972009	0.0013526363622486937	0.0034001545815214307	0.0006828805294878393	0.002744699862668565	0.005032210307469365	0.005955551132982073	0.0002206577935457421
0.009651364003967267	0.0018519115587090074	0.0042738861753264246	0.003241665911345004	0.003306384458686251	0.005968351300831731	0.007328557923246937	0.0009695705882357686
0.008340766613259998	0.0016022739604786285	0.005272436568246164	0.0038033505073626905	0.0028695186617837543	0.004844982108797025	0.007141329724575041	-9.138920424200947e-05
0.009776182803082456	0.0016022739604786285	0.0061461681620504915	0.0029296189135576967	0.0034936126573590354	0.002847881322957546	0.006330007530326975	0.0008447517891205791
0.00621884702830533	0.0006037235675591113	0.005584483566033249	0.0018686591210801407	0.001870968268863793	0.002036559128709925	0.004395316144045314	-0.00027861740291434955
0.005719571831845682	0.0014774551613643272	0.00726953735408542	0.0018686591210801407	0.002307834065766068	0.00478257270923943	0.005206638338292491	0.0008447517891205791
0.0008516386663617315	0.0006037235675591113	0.006270986961166125	0.0001836053330281917	0.00043555207904133475	0.005032210307469365	0.0033343563515682018	-0.00021620800335675483
-0.00014691172655822982	0.0002916765697718038	0.006208577561608086	-0.0006901262607765801	0.0004979614785989295	0.004844982108797025	0.0020861683604178616	0.0005327047913332716
-0.0013326903181507532	4.2038971541424885e-05	0.006583033958953433	-0.0015014484550242013	0.00024832388036943875	0.004345706912336933	0.0009003897688257823	-0.0005282550011438403
-0.0021440125123979303	0.0004164953688867712	0.007706403150987695	-6.603226520129901e-05	0.0009972366750590211	0.004283297512779338	0.0010876179674981223	0.0005327047913332716
-0.0012702809185927144	0.0002916765697718038	0.007956040749218074	-0.0004404886625466453	0.001246874273288956	0.0019117403295949575	0.00027629577325094523	-0.0003410268024719443
0.00016513527122885563	0.00022926717021398701	0.007893631349660035	-0.0004404886625466453	0.0015589212710762634	0.0002266865415425645	0.00015147697413664396	0.0005327047913332716
-2.2092927443928545e-05	0.00022926717021398701	0.007831221950103329	0.00030842413214338116	0.0008724178759438317	0.0004139147402153487	-9.816062409417903e-05	-0.00027861740291434955
-8.450232700063509e-05	0.00022926717021398701	0.008330497146562532	0.001369383924620271	0.001870968268863793	0.0016621027313650227	-3.5751224536140214e-05	0.00034547659266048747
-0.00014691172655822982	-8.277982757287639e-05	0.008268087747005382	-0.0018759048523691035	-0.00031336071564824763	0.0011004181353473363	0.00015147697413664396	-0.0003410268024719443
-0.0006461869230183215	-2.037042801528166e-05	0.00776881255054529	-0.0010021732585641097	-0.0013743205081253596	0.001412465133135088	0.0012124367666133118	0.00034547659266048747
0.000102725871671705	0.00022926717021398701	0.008767362943465251	-0.0001908510643167105	-0.00037577011520584236	0.0006011429388879108	0.0002138863736933505	-0.00027861740291434955
0.0019125984588392875	-2.037042801528166e-05	0.008829772343022624	-0.00050289806210424	0.0018085588693066423	-2.2951056687370297e-05	-0.000722254619669016	0.0004702953917756769
-0.002393650110627865	-8.277982757287639e-05	0.008330497146562532	0.0009325181277182182	0.001434102471961296	0.0021613779278251144	-0.0010967110170139183	-0.0003410268024719443
-0.0008958245212482563	-0.00020759862668806583	0.00739435615320061	0.00030842413214338116	0.0013092836728469948	0.0036592035172047233	-0.0003477982223238918	0.00028306719310333683
0.00022754467078645035	0.0001044483710994637	0.006707852758068178	-0.0009397638590065149	0.0007475990768286422	0.0038464317158770633	-0.00041020762188104243	-0.00021620800335675483
-0.0010830527199208184	4.2038971541424885e-05	0.006270986961166125	-0.0008149450598917696	0.00024832388036943875	0.004844982108797025	-0.0002229794232089244	0.0004702953917756769
-0.0018319655146106228	0.0004164953688867712	0.006395805760280426	-0.00031566986343189996	0.0003107332799270335	0.005656304303044646	0.0004011145723661347	3.3429594873402024e-05
4.031647211455436e-05	0.000666132967116706	0.0059589399633785956	-0.00012844166475933783	0.0006851896772712696	0.0046577539101246845	0.0010252085679405276	0.0009071611886781739
-0.0012078715190360079	4.2038971541424885e-05	0.004585933173113732	-0.00050289806210424	-1.3137178607181e-06	0.0019117403295949575	-9.816062409417903e-05	-2.8979804684414745e-05
-0.005576529488059867	-0.00020759862668806583	0.0023391947890436526	-0.0008773544594489202	-0.0005005889143205877	-0.000896682650491698	-0.0019080332112610954	0.0009071611886781739
-0.008821818265048798	-0.0011437396200504324	0.0002796846036470235	-0.0023127706492709343	-0.00212323330281583	-0.003268239833676967	-0.003655496398870639	-0.00027861740291434955
-0.007511220874341529	-0.000582055024032968	-3.236239414072806e-05	-0.0018759048523691035	-0.0015615487067979217	-0.00283137403677447	-0.0030938118028533967	0.0007823423895632065
-0.008197724269474405	-0.0010813302204928377	-0.0007812751888307545	-0.00299927404440381	-0.0020608239032577913	-0.0024569176394289016	-0.0033434494010833316	-2.8979804684414745e-05
-0.008010496070801842	-0.0007692832227057522	-0.0009060939879454999	-0.002437589448386124	-0.0016863675059131111	-0.000709454451819358	-0.0025321272068357104	0.0007823423895632065
-0.00844736186770434	-0.0009565114213780923	-0.0012181409857325853	-0.002375180048828973	-0.001936005104143046	0.0002266865415425645	-0.00197044261081869	-0.0001537986037996042
-0.004702797894255095	-0.0005196456244753733	-0.0004068187914854082	-0.002375180048828973	-0.0008750453116654899	0.0005387335393303161	-0.0007846640192266108	0.0007199329900056117
-0.003891475700007918	-0.00045723622491844473	0.0004045034027617689	-0.0016886766536965414	-0.0009374547112235287	0.001412465133135088	8.906757457816106e-05	-9.138920424200947e-05
-0.0017071467154954334	-0.00020759862668806583	0.0015902819943540702	-0.00025326046387386114	6.109568169665458e-05	0.0025982437247273893	0.0012748461661709065	0.0005951141908908664
-0.0012078715190360079	-0.000582055024032968	0.001652691393911443	-0.0010021732585641097	-0.0004381795147634371	0.0019117403295949575	0.0010876179674981223	-0.000590664400701435
0.0003523634699016398	-8.277982757287639e-05	0.002713651186388999	-0.00025326046387386114	-0.0002509513160906529	0.00266065312428454	0.002023758960860489	0.0005327047913332716
-0.0008958245212482563	-0.000582055024032968	0.0027760605859465937	-0.0007525356603337308	-0.00106227351033783	0.0021613779278251144	0.0015244837644010634	-0.000590664400701435
0.002162236057068556	0.0003540859693293985	0.004773161371786072	-3.6228656445924656e-06	0.00037314267948374	0.003284747119859821	0.0025854435568781753	0.0004702953917756769
0.004533793240253159	0.0001044483710994637	0.006957490356298557	0.0006204711299306886	0.0007475990768286422	0.00459534451056709	0.003459175150682503	-0.0007778925993739971
0.006530894026092859	0.0004789047684443659	0.008455315945677722	0.0012445651255053036	0.0016213306706338582	0.005843532501716542	0.004457725543602686	-2.8979804684414745e-05
0.006031618829632768	0.000666132967116706	0.009141819340810597	0.0008076993286034728	0.0017461494697486035	0.006030760700389104	0.004332906744487719	-0.0006530738002590297
0.008215947814144808	0.0011654081635767977	0.010514826131075017	0.0017438403219653953	0.0029943374608984996	0.007091720492866216	0.005081819539177301	0.00034547659266048747
0.007591853818570415	0.0009781799649042355	0.010889282528419253	0.00161902152285065	0.0028695186617837543	0.007029311093309065	0.004582544342717876	-0.000590664400701435
0.006530894026092859	0.0011654081635767977	0.009890732135499736	0.0017438403219653953	0.0034312032578009966	0.0065300358968489736	0.0038336315480280714	0.0004702953917756769
0.003472833447776047	0.0004789047684443659	0.008455315945677722	0.001182155725947709	0.0024326528648814794	0.005406666704814267	0.0021485777599756783	-0.0005282550011438403
0.0044089744411379694	0.0008533611657894902	0.008954591142138035	0.0014317933241780878	0.0029943374608984996	0.005531485503929456	0.0021485777599756783	0.0004078859922180822
0.0009140480659193262	0.0004164953688867712	0.0072071279545278255	0.0003708335317009759	0.0016213306706338582	0.0044705257114523445	0.0007131615701534422	-0.0004034362020286508
0.000102725871671705	0.0004164953688867712	0.007519174952315355	0.0003708335317009759	0.001246874273288956	0.004033659914549403	0.00052593337148088	0.0005327047913332716
-8.450232700063509e-05	0.00016685777065661433	0.00726953735408542	-0.0005653074616613907	0.0006851896772712696	0.0031599283207446316	2.6658175021010422e-05	-0.0003410268024719443
0.00047718226901638516	0.00022926717021398701	0.007019899755855263	-0.00025326046387386114	0.0007475990768286422	0.0027230625238419126	0.0002138863736933505	0.0004078859922180822
-0.0005213681239035761	0.00016685777065661433	0.006520624559395838	-0.0001908510643167105	0.0005603708781560801	0.0027854719234001735	0.00033870517280853996	-0.0004034362020286508
-0.0005213681239035761	-0.00020759862668806583	0.0061461681620504915	-0.0004404886625466453	0.00043555207904133475	0.0018493309300373628	0.00015147697413664396	-2.8979804684414745e-05
-0.0006461869230183215	-0.0003948268253604059	0.005397255367360909	-0.0009397638590065149	0.00024832388036943875	0.0008507805371174015	-3.5751224536140214e-05	-0.0008403019989318139
-0.0007085963225759162	-0.000582055024032968	0.004461114373998543	-0.0007525356603337308	0.0001235050812542493	0.000788371137560695	0.00033870517280853996	-0.0001537986037996042
-0.0010206433203632237	-0.00027000802624566056	0.004835570771343223	-0.0005653074616613907	0.00024832388036943875	0.0007259617380026562	0.0007131615701534422	-0.0006530738002590297
-2.2092927443928545e-05	-8.277982757287639e-05	0.0047107519722289215	-0.0004404886625466453	0.0006227802777141189	0.0006011429388879108	0.0013996649652854298	0.0004078859922180822
-0.0008958245212482563	-0.0001451892271304711	0.004773161371786072	-0.0001908510643167105	0.0001235050812542493	0.0010380087357897416	0.0016493025635158087	-0.0005282550011438403
-0.00033413992523123603	-2.037042801528166e-05	0.004336295574883353	-0.00050289806210424	0.00018591448081184403	0.0006635523384455055	0.0018989401617452994	0.0004078859922180822
-0.0003965493247879426	-8.277982757287639e-05	0.004585933173113732	-0.0005653074616613907	6.109568169665458e-05	0.000975599336232591	0.0018989401617452994	-0.0003410268024719443
0.0003523634699016398	-2.037042801528166e-05	0.005022798970015785	0.00030842413214338116	0.00043555207904133475	0.0021613779278251144	0.0022733965590906458	0.0002206577935457421
-0.0005213681239035761	-0.0003948268253604059	0.005896530563821001	-0.0006277168612189854	-0.00018854191653305818	0.002411015526055049	0.001586893163958214	-0.0006530738002590297
-0.0003965493247879426	-0.0005196456244753733	0.0059589399633785956	-0.00050289806210424	-0.0001261325169761296	0.003471975318532161	0.001586893163958214	3.3429594873402024e-05
-0.00033413992523123603	-0.0001451892271304711	0.0072071279545278255	-0.0005653074616613907	0.00018591448081184403	0.0044705257114523445	0.0016493025635158087	-0.00046584560158668964
0.00041477286945923453	-0.0001451892271304711	0.00776881255054529	-0.0005653074616613907	0.0006227802777141189	0.004158478713664593	0.0014620743648434686	0.00015824839398814738
-0.002892925307087957	-0.000582055024032968	0.006770262157625773	-0.0010645826581214823	-0.00031336071564824763	0.004096069314106998	-3.5751224536140214e-05	-0.0006530738002590297
-0.007760858472571908	-0.0013309678187229945	0.0035873827801937708	-0.0025624082475013132	-0.0016239581063557385	0.0015372839322498333	-0.0027193554055082725	-2.8979804684414745e-05
-0.00950832166018123	-0.0015806054169529293	0.0021519665903713125	-0.0031240928435189996	-0.002310461501487726	0.0007259617380026562	-0.004092362195773358	-0.0007778925993739971
-0.00863459006637668	-0.0010813302204928377	0.0013406443961241354	-0.0022503612497133396	-0.0016863675059131111	0.0007259617380026562	-0.003905133997101018	0.0004078859922180822
-0.009820368657968759	-0.0017054242160672306	0.0002796846036470235	-0.003061683443961405	-0.0026849178988330724	-0.0010215014496068875	-0.00484127499046294	-0.0005282550011438403
-0.007261583276112038	-0.000831692622263347	0.0023391947890436526	-0.0020631330510414436	-0.001499139307240549	-0.0008342732509345474	-0.003842724597543423	0.0005327047913332716
-0.0069495362783247305	-0.0010813302204928377	0.001839919592584227	-0.0023127706492709343	-0.0019984145037001966	-0.0015831860456241298	-0.003967543396658613	-0.00027861740291434955
