Sensor_1	Sensor_2	Sensor_3	Sensor_4	Sensor_5	Sensor_6	Sensor_7	Sensor_8
-0.0009065746451761836	0.0004357517178190662	-0.0008736477102040396	-0.000335243434979704	-0.0013559810405112671	-0.0007499167765452341	-6.505435436854334e-05	-0.003392208283751419
0.0009657073415478834	0.0004357517178190662	-0.0008112383106464449	-2.3196437192618546e-05	-0.0012311622413965218	-0.000812326176103495	-6.505435436854334e-05	-0.0030801612859643335
-0.0006569370469464708	0.0007477987156068178	-0.0006240101119738828	-2.3196437192618546e-05	-0.0007318870449364301	-0.000375460379200776	0.00024699264341876415	-0.0028305236877341766
0.0010905261406630729	0.0006229799164916283	-0.0004367819133015427	-2.3196437192618546e-05	-0.0009191152436094363	-0.0005626885778731161	-2.644954811836797e-06	-0.0034546176833087916
-0.0006569370469464708	0.0004357517178190662	-0.0004991913128586933	0.0001016223619225709	-0.0007942964444940248	-0.00043786977875792665	-2.644954811836797e-06	-0.0036418458819815758
-0.0005945276473888761	0.00037334231826191555	-0.0004367819133015427	-2.3196437192618546e-05	-0.0004822494467064953	-0.000375460379200776	-6.505435436854334e-05	-0.004016302279326256
0.0009032979419909548	0.00012370472003198074	-0.0004367819133015427	3.921296236453209e-05	-0.0003574306475917499	-0.0005626885778731161	5.976444474620202e-05	-0.0045155774757859035
-0.0007193464465042876	-0.00012593287819795407	-0.0005616007124162881	-0.00021042463586540272	-0.00017020244891896574	-0.0006250979774307108	-6.505435436854334e-05	-0.0051396714713607405
0.000840888542432694	-6.352347864080343e-05	-0.0006240101119738828	3.921296236453209e-05	-4.538364980422038e-05	-0.0006250979774307108	-6.505435436854334e-05	-0.004577986875343498
-0.00046970884827413073	-1.1140790832087077e-06	-6.232551595686253e-05	0.00022644116103709422	0.0007659385444434008	6.140541770172092e-05	-0.00018987315348417688	-0.0060134030651659565
0.0007784791428753213	-0.0005003892755428563	-0.0006240101119738828	-0.000148015236307808	0.0008907573435579241	-0.000375460379200776	0.00012217384430335265	-0.006325450062953486
-0.0006569370469464708	-0.00037557047642766683	-0.000374372513743948	-2.3196437192618546e-05	0.0009531667431155189	-0.0006875073769883056	-0.00012746375392658216	-0.007636047453660311
0.0009657073415478834	-0.0006252080746580457	-0.0004991913128586933	-8.560583675021327e-05	0.0014524419395753885	-0.000375460379200776	5.976444474620202e-05	-0.0077608662527755
0.0009657073415478834	-0.0008748456728879805	-0.0006240101119738828	3.921296236453209e-05	0.0017020795378055453	-0.0006875073769883056	-2.644954811836797e-06	-0.008821826045253056
-0.0006569370469464708	-0.0008124362733299417	-0.0006240101119738828	-8.560583675021327e-05	0.0019517171360354801	-0.0005626885778731161	-0.00012746375392658216	-0.009133873043040364
0.0010905261406630729	-0.0007500268737732352	-0.0004367819133015427	0.00016403176148016563	0.0023261735333806044	-0.000375460379200776	0.00012217384430335265	-0.008697007246137867
-0.0009065746451761836	-0.0011244832711181374	-0.0007488289110888502	-0.00021042463586540272	0.0023261735333806044	-0.000812326176103495	-0.00012746375392658216	-0.009882785837730612
0.0009657073415478834	-0.0009372550724453532	-0.0006864195115312555	-2.3196437192618546e-05	0.0027006299307250625	-0.000812326176103495	-0.00018987315348417688	-0.01038206103419026
-0.0007193464465042876	-0.0009996644720025039	-0.0008736477102040396	-0.000148015236307808	0.0037615897232021744	-0.00043786977875792665	0.00043422084209066014	-0.0105692892328626
0.001277754339335413	-0.0008124362733299417	-0.00031196311418635325	-0.00027283403542299745	0.0031374957276277815	-0.0012491919730051038	-0.0002522825530413275	-0.010756517431535162
-0.0007817558460614382	-0.0012493020702328828	-0.0010608759088763797	-0.00021042463586540272	0.003199905127185154	-0.0013116013725631426	-0.0002522825530413275	-0.011692658424897528
-0.0004072994487169801	-0.0006876174742156405	-0.00031196311418635325	0.00022644116103709422	0.004011227321432775	-0.000375460379200776	0.0003094020429759148	-0.009383510641270298
0.00046643214508779174	-0.0013741208693476281	-0.0009360571097616344	-0.000335243434979704	0.0028878581293978467	-0.0014988295712354827	-0.00037710135215651697	-0.010007604636845135
-0.0005321182478317255	-0.0008124362733299417	-0.000374372513743948	-8.560583675021327e-05	0.0035743615245298344	-0.0010619637743332078	5.976444474620202e-05	-0.01007001403640273
0.0010281167411054781	-0.0006876174742156405	-0.0004991913128586933	3.921296236453209e-05	0.003449542725415533	-0.0013740107721202932	-6.505435436854334e-05	-0.010818926831092313
-0.0006569370469464708	-0.0008124362733299417	-0.0002495537146292026	-0.000148015236307808	0.003948817921874959	-0.0012491919730051038	-2.644954811836797e-06	-0.009695557639057828
0.0009657073415478834	-0.0008124362733299417	-0.0004991913128586933	3.921296236453209e-05	0.003948817921874959	-0.0012491919730051038	-6.505435436854334e-05	-0.008697007246137867
-0.0007193464465042876	-0.00043797987598526156	-0.0007488289110888502	0.00028885056059468894	0.0043856837187779	-0.0012491919730051038	0.00024699264341876415	-0.010506879833304783
0.001277754339335413	-0.00012593287819795407	-0.0013729229066634652	-0.00027283403542299745	0.003948817921874959	-0.0018108765690227902	-0.00031469195259892224	-0.009820376438172351
0.0012153449397782623	0.0003109329187043208	-0.0008736477102040396	0.00022644116103709422	0.00463532131700739	-0.0015612389707930774	0.00024699264341876415	-0.011255792627995032
-0.0005945276473888761	0.0007477987156068178	-0.0013105135071063145	-8.560583675021327e-05	0.00463532131700739	-0.002060514167253169	-0.00012746375392658216	-0.012878437016489386
0.0009657073415478834	0.0007477987156068178	-0.0012481041075487198	0.00016403176148016563	0.004947368314794698	-0.0019981047676955743	0.00012217384430335265	-0.012816027616932235
-0.0005321182478317255	0.0009974363138367526	-0.0017473793040088115	-2.3196437192618546e-05	0.005259415312582227	-0.0025597893637123725	0.00012217384430335265	-0.01237916182002996
0.0007784791428753213	0.0010598457133939032	-0.0024338826991412432	-0.00021042463586540272	0.0048225495156799525	-0.003121473959730281	0.0003094020429759148	-0.010631698632420195
-0.00028248064960179065	0.0014343021107392495	-0.0018721981031235568	0.00016403176148016563	0.004884958915237547	-0.0027470175623851567	-0.00018987315348417688	-0.012503980619144262
0.0009032979419909548	0.0013718927111818768	-0.0027459296969283287	0.0004136693597098784	0.005509052910812606	-0.002060514167253169	0.0003718114425335095	-0.013065665215162392
-0.00028248064960179065	0.001746349108526779	-0.002870748496043518	-0.0003976528345372987	0.004947368314794698	-0.0029966551606150915	-0.0004395107517136676	-0.018058417179761088
-0.0005321182478317255	0.0016839397089691843	-0.0021842451009108643	0.0001016223619225709	0.005945918707714659	-0.002060514167253169	0.00012217384430335265	-0.017496732583743846
0.0010905261406630729	0.0014967115102968442	-0.0023090639000260538	0.0001016223619225709	0.006757240901961836	-0.002871836361500346	5.976444474620202e-05	-0.019306605170910984
-0.0006569370469464708	0.0014343021107392495	-0.0028083390964854793	-8.560583675021327e-05	0.007069287899749366	-0.002934245761057497	-6.505435436854334e-05	-0.01880732997445156
0.0011529355402202235	0.0014967115102968442	-0.0034324330920607604	3.921296236453209e-05	0.007318925497979523	-0.002871836361500346	-2.644954811836797e-06	-0.022239846950112607
-0.00034489004915938537	0.0018711679076419685	-0.0038692988889628133	3.921296236453209e-05	0.007693381895324647	-0.003495930357075183	0.00012217384430335265	-0.025984410923562296
0.0012153449397782623	0.0020583961063138645	-0.003682070690290251	0.00028885056059468894	0.007630972495766608	-0.0034335209575171444	-0.0002522825530413275	-0.02829355870718908
-0.0005945276473888761	0.001933577307198675	-0.004306164685865532	0.0001016223619225709	0.007318925497979523	-0.0034335209575171444	-2.644954811836797e-06	-0.0275446459124995
0.001277754339335413	0.0027448995014467403	-0.00374448008984829	0.0001016223619225709	0.008005428893111954	-0.003308702158402843	5.976444474620202e-05	-0.026670914318694727
0.0007784791428753213	0.0024952619032163614	-0.004306164685865532	-0.000148015236307808	0.007256516098421928	-0.0038079773548622686	-0.0002522825530413275	-0.027295008314269564
-0.00022007125004419592	0.0033065840974635385	-0.004118936487193192	3.921296236453209e-05	0.008067838292669549	-0.0030590645601726862	0.00012217384430335265	-0.028980062102321957
0.0015273919375653477	0.003618631095251068	-0.004805439882325624	-2.3196437192618546e-05	0.007880610093996987	-0.0038079773548622686	-0.00012746375392658216	-0.02873042450409158
-0.0007193464465042876	0.0035562216956939174	-0.004618211683653062	-2.3196437192618546e-05	0.009316026283819445	-0.003558339756632334	5.976444474620202e-05	-0.031039572287718586
0.0015273919375653477	0.004492362689056284	-0.005429533877900461	-2.3196437192618546e-05	0.009565663882049158	-0.004432071350437106	-0.00018987315348417688	-0.030852344089046246
-0.00046970884827413073	0.006052597677993488	-0.0048678492818827745	-0.000148015236307808	0.011437945868773891	-0.006616400334949146	0.00024699264341876415	-0.029791384296568912
0.0011529355402202235	0.00798728906427515	-0.0038692988889628133	-0.00046006223409489344	0.01281095265903831	-0.009487232714594063	-0.0004395107517136676	-0.03022825009347141
-0.0011562122434065625	0.008548973660292836	-0.0051174868801131534	0.00016403176148016563	0.014183959449303174	-0.008551091721231474	0.00024699264341876415	-0.028668015104534206
-0.00022007125004419592	0.012418356432857047	-0.007551453462855129	-2.3196437192618546e-05	0.016555516632487777	-0.010111326710168678	-6.505435436854334e-05	-0.03859110963417489
0.0006536603437605759	0.013604135024450015	-0.007489044063297534	0.0001016223619225709	0.0157441944382406	-0.01079783010530111	-6.505435436854334e-05	-0.012254343020914993
-0.0009689840447342224	0.01379136322312191	-0.008175547458429966	-8.560583675021327e-05	0.015869013237355567	-0.008987957518133971	5.976444474620202e-05	-0.013440121612507516
0.0001543851473007063	0.00923547705542549	-0.00961096364825198	-0.00021042463586540272	0.01530732864133788	-0.011297105301761201	-0.0005019201512712623	-0.04520650598726861
0.0005288415446453865	0.005303684883303239	-0.011358426835861524	0.0004136693597098784	0.01555696623956826	-0.0076149507278691075	-0.00018987315348417688	-0.0692965342164591
0.0032748551251751135	0.001122255112951498	-0.013667574619488754	-0.00021042463586540272	0.01181240226611835	-0.00568025934158678	0.00012217384430335265	-0.07872035354963969
0.0029003987278302112	0.0004981611173766609	-0.011670473833649053	0.00022644116103709422	0.005883509308157064	-0.0018108765690227902	5.976444474620202e-05	-0.06218186266690551
0.003586902122963087	0.00012370472003198074	0.0015603188725379358	0.00016403176148016563	0.003636770924087429	0.003930788190266377	0.0003094020429759148	-0.01943142397002595
0.0018394389353526552	-0.003932906251204793	0.008300534024746842	3.921296236453209e-05	0.002201354734265415	0.012168828931854891	0.00012217384430335265	4.030869191007369e-05
-0.0012810310425213078	0.0006229799164916283	0.009735950214569744	3.921296236453209e-05	-0.0012311622413965218	0.007675352163715621	5.976444474620202e-05	0.015954705579070083
0.000840888542432694	-0.0023102618627099947	0.014104608183593603	0.0004136693597098784	-0.004726088616615387	0.00636475477300813	0.00043422084209066014	0.02275733013083614
-0.0032157224288038577	-0.006928557429964455	0.010360044210144137	-0.00027283403542299745	-0.0019176656365289535	0.008361855558847608	-0.00018987315348417688	0.01857590036048462
0.002962808127387806	-0.006117235235717278	0.00723957423226973	3.921296236453209e-05	-0.0031658536276786275	0.01553893650795879	0.0004966302416482549	0.029684773481717386
-0.0014058498416364973	-0.00942493341226358	0.009486312616339143	0.00028885056059468894	-0.0010439340427237376	0.012168828931854891	-0.00018987315348417688	-2.2100707647521034e-05
-0.00022007125004419592	-0.005243503641912062	0.0066778896362520435	-2.3196437192618546e-05	-0.0014807998396264566	0.005428613779645541	5.976444474620202e-05	-0.02685814251736751
-0.001468259241194092	-0.0054931412401419966	0.007052346033597612	3.921296236453209e-05	-0.0007942964444940248	0.006427164172565725	-0.00012746375392658216	0.004346557261377004
0.0009657073415478834	0.008049698463833188	0.005991386241120056	0.00035125996015272776	0.0027630393302826572	0.0031194659960187554	0.0003718114425335095	-0.0023936578908314576
-0.0036525882257061326	0.001746349108526779	0.013667742386690884	-2.3196437192618546e-05	-0.004289222819713334	0.014103520318136331	-0.00012746375392658216	0.029185498285257294
-0.0007193464465042876	0.012730403430644355	0.00636584263846518	-8.560583675021327e-05	0.0022637641338225656	0.00012381481725931565	-0.00012746375392658216	-0.023113578543917823
0.002588351730043126	0.015414007611616709	0.004555970051297598	0.00035125996015272776	-0.0021048938352012936	0.002745009598673631	0.00024699264341876415	-0.026608504919137133
-0.0030284942301312956	0.010795712044362249	0.005304882845987624	-0.00021042463586540272	0.003449542725415533	0.009173177753094786	-6.505435436854334e-05	-0.04938793575762035
-0.0005321182478317255	0.015226779412944369	0.001934775269883282	-8.560583675021327e-05	0.0014524419395753885	0.014477976715481233	0.00043422084209066014	-0.075163017774863
-0.004463910419953088	0.00505404728507397	0.004868017049085349	0.00022644116103709422	0.009191207484704256	0.004679700984955737	0.00024699264341876415	-0.09962750240139862
0.0032748551251751135	0.00680151047268307	-0.008986869652677587	-8.560583675021327e-05	0.0027006299307250625	0.009734862349112472	-6.505435436854334e-05	-0.1378844643301389
0.00021679454685852306	-0.0027471276596124916	-0.002059426301795897	0.00022644116103709422	0.006694831502404686	0.010546184543359649	0.00012217384430335265	-0.08302660211910662
-0.004963185616412957	0.00418031569126831	0.004306332453068107	0.00022644116103709422	-0.0011063434422817764	0.017161580896453144	0.0003718114425335095	-0.10374652277219276
0.0010905261406630729	-0.0007500268737732352	0.002558869265458119	0.0001016223619225709	0.0029502675289549973	0.019970003876540465	5.976444474620202e-05	-0.07123122560274142
-0.0019051250380961449	0.00018611411958957547	0.004368741852625702	-8.560583675021327e-05	-0.0009815246431661429	0.021280601267247734	5.976444474620202e-05	-0.05494237231823673
0.0004040227455310852	0.0043675438899410945	0.0056169298437749315	0.0001016223619225709	-0.0013559810405112671	0.02271601745706997	0.0005590396412058496	-0.05419345952354693
-0.008520521391190083	-0.005992416436602088	0.018286037953945566	0.0004760787592674731	-0.001605618638741424	0.02876972921414689	-0.00012746375392658216	-0.05406864072443218
-0.003590178826148982	0.007488013867815058	0.009049446819436868	0.00028885056059468894	-0.00691041760112765	0.04068992452962683	0.00024699264341876415	-0.00545171846914827
0.002338714131812525	0.00623982587666605	0.012981238991558453	0.00016403176148016563	0.0007659385444434008	0.02758395062255392	0.00012217384430335265	-0.03603232425231773
-0.0039022258239362895	0.0021208055058714592	0.007676440029172005	-0.000335243434979704	-0.003665128824138053	0.028270454017686353	-0.0002522825530413275	-0.03522100205807077
-0.005836917210218173	-0.0071781950281939455	0.016413755967220833	0.00016403176148016563	-0.0017928468374142081	0.03788150154953973	0.00012217384430335265	-0.022614303347457954
0.0021514859331397407	0.00623982587666605	-0.0029955672951582635	0.00028885056059468894	-0.0036027194245809024	0.011295097338049676	0.0003718114425335095	0.0007892214866001002
0.0030876269265029954	-0.005992416436602088	0.009299084417666359	-2.3196437192618546e-05	-0.01820651892103342	0.04674363628670286	-0.00018987315348417688	0.02394310872242844
-0.008333293192517743	-0.005555550639699591	0.012794010792886334	-0.00021042463586540272	-0.014649183146256517	0.030954058198658485	-2.644954811836797e-06	0.04016955260737576
0.006208096904377403	0.00623982587666605	0.000686587278733608	0.00016403176148016563	-0.010342934576789808	0.013729063920791651	0.0003718114425335095	-0.016623000989939518
9.197574774311157e-05	-0.006304463434389174	0.0014979094729807851	3.921296236453209e-05	-0.010592572175019743	0.0005606806141620346	-0.00012746375392658216	0.012397369804292957
0.0035244927234054924	0.006427054075337946	-0.008674822654890058	3.921296236453209e-05	-0.00872029018829501	-0.02159465622874679	5.976444474620202e-05	-0.003579436482423981
-0.004214272821723375	0.003056946499234048	0.006178614439792396	0.00035125996015272776	-0.010030887579002057	-0.015228897473882785	0.00018458324386116942	-0.01880732997445156
0.006020868705704618	0.0063022352762232	-0.011108789237632033	-0.000148015236307808	-0.0052877732126332955	-0.028834146577415343	-2.644954811836797e-06	-0.050324076750982716
0.006145687504819808	-0.0019358054653653145	-0.020158152173467947	0.00016403176148016563	-0.009718840581214971	-0.033202804546439646	0.00018458324386116942	-0.08583502509919372
0.009578204480481523	-0.0042449532489925446	-0.030767750098240843	0.0001016223619225709	-0.0004822494467064953	-0.02927101237431806	0.00012217384430335265	-0.07834589715229501
0.01326035905437295	-0.007490242025981253	-0.02770968951992403	0.00028885056059468894	-0.012901719958646973	-0.03257871055086481	-6.505435436854334e-05	-0.08645911909476833
0.008829291685791496	-0.005617960039257186	-0.02071983676948519	-0.000148015236307808	-0.02419782127855208	-0.026212951796000805	0.00024699264341876415	-0.10724144914741207
0.006020868705704618	-0.0048690472445671595	-0.013230708822586257	0.0004136693597098784	-0.007846558594490238	-0.02078333403449939	0.00043422084209066014	-0.08053022613680705
0.008517244688003744	0.01279281283020195	-0.007489044063297534	-0.00027283403542299745	-0.028192022850231258	-0.03913169750440093	-0.0002522825530413275	-0.05656501670673153
-0.00028248064960179065	-0.011234805999430941	-0.007364225264182345	-2.3196437192618546e-05	-0.008408243190507703	-0.04381240247121254	-2.644954811836797e-06	-0.11485539589342553
0.013135540255258649	0.012043900035512367	-0.03326412608054041	0.0004760787592674731	-0.018393747119706205	-0.06247281293890161	0.00024699264341876415	-0.0752254271744206
0.01787865462162741	0.003868268693481447	-0.021843205961519896	0.00035125996015272776	-0.030938036430760762	-0.05473404739377297	0.0004966302416482549	-0.03178848508240861
0.00046643214508779174	-0.003995315650761944	0.001934775269883282	0.0004136693597098784	-0.03131249282810589	-0.04593432205616721	0.00012217384430335265	-0.04283494880408378
0.003836539721192578	0.023652048353205224	-0.007738681661527469	3.921296236453209e-05	-0.024322640077666824	-0.02477753560617857	0.0003094020429759148	-0.03309908247311588
0.00932856688225181	0.00012370472003198074	0.0005617684796184186	0.0001016223619225709	-0.03449537220553767	0.01322978872433156	0.00043422084209066014	-0.018120826579318683
0.0017770295357955046	-0.0031839934565147665	-0.012419386628338858	0.00016403176148016563	-0.0327479090179279	0.026148534432731685	-0.00018987315348417688	-0.024736222932412177
0.01656805723091992	0.010982940243034811	-0.008612413255332685	0.0001016223619225709	-0.03636765419226262	0.004492472786283619	5.976444474620202e-05	0.017764578166237
-0.00696028640225288	-0.018287068149427155	0.014603883380053695	0.00028885056059468894	-0.043107869344471084	0.03463621277255036	0.0004966302416482549	0.045661579768434546
-0.010642440976144973	-0.009924208608723672	0.009049446819436868	0.0001016223619225709	-0.03449537220553767	0.0320150179911356	0.00012217384430335265	0.060327788664444215
-0.00764678979738509	-0.009549752211378548	-0.0004367819133015427	0.00028885056059468894	-0.030313942435185925	0.04805423367741035	0.00043422084209066014	0.06238729884984129
-0.002966084830573479	-0.01379359138128855	0.0016227282720959746	0.0004136693597098784	-0.025196371671471818	0.04044028693139645	0.0004966302416482549	0.0006019932879282042
0.0016522107366803152	-0.017226108356950043	0.006490661437579703	3.921296236453209e-05	-0.010342934576789808	0.013791473320349246	0.0003718114425335095	-0.002705704888618987
-0.006148964208005481	-0.005181094242354467	0.0008114060778483534	0.00028885056059468894	-0.00410199462104055	0.006988848768582745	-6.505435436854334e-05	0.0024118658750953426
-0.0015306686407516867	-0.0023726712622675894	0.0060537956406776505	3.921296236453209e-05	0.011188308270543956	0.0154141177088436	0.00018458324386116942	0.004221738462262037
-0.006148964208005481	-0.002497490061382557	0.00723957423226973	-0.000148015236307808	0.0013276231404610872	-0.01179638049822107	-0.0005019201512712623	-0.0055765372682634595
-0.00427668222128097	-0.013169497385713269	-0.009298916650464673	0.0004760787592674731	-0.00023261184847656047	0.025399621638042102	0.0004966302416482549	0.012709416802080487
0.010701573672515785	-0.019472846741019678	-0.0069897688668376645	0.00016403176148016563	-0.010405343976346959	0.03338802478140046	0.0003718114425335095	0.01570506798084015
-0.006897877002695285	-0.015478645169340055	0.005741748642890121	0.0001016223619225709	-0.010155706378117246	0.01797290309070121	0.00012217384430335265	0.008028711835268432
-0.006148964208005481	-0.017288517756507638	0.0029333256628027993	-2.3196437192618546e-05	-0.008158605592278212	0.009734862349112472	-0.00012746375392658216	0.007217389641021255
0.0018394389353526552	0.013604135024450015	-0.0217807965619623	0.0004760787592674731	0.01524491924178073	0.0014344122079668065	-6.505435436854334e-05	0.018887947358271706
0.007456284895527077	0.029705760110281476	-0.02671113912700407	-2.3196437192618546e-05	0.005259415312582227	0.005678251377875698	-0.0004395107517136676	0.008715215230401308
-0.0015930780403090594	-0.005181094242354467	0.00024972148183044496	-0.000148015236307808	0.014059140650188207	-0.028896555976972937	-0.00018987315348417688	-0.016061316393921388
-0.005899326609776212	0.0073007856691427175	-0.006802540668165102	0.0005384881588246238	0.007381334897537117	0.01023413754557212	0.0008710866389933791	-0.004265939877556191
0.007830741292871757	-0.01622755796403008	0.004992835848200539	0.00035125996015272776	-0.0026041690316613852	0.025524440437157292	0.00024699264341876415	0.0157674773803973
-0.007022695801810475	0.0043675438899410945	0.002808506863688054	-0.000148015236307808	0.01324781845594103	-0.007677360127426702	-0.00018987315348417688	-0.005701356067378649
-0.007709199196942906	-0.008676020617573998	0.010484863009258882	-0.0003976528345372987	-0.0031658536276786275	0.004492472786283619	-0.0004395107517136676	-0.008821826045253056
0.0003416133459730464	-0.028459800277297553	0.022841924121641544	0.0006633069579402573	-0.006598370603340564	0.024837937042024416	0.0009334960385507518	0.004970651256951619
-0.00271644723234421	-0.010049027407838418	0.01622652776854805	0.0004136693597098784	-0.01789447192324567	0.019720366278310753	-0.000564329550828857	0.00010271809146766842
0.001464982538007753	-0.006242054034832023	0.02902045467783365	-0.00046006223409489344	-0.034932238002440164	0.01834735948804611	0.00024699264341876415	-0.008759416645695461
-0.011204125572162216	-0.009050477014918457	0.07008583958666037	0.0004136693597098784	-0.03268549961837053	0.04443448850307563	0.0006214490407634443	-0.006762315859855983
-0.019005300516848234	-0.031143404458269686	0.08138194090656614	0.0006008975583826626	-0.04785098371084007	0.06047370418935083	0.0006214490407634443	-0.018620101775778775
-0.019816622711095855	-0.036947478617116225	0.09111780723753404	0.00028885056059468894	-0.04685243331792033	0.02939382320972128	0.0004966302416482549	-0.029354518499666638
-0.011890628967294647	-0.05560788908480507	0.05560685888932326	0.0006008975583826626	-0.028129613450674107	0.05554336162430884	0.00043422084209066014	-0.02105406835852075
-0.004401501020396159	-0.022842954317123576	0.03089273666455772	0.00028885056059468894	-0.030126714236513807	0.04050269633095405	0.0003718114425335095	-0.007136772257200219
-0.008832568388977391	-0.01541623576978246	0.03650958262473214	-0.00021042463586540272	-0.00934438418387007	0.03731981695352249	-0.0002522825530413275	-0.01893214877356586
-0.014636642547824152	-0.025651377297210676	0.04867941553844202	-0.0003976528345372987	-0.027817566452886133	0.024837937042024416	-0.00012746375392658216	-0.016061316393921388
-0.015011098945169055	0.00037334231826191555	0.041190287591543306	0.00022644116103709422	-0.00934438418387007	0.013417016923004121	0.0007462678398786338	-0.002081610893044372
-0.0032781318283610084	0.002994537099676453	0.00855017162297722	0.0001016223619225709	-0.008533061989622448	0.027459131823439176	-2.644954811836797e-06	0.013707967195000448
0.006395325103049521	-0.013107087986155674	0.017162668761910416	-0.0005224716336522661	-0.005162954413518106	-0.006866037933179525	-0.0006267389503864518	-0.016310953992151545
-0.0001576618504866012	-0.0025598994609401515	0.005991386241120056	0.0001016223619225709	7.943514931074702e-05	0.007363305165927647	-0.00018987315348417688	-0.009009054243925396
0.0006536603437605759	-0.03195472665251731	0.016788212364565736	0.0007881257570545586	-0.025133962271914445	0.03763186395131002	0.0009959054381083465	0.012459779203850552
9.197574774311157e-05	-0.023716685910928792	0.008862218620764528	0.0001016223619225709	-0.005038135614402917	0.010046909346899557	0.00012217384430335265	-0.006075812464723551
0.005396774710129781	0.016724605002323978	-0.0234034409504571	-0.00027283403542299745	0.0028878581293978467	0.00012381481725931565	-0.0004395107517136676	0.001038859084830035
-0.0015306686407516867	-0.012295765791908497	0.020532776338014536	0.0005384881588246238	-0.007971377393605428	0.023901796048662494	0.00024699264341876415	-0.013752168610294602
-0.011703400768622085	0.0004981611173766609	0.04275052258048073	0.00016403176148016563	0.012436496261693852	-0.005805078140701969	-0.00037710135215651697	-0.004765215074016282
-0.009456662384552672	0.025212283342142428	0.009049446819436868	0.00035125996015272776	-0.027817566452886133	0.033949709377417925	0.0006214490407634443	0.01377037659455782
-0.0019675344376537396	-0.00037557047642766683	0.05279843590923594	-8.560583675021327e-05	-0.006972827000685244	-0.0007499167765452341	5.976444474620202e-05	-0.0057637654669358
-0.00696028640225288	-0.006491691633061958	-0.010297467043384856	-0.000148015236307808	-0.00041984004714934464	-0.01641467606547553	-0.00031469195259892224	-0.022489484548342986
0.019314070811449424	0.0024952619032163614	-0.02808414591726871	0.0007257163574969638	0.005009777714352737	0.018846634684505537	0.00043422084209066014	0.01907517555694449
-0.005212823214643336	-0.017475745955179756	0.016413755967220833	0.0006008975583826626	-0.006161504806438067	-0.019035870846889624	0.0008710866389933791	0.00827834943349881
-0.0004072994487169801	0.009048248856752705	-0.00555435267701565	-0.0007096998323250503	0.02828848374929538	-0.03207943535440472	-0.001001195347731354	0.000851630886158139
9.197574774311157e-05	0.012106309435069962	-0.0046806210832104345	-8.560583675021327e-05	-0.009531612382542631	-0.029458240572990402	0.0008710866389933791	0.01845108156136921
0.006145687504819808	-0.01054830260429851	0.013542923587576139	0.0007881257570545586	-0.0065359612037829695	-0.033390032745111986	-0.00031469195259892224	-0.0026432954890613924
0.002525942330485531	0.009672342852327542	-0.013542755820374008	-2.3196437192618546e-05	0.0018893077364778854	0.0037435599915935924	-0.00031469195259892224	0.010961953614470943
0.011388077067648661	0.025649149139044702	0.008425352823862031	0.00016403176148016563	-0.008033786793162578	0.03469862217210773	0.0005590396412058496	0.007966302435711725
-0.01532314594295614	-0.001998214864922465	0.029082864077390358	0.0004136693597098784	-0.0017304374378566134	-0.0003130509796431813	0.0004966302416482549	-0.0029553424868487
-0.007334742799597782	0.003993087492596414	-0.01304348062391436	-0.0003976528345372987	0.0017020795378055453	0.00873631195619251	-0.000564329550828857	-0.007573638054103382
0.004023767919864918	0.004429953289498245	-0.025088494738509493	0.0006008975583826626	-0.003727538223696092	0.03931691773936197	0.0004966302416482549	0.012334960404735806
-0.0065858300049082	-0.0014989396684623735	0.0039318760557227606	0.0004136693597098784	7.943514931074702e-05	0.028270454017686353	0.0005590396412058496	-0.007199181656757814
-0.008270883792960149	-0.006366872833946546	0.021968192527837216	-0.0008969280309973904	-0.004788498016173426	0.03307597778361315	0.0003718114425335095	-0.018120826579318683
-0.017008199731008533	-0.019410437341462083	0.06958656439020094	0.0001016223619225709	-0.03418332520775036	0.030704420600428106	0.0013703618354530267	-0.017996007780203493
-0.018568434719945737	-0.02702438408747554	0.07576509494639194	0.00016403176148016563	-0.03917607717234928	0.04549544829555319	0.00024699264341876415	-0.013377712212949477
0.000840888542432694	-0.025276920899865996	0.046994361750389624	0.00035125996015272776	-0.0375534327838547	0.04599472349201328	0.00018458324386116942	-0.00507726207180359
-0.006086554808448108	-0.04824357993702155	0.07769978633267405	3.921296236453209e-05	-0.052594098077209495	0.04162606552298875	0.00024699264341876415	-0.023300806742590385
-0.00022007125004419592	-0.03906939820207089	0.09679706259726562	0.0006008975583826626	-0.059958407224993016	0.03569717256502769	0.000683858440321039	-0.03072752528993128
0.022933815985783923	-0.03850771360605343	0.10952858010699318	0.00028885056059468894	-0.07967977748515942	0.04156365612343116	0.0006214490407634443	-0.038965566031519794
0.028488252546400306	-0.04718262014454422	0.14179423967821436	0.0011625821543999049	-0.10152306733028005	0.031765380392906106	0.001744818232798595	-0.04476964019036633
0.037537615482235775	-0.0421898681799453	0.12631670858795774	0.0008505351566121533	-0.08922841561745498	0.023277702053087657	0.001744818232798595	-0.07185531959831626
0.012261808661453433	-0.04225227757950267	0.14635012584591123	0.0014122197526293956	-0.06008322602410776	-0.020346468237597115	0.0015575900341258109	-0.05044889555009768
0.016630466630477736	-0.004806637845009565	0.1305605477578664	0.0008505351566121533	-0.029440210841381154	-0.021532246829189194	0.0009334960385507518	-0.0566898355058465
-0.007209924000483481	-0.008676020617573998	0.013730151786248479	-2.3196437192618546e-05	0.01037698607629678	-0.022655616021224123	-0.00031469195259892224	-0.014563490804541779
-0.015385555342513735	0.019782665580640346	-0.015477447206655892	-0.0010841562296701746	0.02560487956832347	-0.01965996484246446	-0.0016876987428637857	-0.009757967038615423
-0.00696028640225288	0.005241275483745866	-0.013417937021258819	-0.0010841562296701746	0.021548268597086695	-0.0006250979774307108	-0.00187492694153657	0.0070301614423489145
0.0017146201362379099	-0.003496040454302074	0.0056169298437749315	-0.0003976528345372987	-0.002853806629890876	0.006302345373450757	-0.0011260141468460994	-0.0051396714713607405
0.005147137111899847	-0.002934355858285276	0.02783467608624135	0.00035125996015272776	-0.02401059307987974	0.0005606806141620346	-2.644954811836797e-06	-0.019618652168698292
0.003774130321634983	-0.009674571010493738	0.03501175703535209	0.0007257163574969638	-0.025570828068816942	-0.0010619637743332078	0.00018458324386116942	-0.013128074614719543
-0.005587279611988238	-0.00043797987598526156	0.019159769547750116	0.00022644116103709422	0.013871912451515866	-0.01061060190662877	-0.00037710135215651697	-0.0070743628576435125
-0.012452313563312112	0.003681040494808663	0.0029333256628027993	-0.0008969280309973904	0.01262372446036597	-0.005056165346012387	-0.0012508329459612888	-0.003766664681096321
-0.008832568388977391	0.003244174697906388	-0.0004991913128586933	-0.0005848810332100829	0.002388582932937977	-0.0005002791783159655	-0.0010636047472885046	-0.0005837853036643192
-0.0016554874398666541	-0.0009996644720025039	0.011421004002621693	-0.000148015236307808	-0.013213766956434059	-0.0005002791783159655	-0.00031469195259892224	-0.007011953458085918
-0.0001576618504866012	-0.0038704968516476423	0.016663393565450546	3.921296236453209e-05	-0.014649183146256517	-0.0012491919730051038	-6.505435436854334e-05	-0.009695557639057828
-0.003777407024820878	-0.003059174657399577	0.010672091207931222	-0.00027283403542299745	-0.007035236400242839	-0.003371111557960438	-0.00018987315348417688	-0.008384960248350781
-0.002279581435441269	-0.0023102618627099947	0.0006241778791760133	-8.560583675021327e-05	0.0033871333258579384	-0.0027470175623851567	-0.00018987315348417688	-0.0028929330872915493
-0.004651138618625872	-0.0010620738715605427	-0.00355725189117595	-0.000148015236307808	0.005321824712139822	-0.0021229235668103197	-0.0006267389503864518	-0.003142570685521484
-0.0025916284332290207	-0.0001883422777555488	-0.003057976694715858	-0.0005848810332100829	-0.006286323605553035	-1.0039818558738034e-06	-0.00031469195259892224	-0.003766664681096321
-0.0018427156385389942	-0.0021854430635952493	0.004243923053510512	0.0001016223619225709	-0.007659330395817676	-0.0005002791783159655	-6.505435436854334e-05	-0.0055765372682634595
-0.000844165245619477	-0.002871946458727681	0.006989936634040017	-0.000148015236307808	-0.003290672426793817	-0.0023725611650404765	-2.644954811836797e-06	-0.00563894666782061
-0.0030284942301312956	-0.002060624264480504	0.0039318760557227606	-0.00046006223409489344	0.0008907573435579241	-0.0027470175623851567	-0.00037710135215651697	-0.004827624473573877
-0.004900776216856251	-0.00043797987598526156	0.0035574196583776363	-0.000335243434979704	0.0012652137409034925	-0.002497379964155666	-0.00031469195259892224	-0.002705704888618987
-0.002466809634113387	-0.002435080661825184	0.0035574196583776363	-0.0003976528345372987	-0.0013559810405112671	-0.0011243731738908025	-0.00037710135215651697	-0.004577986875343498
-0.0022171720358836744	-0.002247852463152844	0.0026212786650152697	-0.000772109231882645	-0.00410199462104055	-0.0016860577699080448	-0.000564329550828857	-0.004141121078441445
-0.000844165245619477	-0.001623758467577563	0.002184412868113661	-0.0007096998323250503	-0.004726088616615387	-0.002060514167253169	-0.00031469195259892224	-0.004265939877556191
-0.003402950627476198	-0.002684718260055341	0.004493560651740003	-0.0003976528345372987	-0.0006070682458221288	-0.002060514167253169	-6.505435436854334e-05	-0.00276811428817636
-0.0018427156385389942	-0.0009996644720025039	0.004743198249970382	-0.000772109231882645	-0.00017020244891896574	-0.0023101517654826598	-0.0005019201512712623	-0.0020192014934867775
-0.00427668222128097	-0.0006252080746580457	-0.000374372513743948	-0.0003976528345372987	-0.00010779304936181511	-0.002497379964155666	-0.0005019201512712623	-0.0024560672903890524
-0.003340541227918603	-0.00012593287819795407	0.0014355000734231904	-0.00027283403542299745	-0.0010439340427237376	-0.0013740107721202932	-0.00012746375392658216	-0.00276811428817636
-0.0006569370469464708	-0.0028095370591700863	0.002746097464130459	-0.00046006223409489344	-0.002853806629890876	6.140541770172092e-05	-0.00037710135215651697	-0.0026432954890613924
-0.0019675344376537396	-0.0021230336640376546	0.0024340504663429297	-0.000335243434979704	-0.00266657843121898	-0.0003130509796431813	-6.505435436854334e-05	-0.0029553424868487
