Sensor_1	Sensor_2	Sensor_3	Sensor_4	Sensor_5	Sensor_6	Sensor_7	Sensor_8
0.000488606309605677	0.00040918722819838216	0.0027076224383919545	0.00018619220264026737	0.0006743085984588504	0.0003151112993056149	-0.0025115789120311316	-5.0863660639111075e-05
0.0013623379034106708	0.00040918722819838216	0.0031444882352944514	0.00012378280308267264	0.0006118991989012557	0.00043993009842080433	-0.0031980823071640074	0.0006980491340509154
-0.0006347628824290297	0.0004715966277559769	0.003893401029984034	0.0014343801937899414	-0.00013701359578832673	0.001563299290455511	-0.003510129304951093	-5.0863660639111075e-05
0.0005510157091630496	0.0002843684290836368	0.0035189446326395757	0.000248601602197418	0.00042467100022869353	-0.0006834390936141244	-0.0038221763027384004	0.000573230334935948
0.0007382439078349456	-0.00021490676737601078	0.0023331660410470523	-0.0012492239871821909	-1.2194796673137276e-05	-0.0013699424887465561	-0.004571089097428871	-0.0004253200579840133
-0.0003851252841993169	3.4730830853479944e-05	0.0012097968490123456	0.0005606485999847255	-1.2194796673137276e-05	0.002624259082933067	-0.0029484447089340726	0.00019877393759082373
-0.001633313275348991	3.4730830853479944e-05	-0.0002880287403677073	0.00012378280308267264	-0.00019942299534592145	0.0031235342793927146	-0.0019498943160138893	-0.00017568245975385643
5.1740512702957986e-05	0.0003467778286412315	-0.001411397932402414	-0.00043790179293456966	0.0009239461966887852	0.002624259082933067	-0.0005144781261918752	0.0006980491340509154
-0.0003851252841993169	0.0004715966277559769	-0.0004752569390400474	-0.0006251299916073538	0.0017352683909364064	0.004496541069657578	0.0009833474631879557	7.395513847607837e-05
-0.008997622423132956	0.0004715966277559769	-0.0009745321355001391	0.004180393774319002	-0.0015100203860531902	0.0018753462882428185	0.0029804482490276563	0.0008228679331656608
0.00785291545738942	0.0001595496299686694	-0.0017858543297475382	-0.009924130525673425	0.0038571879758908523	-0.007548473044937776	0.00597609942778643	-0.00011327306019626171
-0.0006971722819866244	0.0004715966277559769	-0.0004128475394824527	0.0068639979552911345	-0.002570980178530302	-0.0017443988860912363	0.012217039383535688	0.000573230334935948
-0.0042545080567637505	0.0001595496299686694	-0.0006000757381552368	0.004617259571221943	-0.0033198929732201066	-0.016036151384756003	0.016024012756542527	-5.0863660639111075e-05
0.00910110344853865	3.4730830853479944e-05	0.0012097968490123456	-0.004931378561074062	0.0017352683909364064	-0.03045272268253596	0.015774375158312814	0.0006980491340509154
-0.0015709038757918403	-0.0009638195620664813	-0.008089203685053725	-0.0016236803845273151	-0.002009295582513282	-0.023837326329442465	0.011343307789730916	-5.0863660639111075e-05
-0.001196447478446716	-0.0006517725642785077	-0.009212572877088432	-0.0033711435721368588	-0.0027582083772028643	-0.004740050064850898	0.009096569405661725	0.0006980491340509154
-0.023039737323567344	-0.0010886383611812267	-0.011396901861600472	0.006926407354848729	-0.005067356160830316	0.007242554650186417	0.007598743816281672	-0.0002380918593116732
-0.003505595262073724	-0.0013382759594107174	-0.00964943867399115	-0.008426304936293372	0.0007367179980164451	-0.008983889234760012	0.0029180388494696174	0.0005108209353783533
-0.009684125818264944	-0.0015255041580837236	-0.009087754077973242	-0.004931378561074062	-0.00806300733958909	-0.006050647455558167	0.0016074414587623487	-0.000487729457541608
-0.007062931036850628	-0.0011510477607383773	-0.00871329768062834	-0.0017484991836420605	-0.005129765560387689	0.0064936418554970565	0.0015450320592056421	0.00026118333714841846
-0.0025694542687113575	-0.0010886383611812267	-0.005218371305409253	-0.0025598213778896817	-0.0016972485847259744	0.005682319661249435	-0.0020747131151290787	-0.0006125482566559093
-0.005565105447471019	-0.0004645443656059456	-0.003283679919127147	0.001496789593347092	0.0003622616006715429	0.0003775206988632096	-0.005257592492561081	0.0005108209353783533
-0.0018829508735789258	-0.0002773161669336055	2.4018257420044264e-05	-0.004619331563286533	-1.2194796673137276e-05	-0.001619580086976491	-0.006006505287250663	-0.0002380918593116732
-0.006626065239948131	-2.7678568703670692e-05	0.000710521652552254	0.001933655390249811	-0.0007611075913631637	0.0016881180895702563	-0.003322901106278753	0.00044841153582075854
0.004919673678186909	-0.00021490676737601078	0.003019669436179484	-0.0008123581902796939	0.003482731578545506	-0.00798533884184005	-0.004196632700083969	-0.00036291065842686265
-7.307828641223146e-05	-2.7678568703670692e-05	0.003456535233081981	0.0009351049973298498	0.0023593623865112434	-0.011542674616617177	-0.00432145149919827	0.00044841153582075854
-0.003068729465171449	0.00022195902952626412	0.003893401029984034	-0.002247774380102152	0.0006743085984588504	-0.005052097062638428	-0.0023867601129168303	-0.00017568245975385643
0.0022360694972149986	0.001282918822003598	0.005453636018921237	0.0009351049973298498	-0.0011979733882661048	0.0034979906767376168	0.0018570790569927276	0.0006980491340509154
0.007603277859159041	0.001095690623330814	0.007076280407416036	0.0010599237964445951	0.0019224965896087465	0.002374621484702688	0.00223153545433763	-0.0002380918593116732
0.00660472746623908	0.0011581000228884086	0.0073259180056459705	0.0005606485999847255	0.002047315388723492	-0.0048648688639656434	0.001981897856107695	0.00044841153582075854
0.008726647051194192	0.0013453282215611928	0.006140139414053447	-0.0006251299916073538	0.002421771786068394	-0.005988238056000794	0.0037917704432743893	-0.00017568245975385643
0.009225922247654283	0.0015325564202335329	0.0048295420233464	0.004367621972991564	0.002671409384298329	-0.001557170687418452	0.007099468619821581	0.0005108209353783533
0.00910110344853865	0.0010332812237736633	0.0031444882352944514	0.005241353566796336	0.005042966567483154	-0.003679090272373564	0.007473925017166483	-0.0002380918593116732
0.004482807881285078	0.0010332812237736633	0.0037061728313114717	0.003993165575646662	0.0052926041657133105	-0.00798533884184005	0.007037059220263986	0.0005108209353783533
0.0024857070954453775	0.0006588248264287611	0.0028948506370642946	0.00012378280308267264	0.001984905989165897	-0.005988238056000794	0.007785972014954012	-0.0004253200579840133
0.0009878815060653245	0.0003467778286412315	0.0010225686503395615	-0.0008747675898372886	-0.0015100203860531902	-0.0006834390936141244	0.008285247211414104	0.0003860021362636079
0.002548116495002528	0.00022195902952626412	-0.00016320994125251786	-0.0005003111924926085	-0.0018220673838404977	6.547370107545802e-05	0.007723562615396862	-0.000487729457541608
0.005668586472876935	0.0005340060273135716	-0.0006000757381552368	-0.002497411978331643	-0.00013701359578832673	-0.001994036484321615	0.005227186633097292	0.0006356397344933207
0.005106901876859471	0.0002843684290836368	-0.002285129526207186	0.0011847425955595625	-0.00019942299534592145	0.007304964049744234	-0.0008265251239791827	-0.00017568245975385643
-0.0013212662775619055	0.0004715966277559769	-0.0025971765239949374	0.0031194339818418904	0.001984905989165897	0.017727333775845233	0.0018570790569927276	0.0005108209353783533
-0.003568004661631319	9.714023041085262e-05	-0.004282230312046886	-0.0007499487907220992	-0.006253134752422396	0.013046628809033622	0.004665502037079605	-0.00036291065842686265
0.0020488412985426585	0.0005340060273135716	-0.0009745321355001391	-0.0027470495765620218	-0.0010107451895930986	-0.0017443988860912363	0.006038508827344025	0.0006356397344933207
0.005294130075531811	0.0001595496299686694	-0.0017234449301897214	-0.0009371769893944393	0.0022969529869532046	-0.008921479835202417	0.004665502037079605	-0.0002380918593116732
0.0014871567025254162	0.0002843684290836368	-0.0004752569390400474	0.002557749385824204	0.001984905989165897	-0.0013075330891891834	0.005913690028229723	0.00044841153582075854
-0.004504145654993907	-9.00879682617095e-05	-0.002035491927977251	0.005054125368124218	0.0012359931944763147	0.0010640240939956414	0.006225737026016809	-0.0004253200579840133
0.004170760883496882	0.00040918722819838216	0.0003360652552075738	-0.0031839153734645187	0.001797677790493557	-0.0035542714732583747	0.005476824231326782	0.0006356397344933207
-0.004004870458533816	-2.7678568703670692e-05	0.0006481122529946592	-0.003995237567711696	-0.0016972485847259744	0.0013136616922255762	0.0039789986419471735	-0.00030050125886926793
-0.005877152445258327	0.00022195902952626412	0.0015218438467996531	-0.0002506735942620075	-0.002570980178530302	0.003248353078507238	0.0037293610437176827	0.0005108209353783533
0.0024232976958873387	-0.00015249736781841605	0.002208347241931863	-0.0009371769893944393	0.0015480401922640663	-0.006050647455558167	0.0015450320592056421	-0.0004253200579840133
0.00679195566491142	0.0001595496299686694	0.0018963002441443333	0.000872695597772255	0.003669959777218512	-0.01054412422369766	0.0001096158693831839	0.00044841153582075854
-0.0008844004806594086	0.0002843684290836368	0.0018338908445871827	0.002370521187151864	0.0015480401922640663	-0.0044280030670633685	0.0001096158693831839	-5.0863660639111075e-05
-0.004628964454108653	3.4730830853479944e-05	0.0013970250476844637	0.0031194339818418904	-0.0008859263904787973	-0.0004338014953839675	0.00035925346761334076	0.0003860021362636079
0.0026105258945596788	-9.00879682617095e-05	0.001147387449454751	-0.00187331798275725	0.00042467100022869353	-0.0025557210803384134	-0.0009513439230943721	-0.000487729457541608
-0.0012588568780043108	-9.00879682617095e-05	2.4018257420044264e-05	-0.004432103364614193	-0.0008859263904787973	-0.0003713920958263728	-0.002261941313801641	0.0005108209353783533
-0.014489649584191744	-0.0010886383611812267	-0.003470908117799709	-0.0046817409628441276	-0.006003497154192017	0.0018129368886854458	-0.004695907896543616	-0.00030050125886926793
-0.009871354016937728	-0.0005269537651635403	-0.0037205457160292	-0.0021229555809874068	-0.0029454365758756484	-0.0006834390936141244	-0.003510129304951093	0.0006980491340509154
-0.005627514847028614	-0.001463094758526129	-0.004531867910276377	-0.0019981367818722173	-0.0006986981918060131	-0.008484614038300142	-0.005132773693445891	-0.00030050125886926793
-0.007125340436408223	-0.0013382759594107174	-0.005592827702754155	-0.0016860897840849098	-0.0010731545891506933	-0.008796661036087672	-0.004945545494773551	0.00019877393759082373
-0.011306770206759742	-0.0011510477607383773	-0.005343190104524442	-0.00043790179293456966	-0.003631939971007636	-0.0035542714732583747	-0.0028860353093767	-0.00036291065842686265
-0.006001971244373516	-0.0009014101625088866	-0.005155961905851658	-0.0014988615854125698	-0.002820617776760459	-0.004178365468833656	-0.001388209719996869	0.0003860021362636079
-0.001009219279774154	-0.0009014101625088866	-0.004344639711604481	-0.003932828168154101	-0.001759657984283125	-0.005988238056000794	-0.001138572121766268	-0.0004253200579840133
-0.0033807764629589787	-0.0004645443656059456	-0.003470908117799709	-0.002247774380102152	-0.0018844767833983145	-0.0014323518883041508	0.0007961192645151716	0.0003235927367060132
-0.004753783253223398	-0.0006517725642785077	-0.003470908117799709	-0.0008123581902796939	-0.002383751979858406	0.0003775206988632096	0.00223153545433763	-0.0005501388570992027
0.0009254721065077298	-0.00015249736781841605	-0.003096451720454363	0.0004982392004271308	0.0007367179980164451	-0.0019316270847640205	0.004103817441062363	0.00026118333714841846
0.0024232976958873387	-0.0002773161669336055	-0.0035957269169144546	-0.0006875393911649486	0.0013608119935912821	-0.0036166808728159694	0.0036045422446024933	-0.00036291065842686265
-0.0008844004806594086	-2.7678568703670692e-05	-0.0035957269169144546	-0.000375492393377419	0.000112624002441164	0.001563299290455511	0.00422863624017733	0.00044841153582075854
-0.0003227158846417222	0.0004715966277559769	-0.0017858543297475382	0.0009975143968870004	-0.00019942299534592145	0.006992917051957148	0.006038508827344025	-0.00011327306019626171
0.007478459060043852	0.0013453282215611928	0.0007729310521096266	0.0019960647898071837	0.0025465905851835835	0.007429782848859201	0.007723562615396862	0.0006980491340509154
0.00928833164721099	0.0011581000228884086	0.0024579848401620197	0.0008102861982146603	0.00310827518120127	0.00518304446479001	0.006537784023804338	-5.0863660639111075e-05
0.007228821461814139	0.001719784618905873	0.004392676226443903	0.002744977584496988	0.002671409384298329	0.005931957259479592	0.00684983102159209	0.0008228679331656608
0.0072912308613712895	0.001282918822003598	0.005203998420691525	0.00343148097962942	0.0021721341878389033	0.0033731718776224273	0.0067250122224769004	-0.0002380918593116732
0.01222157342641328	0.0014077376211183434	0.005640864217594022	0.002120883588921929	0.004044416174563192	-0.0020564458838785438	0.006163327626459214	0.000573230334935948
0.009038694048981277	0.0012205094224455593	0.00514158902113393	0.0013719707942323467	0.0032330939803164593	-0.0035542714732583747	0.004478273838406821	-0.00011327306019626171
0.004045942084382137	0.001095690623330814	0.0045799044251162435	0.0020584741893647784	0.0014232213931488769	-5.9345098039287336e-05	0.00441586443884967	0.0005108209353783533
0.002360888296330188	0.0005964154268711663	0.003206897634852046	0.0006230579995427643	0.00023744280155635344	0.0003151112993056149	0.0039789986419471735	-0.00036291065842686265
0.0034218480888073	0.00040918722819838216	0.001147387449454751	-0.0013116333867397856	0.0005494897993443271	-0.0013699424887465561	0.0024811730525671205	0.0005108209353783533
0.000488606309605677	-9.00879682617095e-05	0.00039847465476428034	-0.0019357273823146226	-0.0006362887922484184	-0.0002465732967116274	0.0011705756618605179	-0.0005501388570992027
-0.0010716286793317487	0.00040918722819838216	0.000710521652552254	0.000248601602197418	-0.0005114699931332289	0.0019377556878004132	0.0015450320592056421	0.0005108209353783533
0.0005510157091630496	0.00022195902952626412	0.0005232934538794698	0.0013719707942323467	0.0006118991989012557	-0.000558620294499379	0.0007961192645151716	-0.0002380918593116732
0.004045942084382137	0.0007836436255430623	0.0018338908445871827	0.001746427191577471	0.0027962281834132963	-0.0028053586785687923	0.0001096158693831839	0.0008852773327232555
0.0013623379034106708	0.0004715966277559769	0.0026452130388343598	0.0014343801937899414	0.001797677790493557	-0.0028053586785687923	-0.0010761627222095616	1.154573891848365e-05
-0.0005723534828723231	0.0008460530251011011	0.003643763431753877	0.002183292988479524	0.0009239461966887852	-0.0007458484931717191	-0.0007641157244215879	0.0010725055313960397
0.0003013781109328928	0.0003467778286412315	0.003830991630426661	0.00018619220264026737	0.00023744280155635344	-0.0013699424887465561	-0.0015754379186696532	1.154573891848365e-05
0.001924022499427469	0.0003467778286412315	0.004080629228656374	-0.001436452185854531	0.0004870803997860662	-0.0014323518883041508	-0.002012303715571484	0.0007604585336085101
-0.0012588568780043108	0.00022195902952626412	0.004080629228656374	-0.0009371769893944393	-0.0007611075913631637	0.00043993009842080433	-0.0018874849164567387	-5.0863660639111075e-05
-0.0018829508735789258	0.0002843684290836368	0.0030820788357364126	-0.00043790179293456966	-0.0007611075913631637	0.0007519770962078898	-0.0013258003204392743	0.0006356397344933207
0.0008006533073925404	0.0004715966277559769	0.0022707566414892355	-0.0006251299916073538	0.0004870803997860662	-0.0004962108949415622	-0.0005768875257494699	0.00026118333714841846
0.001736794300754907	0.0005340060273135716	0.001147387449454751	6.137340352507792e-05	0.0013608119935912821	-0.00030898269626966623	0.00023443466849792927	0.0008852773327232555
-0.001009219279774154	0.0004715966277559769	0.000710521652552254	0.0009975143968870004	0.0007367179980164451	0.0010016146944378246	0.0009833474631879557	0.000136364538033229
-0.0005099440833142843	0.0005340060273135716	0.0008353404516674434	0.001746427191577471	0.00117358379491872	0.0006271582970935885	0.0020443072556652897	0.0008852773327232555
0.0014247473029678215	0.00040918722819838216	0.0014594344472420584	0.0007478767986575097	0.0014856307927060275	-0.0014323518883041508	0.00223153545433763	0.000136364538033229
0.0012375191042950373	0.00040918722819838216	0.00039847465476428034	0.0003734204013123854	0.0012984025940336874	-0.0013075330891891834	0.0024811730525671205	0.0007604585336085101
-0.0015084944762338015	0.0003467778286412315	0.0022707566414892355	0.0008102861982146603	-0.00019942299534592145	-0.00018416389715447679	0.002418763653010414	7.395513847607837e-05
-0.002694273067826325	0.0002843684290836368	0.0003360652552075738	-1.035996032516806e-06	-0.0004490605935756342	-0.0014323518883041508	0.0012953944609752632	0.001010096131838445
-0.006688474639505726	-0.0005893631647215791	-0.0019106731288620615	-0.002435002578774048	-0.0024461613794155568	-0.0038039090714889756	-0.0020747131151290787	0.00026118333714841846
-0.006251608842603451	-0.0006517725642785077	-0.002472357724879748	-0.0028094589761196165	-0.0027582083772028643	-0.002430902281224112	-0.001825075516899144	0.0007604585336085101
-0.008747984824902577	-0.001026228961623632	-0.003283679919127147	-0.002871868375677211	-0.004068805767910355	-0.0014947612878617456	-0.002199531914244046	-5.0863660639111075e-05
-0.006813293438620915	-0.0007141819638361024	-0.0040325927138169515	-0.002684640177004427	-0.0026957989776454916	-0.0014947612878617456	-0.0016378473182263598	0.0009476867322808502
-0.006251608842603451	-0.0009638195620664813	-0.0037829551155872387	-0.002060546181429812	-0.0021341143816280272	-0.0023060834821093668	-0.0017626661173415492	-5.0863660639111075e-05
-0.005440286648356274	-0.0006517725642785077	-0.003283679919127147	-0.000375492393377419	-0.0010731545891506933	-0.0021188552834368046	-0.0007017063248639932	0.000573230334935948
