Sensor_1	Sensor_2	Sensor_3	Sensor_4	Sensor_5	Sensor_6	Sensor_7	Sensor_8
-0.0005776578479905758	0.005622558248959075	-0.005366417633080545	0.0004995502325861878	-0.02232598618121262	-0.00637375067000745	0.00012438508829948347	0.03093518024204789
0.0006705301431588762	0.006558699242321664	-0.006677015023787813	0.0005619596321442266	-0.027942832141387042	-0.006124113071777071	-0.0002500713090451967	0.02931253585355309
-0.0008272954462211768	0.006433880443206252	-0.007301109019362428	0.000249912634356253	-0.028005241540944192	-0.003939784087264586	-0.0003124807086027914	0.03461733481593976
0.000483301944486092	0.003812685661791937	-0.0089861628074146	0.0005619596321442266	-0.02894138253430656	-0.0034405088908049386	0.00024920388741489496	0.03349396562390461
0.00042089254492938544	0.003563048063561558	-0.010983263593254078	0.00018750323479865827	-0.028566926136961657	-0.0030660524934602584	-0.0002500713090451967	0.0299990392486853
-0.0007024766471059873	0.0038750950613495316	-0.009922303800776522	0.0003123220339138477	-0.029315838931651683	-0.0030660524934602584	-0.00012525250993045134	0.03130963663939301
0.0006705301431588762	0.0038750950613495316	-0.009735075602104626	0.0004995502325861878	-0.02432308696705232	-0.003128461893017853	-6.284311037241253e-05	0.028189166661518605
-0.0004528390488758305	0.005622558248959075	-0.00917339100608694	0.0005619596321442266	-0.030751255121473697	-0.003752555888592468	0.00018679448785730024	0.029562173451783025
0.0006705301431588762	0.006808336840551599	-0.007925203014937265	0.0005619596321442266	-0.03324763110377327	-0.004751106281512207	-0.00018766190948804606	0.0270657974694839
-0.000764886046663138	0.008493390628603992	-0.006552196224672624	0.0003123220339138477	-0.03674255747899258	-0.004376649884167305	-4.337108157059788e-07	0.03349396562390461
0.0006081207436012814	0.007182793237896723	-0.00530400823352295	6.2684435684357e-05	-0.03380931569979073	-0.004563878082839867	-0.0002500713090451967	0.035927932206646584
-0.0008897048457778833	0.004062323260021872	-0.0026204040525508177	0.0003123220339138477	-0.031188120918376194	-0.006935435266024248	-0.00012525250993045134	0.03542865701018694
-0.0005776578479905758	-0.0008680193050192297	-0.003618954445470557	0.0003123220339138477	-0.026257778353335093	-0.005063153279300181	-0.00012525250993045134	0.03767539539425613
0.0005457113440436867	-0.0036764422851065515	-0.0035565450459134063	0.0003123220339138477	-0.025446456159087028	-0.0043142404846097104	-0.00012525250993045134	0.036739254400894206
-0.0005776578479905758	-0.004113308082008826	-0.0031196792490109093	0.0003123220339138477	-0.025571274958202217	-0.003565327689920128	-6.284311037241253e-05	0.0356158852088595
0.000483301944486092	-0.004862220876698853	-0.0031196792490109093	0.000249912634356253	-0.02582091255643193	-0.0038773746877074355	-0.0003124807086027914	0.033556375023462204
-0.0005776578479905758	-0.004175717481566421	-0.002121128856090948	0.00043714083302903717	-0.02706910054758227	-0.003190871292575448	-0.00037489010816038615	0.031247227239835418
0.000483301944486092	-0.004362945680238761	-0.001060169063613392	0.00012509383524195172	-0.024198268167937576	-0.004751106281512207	-0.0004997089072751315	0.03293228102788737
-0.0008897048457778833	-0.004425355079796356	-0.0001240280702512475	0.0007491878308163447	-0.024697543364397445	-0.005187972078414926	0.00018679448785730024	0.0379874423920441
0.0009825771409461836	-0.0029899388899743418	0.004182220499215461	-0.00012454376298842718	-0.029752704728553958	-0.007122663464697032	-0.0004372995077175368	0.0356158852088595
0.0006081207436012814	-0.0021786166957269426	0.00337089830496784	0.000249912634356253	-0.028691744936076624	-0.006873025866467319	-0.0002500713090451967	0.036239979204434114
-0.0006400672475481706	-0.002740301291743963	0.0023723479120483226	0.000249912634356253	-0.02906620133342197	-0.007497119862041712	-0.0003124807086027914	0.036239979204434114
0.0006705301431588762	-0.004050898682451232	0.001248978720013394	0.0003123220339138477	-0.02894138253430656	-0.007996395058501804	-0.00018766190948804606	0.036239979204434114
-0.0006400672475481706	-0.005735952470503181	0.0005624753248811842	0.00018750323479865827	-0.026195368953777498	-0.006498569469121751	-0.00012525250993045134	0.033556375023462204
0.00042089254492938544	-0.0066096840643083965	-0.00018643746980884224	-6.21343634306104e-05	-0.02663223475067955	-0.005936884873104287	0.0003116132869720456	0.03180891183585266
-0.0003280202497610851	-0.0059855900687335595	-6.161867069365279e-05	0.0006243690317018213	-0.02507199976174257	-0.007434710462484118	-0.0004372995077175368	0.03230818703231253
0.000483301944486092	-0.005735952470503181	-0.0004984844675965938	0.00012509383524195172	-0.02145225458740785	-0.008433260855404079	-0.00018766190948804606	0.0308103614429327
-0.0005776578479905758	-0.00548631487227369	-0.0002488468693662149	2.750361267622736e-07	-0.026008140755104714	-0.008870126652306576	-0.0005621183068327262	0.03580311340753228
-0.00039042964931867985	-0.0023658448943992827	0.0008745223226682697	0.0005619596321442266	-0.031375349117048756	-0.009931086444783688	0.00018679448785730024	0.03667684500133661
0.0005457113440436867	-0.0014297039010369161	-0.0002488468693662149	6.2684435684357e-05	-0.03524473188961297	-0.010492771040801374	-0.0004372995077175368	0.03698889199912414
-0.0007024766471059873	-0.0001815159098872421	-0.0009977596640560193	0.00018750323479865827	-0.03892688646350484	-0.007809166859829464	-0.00018766190948804606	0.031996140034525
0.0007329395427164709	6.812168834313681e-05	-0.0009353502644984246	0.00043714083302903717	-0.04117362484757425	-0.007746757460271869	-6.284311037241253e-05	0.030872770842490294
-0.0007024766471059873	0.0005049874852456337	-0.0021835382556485428	0.00018750323479865827	-0.04154808124491938	-0.009556630047439452	-0.00037489010816038615	0.029374945253110685
0.00042089254492938544	0.0006922156839175297	-0.003182088648568504	6.2684435684357e-05	-0.05209526977013468	-0.009057354850978916	-0.00012525250993045134	0.031996140034525
-0.0006400672475481706	0.002938954067987165	-0.002932451050338125	0.0008115972303743835	-0.055340558547124274	-0.007060254065139437	0.00043643208608679096	0.03093518024204789
0.0009825771409461836	0.003812685661791937	-0.005740874030425225	2.750361267622736e-07	-0.053530685959957136	-0.007559529261599307	-0.0003124807086027914	0.022447501902228995
0.0005457113440436867	0.003812685661791937	-0.006052921028212532	0.000249912634356253	-0.051720813372789776	-0.00762193866115668	-0.00018766190948804606	0.0166434277433829
-0.0005776578479905758	0.00300136346754476	-0.005928102229097343	0.00043714083302903717	-0.051533585174117436	-0.00637375067000745	-6.284311037241253e-05	0.022135454904441465
0.0006705301431588762	0.004436779657367218	-0.005366417633080545	0.0004995502325861878	-0.051034309977657566	-0.006997844665581843	-4.337108157059788e-07	0.018266072131877475
-0.0005776578479905758	0.007744477833913521	-0.004305457840602989	0.0003123220339138477	-0.055839833743584366	-0.008620489054076641	-4.337108157059788e-07	0.018390890930992665
0.0003584831453713466	0.00761965903479922	-0.004055820242372832	0.000249912634356253	-0.05509092094889434	-0.010555180440358969	0.00024920388741489496	0.020949676312849386
-0.00039042964931867985	0.007370021436568841	-0.005553645831752885	0.0006867784312587499	-0.050659853580312664	-0.007434710462484118	-4.337108157059788e-07	0.01633138074559537
0.0006705301431588762	0.006309061644091951	-0.008611706410069253	0.000249912634356253	-0.047851430600225564	-0.0059992942726621035	-0.00018766190948804606	0.012212360374801001
-0.0007024766471059873	0.004374370257809623	-0.008736525209184443	0.00037473143347144244	-0.038240383068372186	-0.009494220647881413	-0.00012525250993045134	0.006533105015069429
-0.0004528390488758305	0.00761965903479922	-0.006052921028212532	0.0006243690317018213	-0.030439208123686168	-0.007746757460271869	0.00024920388741489496	0.012025132176128883
0.000483301944486092	0.0033134104653322893	-0.008798934608741815	0.00018750323479865827	-0.0343085908962506	-0.011428912034163297	-0.0002500713090451967	0.008717433999581692
-0.0007024766471059873	0.0030637728671019104	-0.010920854193696483	0.0003123220339138477	-0.030376798724129017	-0.01061758983991612	-0.00018766190948804606	0.004348776030557389
0.0006081207436012814	0.004499189056924813	-0.012543498582191726	0.00043714083302903717	-0.028816563735191814	-0.009306992449209073	-4.337108157059788e-07	-0.002641076719881008
-0.0007024766471059873	0.005622558248959075	-0.010733625995024587	0.00018750323479865827	-0.02731873814581176	-0.010555180440358969	-0.00012525250993045134	-0.010816708061911706
0.0005457113440436867	0.006184242844976762	-0.010920854193696483	0.00037473143347144244	-0.027381147545369577	-0.008620489054076641	0.00012438508829948347	-0.010130204666779719
-0.0005152484484334252	0.007557249635241625	-0.011045672992811673	0.00037473143347144244	-0.025571274958202217	-0.006997844665581843	-6.284311037241253e-05	-0.01293862764686704
0.0005457113440436867	0.0038750950613495316	-0.01366686777422621	0.0003123220339138477	-0.0277556039427147	-0.008246032656731739	6.197568874233284e-05	-0.007633828684479704
0.000483301944486092	0.004187142059137061	-0.012543498582191726	0.000249912634356253	-0.02045370419448833	-0.01024313344257144	-0.0003124807086027914	-0.008008285081824607
-0.0005152484484334252	0.001066672081262432	-0.010671216595466992	0.00043714083302903717	-0.016085046225463806	-0.009306992449209073	0.00012438508829948347	-0.012064896053061824
0.000483301944486092	0.0016283566772803404	-0.01166976698838651	0.00018750323479865827	-0.017021187218826173	-0.008994945451421765	-0.0002500713090451967	-0.01693282921854622
-0.0007024766471059873	0.0015659472777223016	-0.01366686777422621	0.000249912634356253	-0.016334683823694185	-0.008370851455846484	-0.0002500713090451967	-0.014561272035361394
0.0008577583418309942	0.0015659472777223016	-0.011482538789713725	0.0006867784312587499	-0.014712039435199387	-0.010367952241686185	-0.00037489010816038615	-0.015871869426068663
-0.0008272954462211768	0.0014411284786075562	-0.012418679783076536	6.2684435684357e-05	-0.010530609664847868	-0.01255228122619867	-6.284311037241253e-05	-0.010067795267222124
0.0007329395427164709	0.0022524506728547333	-0.00998471320033456	0.00018750323479865827	-0.014462401836969452	-0.012115415429296172	-0.0003124807086027914	-0.009818157668991745
-0.0006400672475481706	0.002502088271084668	-0.007176290220247683	0.0004995502325861878	-0.017083596618383767	-0.009868677045226537	6.197568874233284e-05	-0.01512295663137908
-0.0007024766471059873	0.0003177592865728496	-0.008486887610954952	6.2684435684357e-05	-0.01945515380156837	-0.01043036164124378	-0.0002500713090451967	-0.015372594229608572
0.000483301944486092	-0.0017417508988244457	-0.011045672992811673	0.00018750323479865827	-0.018581422207763376	-0.005749656674432169	-0.0003124807086027914	-0.018617883006598168
-0.00039042964931867985	-0.002053797896611753	-0.010234350798564495	0.0004995502325861878	-0.014275173638296668	-0.0066233882682369405	0.00018679448785730024	-0.015497413028723317
0.00042089254492938544	-0.004799811477141258	-0.00917339100608694	0.00012509383524195172	-0.010717837863519764	-0.008058804458059399	-0.0003124807086027914	-0.006198412494657912
-0.0006400672475481706	-0.005673543070946474	-0.007113880820690088	2.750361267622736e-07	-0.00909519347502541	-0.01024313344257144	-0.0004997089072751315	-0.007009734688905311
0.0005457113440436867	-0.004050898682451232	-0.009235800405644534	0.00012509383524195172	-0.013838307841394615	-0.008870126652306576	0.00018679448785730024	-0.0021418015234209165
-0.0004528390488758305	-0.003988489282894525	-0.008486887610954952	-0.00018695316254579986	-0.012902166848031804	-0.010929636837703871	-0.000624527706390321	-0.001642526326961491
0.00042089254492938544	-0.005049449075371193	-0.008112431213609383	6.2684435684357e-05	-0.011404341258652195	-0.008370851455846484	-0.0002500713090451967	-0.004762996304835898
0.0006705301431588762	-0.0049246302762560035	-0.0058032834299828195	0.00037473143347144244	-0.009844106269714992	-0.00830844205628889	-0.00018766190948804606	-0.003889264711030904
-0.0005776578479905758	-0.004050898682451232	-0.005366417633080545	0.0003123220339138477	-0.010156153267502743	-0.008807717252748981	-0.00012525250993045134	-0.0040140835101454275
0.0005457113440436867	-0.004175717481566421	-0.007301109019362428	6.2684435684357e-05	-0.011154703660422705	-0.01280191882442816	-0.0004997089072751315	-0.0005815665344837129
-0.0005776578479905758	-0.0043005362806816105	-0.006864243222460598	0.00018750323479865827	-0.012340482252014562	-0.010679999239473714	-0.0002500713090451967	-0.00014470073758143798
0.0007953489422736215	-0.005673543070946474	-0.007862793615380115	0.00043714083302903717	-0.012590119850244275	-0.009244583049651478	-0.0004997089072751315	-0.0061360030951003175
-0.0008897048457778833	-0.005299086673601572	-0.008174840613167644	-6.21343634306104e-05	-0.009407240472812717	-0.00868289845363468	-0.000624527706390321	-0.001392888728731334
0.00042089254492938544	-0.007608234457228358	-0.007113880820690088	0.00012509383524195172	-0.009344831073255566	-0.009619039446996158	-0.0002500713090451967	0.002788541041620185
-0.0005776578479905758	-0.006796912262980737	-0.007176290220247683	0.00037473143347144244	-0.008346280680335383	-0.010555180440358969	-0.00018766190948804606	0.00484805122701748
-0.0006400672475481706	-0.007296187459440828	-0.007862793615380115	2.750361267622736e-07	-0.010717837863519764	-0.009743858246111348	-0.00037489010816038615	0.0069075614124145535
0.00042089254492938544	-0.0076706438567859525	-0.008424478211397357	6.2684435684357e-05	-0.013089395046704366	-0.009619039446996158	-0.0004997089072751315	0.0010410778540106413
-0.0005776578479905758	-0.0081699190532456	-0.009547847403432064	0.00012509383524195172	-0.010842656662635175	-0.0072474822638117775	-0.00018766190948804606	-0.0033899895145710346
0.0006705301431588762	-0.008731603649263286	-0.008549297010512547	6.2684435684357e-05	-0.012153254053342222	-0.00830844205628889	-0.0003124807086027914	-0.008445150878727326
-0.0007024766471059873	-0.008232328452803195	-0.007675565416707331	2.750361267622736e-07	-0.008845555876795475	-0.009743858246111348	-0.00018766190948804606	0.002164447046045348
0.0008577583418309942	-0.008481966051033352	-0.008549297010512547	0.0003123220339138477	-0.006661226892283434	-0.009057354850978916	-0.0005621183068327262	0.0004169838584362484
-0.0008272954462211768	-0.009480516443952869	-0.008362068811839762	0.00018750323479865827	-0.007035683289627892	-0.010367952241686185	-0.0004372995077175368	0.0006666214566657391
0.0006081207436012814	-0.009230878845722934	-0.009610256802989214	0.00012509383524195172	-0.010218562667059894	-0.008745307853191386	-0.00018766190948804606	-0.0005191571349270063
0.0005457113440436867	-0.009043650647050372	-0.011981813986173817	2.750361267622736e-07	-0.010842656662635175	-0.0076843480607144965	-0.0005621183068327262	0.0045984136287877675
-0.0005152484484334252	-0.009230878845722934	-0.010047122599892155	0.00018750323479865827	-0.007847005483875513	-0.008870126652306576	-0.00012525250993045134	0.000916259054896118
0.00042089254492938544	-0.009542925843510464	-0.010047122599892155	-0.00012454376298842718	-0.006473998693611094	-0.0112416838354914	-0.0005621183068327262	0.0005418026575505497
-0.0006400672475481706	-0.007545825057670763	-0.010671216595466992	-6.21343634306104e-05	-0.009032784075467815	-0.010804818038588682	-0.0004372995077175368	-0.006073593695542945
0.000483301944486092	-0.008419556651475535	-0.010796035394581294	2.750361267622736e-07	-0.006786045691398179	-0.009993495844341282	-6.284311037241253e-05	-0.007883466282710305
-0.0005152484484334252	-0.006859321662538553	-0.012106632785289007	0.000249912634356253	-0.009968925068830181	-0.01061758983991612	-0.0004997089072751315	-0.004138902309260617
0.000483301944486092	-0.006672093463865991	-0.012543498582191726	0.00012509383524195172	-0.009344831073255566	-0.010929636837703871	-0.0002500713090451967	-0.01231453365129176
-0.0006400672475481706	-0.004737402077583663	-0.010983263593254078	0.00037473143347144244	-0.010530609664847868	-0.013301194020888252	-0.00018766190948804606	-0.009755748269435038
-0.000764886046663138	-0.006235227666963272	-0.011919404586616444	-0.0002493625621033946	-0.006598817492725395	-0.01248987182664063	-0.000624527706390321	-0.009630929470319849
0.0007329395427164709	-0.0066096840643083965	-0.013042773778650929	0.000249912634356253	-0.005163401302903381	-0.013176375221773284	-0.0002500713090451967	-0.011628030256159327
-0.0005152484484334252	-0.007296187459440828	-0.016849747151658212	6.2684435684357e-05	-0.005725085898921067	-0.013051556422658095	-0.0002500713090451967	-0.005574318499083075
0.0006081207436012814	-0.004862220876698853	-0.017411431747675676	6.2684435684357e-05	-0.013900717240951765	-0.012365053027525885	-0.0004372995077175368	-0.018555473607040573
-0.0006400672475481706	-0.006297637066520867	-0.015039874564490852	6.2684435684357e-05	-0.007285320887858271	-0.012302643627968068	-0.00012525250993045134	-0.014561272035361394
0.0007953489422736215	-0.006360046466078462	-0.016038424957410813	0.00037473143347144244	-0.004539307307328322	-0.014549382012037704	-0.0004372995077175368	-0.015185366030935787
-0.000764886046663138	-0.007421006258555574	-0.017161794149445297	6.2684435684357e-05	-0.015273724031216629	-0.01174095903195127	-0.00037489010816038615	-0.02080221199111021
0.0005457113440436867	-0.003988489282894525	-0.015351921562278603	0.000249912634356253	-0.017021187218826173	-0.011179274435933806	-6.284311037241253e-05	-0.01886752060482788
0.0006081207436012814	-0.0002439253094448368	-0.014977465164933257	0.000249912634356253	-0.019829610198913494	-0.010555180440358969	-0.0003124807086027914	-0.01680801041943103
-0.000764886046663138	-0.003988489282894525	-0.017036975350330552	-6.21343634306104e-05	-0.026195368953777498	-0.014923838409383272	-0.0005621183068327262	-0.020864621390667804
0.0006705301431588762	-0.0010552475036915698	-0.012917954979536628	0.000249912634356253	-0.02020406659625862	-0.01174095903195127	-0.00018766190948804606	-0.02223762818093178
-0.0006400672475481706	-0.0017417508988244457	-0.014852646365818511	0.00018750323479865827	-0.016771549620596238	-0.011803368431508643	-0.00037489010816038615	-0.02654387675039893
0.0006705301431588762	-0.002927529490416747	-0.013604458374668837	0.00037473143347144244	-0.017770100013515977	-0.011116865036376211	-0.0005621183068327262	-0.01693282921854622
-0.0008272954462211768	-0.005548724271831285	-0.013604458374668837	-0.00018695316254579986	-0.021327435788293103	-0.014424563212923402	-0.00012525250993045134	-0.007571419284922554
0.0008577583418309942	-0.003114757689088865	-0.012668317381306471	0.000249912634356253	-0.021577073386523038	-0.01273950942487101	-0.00018766190948804606	-0.011877667854389484
-0.0005776578479905758	-0.005049449075371193	-0.011108082392369267	0.00018750323479865827	-0.022013939183425535	-0.013426012820003441	-0.0003124807086027914	-0.011253573858814647
-0.0005776578479905758	-0.006859321662538553	-0.010796035394581294	-6.21343634306104e-05	-0.028067650940501787	-0.01161614023283608	-0.0003124807086027914	-0.019741252198633097
0.000483301944486092	-0.0072337780598832335	-0.010546397796352025	6.2684435684357e-05	-0.029815114128111553	-0.01024313344257144	-0.0004372995077175368	-0.029227480931371064
-0.00039042964931867985	-0.006984140461653743	-0.007737974816264925	0.00043714083302903717	-0.0359312352847454	-0.006436160069564156	-4.337108157059788e-07	-0.024484366565002302
0.000296073745814196	-0.010791113834660138	-0.007737974816264925	-0.00018695316254579986	-0.03281076530687077	-0.010867227438146498	-0.0007493465055052884	-0.014935728432706519
-0.0005152484484334252	-0.010978342033332922	-0.008424478211397357	0.00012509383524195172	-0.03911411466217696	-0.00893253605186417	-0.0003124807086027914	-0.017931379611465736
0.0006081207436012814	-0.01066629503554517	-0.006864243222460598	0.00018750323479865827	-0.051034309977657566	-0.010180724043013845	-0.00012525250993045134	-0.014935728432706519
-0.0005152484484334252	-0.009418107044395274	-0.006302558626442911	-0.0002493625621033946	-0.04997335018518023	-0.0112416838354914	-0.0007493465055052884	-0.01237694305084891
0.000296073745814196	-0.011227979631562413	-0.006115330427770127	-6.21343634306104e-05	-0.040050255655539546	-0.016047207601417757	-0.0004372995077175368	-0.0144988626358038
0.0007329395427164709	-0.008731603649263286	-0.006989062021574899	0.000249912634356253	-0.02482236216351219	-0.012677100025313415	-0.00037489010816038615	-0.024609185364116604
-0.0005152484484334252	-0.010791113834660138	-0.009048572206972194	0.00012509383524195172	-0.01989201959847109	-0.012614690625756264	-0.0002500713090451967	-0.023048950375179844
0.0003584831453713466	-0.013225080417402335	-0.010421578997236836	-0.0003117719616609893	-0.018581422207763376	-0.013426012820003441	-0.0008117559050628831	-0.03272240730659037
-0.0005152484484334252	-0.01166484542846491	-0.012356270383518941	-0.00012454376298842718	-0.016771549620596238	-0.01273950942487101	-0.00037489010816038615	-0.03752793107251695
0.0007953489422736215	-0.01035424803775764	-0.008112431213609383	0.0003123220339138477	-0.017520462415286264	-0.014174925614693468	-0.0008741653046204778	-0.02666869554951412
-0.0008897048457778833	-0.011040751432890517	-0.009547847403432064	-0.0004990001603333294	-0.01995442899802824	-0.011928187230623388	-0.0006869371059479157	-0.031099762918095575
0.000483301944486092	-0.011727254828022504	-0.012169042184846601	6.2684435684357e-05	-0.019392744402010997	-0.010992046237261466	-0.0004372995077175368	-0.03833925326676413
-0.0005152484484334252	-0.009854972841297993	-0.017286612948560487	0.00012509383524195172	-0.016209865024578995	-0.00812121385761655	-0.0002500713090451967	-0.04857439479419212
-0.0007024766471059873	-0.007171368660326083	-0.014790236966260917	-6.21343634306104e-05	-0.01758287181484386	-0.009119764250536289	-0.0004372995077175368	-0.05993290551365549
0.000483301944486092	-0.004862220876698853	-0.011544948189271764	6.2684435684357e-05	-0.018519012808206226	-0.00624893187089226	-0.0004997089072751315	-0.07578489300125746
-0.0002656108502034904	-0.006547274664751246	-0.013479639575553426	0.00043714083302903717	-0.016459502622809152	-0.009931086444783688	0.00012438508829948347	-0.048262347796405036
0.000296073745814196	-0.008918831847935182	-0.017036975350330552	-0.0002493625621033946	-0.014025536040067177	-0.012302643627968068	-0.0007493465055052884	-0.05138281777427944
-0.0004528390488758305	-0.008981241247492777	-0.014790236966260917	0.00012509383524195172	-0.015897818026791466	-0.0066233882682369405	-0.0007493465055052884	-0.040211535253489084
0.000483301944486092	-0.010167019839084857	-0.015726377959623727	-0.00012454376298842718	-0.015897818026791466	-0.006997844665581843	-0.0003124807086027914	-0.04451778382295579
-0.0005776578479905758	-0.008669194249705692	-0.016537700153870905	-0.00012454376298842718	-0.015086495832543845	-0.011803368431508643	-0.0006869371059479157	-0.04757584440127283
0.000483301944486092	-0.008232328452803195	-0.014478189968473387	2.750361267622736e-07	-0.016209865024578995	-0.010679999239473714	-0.00037489010816038615	-0.04651488460879549
0.0006705301431588762	-0.011727254828022504	-0.015601559160508538	6.2684435684357e-05	-0.016958777819268578	-0.007122663464697032	-0.0003124807086027914	-0.03178626631322801
-0.0007024766471059873	-0.012850624020057655	-0.014790236966260917	-0.0003117719616609893	-0.017395643616171075	-0.00762193866115668	-0.0006869371059479157	-0.024671594763674642
0.0007329395427164709	-0.011602436028907315	-0.016100834356968408	0.00018750323479865827	-0.016584321421923898	-0.01373805981779097	-0.0003124807086027914	-0.02816652113889373
-0.0006400672475481706	-0.015159771803684441	-0.01491505576537655	-0.00012454376298842718	-0.019080697404223468	-0.00893253605186417	-0.0005621183068327262	-0.03097494411898083
0.0006081207436012814	-0.017032053790408952	-0.017910706944135324	-0.00012454376298842718	-0.01957997260068356	-0.0013185893058504927	-0.000624527706390321	-0.004076492909703022
-0.0006400672475481706	-0.016158322196603736	-0.02078153932378002	-0.0002493625621033946	-0.02332453657413258	-0.0059992942726621035	-0.0008117559050628831	0.003475044436753061
0.0006081207436012814	-0.01896674517669128	-0.019907807729975024	-0.00012454376298842718	-0.026382597152449394	-0.0049383344801845475	-0.0004997089072751315	0.009341527995156973
-0.0005152484484334252	-0.018155422982443215	-0.018971666736612436	-0.0004990001603333294	-0.02107779819006317	-0.007497119862041712	-0.0009989841037352232	-0.029227480931371064
-0.0004528390488758305	-0.01466049660722435	-0.02009503592864781	-0.00018695316254579986	-0.02525922796041513	-0.009494220647881413	-0.0004997089072751315	-0.007571419284922554
0.0005457113440436867	-0.014223630810322518	-0.021592861518027417	-0.0003117719616609893	-0.022700442578557967	-0.004439059283724678	-0.0008117559050628831	-0.008133103880939796
-0.0005776578479905758	-0.012164120624924779	-0.02009503592864781	-0.00018695316254579986	-0.02825487913917457	-0.007372301062927411	-0.0004997089072751315	0.00534732642347735
0.000483301944486092	-0.012913033419614806	-0.020407082926434894	-0.0005614095598909241	-0.02725632874625461	-0.003378099491247344	-0.0010613935032923738	-0.02067739319199502
-0.0005776578479905758	-0.015534228201029565	-0.022216955513602032	-0.00012454376298842718	-0.028566926136961657	-0.0008817235089482178	-0.0004997089072751315	-0.03715347467517227
0.0007329395427164709	-0.013412308616074453	-0.02533742549147644	-6.21343634306104e-05	-0.026694644150237146	-0.007185072864254627	-0.0010613935032923738	-0.023735453770311832
-0.0008897048457778833	-0.012725805220942465	-0.02614874768572406	-0.0002493625621033946	-0.02432308696705232	-0.00019522011381578608	-0.0007493465055052884	-0.015372594229608572
0.0006705301431588762	-0.017032053790408952	-0.02508778789324695	-0.0002493625621033946	-0.02663223475067955	0.0064201762392779305	-0.000624527706390321	-0.023735453770311832
0.0006081207436012814	-0.017468919587311227	-0.028707533067581004	-0.0003117719616609893	-0.022700442578557967	0.003549343859633458	-0.0007493465055052884	-0.03166144751411304
-0.0007024766471059873	-0.01728169138863933	-0.03182800304545541	-0.00037418136121813994	-0.023137308375459797	-0.0026915960961153562	-0.0006869371059479157	-0.03971226005702899
0.0006081207436012814	-0.019778067370938457	-0.025587063089706596	-0.00012454376298842718	-0.01845660340864863	0.00673222323706546	-0.0006869371059479157	-0.062117234498167306
-0.0005152484484334252	-0.015659047000144533	-0.027084888679086205	-6.21343634306104e-05	-0.021202616989178358	0.004672713051668609	-0.00037489010816038615	-0.22800141852197142
-0.0002656108502034904	-0.2112501052133129	-0.2285424304506587	-0.008112946906347007	-0.23701432065897277	-0.1706352903053161	-0.0008741653046204778	-0.05325509976100373
-0.0006400672475481706	-0.014036402611649734	-0.03170318424634022	-0.00043659076077573467	-0.02663223475067955	0.0137220759875043	-0.0008741653046204778	-0.05169486477206653
0.0006081207436012814	-0.016720006792621644	-0.029768492860058338	-0.0005614095598909241	-0.026195368953777498	0.0076683642304278266	-0.0009365747041771844	-0.05094595197737717
-0.000764886046663138	-0.015908684598374467	-0.030767043252978077	-0.0003117719616609893	-0.0181445564108611	-0.005624837875316979	-0.0008741653046204778	-0.06760926165922654
-0.0004528390488758305	-0.014535677808109604	-0.02864512366802341	-6.21343634306104e-05	-0.021764301585195378	0.00710667963441014	-0.00037489010816038615	-0.06898226844949118
0.0005457113440436867	-0.013661946214304832	-0.029269217663598468	-0.0002493625621033946	-0.016896368419711427	0.003362115660961118	-0.0007493465055052884	-0.0747863426083375
-0.0007024766471059873	-0.009293288245280529	-0.026897660480413643	-0.0002493625621033946	-0.017832509413073794	0.004922350649898322	-0.0006869371059479157	-0.08508389353532309
0.0007329395427164709	-0.012975442819171956	-0.026585613482626114	6.2684435684357e-05	-0.017146006017941362	0.005484035245915786	-0.0004997089072751315	-0.08577039693045552
-0.0007024766471059873	-0.013225080417402335	-0.030579815054305515	-0.0002493625621033946	-0.018519012808206226	0.006108129241490623	-0.0006869371059479157	-0.07740753738975203
0.0006081207436012814	-0.01316267101784474	-0.03101668085120801	-0.00018695316254579986	-0.0161474556250214	0.004672713051668609	-0.00018766190948804606	-0.09232338388399186
-0.0004528390488758305	-0.012725805220942465	-0.02783380147377601	-0.00018695316254579986	-0.016833959020154277	0.010976062406975018	-0.000624527706390321	-0.09731613584859078
0.00042089254492938544	-0.013537127415189643	-0.03145354664811029	-0.00037418136121813994	-0.0245727245652827	0.012536297395911777	-0.0007493465055052884	-0.062117234498167306
0.0006081207436012814	-0.012538577022270125	-0.029643674060943148	-0.00018695316254579986	-0.01864383160732097	0.0022387464689261893	-0.0007493465055052884	-0.07085455043621591
-0.0005152484484334252	-0.008731603649263286	-0.026960069879971238	2.750361267622736e-07	-0.020328885395373142	0.007605954830870232	-0.00037489010816038615	-0.0905135112968245
0.0006705301431588762	-0.008107509653688005	-0.02596151948705172	-0.00012454376298842718	-0.02076575119227586	0.012473887996354183	-0.0005621183068327262	-0.0968792700516885
-0.0008272954462211768	-0.00779546265590092	-0.02396441870121202	-0.00043659076077573467	-0.02413585876837976	0.006669813837507865	-0.0009365747041771844	-0.0747863426083375
0.0007329395427164709	-0.01047906683687283	-0.028083439072005945	-0.00012454376298842718	-0.02045370419448833	0.00011682688397174346	-0.0006869371059479157	-0.0653625232751569
-0.0006400672475481706	-0.009854972841297993	-0.027584163875546075	-0.00037418136121813994	-0.022513214379885405	-0.010367952241686185	-0.0008117559050628831	-0.06891985904993381
0.0005457113440436867	-0.012413758223154936	-0.024838150295017014	6.2684435684357e-05	-0.02238839558077066	-0.00406460288638022	-0.0003124807086027914	-0.08084005436541397
-0.0005152484484334252	-0.011852073627137694	-0.024463693897671668	-0.0002493625621033946	-0.021577073386523038	-0.017732261389469706	-0.0008117559050628831	-0.1095483781618587
-0.0005152484484334252	-0.015034953004569251	-0.02583670068793653	-6.21343634306104e-05	-0.01864383160732097	-0.010180724043013845	-0.00037489010816038615	-0.10374430400301216
0.0006705301431588762	-0.017656147785983567	-0.03270173463926018	-6.21343634306104e-05	-0.02413585876837976	-0.007060254065139437	-0.000624527706390321	-0.0803407791689541
-0.0005776578479905758	-0.01877951697801894	-0.02833307667023588	-0.00018695316254579986	-0.023698992971477484	-0.0018802739018681791	-0.0004997089072751315	-0.08932773270523242
0.0005457113440436867	-0.01909156397580647	-0.02602392888660887	-0.0002493625621033946	-0.023262127174574987	-0.010055905243898877	-0.0007493465055052884	-0.09831468624151052
-0.0006400672475481706	-0.01634555039527652	-0.02814584847156354	-0.00037418136121813994	-0.0277556039427147	-0.013238784621330879	-0.006428601865236416	-0.2478476075812528
0.00017125494669900654	-0.1741165124766073	-0.18916209932988348	-0.006178255520064901	-0.02725632874625461	-0.0149862478089402	-0.0009365747041771844	-0.12146857347733908
-0.0006400672475481706	-0.01665759739306405	-0.027084888679086205	-0.0004990001603333294	-0.02813006034005916	-0.0066233882682369405	-0.0008117559050628831	-0.08158896716010378
0.0006081207436012814	-0.009480516443952869	-0.022216955513602032	-0.0007486377585628201	-0.0263201877528918	-0.027842584117782954	-0.0008741653046204778	-0.093259524877354
0.0006081207436012814	-0.017094463189966547	-0.02546224429059163	-0.0007486377585628201	-0.03505750369094063	-0.023473926148758872	-0.0008117559050628831	-0.10642790818398429
-0.0007024766471059873	-0.025207685132439872	-0.030205358656960613	-0.0025585103457301805	-0.031188120918376194	-0.002941233694345291	-0.0009365747041771844	-0.11716232490787215
0.0006081207436012814	-0.024958047534209937	-0.024838150295017014	-0.002059235149270089	-0.04092398724934432	0.002550793466713719	-0.0008741653046204778	-0.11447872072690024
-0.0005152484484334252	-0.03269681307933836	-0.029456445862270808	-0.001435141153695696	-0.0359312352847454	0.021273613333960606	-0.0008117559050628831	-0.1275846946339727
0.0005457113440436867	-0.0279536987129696	-0.025524653690149002	-0.0021840539483852783	-0.03892688646350484	-0.0034405088908049386	-0.0013734405010799033	-0.1008734716233679
-0.0008272954462211768	-0.03800161204172503	-0.027084888679086205	-0.003993926535552861	-0.04367000082987382	0.01553194857467144	-0.0009365747041771844	-0.09232338388399186
0.0007329395427164709	-0.03163585328686125	-0.025025378493689354	-0.16594631838723495	-0.033871725099348104	0.014658216980866223	-0.000624527706390321	-0.07884295357957427
-0.0005152484484334252	-0.027079967119164605	-0.0137916865733414	-0.22461115397127362	-0.032685946507756025	0.007918001828657317	-0.0007493465055052884	-0.07884295357957427
-0.0007024766471059873	-0.03413222926916082	-0.018909257337055285	-0.1783033794996176	-0.03661773867987783	0.019338921947678278	-0.0008741653046204778	-0.0747863426083375
0.0005457113440436867	-0.0389377530350874	-0.026335975884396623	-0.10865448959346047	-0.04997335018518023	0.002488384067156124	-0.0013110311015223086	-0.0573741201317981
-0.0007024766471059873	-0.04093485382092732	-0.022903458908734464	-0.06546718509967842	-0.06638702226879967	-0.01947972457707947	-0.001435849900637498	-0.04707656920481251
0.000296073745814196	-0.15651706180139535	-0.12581655877903275	-0.0057413897231621824	-0.1837166934368777	-0.11022299153366788	-0.005055595074972441	-0.03347132010128018
-0.0008897048457778833	-0.05248059273906236	-0.03451160722642732	-0.001622369352368036	-0.07113013663516887	-0.06035788128723407	-0.0018103062979824003	-0.01705764801766052
0.000483301944486092	-0.05647479431074154	-0.02146804271891245	-0.0012479129550229118	-0.07836962698383743	-0.059484149693429744	-0.001248621701965158	-0.03890093786278159
-0.00039042964931867985	-0.06246609666826064	-0.01847239154015301	-0.0018095975510405982	-0.08704453352232844	-0.07121711681023735	-0.0023719908940000867	-0.042895139434460994
0.00017125494669900654	-0.06346464706117994	-0.016787337752100617	-0.0011230941559086105	-0.09103873509400762	-0.0989892996133197	-0.001435849900637498	-0.0605569995092301
0.00042089254492938544	-0.06708439223551466	-0.016412881354755715	-0.0013727317541381012	-0.09490811786657183	-0.10997335393543772	-0.0019351250970971456	-0.0646760198800247
-0.0004528390488758305	0.04856022514451119	0.11520854231198752	-1.3839905695507353	0.026290936074070625	-0.0355813496629116	0.002371123472369119	0.031933730634967405
0.0006081207436012814	-0.05204372694215986	0.0363230612713219	-0.2890800637141595	-0.08704453352232844	-0.15041464484869027	-0.0006869371059479157	-0.08227547055523621
-0.0005152484484334252	-0.052917458535964856	0.02783538293150345	-0.14123219616246963	-0.0990271382373662	-0.17631454566504767	-0.0008741653046204778	-0.27917712615911183
0.0009825771409461836	-0.028390564509872096	0.031143081108050197	-0.07133366865808255	-0.0867948959240985	-0.16701554513098227	-0.0004997089072751315	-0.30058355020733063
-0.0006400672475481706	-0.03132380628907394	0.02508936935097439	-6.21343634306104e-05	-0.05396755175685963	-0.11827380407658361	-0.0013110311015223086	-0.2426676274179813
0.0008577583418309942	-0.02127589296031851	-0.04200073517332603	-0.001435141153695696	-0.03393413449890592	-0.07221566720315731	-0.0021223532957697078	-0.182442556845005
-0.0007024766471059873	-0.060219358284191005	-0.13723747889805327	-0.0019344163501557876	-0.04379481962898857	-0.05779909590537757	-0.002496809693114832	-0.15042653487201352
-0.001201751843565857	-0.04386809560012894	-0.1469733452290214	-0.0026209197452879973	-0.015086495832543845	-0.08550886930890234	-0.0028088566909023616	-0.1588518038122746
0.0007329395427164709	-0.031261396889516346	-0.10447254413037177	-0.03607235790810148	-0.055215739748009085	-0.09880207141464736	-0.001872715697540439	-0.1701479051321797
-0.0004528390488758305	-0.03500596086296559	-0.05367129289057604	-0.21088108606862632	-0.048225886997570466	-0.07901829175492336	-0.0011862123024075633	-0.15685470302643512
0.000296073745814196	-0.047924706571365716	-0.06284547462552714	-0.0017471881514830034	-0.0867948959240985	-0.06547545205094862	-0.0021223532957697078	-0.1350738225808712
-0.000764886046663138	-0.04455459899526115	-0.08418948927418812	-0.07220740025188732	-0.07668457319578525	-0.04213433661644772	-0.0024344002935572373	-0.12047002308441912
0.000483301944486092	-0.0514820423461424	-0.06584112580428636	-0.005054886328030195	-0.11693863591036524	0.00011682688397174346	-0.0019975344966547404	-0.09394602827248644
-0.0004528390488758305	-0.08037759434125968	-0.052360695499869214	-0.0019968257497133823	-0.12467740145549366	-0.030838235296542615	-0.0024344002935572373	-0.09781541104505109
0.0006081207436012814	-0.06184200267268558	-0.04125182237863623	-0.0019968257497133823	-0.09078909749577768	-0.06634918364475317	-0.002309581494442492	-0.09219856508487667
0.0007329395427164709	-0.08449661471205383	-0.07095869656800047	-0.0019344163501557876	-0.0824262379550742	-0.03096305409565736	-0.0022471720948848972	-0.09307229667868189
-0.0010769330444506675	-0.07089136560852172	-0.07813577751711187	-0.003120194941747645	-0.07980504317365966	-0.03826495384388329	-0.0034953600860347933	-0.09831468624151052
0.0003584831453713466	-0.09429489044257955	-0.03732003020651442	-0.00268332914484537	-0.08492261393737377	-0.05168297474874328	-0.0030584942891325184	-0.09357157187514131
-0.001201751843565857	-0.25943016167169386	-0.2167470539342935	-0.008487403303691687	-0.27183876561205156	-0.21357295720086866	-0.008675340249306496	-0.1074888679764614
0.0007329395427164709	-0.05922080789127104	-0.05984982344676748	-0.002246463347942873	-0.10526807819311501	-0.07533613718103171	-0.0028088566909023616	-0.07453670501010756
-0.000764886046663138	-0.1201947912589374	-0.0618469242326074	-0.002496100946172808	-0.07974263377410229	-0.0671605058390008	-0.0031833130882468197	-0.08995182670080748
0.0003584831453713466	-0.07076654680940653	-0.07177001876224787	-0.0023712821470580625	-0.06077017630862569	-0.05180779354785847	-0.0026216284922295774	-0.07609693999904477
-0.0007024766471059873	-0.08711780949346837	-0.07351748194985763	-0.002246463347942873	-0.06838412305463937	-0.061980525675729314	-0.002746447291345211	-0.0775947655884246
-0.0005776578479905758	-0.036753424050575134	-0.10278749034231982	-0.0021840539483852783	-0.07649734499711269	-0.05779909590537757	-0.002496809693114832	-0.07023045644064108
-0.0002656108502034904	-0.25000634233851304	-0.23703010879047715	-0.008549812703249282	-0.2597313420978986	-0.193976405739817	-0.00892497784753643	-0.22556745193922945
-0.0005152484484334252	-0.07675784916692541	-0.08131865689454365	-0.002433691546615213	-0.06682388806570216	-0.028341859314242823	-0.0025592190926724268	-0.0665483018667492
0.00042089254492938544	-0.08293637972311663	-0.045246023950315406	-0.0033698325399778017	-0.08479779513825858	-0.027031261923535554	-0.0023719908940000867	-0.06061940890878792
-0.0007024766471059873	-0.08599444030143366	-0.05254792369854133	-0.027896726566070562	-0.0630169146926951	-0.030838235296542615	-0.0023719908940000867	-0.06998081884241092
0.0006081207436012814	-0.06677234523772735	-0.07395434774676013	-0.0018095975510405982	-0.07668457319578525	-0.018793221181947484	-0.0019351250970971456	-0.05824785172560332
-0.0005152484484334252	-0.08518311810718626	-0.041127003579520816	-0.005054886328030195	-0.0654508812754373	-0.05505308232484807	-0.002309581494442492	-0.0810896919636439
0.0003584831453713466	-0.06926872122002692	-0.16575857449582543	-0.007364034111657203	-0.2073074464696083	-0.1630213435593031	-0.007052695860811697	-0.2123366592330418
0.000483301944486092	-0.060219358284191005	-0.031765593645897816	-0.003120194941747645	-0.06657425046747223	-0.049186598766443934	-0.0023719908940000867	-0.0693567248468363
-0.0005152484484334252	-0.03294645067756852	-0.017036975350330552	-0.2394021816663987	-0.04572951101527112	-0.039700370033705745	-0.001435849900637498	-0.05806062352693053
0.00042089254492938544	-0.03244717548110865	-0.0015594442600732616	-0.29519618487079335	-0.052032860370577305	-0.027717765318668208	-0.0018103062979824003	-0.062117234498167306
-0.0008897048457778833	-0.05915839849171367	0.0347004168828271	-0.11264869116513987	-0.08798067451569058	-0.03539412146423904	-0.0022471720948848972	0.028688441857978253
0.0009201677413892551	0.03214655306089198	0.20501566827521311	-1.3117204848631636	0.021110955910798923	0.06733175020738669	-0.0008741653046204778	-0.06205482509860971
-0.0005152484484334252	-0.05017144495543535	0.08050891615802347	-0.3501788658809406	-0.09278619828161738	-0.03789049744653861	-0.0015606686997524655	-0.07328851701895789
0.0009201677413892551	-0.054914559321804335	0.013418811633723493	-0.30511927940043404	-0.21866595718907123	-0.14161491951108407	-0.007614380456828718	-0.1986690007299523
-0.0012641612431230076	-0.22916160288631215	-0.07464085114189234	-0.13517848440539315	-0.07081808963738156	-0.016359254599205064	-0.002746447291345211	-0.06386469768577707
-0.000764886046663138	-0.07270123819568863	-0.0437481983609358	-0.1235079266881427	-0.07150459303251377	-0.04232156481512028	-0.0023719908940000867	-0.0649256574782544
0.0007329395427164709	-0.07763158076072996	-0.014603008767588577	-0.12488093347840779	-0.08573393613162117	-0.04157265202043048	-0.002059943896212335	-0.08077764496585638
-0.0005776578479905758	-0.08231228572754157	0.004681495695675553	-0.10952822118726546	-0.13422603958778945	-0.02010381857265453	-0.0024344002935572373	-0.06760926165922654
0.00042089254492938544	-0.08799154108727314	0.06359596887794439	-0.1385485919814975	-0.1123827497426686	-0.05455380712838798	-0.0025592190926724268	-0.11004765335831856
-0.0003280202497610851	-0.08262433272532932	0.03164235630451073	-0.0023088727475004678	-0.13896915395415843	-0.05492826352573288	-0.0030584942891325184	-0.09981251183089013
0.0006081207436012814	-0.11464035469832079	0.04655820279875034	-0.005991027321392561	-0.30129600220318586	-0.22343364233095153	-0.008987387247093581	-0.2652598300577922
-0.0011393424440082622	-0.27515733036018086	-0.16170196352458843	-0.003120194941747645	-0.12074560928337186	-0.06691086824077108	-0.003807407083822101	-0.1054917671906217
0.0006081207436012814	-0.08599444030143366	-0.0850008114684353	-0.002932966743075305	-0.10589217218868985	-0.07602264057616415	-0.0031833130882468197	-0.10280816300964979
0.000296073745814196	-0.09891318600983356	-0.10372363133568197	-0.0036194701382077366	-0.05427959875464716	-0.09736665522482513	-0.003370541286919604	-0.1067399551817716
-0.0004528390488758305	-0.09304670245142987	-0.18460621316218684	-0.00305778554219005	-0.09191246668781217	-0.05037237735803668	-0.003557769485592388	-0.08165137655966137
0.0006705301431588762	-0.06602343244303732	-0.04044050018438883	-0.9090550389182489	-0.04728974600420832	0.013035572592371869	-0.0013110311015223086	-0.018181017209695893
-0.0008897048457778833	-0.11520203929433803	-0.05516911847995587	-0.019596276424924897	-0.09821581604311858	-0.0974290646243825	-0.003308131887362009	-0.11797364710211933
0.0008577583418309942	-0.09342115884877478	-0.1326191833307988	-0.002870557343518154	-0.10689072258160937	-0.08226358053191296	-0.0034329506864771986	-0.08701858492160519
-0.0003280202497610851	-0.1292441541947731	-0.10391085953435453	-0.0028081479439605594	-0.10582976278913225	-0.11590224689339945	-0.0038698164833799176	-0.11822328470034948
0.0006081207436012814	-0.11988274426114964	-0.09417499320338618	-0.004243564133782574	-0.11194588394576632	-0.15128837644249504	-0.004868366876299657	-0.12508831865167336
-0.0010769330444506675	-0.08287397032355925	-0.16594580269449777	-0.003307423140420429	-0.09440884267011196	-0.11889789807215867	-0.00393222588293729	-0.11048451915522106
-0.0004528390488758305	-0.10403075677354767	-0.18616644815112404	-0.003744288937322482	-0.12723618683735083	-0.0856960975075749	-0.004181863481166781	-0.11191993534504308
0.000483301944486092	-0.033695363472258544	-0.06771340779101132	-1.1537622945831607	-0.05440441755376191	-0.004875925080627397	-0.0019975344966547404	-0.028353749337566514
-0.000764886046663138	-0.11782323407575235	-0.04661903074058027	-0.23091450332658026	-0.12161934087717685	-0.06922001602439787	-0.0034329506864771986	-0.11953388209105653
0.0009825771409461836	-0.10777532074699714	-0.03451160722642732	-0.1607039288244061	-0.14165275813513056	-0.0675349622363457	-0.002684037891787616	-0.10255852541141985
-0.0006400672475481706	-0.13536027535140693	-0.05772790386181281	-0.0063654837187372415	-0.16468182657184371	-0.04344493400715499	-0.005180413874086742	-0.10199684081540261
-0.0003280202497610851	-0.14428481948812766	-0.03114149965032298	-0.019721095224039642	-0.17641479368865154	-0.07845660715890612	-0.003557769485592388	-0.13207817140211198
-0.0007024766471059873	-0.11782323407575235	0.042439182427955524	-0.007364034111657203	-0.1877108950085571	-0.0978035210217274	-0.005866917269219618	-0.14992725967555343
-0.0019506646382554393	-0.10964760273372165	0.047431934392554664	-0.0026209197452879973	-0.16149894719441193	-0.07951756695138346	-0.0019351250970971456	-0.1291449296229099
0.0008577583418309942	-0.09317152125054484	-0.06783822659012606	-0.002932966743075305	-0.11681381711125027	-0.0876931982934146	-0.0031833130882468197	-0.10854982776893851
-0.0006400672475481706	-0.08599444030143366	-0.15458729197503507	-0.003494651339092991	-0.07150459303251377	-0.0974290646243825	-0.003557769485592388	-0.11260643874017551
-1.597325197355559e-05	-0.09335874944921718	-0.1757440784250235	-0.004368382932897319	-0.05434200815420431	-0.08688187609916698	-0.004743548077184467	-0.09444530346894653
-0.000764886046663138	-0.09754017921956892	-0.12675269977239512	-0.0031826043413052396	-0.07487470060861834	-0.06741014343723073	-0.0036825882847071334	-0.09188651808708936
-7.838265153070623e-05	-0.09142405806293508	-0.07102110596755806	-0.003931517135995266	-0.10738999777806946	-0.06834628443059287	-0.002684037891787616	-0.10480526379548949
-0.0007024766471059873	-0.08512070870762889	-0.03738243960607179	-0.00268332914484537	-0.11213311214443866	-0.07046820401554754	-0.0023719908940000867	-0.10074865282425272
0.0007953489422736215	-0.08574480270320373	-0.04961468191933949	-0.002246463347942873	-0.08017949957100456	-0.0710922980111226	-0.0026216284922295774	-0.09244820268310683
-0.0005152484484334252	-0.08430938651338149	-0.11470768565779976	-0.00268332914484537	-0.058024162728096185	-0.06703568703988583	-0.003308131887362009	-0.08383570554417341
-0.0008272954462211768	-0.07619616457090794	-0.11583105484983469	-0.0029953761426328995	-0.05964680711659076	-0.06516340505316087	-0.003370541286919604	-0.0791550005773618
0.0002336643462568233	-0.07401183558639612	-0.08918224123878682	-0.0026209197452879973	-0.07762071418914762	-0.061918116276171276	-0.0030584942891325184	-0.08202583295700627
-0.0010145236448935169	-0.0744487013832984	-0.06459293781313691	-0.0025585103457301805	-0.08785585571657539	-0.057362230108475076	-0.0025592190926724268	-0.08165137655966137
0.0005457113440436867	-0.07725712436338528	-0.05523152787951324	-0.0021216445488281277	-0.08467297633914384	-0.05224465934476097	-0.0024344002935572373	-0.07697067159284976
-0.0005152484484334252	-0.0728884663943612	-0.06284547462552714	-0.0018095975510405982	-0.07269037162410608	-0.0513709277509562	-0.002059943896212335	-0.07247719482471071
0.0007329395427164709	-0.06770848623108972	-0.0736423007489726	-0.0016847787519256308	-0.054716464551549215	-0.052119840545646	-0.002496809693114832	-0.06867022145170387
-0.0008897048457778833	-0.06284055306560554	-0.08106901929631372	-0.0019968257497133823	-0.053842732957744444	-0.049373826965116496	-0.002684037891787616	-0.0657993890720594
0.00042089254492938544	-0.05909598909215652	-0.06415607201623441	-0.0019344163501557876	-0.057025612335176445	-0.043881799804057486	-0.0023719908940000867	-0.0630533754915299
0.0006081207436012814	-0.05828466689790868	-0.05310960829455902	-0.01035968529041642	-0.05777452512986625	-0.039201094837245876	-0.001685487498867655	-0.061368321703477724
-0.000764886046663138	-0.0554762439178218	-0.051736601504294155	-0.0019968257497133823	-0.05665115593783154	-0.03982518883282049	-0.001872715697540439	-0.0621796438977249
4.6436147584039134e-05	-0.05366637133065466	-0.05367129289057604	-0.003993926535552861	-0.051595994573674586	-0.03888904783945857	-0.0024344002935572373	-0.0581854423260455
-0.0005152484484334252	-0.047175793776676134	-0.05204864850208124	-0.040940291073585655	-0.04117362484757425	-0.03445798047087689	-0.0013734405010799033	-0.04932330758888215
0.000296073745814196	-0.04455459899526115	-0.05448261508482366	-0.04930315061428914	-0.0363056916820903	-0.033209792479726996	-0.0015606686997524655	-0.0440185086264957
-0.0008272954462211768	-0.040248350425794666	-0.048116856329959656	-0.08930757573063941	-0.03923893346129237	-0.02728089952176571	-0.001623078099309616	-0.04570356241454787
0.00042089254492938544	-0.04411773319835888	-0.04605734614456258	-0.037632592897038686	-0.03611846348341796	-0.023536335548316467	-0.0007493465055052884	-0.042770320635346026
-0.0003280202497610851	-0.0396866658297772	-0.03370028503217992	-0.08362832037090762	-0.03012716112589886	-0.022350556956723944	-0.001248621701965158	-0.040211535253489084
-0.0007024766471059873	-0.03032525589615398	-0.030704633853420482	-0.12712767186247698	-0.02276285197811556	-0.017482623791240215	-0.0009989841037352232	-0.034594689293315106
0.0007329395427164709	-0.005923180669175743	-0.007363518418920023	-0.45427774434283097	0.007006431610806496	0.003986209656535733	6.197568874233284e-05	-0.008819607276072228
-0.0007024766471059873	-0.024209134739520133	-0.029269217663598468	-0.1608911570230782	-0.014836858234314576	-0.013051556422658095	-0.0008741653046204778	-0.02698074254730143
0.000483301944486092	-0.022898537348812864	-0.026460794683511812	-0.16950365416201163	-0.01396312664050936	-0.010180724043013845	-0.0008741653046204778	-0.01799378901102311
-0.0005152484484334252	-0.014847724805896911	-0.015601559160508538	-0.2591859613261225	-0.006661226892283434	-0.0035029182903625333	-0.0006869371059479157	-0.017744151412793396
0.0002336643462568233	-0.013724355613861983	-0.011357719990599424	-0.27472590181593715	-0.005350629501575943	-0.002754005495672507	-0.00018766190948804606	-0.016433554022086128
-0.0005776578479905758	-0.013911583812534545	-0.011170491791926418	-0.07164571565587008	-0.0160226368259071	-0.01292673762354335	-0.00018766190948804606	-0.027105561346416174
0.0009825771409461836	-0.0235226313443877	-0.030392586855633397	-0.03838150569172871	-0.01808214701130395	-0.0149862478089402	-0.001435849900637498	-0.028915433933583756
0.0005457113440436867	-0.024958047534209937	-0.028582714268465814	-0.04019137827889563	-0.016646730821481492	-0.013238784621330879	-0.0007493465055052884	-0.02654387675039893
-0.0005152484484334252	-0.02508286633332535	-0.02546224429059163	-0.02839600176253043	-0.01745805301572867	-0.01311396582221569	-0.0006869371059479157	-0.02816652113889373
0.000483301944486092	-0.025394913331112434	-0.02315309650696462	-0.025587578782443776	-0.018581422207763376	-0.01273950942487101	-0.0008117559050628831	-0.028104111739336135
-0.0006400672475481706	-0.02327299374615799	-0.02327791530607981	-0.02839600176253043	-0.017520462415286264	-0.0112416838354914	-0.0006869371059479157	-0.025108460560576695
0.0007329395427164709	-0.02096384596253076	-0.02302827770784921	-0.038069458693941405	-0.013588670243164236	-0.0112416838354914	-0.0008741653046204778	-0.022424856379604563
-0.0008897048457778833	-0.01896674517669128	-0.021904908515814947	-0.056230593965170605	-0.012278072852456967	-0.008183623257174588	-0.000624527706390321	-0.02123907778801226
0.0005457113440436867	-0.02102625536208813	-0.021530452118469823	-0.03232779393465246	-0.010593019064405018	-0.007497119862041712	-0.0004372995077175368	-0.021114258988897516
-0.0005776578479905758	-0.01771855718554116	-0.01997021712953262	-0.012107148478026186	-0.012090844653784627	-0.00868289845363468	-0.0005621183068327262	-0.02186317178358732
-0.000764886046663138	-0.018342651181116	-0.01797311634369292	-0.015726893652360463	-0.009906515669272364	-0.0076843480607144965	-0.0005621183068327262	-0.02098944018978255
0.0005457113440436867	-0.017156872589523697	-0.015976015557853218	-0.013417745868733233	-0.010218562667059894	-0.007559529261599307	-0.0005621183068327262	-0.020739802591552614
-0.0005152484484334252	-0.018093013582886508	-0.016038424957410813	-0.006490302517852209	-0.010031334468387776	-0.006560978868679346	-0.00018766190948804606	-0.019554023999960313
0.000483301944486092	-0.01678241619217924	-0.018409982140595638	-0.0036818795377653313	-0.010405790865732678	-0.006810616466909281	-0.0006869371059479157	-0.018056198410580704
-0.000764886046663138	-0.015659047000144533	-0.017723478745462984	-0.0036818795377653313	-0.008471099479450572	-0.005874475473547358	-0.0004372995077175368	-0.017244876216333305
0.000483301944486092	-0.015534228201029565	-0.01616324375652578	-0.003993926535552861	-0.005725085898921067	-0.00406460288638022	6.197568874233284e-05	-0.0164959634216435
-0.00039042964931867985	-0.014223630810322518	-0.014727827566703766	-0.0038691077364372273	-0.006910864490513369	-0.004875925080627397	-0.000624527706390321	-0.01680801041943103
0.00042089254492938544	-0.014410859008994414	-0.013105183178208968	-0.004493201732012508	-0.007222911488300676	-0.0036901464890348734	-0.0004372995077175368	-0.016308735222970938
0.0006081207436012814	-0.012600986421827276	-0.013729277173784027	-0.004368382932897319	-0.005725085898921067	-0.0026291866965577615	-0.00012525250993045134	-0.01437404383668861
-0.000764886046663138	-0.012039301825810478	-0.013417230175996497	-0.006427893118294614	-0.0036031663139666215	-0.0028788242947876963	-0.0002500713090451967	-0.0144988626358038
0.0006705301431588762	-0.011727254828022504	-0.011732176387944548	-0.005803799122719777	-0.0033535287157362426	-0.0026291866965577615	-0.00018766190948804606	-0.01424922503757342
-0.0006400672475481706	-0.010978342033332922	-0.01035916959767924	-0.007239215312542013	-0.003478347514850988	-0.0021923208996554866	-0.00012525250993045134	-0.012564171249521916
0.0007329395427164709	-0.009792563441740398	-0.009360619204759724	-0.015789303051917614	-0.0027294347201614055	-0.0009441329085058126	-0.0004372995077175368	-0.0125017618499641
-0.0008272954462211768	-0.009730154042183248	-0.009298209805202129	-0.024214571992178913	-0.001980521925471823	-7.040131470059663e-05	-0.00012525250993045134	-0.011378392657929393
0.0006081207436012814	-0.010104610439527706	-0.00917339100608694	-0.009423544297054054	-0.001356427929896764	-0.00038244831248812616	0.00018679448785730024	-0.011503211457044138
-0.0005776578479905758	-0.009792563441740398	-0.010421578997236836	-0.003744288937322482	-0.0022925689232591306	-0.0013185893058504927	-0.0003124807086027914	-0.012751399448194256
-0.000764886046663138	-0.009979791640412738	-0.009235800405644534	-0.004493201732012508	-0.0023549783228162813	-0.0008817235089482178	-0.00018766190948804606	-0.012064896053061824
0.0006705301431588762	-0.009667744642625653	-0.009110981606529345	-0.0013727317541381012	-0.0022925689232591306	-0.0005696765111602442	6.197568874233284e-05	-0.011440802057486987
-0.0005152484484334252	-0.009480516443952869	-0.009298209805202129	-0.00012454376298842718	-0.0018557031263566337	-0.0002576295133729367	0.00018679448785730024	-0.011378392657929393
0.00042089254492938544	-0.010042201039970555	-0.009485438003874469	-0.0003117719616609893	-0.002167750124143941	-0.0010065423080634073	-0.00037489010816038615	-0.010941526861027118
-0.0005152484484334252	-0.009418107044395274	-0.008486887610954952	0.00018750323479865827	-0.0018557031263566337	-0.00019522011381578608	-6.284311037241253e-05	-0.011503211457044138
0.0006081207436012814	-0.009230878845722934	-0.008486887610954952	0.0003123220339138477	-0.002042931325028974	-0.0008193141093906231	-0.0002500713090451967	-0.011440802057486987
-0.0008272954462211768	-0.009293288245280529	-0.008486887610954952	0.00043714083302903717	-0.0012940185303393914	-0.00013281071425819135	0.00012438508829948347	-0.010941526861027118
0.0007329395427164709	-0.008856422448378476	-0.008050021814052455	0.0004995502325861878	-0.0009195621329947112	-7.991915143445993e-06	0.00012438508829948347	-0.010567070463682215
0.0006705301431588762	-0.009168469446165561	-0.007862793615380115	0.00043714083302903717	-0.0010443809321094566	0.00042887388175905095	-6.284311037241253e-05	-0.010130204666779719
-0.0006400672475481706	-0.00798269085457326	-0.007675565416707331	0.0003123220339138477	-0.0014812467290119535	0.0006161020804318351	6.197568874233284e-05	-0.008944426075187417
0.0005457113440436867	-0.00779546265590092	-0.007425927818477396	0.00043714083302903717	-0.0006075151352069597	-0.0006320859107185051	-0.00012525250993045134	-0.011628030256159327
-0.0004528390488758305	-0.00835714725191794	-0.006739424423344964	0.0005619596321442266	-0.0005451057356493649	0.001489833674236607	0.0003116132869720456	-0.010317432865451837
0.00042089254492938544	-0.007857872055458515	-0.007613156017149736	0.00018750323479865827	-0.00035787753697658076	0.0003040550826443056	-0.00012525250993045134	-0.010130204666779719
-0.0007024766471059873	-0.007608234457228358	-0.007113880820690088	0.00012509383524195172	-0.0007323339343223711	0.001052967877334332	6.197568874233284e-05	-0.00850756027828492
0.0007329395427164709	-0.0076706438567859525	-0.006302558626442911	0.0005619596321442266	-0.00017064933830468476	0.001240196076006228	0.00018679448785730024	-0.009131654273859757
-0.0006400672475481706	-0.007046549861210449	-0.0064273774255572125	0.0003123220339138477	-0.00017064933830468476	0.00017923628352911614	-0.00018766190948804606	-0.010317432865451837
-0.0006400672475481706	-0.007545825057670763	-0.006739424423344964	0.00037473143347144244	7.898825992525005e-05	0.0014274242746790122	-4.337108157059788e-07	-0.00850756027828492
0.0008577583418309942	-0.006422455865636056	-0.006364968026000062	0.0008115972303743835	0.0010775386528449893	0.001677061872908725	0.00043643208608679096	-0.00782105688315271
-0.0005776578479905758	-0.0066096840643083965	-0.0062401492268853165	0.00043714083302903717	0.000952719853730466	0.0011777866764490774	6.197568874233284e-05	-0.00850756027828492
0.00042089254492938544	-0.006984140461653743	-0.006115330427770127	0.000249912634356253	0.0002662164585978122	0.001240196076006228	-0.0003124807086027914	-0.00850756027828492
-0.0005152484484334252	-0.00586077126961837	-0.005428827032637251	0.0006243690317018213	0.0010775386528449893	0.001677061872908725	-4.337108157059788e-07	-0.00850756027828492
0.0005457113440436867	-0.006484865265193651	-0.005740874030425225	0.00037473143347144244	0.0008279010546152765	0.002113927669811888	-6.284311037241253e-05	-0.006510459492445442
-0.0007024766471059873	-0.006484865265193651	-0.005740874030425225	0.0006867784312587499	0.0018264514475350158	0.0018642900715815092	0.00018679448785730024	-0.007758647483595116
0.0007953489422736215	-0.005735952470503181	-0.005428827032637251	0.0003123220339138477	0.0015144044497481524	0.0017394712724663197	-4.337108157059788e-07	-0.007945875682267456
0.0006705301431588762	-0.005735952470503181	-0.0051791894344077605	0.0004995502325861878	0.0013271762510753682	0.0020515182702542933	0.00012438508829948347	-0.007259372287135024
-0.0004528390488758305	-0.005174267874486382	-0.0047423236375052635	0.0006243690317018213	0.0021384984453225453	0.0022387464689261893	0.00024920388741489496	-0.0067600970906753766
0.0005457113440436867	-0.005611133671388879	-0.004867142436620453	0.00037473143347144244	0.0020136796462078	0.001926699471139104	-6.284311037241253e-05	-0.007571419284922554
-0.0006400672475481706	-0.0053614960731589445	-0.0047423236375052635	0.0005619596321442266	0.0022633172444372907	0.0024259746675985294	0.00012438508829948347	-0.005761546697755415
0.0009201677413892551	-0.0053614960731589445	-0.004180639041488021	0.0009364160294891288	0.0025129548426676696	0.0030500686631733664	-4.337108157059788e-07	-0.007196962887577429
-0.000764886046663138	-0.004799811477141258	-0.004180639041488021	0.0003123220339138477	0.00238813604355248	0.0021763370693685946	-4.337108157059788e-07	-0.006635278291559743
0.0006081207436012814	-0.0049246302762560035	-0.0037437732445853023	0.0007491878308163447	0.002825001840454977	0.0031124780627314053	0.00024920388741489496	-0.005324680900852918
-0.0005776578479905758	-0.004612583278468918	-0.0035565450459134063	0.0006867784312587499	0.0028874112400121277	0.0028004310649438757	0.00018679448785730024	-0.006323231293773102
-0.0006400672475481706	-0.004425355079796356	-0.0035565450459134063	0.0006243690317018213	0.0033242770369148467	0.0031124780627314053	0.00024920388741489496	-0.00582395609731301
0.0006705301431588762	-0.004487764479353951	-0.0038685920437004917	0.0004995502325861878	0.0027625924408973823	0.003362115660961118	6.197568874233284e-05	-0.005137452702180134
