Sensor_1	Sensor_2	Sensor_3	Sensor_4	Sensor_5	Sensor_6	Sensor_7	Sensor_8
0.0006063135576412915	0.00019110694285506824	0.0004136058136874343	0.0002642445181966213	0.00046684103151029	0.0003718913710235583	0.0004436434576944315	0.00041863289082177957
0.00016944776073879453	0.00019110694285506824	0.0006008340123597744	0.0002642445181966213	0.00015479403372231637	0.0003718913710235583	0.00038123405813683675	-0.0002054611047528354
0.0007311323567555927	0.0003783351415274083	0.0006008340123597744	0.0005138821164270002	0.0005916598306248133	0.0005591195696963425	0.0006308716563667716	0.0006682704890519364
-0.0003298274357210751	3.878744182284066e-06	0.0001639682154574995	-4.7802479590686175e-05	-9.484356450717435e-05	0.0001222537727931794	6.918706034952926e-05	-0.00014305170519568478
0.00048149475852632406	0.0003159257419698136	0.0004136058136874343	0.0003890633173113667	0.00040443163195202914	0.0003718913710235583	0.00038123405813683675	0.0004810422903793743
-0.0008291026321811668	-0.00018334945449027806	-8.56693827724353e-05	-0.0003598494773777716	-0.00040689056229492593	-0.0002522026245517228	-0.000305269336995595	-0.00039268930342584163
0.0004190853589685073	0.0003159257419698136	0.00022637761501509424	0.00032665391775421604	0.00034202223239465646	0.00024707257190836884	0.0004436434576944315	0.0006058610894943417
-1.7780437933989646e-05	0.00019110694285506824	0.0003511964141293955	0.0002642445181966213	2.997523460712692e-05	0.00024707257190836884	0.0004436434576944315	-0.00014305170519568478
0.0005439041580836967	0.00025351634241266296	-2.3259983214840574e-05	0.0001394257190816539	0.0002796128328375058	0.0001222537727931794	0.0006932810559239222	0.0006058610894943417
0.00016944776073879453	0.0003159257419698136	-8.56693827724353e-05	0.00032665391775421604	9.238463416472165e-05	0.000434300770581153	0.0007556904554815169	-0.00014305170519568478
0.0010431793545431223	0.00044074454108500305	-0.00014807878233003002	0.0007635197146564909	0.000654069230182408	0.0012456229648283301	0.0010053280537118958	0.0007306798886090871
-0.000579465033951676	6.628814374010084e-05	-0.0006473539787901217	0.0002018351186390266	0.000217203433279467	0.0011208041657131407	-0.00024285993743844436	-0.0002054611047528354
-0.003949572610055574	-0.00037057765316217406	-0.0023948171663992213	-0.0005470776760503337	-0.00040689056229492593	-0.0001897932249941281	-0.002801645319295165	0.000543451689936747
-0.008630277576867185	-0.0009946716487374552	-0.004391917952239366	-0.0025441784618898122	-0.0019047161516745348	-0.001874847013046077	-0.006109343495842134	-8.064230563809005e-05
-0.009004733974212309	-0.0011194904478522005	-0.003892642755779274	-0.0019200844663154193	-0.0024664007476924432	-0.0013755718165864295	-0.006296571694514919	0.00041863289082177957
-0.009379190371557211	-0.0011818998474097953	-0.0029565017624169077	-0.002169722064545576	-0.003340132341496771	-0.003559900801098914	-0.006109343495842134	-0.00014305170519568478
-0.006633176791027484	-0.0009946716487374552	-0.00226999836728492	-0.002856225459677786	-0.0032777229419391762	-0.006867598977645217	-0.005110793102922395	0.0006058610894943417
-0.005384988799877588	-0.0013691280460821353	-0.002894092362859313	-0.003293091256580283	-0.003527360540169333	-0.00711723657587493	-0.004486699107347114	-0.00039268930342584163
-0.004885713603417496	-0.0004953964522773635	-0.002644454764629822	-0.0006718964751659673	-0.0017798973525600115	-0.0029982162050810057	-0.0027392359197375704	0.0007306798886090871
-0.006695586190585079	-0.0009946716487374552	-0.001396266773479704	-0.000921534073395458	-0.0007189375600824555	-0.0026237598077356594	-0.0027392359197375704	-0.00026787050431043014
-0.0059466733958952744	-0.00030816825360457933	-0.000772172777904867	-0.001358399870297955	-9.484356450717435e-05	-0.005931457984282851	-0.0017406855268176091	0.000543451689936747
0.00016944776073879453	-0.0002457588540469846	-0.0010842197756926186	-0.006475970634012285	0.0007788880292975975	-0.0036847196002132154	0.0004436434576944315	-0.00039268930342584163
-0.005135351201647875	0.00019110694285506824	-0.00027289758144499743	0.0033847144960710285	-0.001218212756542103	0.004865368139162607	0.006310127016098344	0.0006682704890519364
-0.00026741803616436854	3.878744182284066e-06	0.0022858878004121674	-0.0008591246738378633	-0.0014054409552144431	-0.008739880964370172	0.00843204660105279	-0.00014305170519568478
0.007346528709849975	6.628814374010084e-05	0.0030972099946595666	-0.0029186348592353806	-0.0004692999618527427	-0.01878779429312538	0.00943059699397275	0.0004810422903793743
0.007471347508964499	0.0003783351415274083	0.0039709415884645605	0.003072667498283277	0.0014029820248719904	-0.009051927962157258	0.011677335378042386	-0.00045509870298343635
0.0058487031204703666	0.0007527915388725326	0.006716955168993399	0.006817231471732965	0.0031504452124824223	-0.003185444403753346	0.012363838773174374	0.00035622349126418484
0.006223159517814825	0.0010024291371022453	0.007403458564125831	0.0029478486991685315	0.00364972040894207	-0.007928558770122995	0.009243368795299967	-0.0002054611047528354
0.012464099473563639	0.0013144761348897749	0.00715382096589634	-0.002606587861447407	0.0029008076142520434	-0.004059175997558562	0.00843204660105279	0.000543451689936747
0.004538105729762876	0.0014392949340049643	0.006779364568550994	0.002198935904478949	-0.0014054409552144431	0.009109207309071943	0.009867462790875248	-0.00039268930342584163
0.007034481712062446	0.0015641137331197097	0.0049694919813843	0.0023237547035941386	-0.00015725296406476907	0.008297885114824322	0.00824481840238045	0.00035622349126418484
0.01071663628595454	0.0005031539406425978	0.0022234784008543507	-0.0012959904707405823	0.0007788880292975975	0.0006839383688106437	0.0031272476386658976	-0.0005799175020981817
0.005287018524452458	0.0008152009384299053	0.0013497468070495788	0.00244857350270844	0.0002796128328375058	0.0038668177462426456	0.002690381841764067	0.00023140469214943948
0.0019169109483481162	0.0006903821393144938	0.0009752904097046766	0.002386164103150845	0.000217203433279467	0.002556220355535821	0.0016918314488438835	-0.00026787050431043014
0.003040280140382823	0.0008152009384299053	-0.0008345821774624618	0.000950747913328831	0.002775988815137076	-0.004371222995346091	-0.0010541821316856215	0.0007306798886090871
0.004912562127107556	0.0006279727397577872	-0.0005225351796749322	-0.002169722064545576	0.004523452002746842	-0.0036847196002132154	-0.0024895983215076356	-0.00014305170519568478
-0.007132451987487576	0.0007527915388725326	0.0010376998092622713	0.004133627290760833	0.0014029820248719904	0.003617180148012711	-0.000305269336995595	0.0006058610894943417
-0.003949572610055574	0.0011896573357750295	0.0037213039902339595	0.0003890633173113667	0.0013405726253148398	-0.00374712899977081	6.918706034952926e-05	0.00016899529259184476
0.005599065522239988	0.0011272479362169907	0.004844673182268666	-0.0052277826428619445	0.002526351216907141	-0.00936397495994501	-0.0008669539330128373	0.0008554986877242765
-0.002638975219348305	0.0011272479362169907	0.005718404776073438	0.0007635197146564909	-0.00015725296406476907	0.00018466317235099616	-0.00018045053787996146	4.417649347665531e-05
-0.006508357991912739	0.0014392949340049643	0.00734104916456868	0.0022613453040361	-0.0010933939574271356	-0.0007514778210113704	0.0002564152590216473	0.0006682704890519364
0.002166548546578495	0.0013144761348897749	0.007278639765011086	-0.002793816060120191	0.00034202223239465646	-0.011860350942244136	-0.0018655043259327986	-0.00026787050431043014
0.006223159517814825	0.004185308514533803	0.0058432235751886274	-0.002232131464103171	0.001278163225757245	-0.009738431357290134	-0.0011790009307999227	0.0007930892881666818
-0.0036375256122682664	0.0058079529030290455	0.0037213039902339595	0.0026982111009385967	-0.0007813469596400502	-0.0007514778210113704	0.0008805092545967064	-1.8232906080495326e-05
-0.0017652436255435333	0.0056207247043569275	0.0022234784008543507	0.002011707705806165	0.0013405726253148398	-0.00337267260242613	0.0020662878461887857	0.0011051362859542113
0.005162199725337713	0.005932771702144235	0.0012873374074922062	-0.0021073126649879814	0.002775988815137076	-0.008053377569237297	0.0019414690470740403	0.00023140469214943948
4.462896162360508e-05	0.006182409300373726	-8.56693827724353e-05	0.0005762915159841508	0.0011533444266422777	-0.00031461202410887346	0.004375435629816016	0.0010427268863966166
-0.005821854596780307	0.004746993110551712	-0.001396266773479704	0.0025733923018236293	-0.0006565281605248607	0.0034923613488975214	0.006122898817425559	4.417649347665531e-05
0.002790642542153332	0.004185308514533803	-0.001396266773479704	-0.0004846682764931831	0.0014653914244300292	-0.0022493034103914233	0.006247717616540749	0.0009179080872818712
0.004101239932859935	0.00356121451895941	-0.0015210855725944494	-0.0016704468680854845	-3.2434164949579625e-05	-0.0036223102006556207	0.005748442420080879	0.00010658589303425003
0.0001070383611811998	0.0028747111238269785	-0.0015210855725944494	0.0002642445181966213	-0.0019047161516745348	0.0012456229648283301	0.006809402212558435	0.0008554986877242765
-0.0010787402304111016	0.0018137513313498665	-0.001833132570382423	0.001574841908903668	-0.0019047161516745348	0.0001222537727931794	0.005873261219196069	-1.8232906080495326e-05
0.0021041391470204562	0.0005031539406425978	-0.0025820453650717834	-0.001358399870297955	-0.0003444811627373312	-0.006867598977645217	0.0021286972457463804	0.0006058610894943417
-0.005135351201647875	-0.0004329870527197688	-0.0034557769588769993	-0.0016080374685283338	-0.0019047161516745348	-0.0072420553749901195	6.777660791934537e-06	-8.064230563809005e-05
-0.009816056168459486	-0.0006826246509501477	-0.002706864164187417	0.0004514727168689614	-0.002903266544594496	-0.0033102632028685353	0.0013173750514992033	0.000980317486839466
-0.008630277576867185	-0.001868403242542227	-0.0034557769588769993	-0.0031058630579074986	-0.003340132341496771	-0.006181095582513008	0.0002564152590216473	-8.064230563809005e-05
-0.004386438406957627	-0.0019308126420989336	-0.0034557769588769993	-0.0052277826428619445	-0.0017798973525600115	-0.006118686182955413	-5.563173876566019e-05	0.0009179080872818712
-0.00588426399633768	-0.002055631441214567	-0.003705414557106934	-0.0011087622720682422	-0.0023415819485768097	0.0012456229648283301	-0.0020527325246051387	0.00016899529259184476
-0.009940874967574453	-0.0019308126420989336	-0.002644454764629822	0.0001394257190816539	0.0009661162279703817	0.006987287724117053	-0.000929363332570432	0.0010427268863966166
-0.007444498985274661	-0.0019932220416574165	-0.002644454764629822	-0.003917185252154676	-0.00452591093308885	0.0043036835431451426	0.001192556252384458	0.00023140469214943948
-0.0012659684290836637	-0.0016811750438694428	0.00022637761501509424	-0.003043453658349904	-0.0013430315556572925	-0.002561350408178953	0.002440744243533466	0.0009179080872818712
0.0011679981536587558	-0.001431537445639286	0.0012873374074922062	0.0007635197146564909	0.001278163225757245	-0.009051927962157258	-0.00011804113832325491	0.00010658589303425003
0.002166548546578495	-0.00037057765316217406	0.0022858878004121674	0.0021365265049213544	0.0037121298084992205	-0.008115786968794891	-0.0009917727321280267	0.0006682704890519364
-0.0014531966277564479	3.878744182284066e-06	0.0020986596017393833	0.0040088084916460875	0.002775988815137076	-0.004995316990920484	-0.0006173163347831245	4.417649347665531e-05
0.0022913673456932404	0.00044074454108500305	0.0037837133897917763	0.0002018351186390266	0.001278163225757245	-0.003559900801098914	0.0005060528572520262	0.0007306798886090871
0.0022913673456932404	0.0010024291371022453	0.00534394837872898	-0.001358399870297955	-0.00015725296406476907	-2.565026321788011e-06	0.0020662878461887857	-8.064230563809005e-05
0.004974971526665151	0.0018137513313498665	0.0058432235751886274	-0.0006718964751659673	0.000654069230182408	0.004241274143587992	0.0038137510337987734	0.0008554986877242765
0.006285568917372419	0.0021882077286945467	0.00521912957961379	-4.7802479590686175e-05	0.0014029820248719904	0.004990186938277574	0.0038137510337987734	0.00010658589303425003
0.008906763698787179	0.002562664126039893	0.004532626184481359	0.0021365265049213544	0.002588760616464292	0.004054045944914986	0.0046250732280459506	0.0006682704890519364
0.009093991897459297	0.0031243487220569133	0.00465744498359677	0.0031974862973989104	0.0034624922102690636	0.0030554955519954685	0.0050619390249484475	-0.00014305170519568478
0.007221709910734786	0.004060489715419502	0.004033350988021489	0.0040088084916460875	0.0032752640115967235	0.0022441733577482914	0.005623623620965468	0.0007930892881666818
0.006472797116045204	0.0038732615167464957	0.002785162996871815	0.002823029900053786	0.002339123018234357	0.0008087571679253891	0.004999529625391075	4.417649347665531e-05
0.007346528709849975	0.004060489715419502	0.0022858878004121674	0.0017620701075762302	0.0022767136186772063	0.000621528969253049	0.005436395422293128	0.0008554986877242765
0.003601964736400509	0.0033115769207294754	0.0012873374074922062	-0.0002974400778210651	0.0002796128328375058	0.000621528969253049	0.004437845029373166	-0.00026787050431043014
0.0005439041580836967	0.002937120523384573	0.0005384246128021797	0.0007635197146564909	0.000217203433279467	0.0013704417639430755	0.004375435629816016	0.0006682704890519364
0.0005439041580836967	0.0020009795300217625	0.0009752904097046766	0.0005762915159841508	0.0005292504310672186	-0.0004394308232236188	0.004500254428931205	-0.00014305170519568478
0.0024161861448079858	0.0021882077286945467	0.0013497468070495788	0.0001394257190816539	0.0013405726253148398	-0.0018124376134884823	0.005249167223620788	0.0007306798886090871
0.0016672733501188475	0.001501704333562115	0.0007880622110325586	-0.0002974400778210651	0.0005916598306248133	-0.0007514778210113704	0.005249167223620788	-0.00014305170519568478
0.00048149475852632406	0.0009400197375450947	-8.56693827724353e-05	0.0007011103150988962	0.00040443163195202914	0.0015576699626158597	0.005249167223620788	0.0006682704890519364
0.0004190853589685073	0.0003159257419698136	-0.0004601257801173375	-4.7802479590686175e-05	0.0005916598306248133	0.00249381095597756	0.004313026230258865	-0.00014305170519568478
0.0007311323567555927	0.0003159257419698136	-0.0010842197756926186	0.0005138821164270002	0.0009037068284123428	0.0028682673533226843	0.004437845029373166	0.000543451689936747
-0.0003922368352786698	3.878744182284066e-06	3.914941634231006e-05	-0.0003598494773777716	0.00015479403372231637	0.0018697169604031671	0.003439294636453649	-1.8232906080495326e-05
0.00048149475852632406	6.628814374010084e-05	0.00047601521324458496	0.0002642445181966213	0.000654069230182408	0.0007463477683682385	0.0035641134355688386	0.0007930892881666818
0.00023185716029594516	-0.0002457588540469846	0.0007880622110325586	0.0002642445181966213	0.0005292504310672186	-0.0008762966201265598	0.0027527912413212174	-0.00026787050431043014
0.0005439041580836967	0.00019110694285506824	0.0016617938048371084	0.0003890633173113667	0.0010285256275270882	-0.001687618814373737	0.0027527912413212174	0.0007306798886090871
-0.0008915120317387615	0.00025351634241266296	0.001724203204394259	-0.00023503067826347035	0.000217203433279467	-0.00212448461127579	0.002440744243533466	-8.064230563809005e-05
0.001105588754101161	0.0009400197375450947	0.002410706599527135	7.701631952450327e-05	0.0007164786297400028	-0.00125075301747124	0.002690381841764067	0.0009179080872818712
-0.00020500863660588564	0.0003783351415274083	0.0014121562066071736	-0.0011087622720682422	-0.0002820717631799585	-0.0014379812161438021	0.002003878446631635	-0.0002054611047528354
0.00023185716029594516	0.0005655633402001925	0.0008504716105899313	-0.0011087622720682422	-3.2434164949579625e-05	-0.0011259342183560506	0.002191106645303975	0.0004810422903793743
-0.0003922368352786698	0.0006903821393144938	0.00047601521324458496	-0.00042225887693581043	9.238463416472165e-05	-0.0008138872205689651	0.0018790596475166677	-0.0002054611047528354
0.0009807699549859716	0.0013768855344469255	0.0009128810101470819	0.000950747913328831	0.0013405726253148398	-0.00031461202410887346	0.0021286972457463804	0.0008554986877242765
-0.00045464623483626454	0.00106483853665984	-0.00027289758144499743	0.0001394257190816539	0.0007788880292975975	-0.0015003906157013969	0.0002564152590216473	-8.064230563809005e-05
-0.004823304203860346	0.0003159257419698136	-0.002706864164187417	-0.0003598494773777716	-0.0004692999618527427	-0.002062075211718861	-0.002427188921950485	0.0006058610894943417
-0.008630277576867185	-0.0006202152513921089	-0.004204689753567026	-0.001795265667200674	-0.0021543537499049137	-0.0026237598077356594	-0.004798746105134866	-0.0002054611047528354
-0.0073820895857170665	-0.0008698528496222657	-0.004204689753567026	-0.002419359662775511	-0.0021543537499049137	-0.0019372564126036718	-0.004923564904249611	0.0006058610894943417
-0.00869268697642478	-0.001431537445639286	-0.005265649546044138	-0.0029810442587929753	-0.0032153135423815815	-0.00212448461127579	-0.005859705897611978	-0.00014305170519568478
-0.008443049378194845	-0.001868403242542227	-0.003268548760204437	-0.0031682724574650933	-0.003090494743266836	-0.0026237598077356594	-0.005797296498054827	0.0004810422903793743
-0.007257270786602765	-0.0019308126420989336	-0.0021451795681697305	-0.0029186348592353806	-0.002653628946364339	-0.003123035004195751	-0.004985974303807206	-0.0002054611047528354
-0.004885713603417496	-0.0016187656443122922	-0.001645904371710083	-0.0018576750667578246	-0.0015302597543296326	-0.003809538399328183	-0.003425739314870002	0.0006058610894943417
-0.0038247538109403845	-0.0015563562447546975	-0.0015210855725944494	-0.001795265667200674	-0.001030984557869541	-0.003996766598000523	-0.002239960723277701	-0.0003302799038682469
