Sensor_1	Sensor_2	Sensor_3	Sensor_4	Sensor_5	Sensor_6	Sensor_7	Sensor_8
-0.0008372682706934143	0.0003395909052454904	-0.0005218279907550638	-9.588432077567433e-05	0.0002895255335129132	-0.0003453074288690683	-0.0001712450685422695	0.00025702425291163067
0.0007229667182442334	0.00046440970436067985	-0.000272190392525129	9.134387789710985e-05	0.0004143443326272145	-0.0001580792301967282	-4.642626942663597e-05	0.00044425245158397075
-0.0007748588711353754	0.00046440970436067985	-0.00039700919163987436	2.8934478339515124e-05	0.0008512101295303776	0.00015396776759102337	0.00032803012791782216	0.0005690712506996043
0.0007853761178013841	0.0006516379030330199	-8.496219385234483e-05	2.8934478339515124e-05	0.0006639819308575934	-9.566983063913348e-05	1.5983130130070577e-05	0.00044425245158397075
-0.000650040072020408	0.0005268191039178305	-0.0004594185911974691	0.0002161626770122993	0.000726391330414744	-0.00022048862975387884	1.5983130130070577e-05	0.0003194336524692254
-0.000650040072020408	0.00046440970436067985	-0.0004594185911974691	2.8934478339515124e-05	0.0007888007299727828	-0.00022048862975387884	1.5983130130070577e-05	0.0003194336524692254
0.0006605573186866387	0.0005892285034754252	-0.00039700919163987436	0.00015375327745426048	0.0009136195290873061	-0.00022048862975387884	7.839252968810939e-05	0.0003194336524692254
-0.0007124494715782248	0.00040200030480308513	-0.0005842373903124365	-0.00015829372033326905	0.000726391330414744	-0.0003453074288690683	-0.00010883566898467478	0.00013220545379644122
0.0006605573186866387	0.0006516379030330199	-0.00039700919163987436	0.000278572076569894	0.0008512101295303776	-0.00028289802931147356	1.5983130130070577e-05	0.0003818430520268201
-0.0005252212729056627	0.0007140473025903926	-0.00020978099296753427	0.0002161626770122993	0.0011008477277600903	-0.0001580792301967282	-0.0001712450685422695	-0.00011743214443282746
0.0005357385195714492	0.00040200030480308513	-0.0004594185911974691	-3.34749212180796e-05	0.001163257127317685	-3.3260431081538755e-05	0.0002032113288030768	0.0003818430520268201
-0.0005252212729056627	0.0007140473025903926	-0.00020978099296753427	0.000278572076569894	0.0010384383282029397	-0.00022048862975387884	0.00014080192924526003	6.979605423973467e-05
0.0006605573186866387	0.0005268191039178305	-0.0005842373903124365	-0.0002207031198899756	0.0007888007299727828	-0.0004077168284262189	-0.00023365446809942014	-0.00011743214443282746
0.0005357385195714492	0.00027718150568833977	-0.0005842373903124365	0.00015375327745426048	0.0009136195290873061	-0.0004077168284262189	7.839252968810939e-05	-0.0002422509435480169
-0.0008372682706934143	0.00021477210613074504	-0.0008338749885428154	-9.588432077567433e-05	0.000726391330414744	-0.0005325356275414084	-0.00029606386765701487	-0.00030466034310561163
0.0009101949169170176	0.0006516379030330199	-0.00020978099296753427	0.0005906190743572015	0.0014753041251047705	9.155836803342865e-05	0.0005152583265901622	0.0003818430520268201
-0.000650040072020408	0.00040200030480308513	-0.0005842373903124365	-3.34749212180796e-05	0.0010384383282029397	-0.0003453074288690683	1.5983130130070577e-05	-0.0005542979413355464
0.000410919720457148	0.0001523627065735944	-0.0009586937876575607	-0.0002207031198899756	0.0004143443326272145	-0.00084458262532916	0.00032803012791782216	0.00044425245158397075
-0.0004004024737909173	0.0007764567021482094	-0.000272190392525129	0.00040339087568441734	0.0007888007299727828	-0.0003453074288690683	1.5983130130070577e-05	7.386654682139948e-06
0.000598147919129044	0.0005892285034754252	-0.0005218279907550638	2.8934478339515124e-05	0.0006015725312999987	-0.0003453074288690683	1.5983130130070577e-05	7.386654682139948e-06
-0.0005876306724628133	0.0005892285034754252	-0.0007090561894276259	9.134387789710985e-05	0.0002895255335129132	-0.0005325356275414084	-0.00010883566898467478	-0.00011743214443282746
-0.0007124494715782248	0.0005892285034754252	-0.0007090561894276259	-3.34749212180796e-05	0.0004143443326272145	-0.0003453074288690683	-4.642626942663597e-05	7.386654682139948e-06
0.0007229667182442334	0.0007140473025903926	-0.0005218279907550638	0.0002161626770122993	0.0005391631317424039	-0.00022048862975387884	0.00014080192924526003	6.979605423973467e-05
-0.0008372682706934143	0.0005892285034754252	-0.0007714655889852207	-9.588432077567433e-05	3.988793528275636e-05	-0.0004077168284262189	-0.00029606386765701487	-5.5022744875454777e-05
0.0009101949169170176	0.0010885036999355169	-0.00014737159341038364	0.0005906190743572015	0.0007888007299727828	-9.566983063913348e-05	0.0003904395274754169	-0.0002422509435480169
-0.0008372682706934143	0.0005268191039178305	-0.0007714655889852207	-0.0002207031198899756	0.0001647067343979458	-0.0006573544266565978	0.00014080192924526003	6.979605423973467e-05
0.0006605573186866387	0.0007140473025903926	-0.0006466467898700312	0.0002161626770122993	0.0006639819308575934	-0.0006573544266565978	7.839252968810939e-05	6.979605423973467e-05
-0.00046281187334806795	0.0007764567021482094	-0.0006466467898700312	-3.34749212180796e-05	0.00035193493307050794	-0.0009694014244439053	-0.0001712450685422695	-0.00036706974266320636
0.000410919720457148	0.0005268191039178305	-0.0008962843880995219	9.134387789710985e-05	0.0008512101295303776	-0.0007197638262135264	0.00014080192924526003	6.979605423973467e-05
0.0006605573186866387	0.0007764567021482094	-0.0010211031872147114	0.0003409814761268226	0.0009760289286449009	-0.0007821732257717873	1.5983130130070577e-05	-0.00011743214443282746
-0.0005252212729056627	0.0005892285034754252	-0.0008962843880995219	0.000278572076569894	0.0014753041251047705	-0.0005949450270990031	0.0002656207283606715	-0.00011743214443282746
0.0004733291200138545	0.00021477210613074504	-0.0012707407854446462	2.8934478339515124e-05	0.0012880759264328745	-0.0013438578217885855	-0.0001712450685422695	-0.0008663449391235201
-0.000650040072020408	0.00040200030480308513	-0.001333150185002241	2.8934478339515124e-05	0.001600122924219738	-0.0010942202235590948	1.5983130130070577e-05	-0.0006791167404507359
0.0007853761178013841	0.0005892285034754252	-0.0011459219863299008	0.00040339087568441734	0.0021618075202376463	-0.0010318108240015	-0.00023365446809942014	-0.001240801336467534
-0.0008372682706934143	0.00040200030480308513	-0.0018324253814623326	-0.00015829372033326905	0.001974579321564862	-0.0019679518173638666	-0.00029606386765701487	-0.001490438934697913
0.0005357385195714492	0.0005892285034754252	-0.0018948347810194832	0.0002161626770122993	0.0025362639175825485	-0.001655904819576337	7.839252968810939e-05	-0.0008039355395650372
-0.0005876306724628133	0.0010885036999355169	-0.0022692911783648295	0.0002161626770122993	0.0027234921162544445	-0.0019679518173638666	1.5983130130070577e-05	-0.0011159825373527887
-0.0005876306724628133	0.0014005506977228244	-0.0025189287765947643	9.134387789710985e-05	0.0029731297144843793	-0.0019679518173638666	7.839252968810939e-05	-0.0006791167404507359
0.0006605573186866387	0.0015253694968380138	-0.0029557945734970392	2.8934478339515124e-05	0.002848310915370078	-0.0026544552124962983	-4.642626942663597e-05	-0.0009911637382378213
-0.000650040072020408	0.001712597695510354	-0.0032678415712843467	-3.34749212180796e-05	0.003035539114042418	-0.0024672270138239583	-4.642626942663597e-05	-0.0006167073408931412
0.0008477855173587567	0.002149463492412629	-0.003018203973054634	0.00040339087568441734	0.0034099955113873204	-0.0024048176142659194	0.0002656207283606715	-0.0008039355395650372
-0.0007124494715782248	0.0015877788963956085	-0.004016754365974373	-9.588432077567433e-05	0.0033475861118297257	-0.0027792740116110437	0.00014080192924526003	-0.0008039355395650372
0.0006605573186866387	0.001899825894182694	-0.004453620162876648	0.00040339087568441734	0.004533364703422027	-0.0024048176142659194	0.0002656207283606715	-0.0005542979413355464
-0.00046281187334806795	0.002087054092855034	-0.00495289535933674	-9.588432077567433e-05	0.0042213177056344975	-0.002966502210283384	-0.00023365446809942014	-0.0011159825373527887
0.000410919720457148	0.0017750070950679486	-0.005889036352699106	-3.34749212180796e-05	0.0042213177056344975	-0.0038402338040881556	-0.0001712450685422695	-0.0011159825373527887
0.0009101949169170176	0.004271383077367075	-0.0056393987544691715	0.0005906190743572015	0.005032639899882119	-0.004464327799662993	0.0003904395274754169	-0.000429479142220357
-0.0007748588711353754	0.004770658273827166	-0.006700358546946283	-0.0002207031198899756	0.004658183502536772	-0.005712515790813111	-0.0001712450685422695	-0.0006167073408931412
0.0005357385195714492	0.005269933470287036	-0.00763649954030865	9.134387789710985e-05	0.005095049299439269	-0.006274200386830353	-0.0001712450685422695	-0.0007415261400078865
-0.00046281187334806795	0.004708248874269572	-0.007823727738981212	0.00015375327745426048	0.006156009091916825	-0.005525287592140771	0.00014080192924526003	-0.00192730473160041
0.000410919720457148	0.005956436865419912	-0.009383962727918416	-9.588432077567433e-05	0.006468056089703689	-0.007959254174882746	-0.00010883566898467478	-0.0028010363254047377
-0.000650040072020408	0.007891128251701574	-0.011443472913315489	-0.00015829372033326905	0.00983816366580803	-0.01020599255895216	7.839252968810939e-05	-0.003986814916997483
0.0007853761178013841	0.0062060744636496246	-0.011193835315085554	0.00015375327745426048	0.00996298246492322	-0.00721034138019272	0.0002032113288030768	-0.002551398727175025
-0.00046281187334806795	0.004021745479137584	-0.015312855685879478	-9.588432077567433e-05	0.008964432072003259	-0.0047139653978931495	-0.00029606386765701487	-0.0034875397205376135
-0.0007748588711353754	-0.008085678035015365	-0.01550008388455204	-9.588432077567433e-05	0.008527566275100762	0.0016517933569706322	-0.00010883566898467478	-0.003612358519652359
0.0006605573186866387	-0.011393376211562556	-0.013815030096499648	0.00015375327745426048	0.004346136504749687	0.007143820518029642	-0.00010883566898467478	-0.00248898932761743
-0.0005876306724628133	-0.011580604410234452	-0.010382513120838377	2.8934478339515124e-05	0.000726391330414744	0.0077055051140473285	1.5983130130070577e-05	-0.00248898932761743
0.000598147919129044	-0.013203248798729694	-0.006138673950929041	-9.588432077567433e-05	-0.0024564880470168138	0.006894182919799263	-0.0001712450685422695	-0.00248898932761743
-0.00046281187334806795	-0.012891201800942165	-0.009009506330573513	0.00015375327745426048	-0.0007714342589646428	0.005645994928650033	-0.0001712450685422695	-0.00230176112894509
0.000598147919129044	-0.015013121385896389	-0.01331575490004	-3.34749212180796e-05	-0.005077682828431129	-0.005026012395680679	-0.0001712450685422695	-0.00461090891257232
-0.0005876306724628133	0.00021477210613074504	-0.007262043142963526	-0.00034552191900516505	-0.0065130990182535875	-0.01008117375983697	-0.0005457014658869497	-0.009478842078056271
0.00034851032089910916	0.0006516379030330199	0.0005391318017220481	0.00015375327745426048	-0.007137193013828647	-0.005275649993910614	0.00014080192924526003	-0.008854748082481434
0.0004733291200138545	-0.0068374900438656905	-0.004266391964203864	-0.0002831125194475703	-0.009820797194800779	0.0022134779529880966	-0.00048329206632935495	-0.005422231106819497
-0.0007748588711353754	-0.01083169161554487	-0.0020820629796920453	-0.0002831125194475703	-0.008198152806305536	0.007892733312719447	-0.00029606386765701487	-0.0029258551245203712
0.0008477855173587567	-0.007898449836342802	0.006530434159241372	0.0003409814761268226	-0.012754038974001958	0.0009652899618386446	0.0002032113288030768	-0.01110148646655107
-0.0007748588711353754	-0.006962308842980436	0.01969881746587121	-0.00034552191900516505	-0.019182207128423556	0.00027878656670576873	-0.00023365446809942014	-0.012661721455488273
0.000598147919129044	-0.00852254383191764	0.024067475434895735	-0.0002207031198899756	-0.023238818099660774	-0.0006573544266565978	-0.00023365446809942014	-0.012661721455488273
-0.0005876306724628133	-0.006650261845192906	0.018825085872066438	-0.00034552191900516505	-0.02124171731382085	-0.0030289116098409785	-0.0001712450685422695	-0.013410634250177855
0.0006605573186866387	-0.011393376211562556	0.018138582476933562	-0.0002207031198899756	-0.01911979772886596	0.004897082133959785	-0.00029606386765701487	-0.010539801870533605
-0.0005876306724628133	-0.015762034180586415	0.006967299956143647	-0.0002207031198899756	-0.01887016013063625	0.004023350540155235	-0.0003584732672146096	-0.01210003685947103
-0.000650040072020408	-0.01769672556686852	0.009276447739770877	-0.0002207031198899756	-0.01955666352576868	0.005021900933075418	-0.00029606386765701487	-0.010165345473188259
0.0005357385195714492	-0.018258410162885985	0.013832333907467298	-0.0002831125194475703	-0.02305158990098799	0.005396357330419654	-0.0003584732672146096	-0.011039077066993475
-0.0007748588711353754	-0.016261309377046507	0.016328709889766868	-0.0004703407181203545	-0.019743891724441243	-0.003590596205858221	-0.00048329206632935495	-0.014783641040442719
0.0007853761178013841	-0.018508047761115254	0.005469474366764038	2.8934478339515124e-05	-0.01500077735807226	-0.0025920458129387036	-4.642626942663597e-05	-0.011475942863895527
-0.0008372682706934143	-0.02137888014076017	0.00010226600481999526	-0.0005951595172353219	-0.01418945516382486	-0.0005325356275414084	-0.00029606386765701487	-0.007232103693986636
0.0007229667182442334	-0.021566108339432954	0.0034723735809245593	-9.588432077567433e-05	-0.01418945516382486	-0.010767677154969402	-0.0003584732672146096	-0.010102936073631552
-0.0007124494715782248	-0.015574805981914075	0.00603115896278128	-0.0002831125194475703	-0.01968148232488387	-0.011703818148332212	-0.00042088266677176023	-0.011288714665223631
0.000598147919129044	-0.009209047227050515	0.011335957925168172	-0.0002207031198899756	-0.02286436170231565	-0.010580448956297062	-0.00023365446809942014	-0.008729929283366689
0.0006605573186866387	-0.007898449836342802	0.004907789770746351	-0.0002207031198899756	-0.017621972139486353	-0.016634160713373536	-0.00048329206632935495	-0.011475942863895527
-0.0008372682706934143	-0.0083353156332453	-0.011006607116413214	-0.0004703407181203545	-0.0123795825766575	-0.018631261499213014	-0.00048329206632935495	-0.01110148646655107
0.000598147919129044	-0.014451436789879368	-0.025048722016847602	-0.00034552191900516505	-0.006949964815155862	-0.011641408748773951	-0.00042088266677176023	-0.009666070276728389
-0.0005252212729056627	-0.013577705196074374	-0.028418829592952166	-0.0004079313185625377	-0.008322971605420726	-0.009457079764262355	-0.0003584732672146096	-0.008854748082481434
0.000598147919129044	-0.012204698405809733	-0.02086729224649586	-0.0002831125194475703	-0.010195253592145459	-0.014949106925321143	-0.00023365446809942014	-0.011413533464338821
-0.0005876306724628133	-0.009895550622182503	-0.033848447354454025	-0.0002831125194475703	-0.002394078647459441	-0.012702368541251952	-0.00029606386765701487	-0.009853298475401173
0.0007229667182442334	-0.013952161593419277	-0.045206958073916725	-0.0005327501176777272	-0.0028933538439190887	-0.011142133552314748	-0.0006705202650021391	-0.0034875397205376135
-0.0007124494715782248	-0.013889752193861682	-0.037717830127018015	-0.0004079313185625377	-0.0006466154598494533	-0.029802544020003374	-0.0005457014658869497	-0.016718332426724825
-0.0007748588711353754	-0.015574805981914075	-0.02816919199472223	-0.0009696159145804462	-0.018308475534618784	-0.02087799988328265	-0.0008577484636747013	-0.020587715199288814
0.0008477855173587567	-0.007211946441210593	-0.017434775270834812	-0.0004703407181203545	-0.019743891724441243	-0.02786785263372149	-0.00048329206632935495	-0.020338077601059545
-0.0008372682706934143	-0.012079879606694544	-0.017060318873489466	-0.0009072065150228514	-0.015375233755416717	-0.030114591017791126	-0.0009825672627894466	-0.023708185177163443
0.0007229667182442334	-0.011143738613332177	-0.021865842639416044	-0.0005951595172353219	-0.013627770567807174	-0.02786785263372149	-0.0007329296645595118	-0.017654473420087413
-0.0005252212729056627	-0.012891201800942165	-0.01799645986685161	-0.0004703407181203545	-0.01188030738019763	-0.02449774505761715	-0.0007953390641171065	-0.014783641040442719
0.0004733291200138545	-0.02162851773899055	-0.026296910007997942	-0.0005951595172353219	-0.010632119389047956	-0.01207827454567667	-0.00048329206632935495	-0.013909909446637947
-0.0005876306724628133	-0.015886852979701604	-0.02729546040091746	-0.0007199783163500673	-0.00838538100497832	-0.00989394556116463	-0.0007953390641171065	-0.01309858725239077
0.000410919720457148	-0.020442739147398026	-0.02030560765047884	-0.0006575689167929166	-0.0123795825766575	-0.005712515790813111	-0.0006081108654445444	-0.011039077066993475
0.00034851032089910916	-0.01931936995536332	-0.015562493284109857	-0.0007199783163500673	-0.01325331417046205	-0.007959254174882746	-0.0010449766623465973	-0.013223406051505515
-0.0004004024737909173	-0.011705423209349641	-0.00975841912526354	-3.34749212180796e-05	-0.016124146550106744	-0.01008117375983697	-4.642626942663597e-05	-0.014346775243540222
0.0005357385195714492	-0.011081329213774804	-0.006700358546946283	-0.0005951595172353219	-0.01843329433373353	-0.010580448956297062	-0.0007329296645595118	-0.014970869239115503
-0.0005252212729056627	-0.01713504097085128	-0.004266391964203864	-0.0004703407181203545	-0.020055938722228772	-0.003965052603203567	-0.0005457014658869497	-0.015532553835132301
0.000598147919129044	-0.014326617990764179	-0.00514012355800908	-0.0004703407181203545	-0.017684381539043947	-0.006086972188157569	-0.0008577484636747013	-0.014783641040442719
-0.0007748588711353754	-0.012516745403596818	-0.0003345997920827237	-0.000782387715907662	-0.020929670316033544	-0.015323563322666267	-0.0006081108654445444	-0.017217607623184694
0.0007229667182442334	-0.0036546106664336886	0.00372201117915405	-0.0004079313185625377	-0.02436218729169526	-0.012889596739924292	-0.00048329206632935495	-0.018340976815219623
-0.0005252212729056627	-0.00452834226023846	0.01732726028268683	-0.0005951595172353219	-0.02286436170231565	-0.0065862473846174385	-0.0006705202650021391	-0.015532553835132301
-0.00046281187334806795	0.06181284946937193	0.09359154654193724	0.004147954849133884	0.04940572298525603	0.06012940074233741	0.003947775302252543	0.05099586609314999
0.000598147919129044	-0.016198899977488912	0.03193105977913935	-9.588432077567433e-05	-0.029979033251869236	0.007830323913162074	-0.00048329206632935495	-0.013785090647523202
-0.0003379930742333226	-0.017447087968638586	0.029996368392856798	0.00015375327745426048	-0.03185131523859375	0.011824525484841253	0.0002032113288030768	-0.014721231640885124
0.0006605573186866387	-0.024000074922174486	0.020135683262773263	-0.00015829372033326905	-0.029042892258506647	0.015319451860060562	-0.0003584732672146096	-0.012224855658585998
-0.0007748588711353754	-0.022439839933237726	0.011648004922955257	-0.0004079313185625377	-0.02536073768461522	0.012947894676875737	-0.00029606386765701487	-0.013160996651948365
0.0007229667182442334	-0.009084228427935326	0.007716212750833229	-9.588432077567433e-05	-0.01443909276205435	-0.0063990191859455425	-0.0003584732672146096	-0.012786540254603018
-0.0005876306724628133	-0.012516745403596818	0.006967299956143647	-0.0005951595172353219	-0.01300367657223278	0.002587934350332999	-0.0007329296645595118	-0.01078943946876354
0.000410919720457148	-0.018320819562443358	-0.011193835315085554	-0.0002207031198899756	-0.01456391156116954	0.0015893839574130375	-0.00042088266677176023	-0.0070448754953138515
0.0007853761178013841	-0.011081329213774804	-0.007698908939866245	-3.34749212180796e-05	-0.013690179967364768	-0.004651555998335777	-0.00023365446809942014	-0.010414983071418638
-0.0007748588711353754	-0.012703973602269603	-0.003579888569071432	-0.0005327501176777272	-0.01574969015276162	-0.0037154150049734103	-0.0005457014658869497	-0.013223406051505515
0.0006605573186866387	-0.011580604410234452	0.0040340581769415795	-9.588432077567433e-05	-0.02174099251028072	-0.0021551800160362067	-0.00029606386765701487	-0.012474493256815489
-0.000650040072020408	-0.013702523995189786	0.004533333373401227	-0.0005327501176777272	-0.02673374447487986	-0.00633660978638817	-0.00048329206632935495	-0.020338077601059545
0.00034851032089910916	-0.017322269169523175	-0.007199633743406819	-0.0009696159145804462	-0.025984831680189613	-0.016384523115143823	-0.0005457014658869497	-0.019713983605484264
-0.0004004024737909173	-0.01713504097085128	-0.01980633245401875	-0.0005951595172353219	-0.006325870819581247	0.002338296752102842	-0.0003584732672146096	-0.0045484995130147254
0.0004733291200138545	-0.008460134432360045	-0.006637949147389133	0.00015375327745426048	-0.005639367424448816	0.00015396776759102337	0.0002032113288030768	-0.0045484995130147254
-0.0004004024737909173	-0.009583503624394973	-0.009571190926590756	-0.0006575689167929166	-0.016186555949664783	-0.01420019413063156	-0.0007953390641171065	-0.01678074182628264
-0.0005876306724628133	-0.016074081178373723	-0.005576989354911577	-0.00015829372033326905	-0.01924461652798115	-0.005650106391255072	-0.00029606386765701487	-0.013223406051505515
0.0009101949169170176	-0.014888302586781643	-0.0068875867456188455	-9.588432077567433e-05	-0.022115448907625623	-0.005962153389043046	-0.00023365446809942014	-0.014221956444425476
-0.0008372682706934143	-0.017509497368195737	-0.0016451971827899925	-0.0007199783163500673	-0.022365086505855558	-0.010580448956297062	-0.0006705202650021391	-0.019401936607696735
0.0005357385195714492	-0.018632866560230887	0.002910688984906873	-0.0004703407181203545	-0.024611824889925193	-0.007772025976209962	-0.00048329206632935495	-0.01690556062539761
-0.0007124494715782248	-0.014950711986338794	-0.003642297968629471	-0.0004703407181203545	-0.02342604629833267	-0.0075847977775374	-0.00029606386765701487	-0.014596412841769935
0.0007853761178013841	-0.014763483787666454	-0.0029557945734970392	-0.00015829372033326905	-0.02174099251028072	-0.010954905353641964	-0.0007329296645595118	-0.019152299009467022
-0.0007748588711353754	-0.017259859769966024	-0.0028933851739394445	-0.0004079313185625377	-0.019743891724441243	-0.011454180550101833	-0.00048329206632935495	-0.019401936607696735
0.0005357385195714492	-0.020255510948725686	-0.012379613906677855	-0.0004703407181203545	-0.013315723570019866	-0.011391771150544683	-0.00042088266677176023	-0.017529654620972224
0.000598147919129044	-0.015325168383683696	-0.017309956471719623	-0.0004703407181203545	-0.015188005556744821	-0.01220309334479186	-0.0006081108654445444	-0.018028929817432315
-0.0008372682706934143	-0.02087960494430008	-0.013565392498269935	-0.0009696159145804462	-0.01699787814391196	-0.008458529371342172	-0.0009825672627894466	-0.015532553835132301
0.0006605573186866387	-0.01538757778324129	-0.003829526167302033	-0.00034552191900516505	-0.01968148232488387	-0.016821388912045432	-0.00042088266677176023	-0.02227276898734143
-0.0005876306724628133	-0.01769672556686852	-0.006825177346061029	-0.0005327501176777272	-0.021803401909837872	-0.01420019413063156	-0.0005457014658869497	-0.020899762197076788
0.0005357385195714492	-0.021254061341645647	-0.022926802431893156	-0.0007199783163500673	-0.020118348121785923	-0.020441134086380153	-0.0009825672627894466	-0.018528205013892407
-0.0007124494715782248	-0.012766383001826975	-0.03915324631684025	-0.0008447971154652567	-0.0032054008417068403	-0.019130536695672662	-0.0006081108654445444	-0.013223406051505515
0.0007229667182442334	-0.013952161593419277	-0.041212756502237324	-0.0010320253141375968	-0.0020820316496719116	-0.012827187340366697	-0.0010449766623465973	-0.00835547288602112
-0.0009620870698081596	-0.013702523995189786	-0.013003707902252692	0.00046580027524245615	0.007404197083066499	-0.012577549742136762	0.00032803012791782216	-0.0028634457249627765
-0.0005876306724628133	0.0032104232848895187	-0.018558144462869075	0.000278572076569894	0.004346136504749687	-0.006461428585503137	7.839252968810939e-05	-0.0008663449391235201
0.0008477855173587567	-0.005963758450060919	-0.02461185621994555	0.0002161626770122993	-0.006887555415598268	-0.006773475583290223	7.839252968810939e-05	-0.004361271314341941
-0.0008372682706934143	-0.008772181430147574	-0.019182238458443912	-0.0005951595172353219	-0.004453588832856736	-0.010455630157181872	-0.00048329206632935495	-0.008917157482039029
0.000410919720457148	-0.008023268635457992	-0.015874540281897165	-0.0004079313185625377	-0.005951414422236345	-0.008084072973997491	-0.0006081108654445444	-0.009041976281153996
-0.0003379930742333226	-0.005277255054928043	-0.008884687531458768	2.8934478339515124e-05	-0.0095711595965704	-0.00833371057222787	-0.0001712450685422695	-0.00941643267849912
0.0007229667182442334	-0.007648812238112868	-0.014189486493845216	-9.588432077567433e-05	0.0004143443326272145	-0.006149381587715386	-0.0003584732672146096	-0.007856197689561917
-0.000650040072020408	-0.00558930205271535	-0.023925352824813118	-0.0002207031198899756	-0.0005842060602927468	-0.0028416834111686384	-0.00029606386765701487	-0.0041116337161122285
0.000598147919129044	-0.009396275425722411	-0.008385412334998676	-0.0004703407181203545	-0.00014734026338958373	-0.006648656784175033	-0.0003584732672146096	-0.0068576472966419555
0.0007229667182442334	-0.0036546106664336886	-0.009883237924378285	2.8934478339515124e-05	-0.001333118854981885	-0.010518039556739467	-4.642626942663597e-05	-0.007606560091331538
-0.00046281187334806795	-0.00452834226023846	-0.012504432705792823	9.134387789710985e-05	-0.004266360634183952	-0.004464327799662993	-4.642626942663597e-05	-0.003924405517439444
0.0006605573186866387	-0.00234401327572642	-0.010819378917740652	9.134387789710985e-05	-0.002643716245689598	-0.0022175894155933573	7.839252968810939e-05	-0.0035499491200952082
-0.0007748588711353754	-0.002094375677496485	-0.00020978099296753427	-0.0004079313185625377	-0.004328770033741547	-0.007272750779750314	-0.0003584732672146096	-0.006608009698412021
0.000598147919129044	-0.001657509880593988	0.0027858701857921275	-3.34749212180796e-05	-0.003080582042591873	-0.00870816696957255	0.0004528489270325675	-0.003799586718324699
-0.00021317427511813314	-0.006150986648733259	-0.002394109977479575	0.00040339087568441734	-0.010444891190375172	0.002088659153872907	-0.0003584732672146096	-0.0024265799280602796
0.0004733291200138545	-0.004403523461123271	-0.0010211031872147114	-0.00015829372033326905	-0.005576958024891221	-0.0003453074288690683	-0.00010883566898467478	-0.0045484995130147254
-0.000650040072020408	-0.005464483253600827	0.007279346953931176	9.134387789710985e-05	-0.008198152806305536	0.002275887352545247	-4.642626942663597e-05	-0.006732828497526766
-0.0007124494715782248	-0.007336765240325782	0.011273548525610133	-0.0002207031198899756	-0.0123795825766575	0.005209129131747314	-0.00023365446809942014	-0.0041116337161122285
0.0007229667182442334	-0.004777979858468395	0.01208487071985731	-3.34749212180796e-05	-0.013440542369134834	0.0012149275600681353	-0.0001712450685422695	-0.005297412307704308
-0.000650040072020408	-0.004403523461123271	0.00840271614596566	-3.34749212180796e-05	-0.011381032183737538	0.0004036053658209582	-0.0001712450685422695	-0.006795237897084361
0.0009726043164739462	-0.0070247182425380306	0.008277897346850915	0.0003409814761268226	-0.010632119389047956	0.004397806937500137	0.0002656207283606715	-0.004985365309916778
-0.0007124494715782248	-0.009895550622182503	0.007778622150390824	-0.0002831125194475703	-0.010320072391260426	0.004834672734402634	-0.00029606386765701487	-0.005484640506376648
0.000598147919129044	-0.00608857724917522	0.00334755478180937	-3.34749212180796e-05	-0.008759837402323223	0.0016517933569706322	7.839252968810939e-05	-0.006171143901509524
-0.00046281187334806795	-0.007711221637670462	0.0022241855897748852	-0.0002207031198899756	-0.01069452878860555	0.004709853935287445	-0.0003584732672146096	-0.005235002908147157
0.000410919720457148	-0.01101891981421721	0.0035971923800393046	-0.00015829372033326905	-0.013190904770904677	-0.0026544552124962983	-0.0001712450685422695	-0.006795237897084361
0.0004733291200138545	-0.008834590829705391	0.0034723735809245593	-0.0002831125194475703	-0.010132844192587864	-0.008084072973997491	-0.00048329206632935495	-0.010727030069205945
-0.0004004024737909173	-0.009895550622182503	-0.005764217553583473	9.134387789710985e-05	-0.008260562205863131	-0.002279998815150952	7.839252968810939e-05	-0.008168244687349224
0.000410919720457148	-0.0083353156332453	-0.010257694321722743	-0.0004703407181203545	-0.010756938188162701	-0.0012814484222314348	-0.0005457014658869497	-0.006358372100181864
-0.0007124494715782248	-0.009209047227050515	-0.001333150185002241	-0.0004703407181203545	-0.00969597839568559	-0.0025920458129387036	-0.00048329206632935495	-0.008168244687349224
0.0006605573186866387	-0.0036546106664336886	0.007092118755258836	0.00015375327745426048	-0.009196703199225498	-0.00490119359656549	7.839252968810939e-05	-0.00741933189265942
-0.0005876306724628133	-0.003092926070416002	0.006468024759683999	2.8934478339515124e-05	-0.005514548625333626	0.0018390215556429723	1.5983130130070577e-05	-0.0006791167404507359
0.000598147919129044	-0.0012830534832488638	0.0004767224021648975	-0.0002831125194475703	-0.010132844192587864	-0.0030289116098409785	-0.0003584732672146096	-0.007481741292216348
-0.0007748588711353754	-0.005838939650945729	0.0005391318017220481	-9.588432077567433e-05	-0.012192354377984715	-0.001655904819576337	-0.00010883566898467478	-0.008667519883809094
-0.0007124494715782248	-0.011580604410234452	0.006904890556586052	-0.0004703407181203545	-0.02030557632045804	-0.00084458262532916	-0.00042088266677176023	-0.008917157482039029
0.0006605573186866387	-0.009146637827492476	0.00971331353667293	-0.0002831125194475703	-0.027482657269569444	-0.003965052603203567	-0.00048329206632935495	-0.01309858725239077
-0.0005876306724628133	-0.016760584573506376	0.004408514574286926	-0.0005327501176777272	-0.028543617062047222	-0.005712515790813111	-0.00042088266677176023	-0.018216158016104433
0.000410919720457148	-0.02031792034828328	-0.0003345997920827237	-0.0009696159145804462	-0.03328673142841598	-0.004089871402317868	-0.0009201578632314078	-0.017904111018317126
-0.0007124494715782248	-0.021191651942087608	-0.0004594185911974691	-0.0010944347136947474	-0.03041589904877151	-0.006523837985060732	-0.0009825672627894466	-0.021086990395749128
0.0005357385195714492	-0.020754786145185777	-0.0030806133726120066	-0.0010320253141375968	-0.02916771105762206	-0.016134885516913444	-0.0007329296645595118	-0.02364577577760585
-0.000650040072020408	-0.021441289540317987	-0.008198184136326336	-0.003465991896879572	-0.0257351940819599	-0.01888089909744317	-0.0007953390641171065	-0.023271319380261613
0.0008477855173587567	-0.022814296330582406	-0.029042923588527225	-0.0099565694508581	-0.023363636898775075	-0.020004268289477878	-0.001294614260576532	-0.02308409118158883
0.0006605573186866387	-0.024561759518192172	-0.02997906458188937	-0.015635824810590115	-0.022177858307183218	-0.021502093878857487	-0.0010449766623465973	-0.024207460373623535
-0.0010244964693657543	-0.02556030991111191	-0.025922453610652818	-0.01813220079288924	-0.02754506666912726	-0.023249557066467252	-0.001544251858806689	-0.02682865515503785
0.000598147919129044	-0.02300152452925497	-0.01874537266154186	-0.0527070081477381	-0.028668435861161967	-0.020004268289477878	-0.0010449766623465973	-0.024769144969640777
-0.00015076487556053841	0.1316489675742012	0.1447048447795205	-1.0438930919197682	0.15063376906750237	0.12122820290911851	0.006881017081454166	-0.023333728779818763
0.0007229667182442334	-0.02262706813191051	-0.021179339244283613	-0.10974919934328242	-0.024549415490368043	-0.020004268289477878	-0.001294614260576532	-0.02795202434707278
-0.000650040072020408	-0.02849355169031398	-0.029167742387642415	-0.07261560660657662	-0.030790355446116857	-0.0273685774372614	-0.0014818424592495383	-0.030510809728929944
0.0004733291200138545	-0.029991377279693587	-0.03141448077171183	-0.06075782069065405	-0.03416046302222098	-0.02824230903106617	-0.001294614260576532	-0.03188381651919481
-0.0005876306724628133	-0.030428243076596084	-0.03141448077171183	-0.05826144470835448	-0.03740575179921013	-0.02768062443504915	-0.0016690706579218784	-0.03313200451034448
-0.000650040072020408	-0.032425343862435785	-0.03153929957082657	-0.05507856533092248	-0.036656839004520325	-0.026682074042128967	-0.0014818424592495383	-0.03250791051476942
0.0007229667182442334	-0.03236293446287819	-0.03297471576064903	-0.05220773295127823	-0.03416046302222098	-0.026432436443899032	-0.0011697954614617867	-0.032195863516982115
-0.000650040072020408	-0.031926068665975915	-0.0334739909571089	-0.05127159195791564	-0.03316191262930124	-0.02755580563593396	-0.0014194330596917215	-0.03232068231609708
0.0004733291200138545	-0.031301974670400856	-0.03278748756197625	-0.05002340396676619	-0.03372359722531826	-0.028179899631508576	-0.001544251858806689	-0.031197313124062154
-0.0007748588711353754	-0.030116196078808777	-0.03178893716905651	-0.0479014843818113	-0.03341155022753095	-0.02655725524301422	-0.0009201578632314078	-0.02926262173778027
0.0008477855173587567	-0.02868077988898632	-0.029230151787199565	-0.04428173920747702	-0.029979033251869236	-0.022625463070892415	-0.001294614260576532	-0.028201661945303158
-0.0007748588711353754	-0.027931867094296514	-0.028106782595164637	-0.040162718836682876	-0.027919523066472385	-0.02193895967575976	-0.001294614260576532	-0.027327930351497942
0.000598147919129044	-0.026558860304031873	-0.025860044211095223	-0.03829043684995814	-0.026109650479305246	-0.021502093878857487	-0.0011697954614617867	-0.026017332960790673
0.0006605573186866387	-0.022689477531467217	-0.024299809222158242	-0.035482013869871265	-0.02405014029390795	-0.019754630691248165	-0.0009825672627894466	-0.023770594576721038
-0.0008372682706934143	-0.021815745937662445	-0.023176440030123535	-0.033484913084031565	-0.022677133503643088	-0.017695120505851092	-0.0012322048610193814	-0.02214795018822624
0.0004733291200138545	-0.02150369893987536	-0.02248993663499066	-0.031987087494651734	-0.022177858307183218	-0.016821388912045432	-0.001107386061904192	-0.02171108439132441
-0.00046281187334806795	-0.021254061341645647	-0.02161620504118633	-0.03161263109730705	-0.02192822070895306	-0.016384523115143823	-0.00048329206632935495	-0.023021681782031456
0.0002861009213419585	-0.022190202335007347	-0.02261475543410585	-0.03261118149022679	-0.023113999300545585	-0.018069576903195772	-0.0007953390641171065	-0.022335178386899024
-0.0005252212729056627	-0.02150369893987536	-0.02261475543410585	-0.03211190629376692	-0.022365086505855558	-0.018007167503637955	-0.0009201578632314078	-0.022335178386899024
0.0006605573186866387	-0.021566108339432954	-0.023426077628353248	-0.030988537101731994	-0.02161617371116553	-0.017008617110718216	-0.0009825672627894466	-0.02171108439132441
-0.0007124494715782248	-0.021566108339432954	-0.021304158043398802	-0.028804208117219954	-0.02030557632045804	-0.01569801972001117	-0.0007953390641171065	-0.02052530579973144
-0.0005876306724628133	-0.018757685359346077	-0.019307057257558657	-0.027306382527840345	-0.01924461652798115	-0.014449831728861495	-0.0007953390641171065	-0.01927711780858199
0.0007229667182442334	-0.01788395376554086	-0.01830850686463914	-0.02643265093403513	-0.018370884934176823	-0.014262603530189155	-0.0005457014658869497	-0.018653023813007596
-0.0008996776702501208	-0.018258410162885985	-0.01936946665711603	-0.02674469793182288	-0.018620522532406314	-0.014824288126206175	-0.0011697954614617867	-0.019027480210351833
0.0006605573186866387	-0.018133591363770796	-0.01943187605667429	-0.025995785137133298	-0.017871609737716287	-0.01451224112841909	-0.0007329296645595118	-0.017716882819644786
-0.0005252212729056627	-0.017759134966426116	-0.019057419659329167	-0.025309281742000866	-0.01724751574214145	-0.013326462536826567	-0.0007953390641171065	-0.017529654620972224
0.0005357385195714492	-0.01701022217173609	-0.017934050467294238	-0.02406109375085075	-0.01587450895187681	-0.012140683945234265	-0.0007329296645595118	-0.016593513627609857
-0.000650040072020408	-0.015886852979701604	-0.016685862476144342	-0.02225122116368361	-0.015250414956301528	-0.011641408748773951	-0.0007329296645595118	-0.015969419632035464
0.0005357385195714492	-0.015325168383683696	-0.015437674484994668	-0.02125267077076365	-0.014002226965152298	-0.011204542951871899	-0.00042088266677176023	-0.014970869239115503
0.0005357385195714492	-0.014139389792091395	-0.015188036886764733	-0.020254120377844353	-0.013378132969577239	-0.010830086554526996	-0.0007953390641171065	-0.014783641040442719
-0.0008996776702501208	-0.01339047699740159	-0.01425189589340281	-0.019317979384481543	-0.012629220174887656	-0.009644307962934695	-0.0008577484636747013	-0.013722681247965607
0.0007853761178013841	-0.012267107805366884	-0.013003707902252692	-0.017820153795101934	-0.011755488581082663	-0.009020213967359858	-0.00029606386765701487	-0.012848949654160613
-0.000650040072020408	-0.011955060807579354	-0.012254795107562666	-0.017508106797314404	-0.011193803985064754	-0.008520938770899766	-0.00042088266677176023	-0.012162446259028403
0.0004733291200138545	-0.011455785611119262	-0.01194274810977558	-0.016884012801739567	-0.010881756987277447	-0.008583348170457361	-0.00042088266677176023	-0.01116389586610822
-0.0005876306724628133	-0.010332416419084778	-0.011256244714642705	-0.015635824810590115	-0.008822246801880818	-0.006898294382404968	-4.642626942663597e-05	-0.010290164272303448
0.0008477855173587567	-0.010145188220412438	-0.010756969518183057	-0.015136549614130024	-0.009321521998340687	-0.00721034138019272	-0.0007329296645595118	-0.01078943946876354
-0.0008996776702501208	-0.010332416419084778	-0.00982082852482069	-0.013950771022537722	-0.008635018603208255	-0.0065862473846174385	-0.0003584732672146096	-0.009978117274516363
-0.0005876306724628133	-0.008897000229262542	-0.008947096931015475	-0.01363872402474997	-0.008010924607633196	-0.006149381587715386	-0.0001712450685422695	-0.00960366087717146
0.00034851032089910916	-0.009146637827492476	-0.009259143928803448	-0.01363872402474997	-0.008447790404535915	-0.006773475583290223	-0.0007329296645595118	-0.010227754872746297
-0.0005876306724628133	-0.00870977203058998	-0.008947096931015475	-0.01320185822784814	-0.007698877609845445	-0.006149381587715386	-0.00029606386765701487	-0.009541251477613866
0.0005357385195714492	-0.008584953231475234	-0.009321553328360821	-0.012764992430945199	-0.007823696408960856	-0.00621179098727298	-0.0005457014658869497	-0.008417882285579603
-0.0005252212729056627	-0.008085678035015365	-0.008323002935441082	-0.012016079636255617	-0.006762736616483078	-0.005026012395680679	-0.00048329206632935495	-0.00910438568071159
0.000598147919129044	-0.0083353156332453	-0.00863504993322839	-0.01239053603360074	-0.007324421212500765	-0.005525287592140771	-0.0001712450685422695	-0.008854748082481434
-0.0005252212729056627	-0.008085678035015365	-0.008260593535883487	-0.012140898435370362	-0.007449240011615954	-0.005712515790813111	-0.0003584732672146096	-0.009041976281153996
0.0005357385195714492	-0.0083353156332453	-0.008572640533671239	-0.012203307834927957	-0.007324421212500765	-0.005650106391255072	-0.00042088266677176023	-0.008979566881596401
0.000410919720457148	-0.00814808743457296	-0.008385412334998676	-0.011766442038025238	-0.007199602413385575	-0.005587696991697921	-0.0005457014658869497	-0.008917157482039029
-0.0004004024737909173	-0.007399174639882489	-0.007386861942078715	-0.011142348042450845	-0.006388280219138842	-0.004776374797450744	7.839252968810939e-05	-0.007918607089119067
0.000410919720457148	-0.007648812238112868	-0.00744927134163631	-0.011329576241123185	-0.006887555415598268	-0.005525287592140771	-0.0006081108654445444	-0.008667519883809094
-0.000650040072020408	-0.0068374900438656905	-0.006825177346061029	-0.010705482245548348	-0.006201052020466058	-0.004651555998335777	-0.00029606386765701487	-0.00741933189265942
0.0007853761178013841	-0.006587852445635312	-0.006575539747831538	-0.009831750651743576	-0.005639367424448816	-0.0042770996009906526	-0.0006081108654445444	-0.00741933189265942
-0.0009620870698081596	-0.006712671244750501	-0.0068875867456188455	-0.010143797649530883	-0.0048280452302016386	-0.0036530056054158155	0.0002032113288030768	-0.006608009698412021
0.0008477855173587567	-0.006026167849618513	-0.006013855151813852	-0.009394884854841301	-0.005077682828431129	-0.0037154150049734103	-0.0003584732672146096	-0.006732828497526766
-0.0007748588711353754	-0.006150986648733259	-0.005701808154026766	-0.00889560965838121	-0.0050152734288735346	-0.0037154150049734103	-0.0003584732672146096	-0.006795237897084361
-0.0007124494715782248	-0.005402073854043232	-0.005452170555796831	-0.00852115326103653	-0.004515998232413443	-0.0030913210093985732	-0.00023365446809942014	-0.006108734501951929
0.0006605573186866387	-0.005464483253600827	-0.005264942357124047	-0.008021878064576438	-0.0042039512346263574	-0.002966502210283384	-0.0001712450685422695	-0.005921506303279589
-0.0005252212729056627	-0.00484038925802599	-0.004890485959779145	-0.00770983106678913	-0.0035798572390515204	-0.0026544552124962983	1.5983130130070577e-05	-0.005547049905934687
0.000598147919129044	-0.004590751659796055	-0.004391210763319053	-0.007085737071214071	-0.003455038439936775	-0.002529636413380665	-0.0001712450685422695	-0.004798137111244216
-0.000650040072020408	-0.0042787046620080815	-0.0041415731650891185	-0.007023327671656476	-0.0031429914421492455	-0.0021551800160362067	-4.642626942663597e-05	-0.004985365309916778
0.0006605573186866387	-0.0042787046620080815	-0.0041415731650891185	-0.006648871274311574	-0.0032054008417068403	-0.002092770616478612	-0.00010883566898467478	-0.004922955910359628
-0.000650040072020408	-0.004465932860680866	-0.004328801363761903	-0.0067736900734265415	-0.0033302196408215856	-0.002342408214708769	-0.0003584732672146096	-0.0051725935085895625
0.0005357385195714492	-0.00465316105935365	-0.004203982564646713	-0.0067736900734265415	-0.0029557632434766834	-0.0020303612169214613	-4.642626942663597e-05	-0.004922955910359628
0.000598147919129044	-0.004465932860680866	-0.004203982564646713	-0.006711280673869169	-0.0031429914421492455	-0.002279998815150952	-4.642626942663597e-05	-0.004922955910359628
-0.000650040072020408	-0.004403523461123271	-0.004203982564646713	-0.006898508872541731	-0.003267810241264435	-0.0022175894155933573	-0.0001712450685422695	-0.004985365309916778
0.000598147919129044	-0.004341114061566564	-0.004203982564646713	-0.006524052475196829	-0.003267810241264435	-0.002342408214708769	-0.0001712450685422695	-0.004922955910359628
-0.0005876306724628133	-0.0042787046620080815	-0.004016754365974373	-0.006524052475196829	-0.0028933538439190887	-0.0020303612169214613	7.839252968810939e-05	-0.0051725935085895625
0.0004733291200138545	-0.004403523461123271	-0.004266391964203864	-0.006711280673869169	-0.003267810241264435	-0.002529636413380665	-0.00029606386765701487	-0.004673318312129915
-0.000650040072020408	-0.00415388586289378	-0.004079163765531524	-0.006586461874753979	-0.0021444410492295063	-0.0014062672213459582	1.5983130130070577e-05	-0.0041116337161122285
0.0007853761178013841	-0.003529791867318499	-0.0033302509708419414	-0.005463092682719273	-0.0018948034509995715	-0.0012814484222314348	-4.642626942663597e-05	-0.003799586718324699
-0.0005876306724628133	-0.003529791867318499	-0.003455069769957131	-0.0052758644840464886	-0.001957212850556722	-0.0014062672213459582	-0.00029606386765701487	-0.004049224316555078
-0.0005876306724628133	-0.003155335469973597	-0.0030806133726120066	-0.00490140808670203	-0.001582756453212042	-0.0007197638262135264	7.839252968810939e-05	-0.003175492722749862
0.0006605573186866387	-0.0032801542690887864	-0.0031430227721691573	-0.00502622688581722	-0.0017075752523272314	-0.001219039022673396	-0.00010883566898467478	-0.003799586718324699
-0.0004004024737909173	-0.002905697871743218	-0.002830975774382294	-0.004776589287586841	-0.0014579376540970745	-0.0009069920248863106	0.0002032113288030768	-0.003362720921422646
0.0004733291200138545	-0.0032177448695311917	-0.0032678415712843467	-0.004963817486259625	-0.0018948034509995715	-0.0014062672213459582	-0.0003584732672146096	-0.0033003115218648293
-0.0005252212729056627	-0.003092926070416002	-0.002830975774382294	-0.004838998687144436	-0.001333118854981885	-0.0009069920248863106	-0.00023365446809942014	-0.0038619961178822937
