Sensor_1	Sensor_2	Sensor_3	Sensor_4	Sensor_5	Sensor_6	Sensor_7	Sensor_8
0.0008443849260275638	0.0007358941192332491	-0.0004270263899055493	-0.00014735037706214982	-0.0007376096513869168	-0.001618358325097713	1.8151436975699653e-06	0.0027900584850806265
-0.000653440663351601	0.0009231223179055892	-0.00011497939211757569	-2.253157794696037e-05	-0.000924837850059923	-0.0019304053228852425	-0.0001230036554171754	0.004287884074460457
-0.00027898426600692083	0.0011103505165779293	-5.256999256086914e-05	3.987782161019027e-05	-0.0016113412451919107	-0.0010566737290804706	0.00012663394281275941	0.005910528462955256
0.0011564319238150933	0.0010479411170203345	-0.0006766639881352621	-2.253157794696037e-05	-0.0021106164416517803	-0.0017431771242124583	-0.0001230036554171754	0.005473662666052537
-0.0004662124646792609	0.001172759916135968	-0.0004270263899055493	-0.00014735037706214982	-0.0026723010376694667	-0.001618358325097713	-6.059425585913658e-05	0.003726199478443437
0.0012188413233731321	0.00029902832233075216	0.0001970676056697318	0.00010228722116822908	-0.0020482070420941856	-0.0014311301264249288	6.422454325560878e-05	0.002914877284195816
-0.00034139366556451556	0.000548665920560687	-5.256999256086914e-05	0.0002271060202827524	-0.000924837850059923	-0.0004325797335051895	-0.0003102318540895155	0.00435029347401783
0.0011564319238150933	-0.0003874750728012355	-0.0006142545885778894	-0.00027216917617733927	7.37125428602603e-05	6.669546295445805e-05	0.00018904334237057618	0.0038510182775577384
-0.000653440663351601	-0.0003874750728012355	0.0004467052038992225	3.987782161019027e-05	0.0006978065384348753	-0.0003701703339480389	0.00012663394281275941	0.003975837076673372
0.0014060695220454722	-7.54280750143721e-05	0.0003842958043420719	-8.494097750455509e-05	0.0006353971388777246	-0.0008070361308507579	1.8151436975699653e-06	0.003726199478443437
0.0010940225242579427	0.0003614377218883469	0.000571524003014412	3.987782161019027e-05	0.0008850347371074374	-0.0009318549299652812	6.422454325560878e-05	0.002727649085523254
-0.0007782594624665684	0.0011103505165779293	-0.0001773887916751704	-0.00020975977661974454	-0.0007376096513869168	-0.0012439019277523666	-0.00024782245453192076	0.007096307054547779
0.0012188413233731321	0.0012351693156931187	0.0003842958043420719	0.00035192481939838594	-0.0005503814527141326	-0.0014311301264249288	0.00031386214148532154	0.0038510182775577384
-0.00015416546689173138	0.0007983035187908438	-0.0016128049814976286	-0.0003345785757340458	-0.0010496566491742243	-0.0015559489255403403	-0.0003102318540895155	0.00041850130189646784
0.0012812507229302827	0.0011103505165779293	-0.0009887109859223475	0.0002895154198403471	-0.0005503814527141326	-0.0014935395259827455	6.422454325560878e-05	-0.002140284079961141
-0.00027898426600692083	0.0008607129183484385	-0.0014255767828250665	3.987782161019027e-05	0.00038575954064734574	-0.000994264329522876	6.422454325560878e-05	0.0019163268912760767
0.0012188413233731321	0.0007983035187908438	-0.0020496707783999035	-0.0003345785757340458	0.0003233501410906392	-0.0021800429211151773	-0.0003102318540895155	-0.0007048678901386829
-0.0004038030651221103	0.0008607129183484385	-0.0031106305708774595	0.0002895154198403471	0.0006978065384348753	-0.002492089918902929	6.422454325560878e-05	0.0006681389001261806
3.30627317806087e-05	0.0022961291081704527	-0.003048221171319865	0.0001646966207258238	0.0006978065384348753	-0.002055224122000432	0.0002514527419281709	-0.002764378075535534
0.0013436601224878775	0.001984082110382701	-0.0033602681691071723	-2.253157794696037e-05	-5.1106256254707105e-05	-0.0029913651153623544	-6.059425585913658e-05	-0.006134485651639876
-0.00034139366556451556	0.0025457667064003875	-0.00385954336556682	-8.494097750455509e-05	7.37125428602603e-05	-0.003053774514919949	1.8151436975699653e-06	-0.005947257452967536
0.0020301635176203092	0.002795404304629878	-0.004483637361141879	0.0001646966207258238	-0.0006127908522726155	-0.002492089918902929	1.8151436975699653e-06	-0.011252056415354206
-2.9346667776986024e-05	0.002857813704187917	-0.0037971339660096692	3.987782161019027e-05	-0.00042556265359983136	-0.003116183914477544	-0.00018541305497477012	-0.012000969210043788
0.0014060695220454722	0.001984082110382701	-0.0033602681691071723	-8.494097750455509e-05	0.00013612194241807707	-0.002679318117575269	-0.00024782245453192076	-0.011751331611814297
-0.0005286218642368556	0.0014848069139232756	-0.0029234023722051194	0.0002271060202827524	0.001821175730470248	-0.001805586523770053	0.0002514527419281709	-0.009816640225531525
0.001655707120275185	0.0018592633112683998	-0.0024865365753024005	-0.00014735037706214982	0.0013219005340106005	-0.0021176335215575826	-0.0001230036554171754	-0.011064828216681866
0.0009692037251427532	0.0013599881148083082	-0.0014879861823824392	3.987782161019027e-05	0.0013219005340106005	-0.0025544993184596354	-6.059425585913658e-05	-0.007944358238807459
-0.0002165748664493261	0.002233719708612858	-0.0011759391845951317	0.0001646966207258238	0.001197081734894967	-0.002242452320672328	0.00012663394281275941	-0.00769472064057708
0.0012188413233731321	0.001796853911710361	-0.0010511203854803863	0.0001646966207258238	0.00044816894020494047	-0.001805586523770053	0.00012663394281275941	-0.008381224035709955
-0.000653440663351601	0.0014223975143656808	-0.0011759391845951317	-0.0003345785757340458	-0.0008000190509445115	-0.002055224122000432	-0.0003102318540895155	-0.007257854843675027
0.0012812507229302827	0.001609625713038021	-0.0003646169903479546	0.00035192481939838594	0.00044816894020494047	-0.0014311301264249288	1.8151436975699653e-06	-0.010066277823761904
-0.0005286218642368556	0.000985531717463184	-0.0003646169903479546	-8.494097750455509e-05	0.0009474441366650321	-0.0023048617202299226	-0.0001230036554171754	-0.009941459024647159
0.0013436601224878775	0.00029902832233075216	-0.000926301586365641	-0.00027216917617733927	0.002258041527372079	-0.0014311301264249288	-0.00024782245453192076	-0.010877600018009081
-0.0004662124646792609	-0.00013783747457152273	-0.0011759391845951317	0.00035192481939838594	0.0016339475317974639	-0.000557398532620379	0.00031386214148532154	-0.009317365029071878
-0.0004038030651221103	0.0006734847196758764	-0.001113529785037537	-8.494097750455509e-05	0.0005729877393201299	-0.00118149252819566	1.8151436975699653e-06	-0.007320264243232177
0.0012188413233731321	0.00048625652100309225	-0.0016128049814976286	-2.253157794696037e-05	0.0005105783397625352	-0.002055224122000432	1.8151436975699653e-06	-0.005011116459605391
-0.00015416546689173138	0.0008607129183484385	-0.002548945974859995	3.987782161019027e-05	0.0008226253375505088	-0.001618358325097713	1.8151436975699653e-06	-0.008506042834824257
0.0019677541180627145	0.0019216727108251064	-0.0020496707783999035	0.00035192481939838594	0.00019853134197544975	-0.0013063113273104054	0.00031386214148532154	-0.010253506022434689
-0.000653440663351601	0.0007358941192332491	-0.002174489577514871	-0.00045939737484923526	0.0006353971388777246	-0.0028041369166900143	1.8151436975699653e-06	-0.007819539439692269
0.0007819755264701911	0.0018592633112683998	-0.0012383485841527264	0.00010228722116822908	0.001009853536223071	-0.0029913651153623544	0.00012663394281275941	-0.005884848053410163
-0.00015416546689173138	0.0021713103090554853	-0.0013007579837103211	3.987782161019027e-05	0.0010722629357802216	-0.002242452320672328	1.8151436975699653e-06	-0.013124338402078717
0.0014684789216026228	0.0021713103090554853	-0.001987261378842309	-2.253157794696037e-05	0.0008850347371074374	-0.0021800429211151773	1.8151436975699653e-06	-0.014559754591900953
0.0007819755264701911	0.0012975787152504914	-0.001737623780612818	-2.253157794696037e-05	0.00013612194241807707	-0.0029289557158047597	-0.00024782245453192076	-0.0062593044507550655
0.0003451097295679162	0.002670585505515577	-0.0022993083766300604	0.0002271060202827524	0.0008226253375505088	-0.003053774514919949	0.00037627154104291627	-0.011501694013583919
0.002092572917177904	0.0021713103090554853	-0.003173039970434832	0.00010228722116822908	0.0002609407415330445	-0.001992814722442837	6.422454325560878e-05	-0.015620714384378731
-0.00015416546689173138	0.0011103505165779293	-0.002548945974859995	-0.00014735037706214982	0.0002609407415330445	-0.0023672711197877394	-6.059425585913658e-05	-0.018304318565350197
0.0010940225242579427	0.0014848069139232756	-0.002548945974859995	3.987782161019027e-05	0.0003233501410906392	-0.003303412113150106	0.00018904334237057618	-0.011688922212256703
0.00046992852868266155	0.002233719708612858	-0.002174489577514871	0.0001646966207258238	-0.0008000190509445115	-0.0034282309122644072	-0.0001230036554171754	-0.018179499766235452
0.0015932977207178123	0.0023585385077280474	-0.00261135537441759	0.00010228722116822908	-0.000924837850059923	-0.002866546316247609	0.00012663394281275941	-0.011439284614026768
-0.00015416546689173138	0.0025457667064003875	-0.0022368989770726877	-0.00014735037706214982	-0.0018609788434214014	-0.0033658215127077007	-0.0001230036554171754	-0.01780504336889055
9.547213133798138e-05	0.002857813704187917	-0.001987261378842309	0.0002271060202827524	-0.00042556265359983136	-0.003303412113150106	0.0002514527419281709	-0.01861636556313795
0.001842935318947525	0.0022961291081704527	-0.0019248519792851582	0.0002271060202827524	0.00038575954064734574	-0.003053774514919949	6.422454325560878e-05	-0.01743058697154587
-0.0002165748664493261	0.0015472163134804262	-0.0006142545885778894	-8.494097750455509e-05	7.37125428602603e-05	-0.003116183914477544	1.8151436975699653e-06	-0.015183848587475568
0.0009067943255858246	0.0010479411170203345	-0.0007390733876928568	0.00010228722116822908	1.130314330288762e-05	-0.002492089918902929	-6.059425585913658e-05	-0.013873251196768743
-0.00027898426600692083	0.0007983035187908438	-0.0009887109859223475	-2.253157794696037e-05	0.0005105783397625352	-0.0026169087180176742	6.422454325560878e-05	-0.010191096622877094
0.0017181165198327797	-0.00020024687412911746	-0.0013631673832674718	0.0001646966207258238	0.0011346723353378163	-0.0017431771242124583	-0.00018541305497477012	-0.007257854843675027
-0.0002165748664493261	-0.0002626562736867122	-0.0018624425797275634	0.0002895154198403471	0.002258041527372079	-0.0014311301264249288	0.00031386214148532154	-0.005572801055622634
0.0015932977207178123	0.00011180012365841208	-0.0007390733876928568	-8.494097750455509e-05	0.0013219005340106005	-0.0013063113273104054	-0.0001230036554171754	-0.0018282370821733895
0.001031613124700348	0.0004238471214454975	-0.0001773887916751704	0.0001646966207258238	0.0018835851300273987	-0.0028041369166900143	0.0002514527419281709	-0.003450881470667966
-0.0002165748664493261	0.0010479411170203345	-0.001550395581940256	-0.00014735037706214982	0.0008226253375505088	-0.0023048617202299226	-6.059425585913658e-05	-0.006696170247657562
0.0015308883211602176	0.00029902832233075216	-0.0016128049814976286	-2.253157794696037e-05	0.0009474441366650321	-0.002242452320672328	1.8151436975699653e-06	-0.00632171385031266
3.30627317806087e-05	0.0010479411170203345	-0.000926301586365641	0.0001646966207258238	0.002008403929142588	-0.002492089918902929	0.00031386214148532154	-0.01530866738659098
0.0012188413233731321	0.0015472163134804262	-0.0014255767828250665	-0.00027216917617733927	0.001009853536223071	-0.003927506108724721	-6.059425585913658e-05	-0.0166816741768554
-0.0009654876611393526	0.0007983035187908438	0.000571524003014412	-0.00020975977661974454	0.0016339475317974639	-0.003740277910052381	-0.0001230036554171754	-0.01780504336889055
0.0008443849260275638	0.000548665920560687	-0.0003646169903479546	0.0002895154198403471	0.0020708133286997388	-0.002679318117575269	0.0004386809406000669	-0.01917805015915497
0.00046992852868266155	0.0021713103090554853	-0.00261135537441759	-0.00027216917617733927	0.0021332227282577776	-0.003677868510494786	-0.00024782245453192076	-0.01955250655649987
-0.0007158500629094178	0.0011103505165779293	-0.0022368989770726877	-8.494097750455509e-05	0.0002609407415330445	-0.003303412113150106	-0.0001230036554171754	-0.016744083576412994
0.002092572917177904	0.001984082110382701	-0.002174489577514871	0.00041433421895553657	0.0009474441366650321	-0.003303412113150106	0.00037627154104291627	-0.011688922212256703
0.00022029093045339287	0.0021713103090554853	-0.0035474963677799565	-0.00020975977661974454	0.0003233501410906392	-0.0035530497113795967	-6.059425585913658e-05	-0.008131586437479355
0.001842935318947525	0.0018592633112683998	-0.004233999762911944	-0.00014735037706214982	0.00044816894020494047	-0.0032410027135925112	-0.0003726412536471102	-0.016432036578625908
0.00028270033001076555	0.0019216727108251064	-0.0026737647739747405	0.00035192481939838594	0.0023828603264874904	-0.0018679959233276477	-0.0001230036554171754	-0.02479489611932917
0.0014060695220454722	0.0014848069139232756	-0.0036723151668942577	-2.253157794696037e-05	0.0030069543220625494	-0.0028041369166900143	-0.0001230036554171754	-0.029538010485698152
9.547213133798138e-05	0.002670585505515577	-0.00385954336556682	0.0001646966207258238	0.004567189310999309	-0.00542533169810433	0.00018904334237057618	-0.025855855911806724
0.0015308883211602176	0.002420947907285198	-0.005045321957159565	-0.00039698797529164054	0.003506229518522641	-0.004489190704741963	-0.0003102318540895155	-0.025543808914018973
0.002092572917177904	0.0037939546975500615	-0.004421227961584728	0.0002895154198403471	0.0031941825207346675	-0.0036154591109371914	0.0002514527419281709	-0.015558304984821136
0.0001578815308955761	0.004355639293567526	-0.005731825352291997	-0.00014735037706214982	0.0019459945295849934	-0.003989915508282538	-0.00018541305497477012	-0.016744083576412994
0.0019677541180627145	0.004792505090470023	-0.005045321957159565	0.00035192481939838594	0.0007602159379929141	-0.003303412113150106	0.0002514527419281709	-0.013061929002521566
-9.175606733413666e-05	0.003045041902860479	-0.006106281749636677	-0.0003345785757340458	0.0011346723353378163	-0.0038026873096095315	-0.00018541305497477012	-0.029662829284813563
0.0025918481136379956	0.003981182896222846	-0.007853744937246443	3.987782161019027e-05	0.0011346723353378163	-0.002055224122000432	-0.0001230036554171754	-0.02729127210162874
0.0006571567273554457	0.004106001695337147	-0.007416879140343946	-8.494097750455509e-05	0.0008226253375505088	-0.003989915508282538	6.422454325560878e-05	-0.02729127210162874
0.0023422105154073947	0.003981182896222846	-0.006667966345654364	-8.494097750455509e-05	0.001009853536223071	-0.0035530497113795967	-6.059425585913658e-05	-0.02129996974410986
0.000594747327797851	0.004168411094894742	-0.006418328747423985	0.00041433421895553657	0.0023828603264874904	-0.0021800429211151773	0.00037627154104291627	-0.01792986216800596
0.0005323379282402563	0.0037939546975500615	-0.006168691149194272	-2.253157794696037e-05	0.0020708133286997388	-0.0019304053228852425	-6.059425585913658e-05	-0.004199794265358214
0.001655707120275185	0.0037939546975500615	-0.004296409162469539	0.0001646966207258238	0.0031317731211772948	-0.0021176335215575826	0.00018904334237057618	-0.00632171385031266
0.00022029093045339287	0.0029202231037452897	-0.004483637361141879	-0.00020975977661974454	0.0031317731211772948	-0.0031785933140351386	-0.0001230036554171754	-0.0166816741768554
0.001842935318947525	0.002857813704187917	-0.00492050315804482	0.00010228722116822908	0.0028197261233902093	-0.001805586523770053	-0.0001230036554171754	-0.015183848587475568
0.0010940225242579427	0.003918773496665251	-0.003984362164682453	0.0001646966207258238	0.0021332227282577776	-0.0013063113273104054	-0.00018541305497477012	-0.00881808983261223
0.0017181165198327797	0.002608176105957538	-0.0036723151668942577	-8.494097750455509e-05	0.0005105783397625352	-0.0013063113273104054	-0.0001230036554171754	-0.0198645535542874
-2.9346667776986024e-05	0.0021089009094978906	-0.0047956843589296305	-2.253157794696037e-05	-0.0012368848478470085	4.286063396863327e-06	-6.059425585913658e-05	-0.02385875512596658
0.0024046199149649894	0.0023585385077280474	-0.0077289261381314756	-8.494097750455509e-05	-0.0017361600443071001	-0.0025544993184596354	6.422454325560878e-05	-0.017617815170217765
0.002716666912752297	0.004355639293567526	-0.007853744937246443	0.00010228722116822908	-0.000924837850059923	-0.0019304053228852425	6.422454325560878e-05	-0.02117515094499467
0.0005323379282402563	0.004667686291354833	-0.0075416979394591355	-0.00020975977661974454	-0.0005503814527141326	-0.002492089918902929	-0.00024782245453192076	-0.02704163450339858
0.0020301635176203092	0.0044180486931246765	-0.006667966345654364	0.0002895154198403471	0.001197081734894967	-0.002679318117575269	0.0002514527419281709	-0.02329707052994956
0.0001578815308955761	0.0044180486931246765	-0.007229650941671162	-8.494097750455509e-05	0.0020708133286997388	-0.003989915508282538	-6.059425585913658e-05	-0.01468457339101592
0.002092572917177904	0.005166961487814703	-0.00760410733901673	-0.00014735037706214982	0.002694907324274576	-0.0053005128989895844	0.00031386214148532154	-0.01530866738659098
0.0011564319238150933	0.006290330679849632	-0.006605556946096769	0.0002271060202827524	0.00250767912560268	-0.004801237702529715	-0.00018541305497477012	-0.021612016741897166
0.001842935318947525	0.005541417885160049	-0.006605556946096769	-0.00020975977661974454	0.0023204509269301177	-0.004052324907839688	-0.0001230036554171754	-0.027790547298088608
-0.00015416546689173138	0.0056038272847172	-0.007978563736361632	0.0001646966207258238	0.00250767912560268	-0.001992814722442837	6.422454325560878e-05	-0.027852956697646203
0.0003451097295679162	0.004917323889584768	-0.008914704729723999	-0.00027216917617733927	0.0016339475317974639	-0.001618358325097713	-0.00018541305497477012	-0.02398357392508177
0.0028414857118674863	0.004355639293567526	-0.009538798725298392	3.987782161019027e-05	0.0015091287326824965	-0.0004949891330632283	6.422454325560878e-05	-0.02117515094499467
0.00022029093045339287	0.003045041902860479	-0.008290610734149162	-0.00020975977661974454	0.00038575954064734574	-0.0004325797335051895	-0.00018541305497477012	-0.023047432931719403
0.0029663045109826758	0.0044180486931246765	-0.0077289261381314756	0.00041433421895553657	-0.0005503814527141326	-0.0006198079321779737	0.00037627154104291627	-0.015932761382165816
0.0012188413233731321	0.0035443170993203488	-0.007042422742999266	-2.253157794696037e-05	-0.0008000190509445115	0.000940427056759674	-0.0001230036554171754	-0.011376875214468951
0.0020301635176203092	0.0022961291081704527	-0.004982912557601971	-2.253157794696037e-05	-0.0022354352407665257	0.00025392366162679814	6.422454325560878e-05	-0.006072076252082725
-0.0007782594624665684	0.0012351693156931187	-0.0020496707783999035	0.0002271060202827524	-0.0019233882429794402	0.00025392366162679814	0.0002514527419281709	-0.010503143620663957
0.0019677541180627145	0.001796853911710361	-0.0008014827872504515	-8.494097750455509e-05	-0.0017361600443071001	0.0016893398514492564	-6.059425585913658e-05	-0.0015785994839434547
0.0007819755264701911	0.0012975787152504914	0.0015700743959339292	0.0001646966207258238	-0.002609891638111872	0.0014397022532195436	0.00012663394281275941	0.0033517430810976467
-0.0014023534580416275	-0.0006995220705892091	0.0017573025946064913	-0.0003345785757340458	-0.0031091668345717416	0.000690789458529073	-0.0003102318540895155	-0.003887747267570685
0.0017181165198327797	-0.0008867502692615492	9.839406997169675e-06	0.0001646966207258238	-0.0017361600443071001	0.002999937242156303	0.00018904334237057618	0.0008553670987989648
0.0007819755264701911	-0.0014484348652787915	-0.0024865365753024005	3.987782161019027e-05	-0.0014865224460769433	0.004060897034633637	0.00018904334237057618	-0.008006767638365053
0.0012812507229302827	-0.002384575858641158	-0.0026737647739747405	-0.00027216917617733927	-0.0017361600443071001	0.003062346641713898	0.00031386214148532154	-0.010378324821549434
-0.00027898426600692083	-0.002010119461296034	-0.0006142545885778894	0.0001646966207258238	-0.000924837850059923	0.0016269304518916616	1.8151436975699653e-06	-0.009442183828187067
0.0010940225242579427	-0.001136387867491706	-0.0008014827872504515	-2.253157794696037e-05	0.00013612194241807707	0.002001386849236342	1.8151436975699653e-06	-0.012937110203406155
0.0001578815308955761	0.0001742095232160068	-0.0004270263899055493	-0.00020975977661974454	-0.0012368848478470085	-0.00118149252819566	-0.00024782245453192076	-0.011938559810486638
-0.0008406688620246072	0.002420947907285198	0.0009459804003593142	0.0001646966207258238	0.00038575954064734574	-0.0006822173317355684	0.00018904334237057618	-0.005073525859162764
0.0014684789216026228	0.0031698607019756686	0.0006963428021296014	0.00035192481939838594	0.0005729877393201299	-0.0011190831286380654	0.0002514527419281709	-0.013873251196768743
-0.00027898426600692083	0.0022961291081704527	0.00013465820611213708	-8.494097750455509e-05	0.0014467193331249018	-0.0008070361308507579	-0.0001230036554171754	-0.016057580181280562
0.0009692037251427532	0.001984082110382701	0.0006339334025720067	-2.253157794696037e-05	0.001821175730470248	-0.001618358325097713	-0.0001230036554171754	-0.010315915421991395
-0.0004662124646792609	0.0011103505165779293	0.0015076649963767785	0.00035192481939838594	0.0028197261233902093	0.00012910486251205278	-0.0001230036554171754	-0.011252056415354206
0.0007819755264701911	4.939072410126144e-05	-0.00011497939211757569	-2.253157794696037e-05	0.001384309933567307	-0.0012439019277523666	-0.00018541305497477012	-0.016744083576412994
-2.9346667776986024e-05	-0.0006371126710316144	-0.000926301586365641	-2.253157794696037e-05	0.0023204509269301177	0.0013772928536619489	-6.059425585913658e-05	-0.020863103947207362
0.0017181165198327797	-0.0018853006621812884	0.0005091146034568172	0.0002271060202827524	0.0013219005340106005	0.00112765525543157	0.00031386214148532154	-0.006134485651639876
0.0015308883211602176	0.00048625652100309225	-0.0012383485841527264	-0.00014735037706214982	0.0005105783397625352	-0.0001829421352756988	-6.059425585913658e-05	-0.005635210455179784
-0.00034139366556451556	0.0037939546975500615	-0.00023979819123320922	-0.00020975977661974454	-5.1106256254707105e-05	-0.0014935395259827455	-0.00018541305497477012	-0.02373393632685139
0.0013436601224878775	0.004730095690912872	0.0011332085990320984	0.00041433421895553657	-0.00017592505536945247	-0.0019304053228852425	0.00018904334237057618	-0.01792986216800596
-0.0013399440584840328	0.004168411094894742	9.839406997169675e-06	3.987782161019027e-05	0.0014467193331249018	-0.005799788095449232	1.8151436975699653e-06	-0.028165003695433954
0.0009692037251427532	0.002795404304629878	-0.002174489577514871	-8.494097750455509e-05	0.00044816894020494047	-0.0027417275171324196	0.00031386214148532154	-0.032408842865342624
0.000594747327797851	0.0034194983002051593	-0.0037971339660096692	0.00035192481939838594	0.0002609407415330445	-0.004489190704741963	-0.00018541305497477012	-0.026854406304726686
0.0017181165198327797	0.0029202231037452897	-0.0034850869682223617	0.0002271060202827524	-0.0011744754482894137	-0.0015559489255403403	0.0002514527419281709	-0.028165003695433954
0.000407519129125955	0.0032322701015328192	-0.0006766639881352621	3.987782161019027e-05	-0.000924837850059923	0.0012524740545467594	-6.059425585913658e-05	-0.03359462145693515
-0.0005286218642368556	0.0011103505165779293	-0.001550395581940256	0.0001646966207258238	0.0008226253375505088	0.0005035612598562889	0.00018904334237057618	-0.041895071598081035
0.0015308883211602176	-0.001573253664393981	-0.0026737647739747405	-0.0003345785757340458	-0.0003007438544846419	-0.00012053273571810408	-0.00043505065320426084	-0.026979225103840987
-0.00015416546689173138	-0.0013860254657211968	-0.0031106305708774595	3.987782161019027e-05	0.0003233501410906392	-0.0006822173317355684	6.422454325560878e-05	-0.035903769240562156
0.0021549823167346105	-0.0010739784679341113	-0.0029234023722051194	0.00041433421895553657	0.001009853536223071	0.0014397022532195436	0.00037627154104291627	-0.015183848587475568
-0.0008406688620246072	-0.0026966228564289096	-0.0008014827872504515	-0.00020975977661974454	0.0006978065384348753	0.0003787424607419876	-0.0001230036554171754	-0.02011419115251778
0.00046992852868266155	-0.002821441655543655	0.0001970676056697318	-0.00014735037706214982	0.0016963569313550586	0.0015021116527764722	0.0002514527419281709	-0.009754230825974597
-0.000653440663351601	-0.0010739784679341113	0.0007587522016867521	0.0002271060202827524	0.0005105783397625352	-0.0012439019277523666	0.00012663394281275941	-0.015620714384378731
0.0015308883211602176	-0.0010115690683760725	0.001819711994164086	-0.00045939737484923526	-0.0017361600443071001	-0.0009318549299652812	-0.0003102318540895155	-0.0062593044507550655
0.00046992852868266155	0.0021089009094978906	0.0038168127800035645	0.00035192481939838594	-0.001985797642536591	-0.001618358325097713	0.00012663394281275941	-0.012125788009158978
-0.0004662124646792609	0.0012975787152504914	0.0023813965901815504	-0.00020975977661974454	-0.0011744754482894137	-0.002492089918902929	-6.059425585913658e-05	-0.018741184362252694
0.0007195661269130404	0.0018592633112683998	0.0012580273981463996	-0.00014735037706214982	0.00019853134197544975	-0.001618358325097713	-6.059425585913658e-05	-0.01998937235340259
-0.0009654876611393526	0.0022961291081704527	0.0008835710008019415	-8.494097750455509e-05	0.002008403929142588	-0.0016807677246553077	1.8151436975699653e-06	-0.012500244406503436
0.0012188413233731321	0.001796853911710361	-0.0005518451890202947	0.00010228722116822908	0.002258041527372079	-0.0023048617202299226	0.0002514527419281709	-0.01930286895827016
-0.00034139366556451556	0.003669135898435094	-0.000926301586365641	0.0001646966207258238	0.0013219005340106005	-0.004489190704741963	-0.00024782245453192076	-0.022860204733047063
0.0019053447185051198	0.0029202231037452897	-0.000926301586365641	3.987782161019027e-05	0.002258041527372079	-0.003303412113150106	6.422454325560878e-05	-0.023921164525524174
-0.001527172257156817	0.0019216727108251064	-0.001550395581940256	0.0002271060202827524	0.004067914114539439	-0.0053005128989895844	0.00018904334237057618	-0.035217265845429946
0.0007195661269130404	0.0034194983002051593	-0.0018624425797275634	-8.494097750455509e-05	0.003943095315424472	-0.0023672711197877394	1.8151436975699653e-06	-0.041395796401621165
0.0007195661269130404	0.0029202231037452897	-0.0018624425797275634	-0.00020975977661974454	0.002632497924717425	-0.003989915508282538	-0.0003102318540895155	-0.016744083576412994
-0.0007158500629094178	0.00454286749224031	-0.0014255767828250665	0.0002895154198403471	0.0007602159379929141	0.0013148834541043541	0.00031386214148532154	-0.011813741011371448
0.001655707120275185	0.003669135898435094	-0.0037347245664522966	-2.253157794696037e-05	0.002008403929142588	-0.001618358325097713	-6.059425585913658e-05	-0.02011419115251778
0.0001578815308955761	0.004730095690912872	-0.006418328747423985	-0.0003345785757340458	0.0021332227282577776	-0.001805586523770053	0.0002514527419281709	-0.028726688291450753
0.003153532709654794	0.005166961487814703	-0.004483637361141879	0.00035192481939838594	0.0030069543220625494	0.00012910486251205278	6.422454325560878e-05	-0.023796345726408985
-0.0009654876611393526	0.002795404304629878	-0.005669415952734402	0.0001646966207258238	0.0005729877393201299	0.003624031237731584	0.00012663394281275941	-0.025731037112691535
0.002716666912752297	0.007413699871884338	-0.005794234751849592	3.987782161019027e-05	0.0008850347371074374	0.000690789458529073	-6.059425585913658e-05	-0.020613466348977427
0.0007819755264701911	0.006352740079407226	-0.005544597153619657	0.00010228722116822908	0.00019853134197544975	6.669546295445805e-05	1.8151436975699653e-06	-0.027852956697646203
0.0005323379282402563	0.006789605876309501	-0.006543147546539174	-0.00014735037706214982	0.002632497924717425	-0.0013063113273104054	-6.059425585913658e-05	-0.044453856979937756
0.0017805259193903744	0.00785056566878728	-0.005794234751849592	0.0001646966207258238	0.0033814107194074516	-0.0029913651153623544	6.422454325560878e-05	-0.052067803725951656
-2.9346667776986024e-05	0.006290330679849632	-0.0064807381469815795	3.987782161019027e-05	0.002258041527372079	0.002188615047909126	0.00012663394281275941	-0.03777605122728667
0.0013436601224878775	0.006415149478964377	-0.008415429533263907	-2.253157794696037e-05	0.0014467193331249018	6.669546295445805e-05	1.8151436975699653e-06	-0.0518181661277215
0.00028270033001076555	0.006789605876309501	-0.008228201334591123	-8.494097750455509e-05	0.0014467193331249018	-0.003927506108724721	-0.00018541305497477012	-0.04526517917418538
0.0022173917162930934	0.006477558878521972	-0.009726026923971176	0.0002271060202827524	0.002632497924717425	-0.0014935395259827455	0.00037627154104291627	-0.03552931284321703
0.0013436601224878775	0.0056038272847172	-0.009726026923971176	-0.00020975977661974454	0.003693457717194537	0.004060897034633637	-0.0003102318540895155	-0.04520276977462778
3.30627317806087e-05	0.004979733289142807	-0.008228201334591123	0.0002271060202827524	0.0034438201189650464	0.005558722624013246	0.0002514527419281709	-0.05687332749187801
0.002279801115850244	0.003481907699762754	-0.0064807381469815795	0.0002271060202827524	0.004567189310999309	-0.0013063113273104054	0.00018904334237057618	-0.0550010455051535
0.00022029093045339287	0.0034194983002051593	-0.00635591934786639	-8.494097750455509e-05	0.002632497924717425	-0.0015559489255403403	-0.00018541305497477012	-0.060929938463114564
0.0027790763123098916	0.004792505090470023	-0.003422677568664767	-0.00014735037706214982	0.0031317731211772948	-0.0008070361308507579	-0.0001230036554171754	-0.051568528529491564
-0.0009030782615813138	0.00329467950108997	0.0008211616012443468	0.0002895154198403471	0.003506229518522641	0.004310534632863572	-0.00024782245453192076	-0.03596617864011953
0.0001578815308955761	0.003981182896222846	0.0015076649963767785	-0.00014735037706214982	1.130314330288762e-05	0.00324957484038646	0.0002514527419281709	-0.031410292472422885
-0.00027898426600692083	0.004917323889584768	0.002256577791066361	-2.253157794696037e-05	-0.0013617036469617538	0.003873668835961075	-0.0001230036554171754	-0.002389921678190632
0.00022029093045339287	0.002795404304629878	0.0011332085990320984	0.0002895154198403471	-0.0006752002518293221	0.007306185811623234	0.0004386809406000669	0.00678426005676025
0.0019053447185051198	0.0009231223179055892	-0.001737623780612818	-0.00014735037706214982	-0.0005503814527141326	0.009116058398789928	-0.0001230036554171754	-0.02704163450339858
-0.0004662124646792609	-0.00020024687412911746	-5.256999256086914e-05	-0.00020975977661974454	-0.00042556265359983136	0.010052199392152295	-0.00018541305497477012	-0.03933628621622387
0.000407519129125955	-0.000512293871916425	0.003504765782216479	0.00041433421895553657	-0.000487972053156982	0.008055098606312372	0.00037627154104291627	-0.03952351441489643
-0.0015895816567141896	-0.0015108442648359421	0.002631034188411263	-0.00027216917617733927	-0.002173025841209375	0.009740152394365209	-0.0003102318540895155	-0.051880575527279094
0.0023422105154073947	0.00048625652100309225	0.0003842958043420719	0.0001646966207258238	-0.0020482070420941856	0.015606635952768677	0.00012663394281275941	-0.04713746116090989
0.0001578815308955761	0.0024833573068427928	0.001632483795491968	0.00010228722116822908	-0.0024850728389966825	0.006931729414277887	-6.059425585913658e-05	-0.04495313217639785
0.0001578815308955761	0.0001742095232160068	0.005439457168498363	3.987782161019027e-05	-0.001985797642536591	0.0064948636173756125	-6.059425585913658e-05	-0.05350321991577367
-0.0029001790474212363	0.000985531717463184	0.0021317589919520596	0.0001646966207258238	-0.0002383344549270472	0.006370044818260867	0.00012663394281275941	-0.0644248648383341
0.0006571567273554457	0.0023585385077280474	-0.00023979819123320922	-2.253157794696037e-05	-0.0008000190509445115	0.011237977983744818	0.00012663394281275941	-0.06529859643213909
-2.9346667776986024e-05	0.0034194983002051593	0.001632483795491968	-8.494097750455509e-05	-0.002984348035456552	0.01248616597489427	-0.00024782245453192076	-0.03977315201312637
-0.0030249978465364258	0.0011103505165779293	0.0031927187844291716	0.00041433421895553657	-0.0005503814527141326	0.014920132557636467	0.0004386809406000669	-0.06511136823346675
0.0011564319238150933	0.0021713103090554853	-0.0014255767828250665	-0.00027216917617733927	0.0003233501410906392	0.015481817153653932	-0.00024782245453192076	-0.055749958299843305
0.0006571567273554457	0.006040693081619919	-0.0007390733876928568	3.987782161019027e-05	-0.0021106164416517803	0.01261098477400946	-0.0001230036554171754	-0.03503003764675716
-0.0007782594624665684	0.0021713103090554853	0.0028182623870840473	3.987782161019027e-05	0.0013219005340106005	0.009677742994808058	0.00031386214148532154	-0.05662368989364808
-0.004210776438128505	0.0044180486931246765	0.005876322965401304	-2.253157794696037e-05	-0.0010496566491742243	0.015169770155866846	1.8151436975699653e-06	-0.027416090900743484
-0.0004038030651221103	0.006352740079407226	0.0030054905857568315	0.00010228722116822908	-0.0012992942474046032	0.02247166990409233	6.422454325560878e-05	-0.0035757002697831552
-0.0015895816567141896	0.0009231223179055892	0.0018821213937221248	0.0002271060202827524	0.0019459945295849934	0.02290853570099527	0.0002514527419281709	-0.06298944864851208
-0.003586682442554112	-0.0008243408697035104	0.005127410170710833	-0.00027216917617733927	-0.004669401823508723	0.013484716367814453	-0.0001230036554171754	-0.043080850189673114
-0.0015895816567141896	0.00029902832233075216	0.004004040978676349	-0.00014735037706214982	-0.0016113412451919107	0.016355548747459148	-0.0001230036554171754	-0.04944660894453712
-0.000653440663351601	0.0003614377218883469	0.0007587522016867521	3.987782161019027e-05	-0.004045307827933886	0.02340781089745514	1.8151436975699653e-06	-0.012749882004733815
-0.0011527158598116927	-0.0006371126710316144	0.0042536785769065055	0.0004767436185131313	-0.0017361600443071001	0.026528280875329546	0.00012663394281275941	-0.009941459024647159
-0.004585232835473629	-0.0012612066666064514	0.007623786153010403	-2.253157794696037e-05	-0.004856630022181507	0.027402012469134318	-0.00024782245453192076	-0.020051781752959963
-0.005084508031933277	-0.005192998838728036	0.009308839941062352	0.00010228722116822908	-0.00441976422527901	0.024718408288161964	0.00018904334237057618	-0.008069177037922204
-0.00034139366556451556	0.0034194983002051593	0.003941631579118754	0.0001646966207258238	-0.005792771015543874	0.026715509074001886	6.422454325560878e-05	0.0005433201010109912
-0.004210776438128505	-0.0019477100617388832	0.006001141764516049	-0.00014735037706214982	-0.005543133417313495	0.028150925263824345	-6.059425585913658e-05	-0.008006767638365053
-0.0026505414491913015	0.004667686291354833	0.003067899985313982	-2.253157794696037e-05	-0.004919039421738658	0.01729168974082107	-0.00018541305497477012	-0.009504593227744218
-0.0007782594624665684	-0.00013783747457152273	0.006313188762303135	0.00041433421895553657	-0.009350106790320556	0.010364246389940046	0.0005010903401576616	-0.007757130040134674
-0.0008406688620246072	0.0015472163134804262	0.002443805989738923	3.987782161019027e-05	-0.005979999214216214	0.016542776946131488	1.8151436975699653e-06	0.020264690361177395
9.547213133798138e-05	0.00329467950108997	0.0014452555968191838	3.987782161019027e-05	-0.011971301571735093	0.007680642208968358	1.8151436975699653e-06	0.010466414630652121
-0.0011527158598116927	-0.004256857845366113	0.005876322965401304	3.987782161019027e-05	-0.007852281200940725	0.008242326804985156	-0.00018541305497477012	0.014772663200118163
-0.001901628654501275	0.002608176105957538	-0.0018624425797275634	0.0002271060202827524	-0.015840684344299083	-0.015161198029072454	0.00018904334237057618	0.008843770242157323
0.002716666912752297	0.001984082110382701	-0.0043588185620266895	0.00010228722116822908	-0.00441976422527901	0.0029375278425991525	1.8151436975699653e-06	-0.03877460162020663
0.005025814696379527	0.006664787077194312	-0.023081638429273577	0.0002895154198403471	-0.006104818013330959	-0.009107486271996423	0.0002514527419281709	-0.040896521205161074
0.008333512872926718	0.005853464882947579	-0.021833450438123903	-0.00014735037706214982	-0.004856630022181507	-0.015785292024647735	-0.0001230036554171754	-0.03696472903303949
0.0036528079061146634	0.0007358941192332491	-0.01796406766555947	0.0002895154198403471	-0.004107717227491037	-0.015972520223320075	0.00018904334237057618	-0.030786198476848048
0.005899546290184299	0.0044180486931246765	-0.017901658266001874	0.0002895154198403471	-0.008975650392975432	-0.03725412547242368	0.00018904334237057618	-0.023047432931719403
0.008957606868501555	-0.00013783747457152273	-0.018525752261577155	0.0002895154198403471	-0.004232536026606226	-0.03469534009056652	0.00031386214148532154	-0.043704944185248173
0.003715217305672258	0.003669135898435094	-0.019586712054054267	0.00010228722116822908	0.005316102105689335	-0.05023528058038118	-0.0001230036554171754	-0.054064904511791356
0.012078076846375518	0.009535619456838784	-0.025890061409360676	0.0002895154198403471	-0.010847932379700165	-0.0434950654281725	0.0002514527419281709	-0.06392558964187445
0.0014684789216026228	0.0032322701015328192	-0.018525752261577155	0.00010228722116822908	0.0005729877393201299	-0.04574180381224213	1.8151436975699653e-06	-0.07291254317815277
0.00933206326584668	0.010534169849758745	-0.024267417020865878	3.987782161019027e-05	-0.00791469060049832	-0.04455602522064983	1.8151436975699653e-06	-0.059432112873734955
0.004900995897264782	-0.0014484348652787915	-0.012284812305827897	0.00041433421895553657	-0.01571586554518456	-0.03294787690295675	0.0002514527419281709	-0.06255258285160936
0.006149183888414678	0.007663337470114273	-0.011910355908482773	0.0001646966207258238	-0.009911791386337354	-0.03388401789631934	0.00018904334237057618	-0.06330149564629939
0.005088224095937566	0.010846216847546053	-0.012596859303615648	-0.0003345785757340458	-0.013344308361999735	-0.03719171607286609	-0.0004974600527618556	-0.06130439486045969
0.004027264303459788	0.00454286749224031	-0.012097584107155557	3.987782161019027e-05	-0.011347207576160256	-0.02976499752552475	1.8151436975699653e-06	-0.052067803725951656
0.008957606868501555	0.0025457667064003875	-0.01977394025272683	-2.253157794696037e-05	-0.017712966331023816	-0.04118591764454527	6.422454325560878e-05	-0.03565413164233222
0.008645559870713804	0.001796853911710361	-0.020959718844318687	0.0002271060202827524	-0.019834885915978706	-0.02302478237331651	6.422454325560878e-05	-0.03365703085649274
0.00440172070080469	-0.003008669854215551	-0.012347221705385492	0.0002271060202827524	-0.022144033699605492	-0.0038650967091671262	6.422454325560878e-05	-0.013498794799423397
0.006149183888414678	0.006852015275867096	-0.004046771564239604	0.00010228722116822908	-0.018149832127926313	-0.006236653892351951	1.8151436975699653e-06	-0.01299951960296375
-0.004023548239455721	-0.0031334886533311845	-0.0018000331801704128	0.0001646966207258238	-0.02139512090491591	-0.005799788095449232	0.0002514527419281709	-0.008630861633939446
0.013638311835313166	0.004605276891797239	-0.022582363232813485	0.0001646966207258238	-0.022019214900490525	0.0022510244474662766	-6.059425585913658e-05	0.009218226639501781
0.0090824256676163	0.006852015275867096	-0.019149846257151992	0.00041433421895553657	-0.025326913077037494	0.009989789992595588	0.0004386809406000669	0.05920815568505011
0.0059619556897418935	0.0007358941192332491	-0.006231100548751867	0.0001646966207258238	-0.030194846242521445	0.03226994563461827	0.00012663394281275941	0.056399732704963235
-0.004710051634588819	-0.007002871425895618	0.01036979973354013	0.0001646966207258238	-0.022830537094737924	0.0410072615726671	0.00031386214148532154	0.07025461940672528
-0.005022098632375682	-0.0029462604546588445	0.007498967353895658	0.00041433421895553657	-0.02563896007482458	0.04587519473815127	0.0006259091392728511	0.07044184760539784
-0.0030874072460937985	-0.00943683800863715	-0.004733274959372036	0.00010228722116822908	-0.015903093743856678	0.040008711179747136	-6.059425585913658e-05	0.0609556188726601
3.30627317806087e-05	-0.010747435399344418	-0.00685519454432626	3.987782161019027e-05	-0.005168677019968593	0.012673394173567276	-0.00024782245453192076	0.01689458278507283
-0.00034139366556451556	-0.006129139832090846	0.0021941683915096544	0.0007887906163002167	0.0028197261233902093	0.03407981822178563	0.0006259091392728511	0.013836522206756241
-0.004210776438128505	-0.010809844798902013	0.01667314908884654	-2.253157794696037e-05	-0.005667952216428684	0.030522482447008725	0.00018904334237057618	0.007782810449679767
-0.0070816088177731995	-0.011808395191821974	0.0172972430844216	0.00010228722116822908	0.00874861908135105	0.011550024981532347	0.00012663394281275941	-0.00432461306447296
-2.9346667776986024e-05	-0.007814193620142795	0.0015076649963767785	0.0001646966207258238	0.004255142313211779	0.008491964403215535	0.0005634997397152564	0.006284984860300158
0.002279801115850244	-0.008750334613504718	0.007686195552567998	0.0008512000158578115	0.0008226253375505088	-0.0004949891330632283	-0.0001230036554171754	-0.0006424584905810882
-0.0024633132505185173	-0.0025093946577561255	0.015050504700351741	3.987782161019027e-05	-0.002547482238553833	-0.00505087530075965	-6.059425585913658e-05	-0.007819539439692269
-0.002775360248306047	0.006664787077194312	0.02896780080167205	0.0004767436185131313	0.0005729877393201299	-0.00785929828084675	0.0005634997397152564	0.00048091070145339643
-0.0033370448443237333	0.011033445046218837	0.00625077936274554	0.00010228722116822908	0.00519128330657459	-0.003740277910052381	-6.059425585913658e-05	0.0031645148824253067
0.0005323379282402563	0.012968136432501165	-0.0036723151668942577	-0.00020975977661974454	0.002445269726045085	0.0014397022532195436	-0.00024782245453192076	0.005598481465167726
0.0023422105154073947	0.005666236684274795	0.005002591371596532	-0.0005842161739644247	-0.004981448821296253	-0.009045076872438829	-0.0006846882514346397	0.002228373889063384
-0.004647642235031002	0.001984082110382701	0.0015076649963767785	0.0002271060202827524	-0.003608442031031389	0.0037488500368463296	0.0005010903401576616	0.009405454838174121
0.0017181165198327797	0.00023661892277315744	0.003941631579118754	-0.0006466255735217974	-0.00367085143058854	0.026091415078427493	0.00037627154104291627	0.012213877818261443
-0.005958239625738049	-0.011121891796689543	0.015424961097696865	3.987782161019027e-05	-0.006229636812445927	0.011737253180204688	6.422454325560878e-05	-0.002327512278633481
-0.001527172257156817	-0.009686475606867306	0.013927135508317257	-0.00020975977661974454	-0.007228187205365444	0.002812709043483963	6.422454325560878e-05	-0.008880499232169825
-0.0030874072460937985	-0.008438287615717632	0.014051954307431558	0.0002895154198403471	-0.010161428984567733	0.022159622906305243	0.0002514527419281709	-0.002577149876863416
-0.0007158500629094178	-0.013431039580316328	0.019918437865836136	0.0002895154198403471	-0.004919039421738658	0.02415672369214472	0.00031386214148532154	-0.0015785994839434547
-0.009702803599187737	-0.01162116699314919	0.03452223736228799	-0.0003345785757340458	-0.009287697390762961	0.012985441171354806	-0.0003102318540895155	-0.0062593044507550655
-0.010638944592550104	-0.02485195969933729	0.0443829224923713	-0.00014735037706214982	-0.014842133951379344	0.022970945100552864	0.00018904334237057618	-0.005510391656065039
-0.007393655815560507	-0.03190422184933306	0.04937567445697044	0.00041433421895553657	-0.01696405353633379	0.03576487200983802	0.0004386809406000669	-0.004262203664915365
-0.0062702866235258	-0.032153859447562994	0.06841054132200397	0.0002895154198403471	-0.037683974189420155	0.047934704923548344	1.8151436975699653e-06	-0.00020559269367859123
-0.015569287157591205	-0.06635421040506673	0.10092583849145553	3.987782161019027e-05	-0.06857662697037692	0.06927871957220888	0.0008755467375027859	-0.03715195723171183
-0.02592924748413461	-0.07209587516435567	0.14548614977550245	0.0010384282145303736	-0.061337136621708144	0.043503637554966446	0.0013748219339624335	-0.04251916559365587
-0.025180334689444805	-0.05274896130153417	0.07290401809014324	0.0002271060202827524	-0.03886975278101246	0.038698113789039645	0.00037627154104291627	-0.02822741309499066
0.0065860496853167305	-0.029033389469688586	0.01717242428530641	0.0002271060202827524	-0.023766678088100512	0.069653175969554	6.422454325560878e-05	0.0032269242819829014
-0.01276086417750455	-0.03546155762410996	0.04544388228484886	-0.0005218067744066079	-0.02058379871066851	0.023844676694357192	-0.0006846882514346397	-0.015495895585263542
-0.018190481939006187	-0.01467922757146689	0.031214539185741685	3.987782161019027e-05	-0.00011351565581230183	-0.00773447948173156	1.8151436975699653e-06	-0.024295620922869077
-0.004710051634588819	0.0011103505165779293	0.006188369963188389	-8.494097750455509e-05	-0.009724563187665458	0.01691723334347639	-0.00018541305497477012	0.016644945186842897
-0.002588132049634151	-0.017487650551553324	0.02216517624990555	0.0004767436185131313	-0.018025013328811346	0.03969666418195961	-6.059425585913658e-05	-0.002826787475093351
-0.005771011427065709	-0.01904788554049075	0.02335095484149763	-2.253157794696037e-05	-0.015965503143414272	-0.001618358325097713	-0.0008719164501072019	-0.015433486185706169
-0.001714400455829379	-0.0009491596688189219	0.015612189296369205	0.0009136094154151841	-0.021083073907128158	0.010364246389940046	0.0011875937352900934	-0.023359479929507154
0.00028270033001076555	-0.024352684502877198	0.040263902121577155	0.0010384282145303736	-0.01446767755403422	0.01810301193506847	0.0009379561370601586	-0.00363810966934075
0.0022173917162930934	-0.01024816020288477	0.015924236294156735	-2.253157794696037e-05	-0.020646208110225883	0.03039766364789398	-0.0001230036554171754	0.004225474674902863
-0.010576535192992509	-0.0211073957258876	0.032649955375563255	-8.494097750455509e-05	-0.014218039955804729	-0.018843352602964325	-6.059425585913658e-05	-0.027915366097203353
-0.005458964429278179	0.01446596202188033	-0.029072940786792456	0.0002271060202827524	0.03552225149151389	-0.010667721260933627	0.00018904334237057618	-0.004823888260933051
0.017008419411417508	0.01758643199975518	-0.03824712252174334	0.00035192481939838594	-0.007977100000055914	0.04412773155054106	-0.0001230036554171754	0.00722112585366208
-0.01276086417750455	-0.022230764917922752	0.05162241284104008	-0.0003345785757340458	-0.008726012794745497	0.008741602001445248	-0.00043505065320426084	-0.03265848046357256
-0.02530515348855955	0.0033570889006475646	0.028031659808309684	-0.00045939737484923526	-0.02563896007482458	0.019663246924005895	0.0013124125344048387	0.005598481465167726
0.011953258047260773	0.014216324423650839	-0.00011497939211757569	0.0009136094154151841	-0.009724563187665458	0.016168320548786808	0.0011875937352900934	0.014959891398790948
0.005150633495494716	-0.03071844325774098	-0.007229650941671162	-0.00039698797529164054	0.015426424834002583	-0.022650325975971386	-0.0006846882514346397	-0.010191096622877094
0.017195647610089848	0.01022212285197166	-0.005607006553176808	-0.00014735037706214982	-0.003046757435013925	-0.028704037733047638	-0.0006846882514346397	-0.004699069461817862
-0.006831971219542821	-0.007377327823240076	0.03165140498264374	0.0009760188149727789	0.005815377302148983	-0.029328131728622475	0.0016244595321923683	0.004038246476230523
0.0076470094777938424	0.02520037874576886	-0.010974214915121072	-2.253157794696037e-05	-0.0077274624018253135	-0.017969621009159553	-0.0001230036554171754	0.007782810449679767
0.002529438714080401	0.005541417885160049	-0.0037347245664522966	-0.0005842161739644247	-0.009786972587223053	-0.006236653892351951	-0.0011215540483366926	-0.006508942048985
-0.009328347201842613	-0.01018575080332762	-0.008353020133706313	0.0006015624176283207	0.00250767912560268	-0.0031785933140351386	0.00031386214148532154	0.01783072377843542
0.011204345252570747	0.015027646617898016	-0.04710925725890669	0.0002895154198403471	0.0031941825207346675	0.03707546940054485	-0.0001230036554171754	0.022261791147017318
0.0009067943255858246	-0.003195898052888335	-0.021084537643433876	-0.00020975977661974454	0.0027573167238321705	0.030335254248336385	-0.00018541305497477012	0.0002936825027808343
-0.012136770181929712	0.00011180012365841208	0.05368192302643715	0.00035192481939838594	-0.026949557465532292	0.03027284484877879	0.00012663394281275941	-0.014060479395441083
-0.018003253740333403	-0.03670974561525986	0.08432493820916398	0.0005391530180702819	-0.04267672615401907	0.04244267776248867	0.00106277493617557	-0.01998937235340259
-0.0029001790474212363	-0.026786651085619173	0.059485997185283246	0.000726381216742622	-0.04049239716950703	0.037637153996562756	0.0010003655366177533	-0.01749299637110302
0.0012188413233731321	-0.023853409306417328	0.04800266766670558	0.0006639718171859155	-0.04042998776994966	0.03857329498992468	0.0009379561370601586	-0.00769472064057708
0.006648459084874769	-0.03440059783163285	0.07602448806801765	0.0001646966207258238	-0.056531612855781344	0.05086794670274997	0.00012663394281275941	-0.04314325958923071
0.006461230886201985	-0.042326591575433614	0.14417555238479474	0.0001646966207258238	-0.07987272829028225	0.03008561665010645	0.0013124125344048387	-0.05855838127993018
0.023561406364953852	-0.034712644829419936	0.18168360151884544	0.0009760188149727789	-0.11151429386592882	0.0064948636173756125	0.0029974663224567877	-0.05287912592019883
0.023124540568051133	-0.04788102813605022	0.19897100519626942	0.0016001128105473938	-0.09379002439160211	0.013484716367814453	0.0019365065299801199	-0.07128989878965797
0.029427889923357986	-0.040142262590921574	0.12314358473392173	0.0009136094154151841	-0.050041035301802816	-0.033946427295876935	0.0011251843357329427	-0.04932179014542193
-0.02212227411112777	-0.012806945584741936	0.05836262799324876	0.0001646966207258238	-0.0027347104372266173	-0.022962372973758916	-6.059425585913658e-05	-0.0416454339998511
-0.020499629722633417	0.018834619990904855	-0.0029234023722051194	-0.0006466255735217974	0.0180476196154169	-0.020778043989246653	-0.001246372847451882	-0.007320264243232177
-0.009577984800072548	0.018772210591347482	-0.01983634965228398	-0.0007090349730793921	0.027783485946385467	-0.009793989667128411	-0.0015584198452391895	0.00578570966384051
-0.004710051634588819	0.0022961291081704527	-0.006231100548751867	-0.0007714443726369868	0.0033814107194074516	0.0025006620456964335	-0.0013087822470090327	-0.007195445444116988
0.0025918481136379956	-0.0010115690683760725	0.011617987724689582	-8.494097750455509e-05	-0.011347207576160256	0.0007531988580866678	-6.059425585913658e-05	-0.02098792274632255
0.0009692037251427532	-0.009624066207309934	0.03227549897821835	0.0002271060202827524	-0.01577827494474149	-0.0016807677246553077	0.00106277493617557	-0.015246257987033385
0.0047137676985922194	-0.008500697015274783	0.03452223736228799	0.0002895154198403471	-0.0035460326314737944	-0.00892025807332364	0.00037627154104291627	-0.010066277823761904
-0.005895830226181342	0.0007983035187908438	-0.00023979819123320922	-0.00020975977661974454	0.01118258566409347	-0.011915909252083523	-0.0005598694523194503	-0.0062593044507550655
-0.010576535192992509	0.005853464882947579	-0.005607006553176808	-0.0003345785757340458	0.009372713076926109	-0.005799788095449232	-0.0006846882514346397	-0.0020778746804035464
-0.002525722650076556	-0.002197347659968818	0.00032188640478492125	-0.0007090349730793921	-0.00017592505536945247	0.0008780176572020792	-0.0013087822470090327	-0.0014537806848282653
0.001655707120275185	-0.004007220247135512	0.008996792943275267	-8.494097750455509e-05	-0.010660704181027825	0.0010652458558739752	-0.00018541305497477012	-0.005884848053410163
0.0014060695220454722	-0.004256857845366113	0.013677497910086878	-8.494097750455509e-05	-0.014155630556246912	-0.0019304053228852425	-0.00024782245453192076	-0.007819539439692269
-0.004398004636801289	-0.0031334886533311845	0.012616538117609544	0.00035192481939838594	-0.0054183146181985276	-0.0034282309122644072	1.8151436975699653e-06	-0.006758579647215157
-0.005084508031933277	-0.0006995220705892091	0.005813913565843265	3.987782161019027e-05	0.003943095315424472	-0.002492089918902929	-0.0004974600527618556	-0.003887747267570685
-0.005895830226181342	-0.001573253664393981	-0.0004270263899055493	-0.00014735037706214982	0.00019853134197544975	-0.0008070361308507579	-0.0003726412536471102	-0.0026395592764205666
-0.0013399440584840328	-0.0023221664590835633	0.0012580273981463996	-2.253157794696037e-05	-0.004981448821296253	-0.0008694455304081306	1.8151436975699653e-06	-0.003950156667127835
-0.001527172257156817	-0.0030710792537731457	0.007311739155222874	-0.00020975977661974454	-0.007290596604923039	-0.0013063113273104054	-0.0001230036554171754	-0.005884848053410163
-0.0042731858376861	-0.002197347659968818	0.010244980934425163	-0.0003345785757340458	-0.004669401823508723	-0.002679318117575269	-0.00024782245453192076	-0.005260754057835548
-0.003149816645651393	-0.001573253664393981	0.006063551164073644	-0.0003345785757340458	-0.001548931845634316	-0.0034282309122644072	-0.00043505065320426084	-0.004761478861375457
-0.005271736230605617	-0.0009491596688189219	7.224880655454236e-05	-0.0005218067744066079	0.0007602159379929141	-0.0031785933140351386	-0.0003102318540895155	-0.0032636532719954037
-0.003649091842111263	-0.0002626562736867122	-0.003048221171319865	-0.0007090349730793921	-0.0005503814527141326	-0.003490640311822446	-0.00043505065320426084	-0.002389921678190632
-0.002775360248306047	-0.0022597570595264127	7.224880655454236e-05	-0.0005842161739644247	-0.00441976422527901	-0.000994264329522876	-0.0008095070505496071	-0.004387022464030554
-0.001277534658926438	-0.003695173249348427	0.0036919939808892632	-0.0005842161739644247	-0.004669401823508723	-0.0019304053228852425	-0.00043505065320426084	-0.004262203664915365
-0.0030874072460937985	-0.0021349382604112233	0.0029430811861987927	-0.00045939737484923526	-0.0028595292363413627	-0.00242968051934489	-0.0003102318540895155	-0.00363810966934075
-0.005022098632375682	-0.001323616066163602	0.00200694019283687	-0.0007714443726369868	-0.0016737506447495054	-0.0029289557158047597	-0.0005598694523194503	-0.0035132908702257826
-0.0026505414491913015	-0.0010739784679341113	0.0012580273981463996	-0.00045939737484923526	-0.0006127908522726155	-0.002242452320672328	-0.0003102318540895155	-0.0024523310777482266
-0.0034618636434384786	-0.0010739784679341113	0.0006963428021296014	-0.00039698797529164054	-0.0008000190509445115	-0.0011190831286380654	-0.00024782245453192076	-0.002202693479518736
-0.0014647628575992222	-0.0016980724635087263	0.0016948931950495627	-0.0005218067744066079	-0.002797119836784212	-0.0012439019277523666	-0.0004974600527618556	-0.003388472071110593
-0.002588132049634151	-0.0016980724635087263	0.0031927187844291716	-0.00045939737484923526	-0.003233985633686709	-0.0010566737290804706	-0.0003726412536471102	-0.0027019686759781614
-0.001527172257156817	-0.001760481863066321	0.0017573025946064913	-0.00039698797529164054	-0.0008624284505018842	-0.0015559489255403403	-0.0001230036554171754	-0.0018906464817309843
-0.0032746354447661385	-0.0007619314701468038	0.0011332085990320984	-0.0006466255735217974	-0.000924837850059923	-0.001992814722442837	-0.000622278851877045	-0.002951606274207874
-0.0022136756522888046	-0.0007619314701468038	0.004004040978676349	-0.0007090349730793921	-0.002360254039881493	0.00012910486251205278	-0.0004974600527618556	-0.003450881470667966
0.0009067943255858246	0.0003614377218883469	-0.0014879861823824392	-0.00027216917617733927	-0.0012368848478470085	-0.0021176335215575826	-0.00024782245453192076	-0.0007048678901386829
-0.004647642235031002	0.0007983035187908438	0.00025947700522643835	-0.0003345785757340458	-0.0014241130465193486	-0.00242968051934489	-0.0001230036554171754	-0.003201243872438253
-0.0029001790474212363	-0.003632763849790832	0.007124510956550534	-0.0005842161739644247	-0.002797119836784212	-0.000744626731292497	-0.0004974600527618556	-0.004074975466242581
-0.0012151252593692874	-0.0019477100617388832	0.0043160879764641	-0.0007090349730793921	-0.003920489028818919	-0.000994264329522876	-0.000622278851877045	-0.0005176396914663428
-0.0005286218642368556	-0.00020024687412911746	-0.004421227961584728	-8.494097750455509e-05	0.00019853134197544975	-0.0013063113273104054	-0.000622278851877045	-0.0037005190688983447
-0.0047724610341461915	-0.0002626562736867122	-0.004608456160257068	-0.0007714443726369868	-0.002547482238553833	-0.0008070361308507579	-0.00018541305497477012	-0.0006424584905810882
-0.001277534658926438	-0.0007619314701468038	0.0038792221795616033	-0.0006466255735217974	-0.0018609788434214014	0.0007531988580866678	-0.0005598694523194503	0.0002936825027808343
-0.0015895816567141896	-0.0022597570595264127	-0.0004270263899055493	-0.00027216917617733927	-0.0024850728389966825	-0.0023048617202299226	-0.00024782245453192076	-0.004699069461817862
-0.004210776438128505	-0.00032506567324408486	0.0032551281839865442	-0.0008962631717517322	-0.0017361600443071001	-0.0028041369166900143	-0.000622278851877045	-0.0020778746804035464
-0.001090306460254098	-0.0022597570595264127	0.003317537583544139	-0.0003345785757340458	0.0003233501410906392	0.0001915142620692034	-0.0001230036554171754	-0.0006424584905810882
-0.0027129508487493403	-0.0008243408697035104	-5.256999256086914e-05	-0.0005218067744066079	0.00013612194241807707	-0.001368720726867556	-0.00024782245453192076	-0.0022651028790754424
-0.0009654876611393526	-0.0020725288608540726	0.001382846197261589	-0.00045939737484923526	-0.0029219386358989574	-0.0006822173317355684	-0.0003102318540895155	-0.0017658276826157948
-0.0013399440584840328	-0.003008669854215551	0.002443805989738923	-0.00039698797529164054	-0.004482173624836605	-5.8123336160509353e-05	-0.0007470976509920124	-0.0012665524861559252
0.00028270033001076555	-0.0006995220705892091	-0.002361717776187655	-0.0008338537721941375	0.00044816894020494047	-0.001368720726867556	-0.0005598694523194503	-0.0018906464817309843
-0.004210776438128505	-0.0008243408697035104	-0.0007390733876928568	-0.00020975977661974454	-0.00011351565581230183	-0.0011190831286380654	-6.059425585913658e-05	-0.0016410088835010495
-0.0022760850518463993	-0.0005747032714740197	0.0003842958043420719	-0.0006466255735217974	-0.0017361600443071001	-0.0003701703339480389	-0.0003102318540895155	-0.0003304114927937807
-0.0007782594624665684	-0.0005747032714740197	-0.003173039970434832	-0.0005218067744066079	-0.0016737506447495054	-0.0014935395259827455	-0.00043505065320426084	-0.0013913712852706706
-0.0027129508487493403	-0.0008867502692615492	-0.0007390733876928568	-0.0006466255735217974	-0.00242266343943931	-0.0012439019277523666	-0.0004974600527618556	-0.0020154652808459517
-0.00027898426600692083	-0.003195898052888335	0.001632483795491968	-0.0007090349730793921	-0.0014241130465193486	0.0006283800589719224	-0.000622278851877045	-0.001079324287483363
-0.0016519910562717843	-0.0010115690683760725	0.00013465820611213708	-0.00027216917617733927	-0.00017592505536945247	-0.000557398532620379	0.00012663394281275941	-0.002327512278633481
-0.0007782594624665684	-0.001573253664393981	-0.00261135537441759	-0.0009586725713093269	-0.0016113412451919107	-0.0014311301264249288	-0.0003102318540895155	-0.000892096088811023
-0.0024009038509613667	-0.0015108442648359421	7.224880655454236e-05	-0.0005218067744066079	-0.0011744754482894137	-0.0001829421352756988	1.8151436975699653e-06	-0.001328961885713964
0.00022029093045339287	-0.0013860254657211968	0.0010707991994745036	-0.0007090349730793921	-0.0012992942474046032	-0.0008694455304081306	-0.0004974600527618556	-0.001328961885713964
-0.0020888568531740592	-0.0014484348652787915	0.0006339334025720067	-0.00014735037706214982	-0.0012368848478470085	-0.0011190831286380654	-0.00018541305497477012	-0.001516190084386304
-0.0028377696478636416	-0.000512293871916425	0.0009459804003593142	-0.0005842161739644247	-0.0013617036469617538	-0.0013063113273104054	-0.00043505065320426084	-0.0012665524861559252
-0.0011527158598116927	-0.0011987972670488567	0.00025947700522643835	-0.0007714443726369868	-0.000924837850059923	-0.00118149252819566	-0.000622278851877045	-0.0015785994839434547
-0.0019640380540588698	-0.001136387867491706	0.00032188640478492125	-0.00039698797529164054	-0.000924837850059923	-0.00024535153483284944	-0.0003102318540895155	-0.0014537806848282653
0.000407519129125955	-0.0014484348652787915	0.001195617998589693	-8.494097750455509e-05	-0.0012368848478470085	0.0001915142620692034	6.422454325560878e-05	-0.001953055881288357
-0.0018392192549441244	-0.0022597570595264127	-0.0005518451890202947	-0.0008338537721941375	-0.001985797642536591	-0.0004325797335051895	-0.0003726412536471102	-0.0018906464817309843
3.30627317806087e-05	-0.001323616066163602	-0.0010511203854803863	-0.0005842161739644247	-0.0012368848478470085	-0.000557398532620379	-0.0005598694523194503	-0.0010169148879266565
-0.0022760850518463993	-0.001323616066163602	-5.256999256086914e-05	-0.0003345785757340458	-0.0006127908522726155	-0.0003701703339480389	-0.00018541305497477012	-0.0010169148879266565
-0.0004662124646792609	-0.0009491596688189219	0.00032188640478492125	-0.0008962631717517322	-0.0011744754482894137	-0.0010566737290804706	-0.000622278851877045	-0.001516190084386304
-0.0009654876611393526	-0.0010115690683760725	0.0006963428021296014	-0.0008338537721941375	-0.001985797642536591	-0.0012439019277523666	-0.000622278851877045	-0.0018282370821733895
-0.0020264474536164645	-0.0003874750728012355	0.0011332085990320984	-0.00027216917617733927	-0.0013617036469617538	-0.0004949891330632283	-0.0001230036554171754	-0.0007672772896962776
-0.00034139366556451556	-0.0006371126710316144	0.0001970676056697318	-0.00039698797529164054	-0.000924837850059923	-0.0006822173317355684	-0.00018541305497477012	-0.000892096088811023
-0.002525722650076556	-0.0014484348652787915	-0.0004894357894626999	-0.0010210819708669217	-0.0011744754482894137	-0.0009318549299652812	-0.0007470976509920124	-0.001079324287483363
3.30627317806087e-05	-0.0010115690683760725	0.0006339334025720067	-0.0003345785757340458	-0.0013617036469617538	-0.0003701703339480389	-0.0001230036554171754	-0.0005800490910234934
-0.0014647628575992222	-0.001136387867491706	0.0003842958043420719	-0.00039698797529164054	-0.0014241130465193486	-0.0012439019277523666	-0.000622278851877045	-0.0016410088835010495
-0.0004662124646792609	-0.001136387867491706	-0.0008014827872504515	-0.0005218067744066079	-0.0008624284505018842	-0.0006198079321779737	-0.00024782245453192076	-0.001079324287483363
-0.0020264474536164645	-0.0005747032714740197	0.0015076649963767785	-0.00045939737484923526	-0.0013617036469617538	-0.0003701703339480389	-0.00043505065320426084	-0.0012665524861559252
-0.0016519910562717843	-0.0006995220705892091	0.0016948931950495627	-0.0003345785757340458	-0.0008624284505018842	-0.0004949891330632283	-6.059425585913658e-05	-0.001516190084386304
-0.0004662124646792609	-0.0010115690683760725	0.00032188640478492125	-0.0005842161739644247	-0.0016737506447495054	-0.000994264329522876	-0.0005598694523194503	-0.0016410088835010495
-0.0019640380540588698	-0.0004498844723588302	0.000571524003014412	-0.00027216917617733927	-0.000487972053156982	-0.00030776093439044416	6.422454325560878e-05	-0.0003304114927937807
-0.000653440663351601	-0.0008243408697035104	9.839406997169675e-06	-0.0007714443726369868	-0.0009872472496166296	-0.0011190831286380654	-0.000622278851877045	-0.0008296866892538723
-0.0018392192549441244	-0.0009491596688189219	0.0005091146034568172	-0.0005218067744066079	-0.0008624284505018842	-0.00030776093439044416	0.00012663394281275941	-0.0004552302919087481
0.000407519129125955	-0.000512293871916425	0.0004467052038992225	-2.253157794696037e-05	-0.0005503814527141326	-0.0004325797335051895	0.00012663394281275941	-0.0002680020932359639
-0.001527172257156817	0.00023661892277315744	-0.00023979819123320922	3.987782161019027e-05	-0.00036315325404223664	-0.0008694455304081306	-0.00018541305497477012	-0.0007048678901386829
-0.0005910312637940063	-0.00013783747457152273	0.0008835710008019415	-2.253157794696037e-05	-0.00017592505536945247	-0.0003701703339480389	-0.0001230036554171754	-0.00039282089235115336
0.00046992852868266155	-1.3018675456777373e-05	0.0021941683915096544	0.0007887906163002167	0.0005105783397625352	0.0005035612598562889	0.0006259091392728511	-8.077389456340178e-05
-0.0014647628575992222	-0.000512293871916425	0.0010707991994745036	0.0002271060202827524	-0.0005503814527141326	-0.0001829421352756988	6.422454325560878e-05	-0.0007672772896962776
0.0001578815308955761	-0.00020024687412911746	0.0003842958043420719	0.0004767436185131313	-0.0006752002518293221	-0.00024535153483284944	6.422454325560878e-05	-0.0007048678901386829
-0.0011527158598116927	0.00023661892277315744	0.0012580273981463996	0.0009136094154151841	0.00038575954064734574	0.0004411518602995823	0.0006259091392728511	-0.0003304114927937807
3.30627317806087e-05	-0.00020024687412911746	0.0006963428021296014	0.0005391530180702819	0.00019853134197544975	-0.0001829421352756988	-6.059425585913658e-05	-0.0001431832941209965
-0.0019640380540588698	-7.54280750143721e-05	0.0005091146034568172	0.0002271060202827524	0.00013612194241807707	0.00012910486251205278	0.00037627154104291627	-0.0001431832941209965
0.00028270033001076555	0.0001742095232160068	0.0011332085990320984	-2.253157794696037e-05	-0.000487972053156982	-0.0001829421352756988	-0.00018541305497477012	-0.00039282089235115336
-0.0015895816567141896	-0.000512293871916425	0.00032188640478492125	-0.00020975977661974454	-0.0008624284505018842	-0.0009318549299652812	-0.0004974600527618556	-0.0014537806848282653
-0.0015895816567141896	-0.0004498844723588302	0.0006963428021296014	3.987782161019027e-05	-0.00036315325404223664	-0.00012053273571810408	6.422454325560878e-05	-0.001079324287483363
0.0001578815308955761	-0.0003874750728012355	0.0008835710008019415	0.0001646966207258238	-0.0003007438544846419	-0.00012053273571810408	0.00012663394281275941	-0.0004552302919087481
-0.001714400455829379	-0.0004498844723588302	0.0005091146034568172	-0.00020975977661974454	-0.0005503814527141326	-0.00030776093439044416	-6.059425585913658e-05	-0.0004552302919087481
0.000594747327797851	-1.3018675456777373e-05	0.0008835710008019415	0.0002895154198403471	-0.00017592505536945247	0.0001915142620692034	0.00018904334237057618	-0.0007048678901386829
-0.0017768098553860856	-0.0002626562736867122	0.0001970676056697318	-8.494097750455509e-05	-0.00042556265359983136	-0.0006198079321779737	-0.00024782245453192076	-0.0009545054883681736
-0.00015416546689173138	-0.000512293871916425	9.839406997169675e-06	-2.253157794696037e-05	7.37125428602603e-05	0.00012910486251205278	0.00012663394281275941	-8.077389456340178e-05
-0.0014647628575992222	0.0001742095232160068	0.001008389799917131	-0.00020975977661974454	-0.0006752002518293221	-0.0004325797335051895	-0.00018541305497477012	-0.0007048678901386829
-0.00027898426600692083	-0.00032506567324408486	0.0001970676056697318	-0.0005842161739644247	-0.0011120660487322631	-0.0004949891330632283	-0.00043505065320426084	-0.0009545054883681736
0.0001578815308955761	0.00023661892277315744	0.000571524003014412	0.0001646966207258238	-0.0005503814527141326	-0.0003701703339480389	6.422454325560878e-05	-0.0005800490910234934
-0.001714400455829379	-0.000512293871916425	0.0006963428021296014	-0.00014735037706214982	-0.00011351565581230183	4.286063396863327e-06	1.8151436975699653e-06	-0.0004552302919087481
9.547213133798138e-05	-0.0004498844723588302	0.0003842958043420719	-0.00039698797529164054	-0.0006752002518293221	-0.000557398532620379	-0.0003102318540895155	-0.0005800490910234934
-0.0017768098553860856	-0.00013783747457152273	0.0006963428021296014	-0.0003345785757340458	-0.000487972053156982	-0.0003701703339480389	-6.059425585913658e-05	-0.0008296866892538723
9.547213133798138e-05	-0.0009491596688189219	0.00032188640478492125	-0.00020975977661974454	-0.000924837850059923	0.00012910486251205278	0.00031386214148532154	-8.077389456340178e-05
-0.0008406688620246072	-1.3018675456777373e-05	0.00032188640478492125	0.0001646966207258238	-0.0003007438544846419	-0.00024535153483284944	1.8151436975699653e-06	-0.0007048678901386829
0.000407519129125955	-0.00032506567324408486	7.224880655454236e-05	0.0009136094154151841	0.0007602159379929141	0.0010028364563168246	0.0006883185388304458	0.00060572950056903
-0.0007782594624665684	-7.54280750143721e-05	0.0015076649963767785	0.0014128846118750538	0.0005729877393201299	0.0005659706594147718	0.0007507279383880405	0.00010645430410849421
-0.0016519910562717843	-0.0004498844723588302	0.0006963428021296014	0.0001646966207258238	-0.0007376096513869168	-0.0003701703339480389	-0.0001230036554171754	-0.0007672772896962776
0.00028270033001076555	-0.000512293871916425	0.00013465820611213708	3.987782161019027e-05	-0.0006752002518293221	-0.0001829421352756988	-0.0001230036554171754	-0.0005176396914663428
-0.0014023534580416275	-0.00013783747457152273	-0.0001773887916751704	-8.494097750455509e-05	-0.000487972053156982	-0.00024535153483284944	-0.00024782245453192076	-8.077389456340178e-05
0.00046992852868266155	-0.00013783747457152273	0.0006339334025720067	0.00041433421895553657	0.0003233501410906392	0.0003787424607419876	0.00031386214148532154	-0.0001431832941209965
-0.0010278970606969473	-7.54280750143721e-05	0.0005091146034568172	0.00041433421895553657	0.0002609407415330445	0.00031633306118439286	6.422454325560878e-05	-0.00039282089235115336
0.0003451097295679162	-0.0002626562736867122	0.0005091146034568172	0.0002895154198403471	-0.000487972053156982	6.669546295445805e-05	1.8151436975699653e-06	-0.00039282089235115336
-0.0012151252593692874	-0.0004498844723588302	0.0003842958043420719	0.0006015624176283207	7.37125428602603e-05	0.0005659706594147718	0.00031386214148532154	-1.8364495006695236e-05
0.0007819755264701911	-0.00013783747457152273	9.839406997169675e-06	-0.00014735037706214982	-0.00036315325404223664	-0.0003701703339480389	-0.00018541305497477012	-0.0006424584905810882
0.0003451097295679162	-0.000512293871916425	0.0006963428021296014	0.00010228722116822908	-0.00011351565581230183	-0.00012053273571810408	1.8151436975699653e-06	-0.0005176396914663428
-0.0013399440584840328	-0.00020024687412911746	0.0007587522016867521	3.987782161019027e-05	-0.0005503814527141326	6.669546295445805e-05	-6.059425585913658e-05	-0.00020559269367859123
0.00022029093045339287	0.00011180012365841208	0.0006963428021296014	0.00010228722116822908	-0.000487972053156982	-0.0004325797335051895	-6.059425585913658e-05	-0.0004552302919087481
-0.0013399440584840328	-0.0004498844723588302	0.0001970676056697318	-8.494097750455509e-05	-0.0003007438544846419	-5.8123336160509353e-05	-6.059425585913658e-05	-0.0002680020932359639
0.00046992852868266155	-0.00020024687412911746	-5.256999256086914e-05	3.987782161019027e-05	-0.0002383344549270472	-0.00012053273571810408	0.00012663394281275941	0.00010645430410849421
-0.0010278970606969473	-0.0002626562736867122	0.00013465820611213708	-2.253157794696037e-05	-0.0005503814527141326	-0.00012053273571810408	-0.00024782245453192076	-0.0005800490910234934
