Sensor_1	Sensor_2	Sensor_3	Sensor_4	Sensor_5	Sensor_6	Sensor_7	Sensor_8
0.00017137309071491025	-4.402671091807697e-05	0.00047798422980060984	3.444998855739456e-06	-0.00012916561379405778	0.0004215817349511042	8.775385671744296e-05	-0.00030585910582114906
0.000857876485847342	0.0004552484855420147	0.0007276218280309887	0.0005027201953158311	0.0005573377813379299	0.0007960381322953403	0.0005246196536199399	0.0005678724879838448
-0.0005151303044172995	-0.0002936643091475677	-2.129096665925978e-05	-0.0003710113984889407	-0.00050362201113896	-1.5284061951836847e-05	-0.0002867025406276813	-0.0005554967040510839
0.0002961918898300997	8.079208819711248e-05	0.0001659372320135244	6.585439841333418e-05	5.806258487783822e-05	0.00010953473716313056	2.5344457160292322e-05	0.00031823488975413206
-0.0007023585030894175	-0.0002936643091475677	-0.00014610976577400514	-0.0003710113984889407	-0.00050362201113896	-0.00020251226062417693	-0.0002242931410691984	-0.0005554967040510839
0.0007330576867321525	0.0004552484855420147	0.0005403936293582046	0.0005651295948729818	0.00043251898222274043	0.0004839911345082548	0.0008366666514074694	0.0006926912870990343
0.0002961918898300997	0.00020561088731207988	0.0004155748302430151	6.585439841333418e-05	-4.346814678868327e-06	4.712533760575788e-05	0.0005246196536199399	-0.00011863090714858693
0.00042101068894528915	0.0001432014877547072	-0.00014610976577400514	0.00012826379797048482	5.806258487783822e-05	0.00010953473716313056	0.0005246196536199399	0.0003806442893112827
4.655429160016489e-05	0.00020561088731207988	-0.00020851916533159986	6.585439841333418e-05	5.806258487783822e-05	0.0009208569314105297	0.0003373914549475998	-0.0002434497062633323
0.00017137309071491025	0.00020561088731207988	-0.0005205661631189074	0.0005651295948729818	0.0002452907835501783	0.001732179125658151	0.0003373914549475998	0.0005054630884264721
-0.0007023585030894175	-0.00023125490958997297	-0.0013942977569241233	-0.0006206489967195417	-0.00012916561379405778	0.0013577227283130266	-0.000973205935759669	-0.0004306779049363385
-0.0038228284809638247	-0.0002936643091475677	-0.002892123346303732	-0.0005582395971615028	-0.0008156690089264895	0.0015449509269858108	-0.002658259723812062	0.0005054630884264721
-0.009564493240253436	-0.0014170335011822743	-0.004951633531700583	-0.0019312463874265884	-0.0029999979934389742	-0.00045214985885366765	-0.005778729701686025	-0.0004306779049363385
-0.008378714648660912	-0.001292214702067529	-0.004389948935683341	-0.002617749782558576	-0.002625541596093628	-0.0017003378500037858	-0.006278004898146561	0.00013100669108134788
-0.009439674441138246	-0.0015418523002976858	-0.004015492538338439	-0.0025553403830009813	-0.003249635591668465	-0.0007641968566414192	-0.006902098893721176	-0.0005554967040510839
-0.008628352246890625	-0.0011673959029527836	-0.003141760944533223	-0.0018688369878689937	-0.0028751791943237848	0.00023435353627832	-0.0063404142977041555	0.0004430536888688774
-0.007879439452201487	-0.0015418523002976858	-0.002892123346303732	-0.002680159182116615	-0.0029375885938813795	0.00023435353627832	-0.006527642496376496	-0.0006803155031653851
-0.0061943856641486494	-0.0009801677042804435	-0.003328989143206007	-0.001993655786984183	-0.0018142194018464508	0.0030427765163654197	-0.005841139101244064	0.0001934160906389426
-0.005695110467689002	-0.0010425771038380383	-0.004140311337453406	-0.0017440181887542483	-0.0016269912031741107	0.006662521690699474	-0.005778729701686025	-0.0005554967040510839
-0.004010056679636609	-0.00041848310826275714	-0.004577177134356125	-0.00030860199893223417	-0.0002539844129092472	0.010719132661936248	-0.004717769909209357	0.0003806442893112827
-0.003323553284504177	-0.0005433019073775025	-0.005638136926832793	-0.0008078771953918817	0.00012047198443543294	0.012778642847333765	-0.005217045105668783	-0.0005554967040510839
-0.001888137094682163	-4.402671091807697e-05	-0.006699096719310571	-0.0003710113984889407	0.0006821565804531193	0.015462247028305454	-0.005029816906996443	0.0003806442893112827
-0.0025746404898141506	-0.00016884551003326642	-0.007947284710460023	3.444998855739456e-06	-4.346814678868327e-06	0.018021032410162174	-0.005404273304341345	-0.0004306779049363385
-0.0005151303044172995	8.079208819711248e-05	-0.008134512909132585	0.0007523577935453218	0.0004949283817810013	0.019269220401312293	-0.004405722911421162	0.0004430536888688774
0.003416661867704507	0.0005800672846572041	-0.005513318127718048	0.0016260893873505378	0.0011190223773553942	0.019643676798657417	-0.0019093469291220355	-0.00011863090714858693
0.007785319836729032	0.0013289800793467865	-0.0021432105516137057	0.003061505577172108	0.0019303445716025713	0.019955723796444724	0.0014607606469827505	0.0006926912870990343
0.007972548035401372	0.0009545236820021064	4.1118432898334945e-05	0.0024374115815972708	0.0014934787747007405	0.01783380421149028	0.00302099563591951	-0.0004306779049363385
0.010219286419470563	0.001453798878461976	0.0029119508125430293	0.0024998209811548655	0.0028040761654077873	0.015961522224765545	0.004830868223086648	0.0005678724879838448
0.00828459503318868	0.0013289800793467865	0.005158689196612221	0.0031863243762877413	0.002679257366292598	0.014962971831845806	0.00533014341954674	-0.00030585910582114906
0.008222185633631085	0.0015786176775767213	0.006219648989089999	0.0021253645838101853	0.0036153983596551864	0.011093589059281372	0.0050180964217592106	0.0005054630884264721
0.005413762653544207	0.0011417518806740024	0.00509627979705507	0.0010644047913326293	0.0029288949645227547	0.006912159288929853	0.003457861432822229	-0.00018104030670573756
0.005663400251773698	0.0010793424811168517	0.004472185801479789	0.0018757269855802505	0.0024920291676202577	0.004415783306630283	0.0042067742275120334	0.0005678724879838448
0.003167024269474572	0.0004552484855420147	0.003848091805905174	0.001126814190890446	0.0005573377813379299	-0.0011386532539860994	0.004019546028839471	-0.0004306779049363385
0.002979796070801788	0.0005176578850996094	0.003972910605019919	0.0011892235904478188	-0.0004412126115820314	-0.008752600000000221	0.0050180964217592106	0.0005678724879838448
0.0045400310597389915	0.0001432014877547072	0.00278713201342784	-0.0003710113984889407	-0.0014397630045017706	-0.014057398962386225	0.0050180964217592106	-0.00030585910582114906
0.0041031652628364945	0.0002680202868696746	0.000665212428473172	0.0006275389944305765	-0.0008780784084845283	-0.011561022980086877	0.0051429152208744	0.0003806442893112827
0.00023378249027250497	-4.402671091807697e-05	-0.0005205661631189074	0.001126814190890446	-0.0005660314106965547	-0.007379593209735358	0.0037699084306095365	-0.0005554967040510839
-0.0010768149004345418	0.00020561088731207988	-2.129096665925978e-05	0.001126814190890446	0.0002452907835501783	-0.008877418799114967	0.0028961768368047647	0.0003806442893112827
0.0005458294880602566	-4.402671091807697e-05	-0.0009574319600214043	-0.0029297967803465497	0.0006821565804531193	-0.013121257969024525	0.001585579446097496	-0.0003682685053787438
-0.000639949103532711	0.00020561088731207988	-0.0013942977569241233	-0.0013071523918517514	0.0003077001831082171	-0.008066096604867345	0.0027713580376895752	0.00031823488975413206
-0.004322103677424138	-0.00023125490958997297	-0.000395747364004162	0.0001906731975278575	-0.001127716006714019	-0.009813559792477333	0.0035826802319371964	-0.0006803155031653851
0.00023378249027250497	-4.402671091807697e-05	0.0026623132143126504	-0.00224329338521434	0.0002452907835501783	-0.02173375510795772	0.004269183627069628	0.00025582549019653733
-0.00045272090485970473	-0.00010643611047522761	0.005221098596169815	-0.0006830583962771364	-0.0005660314106965547	-0.02672650707255686	0.004955687022201838	-0.0004306779049363385
0.0014195610818650284	-0.00016884551003326642	0.006094830189974809	-0.0014319711909667188	-0.00050362201113896	-0.02903565485618409	0.005704599816891642	0.00013100669108134788
-0.000827177302205051	-0.0003560737087051624	0.007530246379796601	0.0009395859922176619	-0.0013149442053865812	-0.027849876264591344	0.005954237415121133	-0.0006179061036086786
0.0003586012893874724	0.0001432014877547072	0.008341568574044222	0.0008771765926600672	0.0002452907835501783	-0.029846977050431045	0.006016646814679172	0.0005054630884264721
0.003603890066377069	-0.00010643611047522761	0.007030971183337176	-0.004614850568398721	0.0002452907835501783	-0.029347701853971397	0.004768458823529054	-0.0004930873044934891
-0.0031987344853894317	8.079208819711248e-05	0.0054083267948425995	0.002999096177614957	-0.002375903997863693	-0.014119808361944264	0.005080505821316361	0.0003806442893112827
0.0002961918898300997	-0.00016884551003326642	0.002724722613870245	-0.0021184745860991505	-0.0001915750133516525	-0.016241727946898488	0.0023344922407875224	-0.0003682685053787438
0.003978346463721749	8.079208819711248e-05	-0.001643935355153392	-0.002617749782558576	0.0016182975738154859	-0.011623432379644472	-0.00016188374151249185	0.0003806442893112827
-0.002512231090257	-0.0002936643091475677	-0.0057629557259482045	0.0014388611886777536	-0.0012525348058294306	0.0029179577172502302	-0.0021589845273519703	-0.0005554967040510839
-0.008316305249103317	-0.0007305301060500646	-0.007572828313115343	0.0004403107957577923	-0.002563132196536033	0.008659622476538953	-0.004343313511864455	0.00025582549019653733
-0.009564493240253436	-0.0013546241016251237	-0.008571378706035304	-0.003054615579461073	-0.0028751791943237848	0.0018569979247731183	-0.008087877485313255	-0.0003682685053787438
-0.0042596942778660996	-0.0014170335011822743	-0.009133063302052102	-0.005613400961318682	-0.00281276979476619	-0.0005769686579688571	-0.009211246677348406	0.0001934160906389426
-0.010687862432287698	-0.0016042616998552806	-0.008945835103380206	-0.00224329338521434	-0.004060957785916086	0.010719132661936248	-0.008212696284428445	-0.0005554967040510839
-0.011811231624322183	-0.0012298053025099343	-0.0070111437170976565	3.444998855739456e-06	-0.0021262663996342024	0.011655273655299059	-0.007338964690623673	0.0003806442893112827
-0.0070057078583958265	-0.0012298053025099343	-0.001893572953383993	-0.0024929309834442748	-0.0008780784084845283	0.0005464005340662936	-0.007338964690623673	-0.0003682685053787438
-0.009127627443350272	-0.0008553489051652541	0.003598454207675017	-0.001619199389639503	-0.001564581803616516	-0.003385391638056179	-0.00571632030212843	0.0003806442893112827
-0.005882338666361342	-0.0007929395056076594	0.006282058388647149	-0.004614850568398721	-0.0018766288014038235	-0.007629230807965071	-0.0038440383154043634	-0.0004306779049363385
-0.0017633182955669735	-0.0005433019073775025	0.006594105386435123	-0.002056065186541556	-0.0009404878080421231	-0.009626331593804993	-0.0016597093308925448	0.0001934160906389426
-0.0015760900968941893	-0.0006057113069350972	0.006406877187762339	-0.00024619259937463944	-0.00012916561379405778	-0.012497163973449466	-0.0004739307393000214	-0.0004930873044934891
-0.0024498216906994053	-4.402671091807697e-05	0.005470736194399972	-0.0004958301976043522	-0.0007532596093693389	-0.017739553536278097	0.0012111230487523716	0.0003806442893112827
-0.0007647679026470122	-4.402671091807697e-05	0.0024750850156398663	-0.0011199241931794113	-0.0015021724040589213	-0.02123447991149785	0.002584129839017235	-0.0002434497062633323
0.0040407558632789	0.0002680202868696746	-0.000395747364004162	-5.896440070185527e-05	-6.675621423646305e-05	-0.0192997885252153	0.004581230624856714	0.0005678724879838448
0.0036662994659346637	0.0005176578850996094	-0.00014610976577400514	0.0022501833829249307	0.001368659975585551	-0.014057398962386225	0.006328693812466701	-0.00030585910582114906
0.005101715655756678	0.0010793424811168517	0.0014765346227207932	0.0028742773784997677	0.002616847966735003	-0.012122707576104563	0.00788892880140346	0.00031823488975413206
0.007722910437170993	0.0009545236820021064	0.002163038017852781	-0.00024619259937463944	0.0025544385671778524	-0.010375244388494576	0.00801374760051865	-0.0004306779049363385
0.007598091638056248	0.0012665706797896359	0.004472185801479789	0.0029366867780573624	0.0021799821698331723	-0.002886116441596087	0.009761210788128416	0.0003806442893112827
0.008846279629206144	0.0013289800793467865	0.008403977973601817	0.002999096177614957	0.0029913043640803494	-0.004446351430533291	0.010198076585030691	-0.00030585910582114906
0.010905789814602995	0.0013289800793467865	0.00977698476386668	0.001750908186465061	0.00324094196230984	-0.007629230807965071	0.008949888593881239	0.0004430536888688774
0.009782420622568289	0.0006424766842147989	0.0064692865873199334	6.585439841333418e-05	0.001368659975585551	-0.0035102104371713683	0.005954237415121133	-0.0004306779049363385
0.010219286419470563	0.0007672954833295442	0.002163038017852781	0.003872827771419729	0.0027416667658499705	0.015025381231402957	0.0033954520332644123	0.00025582549019653733
-0.0009519961013197964	0.00020561088731207988	0.0003531654306858645	0.0012516329900054135	0.0006197471808955246	0.022514509178302333	0.00302099563591951	-0.0005554967040510839
-0.005507882269016662	0.00020561088731207988	-0.001207069558251339	-0.003678709575036354	-0.006619743167773251	0.016211159822995036	0.0037074990310514977	0.0003806442893112827
0.0010451046845201262	-4.402671091807697e-05	0.000665212428473172	-0.006362313756008264	-0.004497823582818139	0.0007336287327381896	0.0023344922407875224	-0.0004930873044934891
0.006661950644693881	0.0002680202868696746	-0.001456707156481274	-5.896440070185527e-05	0.001181431776912989	-0.004009485633630572	0.002209673441672333	0.00031823488975413206
0.0004834200885026618	-0.0002936643091475677	-0.0019559823529413656	0.004309693568322448	0.002055163370717983	-0.0034478010376133295	0.0008990760509650642	-0.0006179061036086786
-0.00020308330662976992	-4.402671091807697e-05	-0.0008326131609064369	0.003935237170977324	0.0031161231631950947	-0.006693089814602926	0.0010238948500795875	6.859729152375316e-05
0.001669198680094519	-0.0002936643091475677	0.0014141252231631984	-0.001806427588311843	0.0003077001831082171	-0.010874519584954667	0.0006494384527346853	-0.0006179061036086786
-0.00039031150530211	0.00020561088731207988	0.004284957602807449	-0.00243052158388668	-0.00050362201113896	-0.00457117022964848	0.0014607606469827505	0.00031823488975413206
-0.002075365293354281	-0.0003560737087051624	0.00528350799572741	-0.0009326959945066271	-0.0006284408102541494	-0.002886116441596087	-3.70649423973024e-05	-0.0006803155031653851
0.0024181114747849897	1.8382688639295708e-05	0.005345917395284783	-0.0009326959945066271	0.002429619768062663	-0.006381042816815841	-0.0008483871366444795	0.00025582549019653733
0.0009202858854049367	-0.00010643611047522761	0.004846642198824691	0.0006275389944305765	0.0011190223773553942	-0.006817908613717671	-0.0012228435339891597	-0.0004306779049363385
-0.0007647679026470122	8.079208819711248e-05	0.0037232730067902065	0.0012516329900054135	0.0006821565804531193	-0.0030109352407110546	-0.0006611589379723615	0.0003806442893112827
-0.0007647679026470122	-0.00048089250782035187	0.001913400419623068	6.585439841333418e-05	-0.0008156690089264895	-0.0003273310597389223	-0.001410071732662166	-0.0006179061036086786
0.001294742282750283	-0.00023125490958997297	-2.129096665925978e-05	-0.0011199241931794113	-0.0002539844129092472	0.003354823514152727	-0.0015348905317769113	0.00013100669108134788
-0.0009519961013197964	-0.00016884551003326642	-0.001207069558251339	-0.0021184745860991505	-0.0018142194018464508	0.007411434485389945	-0.0011604341344324531	-0.0005554967040510839
-0.002262593492026621	-0.0002936643091475677	-0.002704895147631392	-0.001369561791409124	-0.0023134945983060984	0.008659622476538953	-0.0002867025406276813	6.187891966602521e-06
-0.000827177302205051	-0.00023125490958997297	-0.002455257549400791	-0.0005582395971615028	-0.0005660314106965547	0.0036668705119402567	8.775385671744296e-05	-0.0004930873044934891
0.0009202858854049367	0.00020561088731207988	-0.0008950225604640316	0.0008147671931029166	0.0014310693751427017	-0.0024492506446938123	0.0008366666514074694	0.0005054630884264721
-0.001888137094682163	-0.0003560737087051624	-0.0009574319600214043	0.0001906731975278575	0.00012047198443543294	-0.006693089814602926	0.00046221025406278926	-0.0004930873044934891
-0.00519583527122891	-0.0007929395056076594	-0.0032041703440908176	-0.0014319711909667188	-0.0013773536049437318	-0.009314284596017464	-0.00034911194018483194	0.00031823488975413206
-0.007879439452201487	-0.0014170335011822743	-0.004826814732585616	-0.002680159182116615	-0.0028751791943237848	-0.009751150392920183	-0.001784528130006846	-0.0004930873044934891
-0.008753171046005814	-0.0014170335011822743	-0.005388499328603302	-0.0029922061799041444	-0.003499273189898622	-0.008190915403982535	-0.0016597093308925448	0.0001934160906389426
-0.010250996635385423	-0.0016666710994124312	-0.00570054632639061	-0.004053165972381034	-0.004497823582818139	-0.007816459006637855	-0.0021589845273519703	-0.0004930873044934891
-0.007629801853971108	-0.001292214702067529	-0.005388499328603302	-0.003054615579461073	-0.003499273189898622	-0.007566821408407698	-0.00159729993133495	0.00031823488975413206
-0.006943298458838232	-0.0014794429007403131	-0.0057629557259482045	-0.002680159182116615	-0.0029999979934389742	-0.00812850600442494	-0.001784528130006846	-0.0006179061036086786
-0.005819929266803747	-0.0010425771038380383	-0.004577177134356125	-0.0012447429922941566	-0.0015021724040589213	-0.006755499214160521	-0.0010980247348748584	0.00025582549019653733
-0.005819929266803747	-0.0011049865033951889	-0.0036410361409928704	-0.001369561791409124	-0.0015021724040589213	-0.00438394203097614	-0.0009107965362020742	-0.0006803155031653851
-0.003323553284504177	-0.00023125490958997297	-0.0012694789578089338	-0.0004958301976043522	-0.0006284408102541494	-0.001013834454871354	0.0010863042496376263	0.0005054630884264721
-0.0030739156862742423	-0.0006057113069350972	0.0001659372320135244	-0.002056065186541556	-0.0011901254062713917	-0.0011386532539860994	0.0006494384527346853	-0.0006179061036086786
-0.001451271297779888	-4.402671091807697e-05	0.0024126756160831597	-0.0013071523918517514	-0.0003163938124666199	-0.001450700251773851	0.0007742572518503188	0.0003806442893112827
-0.0030115062867170916	-0.000668120706493136	0.0030367696116579967	-0.0014943805905243135	-0.0010028972075988296	-0.0035102104371713683	-0.0004739307393000214	-0.0006803155031653851
0.0003586012893874724	1.8382688639295708e-05	0.005470736194399972	-0.00024619259937463944	0.0005573377813379299	-0.005694539421682965	0.00039980085450519454	0.00025582549019653733
0.004727259258411776	0.00020561088731207988	0.008279159174487072	0.0006899483939877271	0.0016807069733730806	-0.006568271015487737	0.001523170046539457	-0.0004930873044934891
0.008222185633631085	0.0008921142824445116	0.010026622362096393	0.0019381363851378453	0.002679257366292598	-0.004820807827878193	0.0030834050354766607	0.00013100669108134788
0.007223635240710902	0.0005800672846572041	0.009215300167848772	0.0010019953917752566	0.0017431163729302313	-0.0021996130464640995	0.0029585862363623594	-0.0006803155031653851
0.00872146083009051	0.0011417518806740024	0.009340118966963962	0.0016884987869076884	0.0023048009689479176	0.0024186825207901386	0.004269183627069628	0.00025582549019653733
0.009095917227436301	0.001016933081559257	0.008154340375371882	0.0010019953917752566	0.001992753971160166	0.0043533739070726885	0.0042067742275120334	-0.0004930873044934891
0.008097366834516118	0.0011417518806740024	0.006594105386435123	0.0012516329900054135	0.002429619768062663	0.005851199496452297	0.0037699084306095365	0.0003806442893112827
0.0040407558632789	0.0004552484855420147	0.004846642198824691	0.0011892235904478188	0.0011190223773553942	0.005851199496452297	0.0018976264438848034	-0.0005554967040510839
0.0060378566491186	0.0008297048828869169	0.004784232799267096	0.0022501833829249307	0.0024920291676202577	0.005289514900435055	0.002147264042114738	0.00031823488975413206
0.0035414806668194743	0.0002680202868696746	0.0037232730067902065	0.0011892235904478188	0.0016182975738154859	0.0032300047150377598	0.00021257265583241036	-0.0003682685053787438
0.00210606447699746	0.0002680202868696746	0.004222548203250298	0.0013140423895630082	0.0010566129777977995	0.0036668705119402567	-0.00016188374151249185	0.0003806442893112827
0.0004834200885026618	-0.0002936643091475677	0.005158689196612221	0.0002530825970854522	-0.0001915750133516525	0.003978917509727342	-0.0005987495384147667	-0.0006179061036086786
0.0018564268787670812	-0.00010643611047522761	0.006219648989089999	-0.0003710113984889407	-0.0001915750133516525	0.002980367116807825	-0.00034911194018483194	6.859729152375316e-05
0.001669198680094519	-0.00023125490958997297	0.006718924185549424	-0.0010575147936213725	-0.0005660314106965547	0.0026683201190202954	-0.00041152133974198257	-0.0005554967040510839
0.0015443798809802178	0.0001432014877547072	0.006968561783779581	-0.0003710113984889407	-0.00012916561379405778	0.002980367116807825	8.775385671744296e-05	0.00025582549019653733
0.00010896369115775961	-0.00010643611047522761	0.006219648989089999	-0.00030860199893223417	-0.00037880321202421463	0.004228555107957943	-0.0002867025406276813	-0.0004306779049363385
0.0024805208743421403	-0.00016884551003326642	0.00490905159838273	-0.0004958301976043522	0.00037010958266536775	0.0016073603265429615	8.775385671744296e-05	0.0001934160906389426
-0.0007023585030894175	-0.0007305301060500646	0.0037232730067902065	-0.0010575147936213725	-0.0006908502098117442	0.004415783306630283	-0.0010356153353172637	-0.0009923625009533588
-7.826450751502456e-05	-0.0002936643091475677	0.0037232730067902065	-0.000745467795834287	-0.0002539844129092472	0.004041326909284937	-3.70649423973024e-05	-5.6221507590992204e-05
-0.0009519961013197964	-0.0007929395056076594	0.003161588410772742	-0.0004958301976043522	-0.0004412126115820314	0.00503987730220512	-0.0002242931410691984	-0.0010547719005107314
0.00010896369115775961	-0.00041848310826275714	0.0030991790112155915	3.444998855739456e-06	0.0005573377813379299	0.00535192429999265	-0.0002242931410691984	-0.00011863090714858693
-0.0005775397039746721	-0.0003560737087051624	0.004846642198824691	-0.00024619259937463944	0.00043251898222274043	0.00572638069733733	-0.00034911194018483194	-0.0006803155031653851
-0.0008895867017622017	-0.0003560737087051624	0.005907601991302691	0.0001906731975278575	-4.346814678868327e-06	0.0072866156862745335	-0.0004739307393000214	-5.6221507590992204e-05
4.655429160016489e-05	-0.00023125490958997297	0.007779883978027202	-0.0006830583962771364	-4.346814678868327e-06	0.007349025085831906	-0.0008483871366444795	-0.0006179061036086786
0.0007330576867321525	-0.00023125490958997297	0.008528796772716785	-0.0009951053940642218	5.806258487783822e-05	0.008597213076982246	-0.0012852529335467544	0.00013100669108134788
-0.000827177302205051	-0.000668120706493136	0.00846638737315919	-0.001182333592736562	-0.0010028972075988296	0.009720582269016731	-0.0019717563286796302	-0.000929953101395764
0.0009202858854049367	-0.0003560737087051624	0.0077174745784696075	-0.0012447429922941566	-0.00037880321202421463	0.009845401068131476	-0.0017221187304492513	-0.00011863090714858693
-0.0015760900968941893	-0.0008553489051652541	0.00509627979705507	-0.0015567899900814641	-0.0013149442053865812	0.009408535271229423	-0.0027830785229268074	-0.0008675437018381693
-0.006069566865033904	-0.0014170335011822743	0.0006028030289157993	-0.0027425685816737655	-0.002375903997863693	0.008222756679637122	-0.004967407507438848	-5.6221507590992204e-05
-0.008877989845121004	-0.0015418523002976858	-0.001456707156481274	-0.0029922061799041444	-0.0029375885938813795	0.007973119081406965	-0.0059035485008012145	-0.0006179061036086786
-0.00850353344777588	-0.0014170335011822743	-0.0026424857480733532	-0.00224329338521434	-0.0022510851987489477	0.008222756679637122	-0.00571632030212843	6.859729152375316e-05
-0.00968931203936818	-0.0018538992980852154	-0.0036410361409928704	-0.002680159182116615	-0.002625541596093628	0.007036978088044599	-0.006777280094605986	-0.0008051343022805746
-0.008753171046005814	-0.001916308697641922	-0.0025800763485162026	-0.0021808839856567452	-0.0021262663996342024	0.006662521690699474	-0.0063404142977041555	-0.00018104030670573756
-0.008877989845121004	-0.0017914898985276206	-0.0007702037613488422	-0.002056065186541556	-0.0023134945983060984	0.007411434485389945	-0.006215595498588522	-0.0008675437018381693
-0.006256795063706244	-0.0011049865033951889	0.0017885816205078786	-0.001806427588311843	-0.0013149442053865812	0.006600112291142324	-0.004904998107881253	0.00025582549019653733
-0.004821378873883786	-0.0011673959029527836	0.004035320004577514	-0.0021184745860991505	-0.0014397630045017706	0.00572638069733733	-0.00428090411230686	-0.0008051343022805746
-0.0017633182955669735	-0.0006057113069350972	0.006094830189974809	-0.001182333592736562	-0.00037880321202421463	0.0049774679026475255	-0.0027830785229268074	0.00013100669108134788
-0.0012640430991071039	-0.0005433019073775025	0.006906152384221986	-0.0011199241931794113	-0.0001915750133516525	0.003167595315479943	-0.002471031525139722	-0.0005554967040510839
-1.5855107957429837e-05	-0.00023125490958997297	0.006157239589532404	-0.00030860199893223417	0.00043251898222274043	0.0024810919203475112	-0.0017221187304492513	0.00031823488975413206
-0.000827177302205051	-0.00041848310826275714	0.004472185801479789	-0.0006206489967195417	0.00018288138399302767	0.002605910719463145	-0.00159729993133495	-0.0004930873044934891
0.0007954670862897473	0.0001432014877547072	0.003910501205462991	0.00012826379797048482	0.000994203578241093	0.003978917509727342	-9.947434195489713e-05	0.0004430536888688774
0.0038535276646065597	0.00039283908598441997	0.0049714609979398805	0.0008147671931029166	0.001805525772487826	0.00503987730220512	0.0020224452429995488	-0.0004930873044934891
0.007036407042038562	0.0009545236820021064	0.006157239589532404	0.0018133175860228778	0.0029288949645227547	0.004665420904859774	0.004081955428396844	0.00031823488975413206
0.006599541245136509	0.0005176578850996094	0.006406877187762339	0.0013764517891201589	0.002429619768062663	0.0016073603265429615	0.003894727229724282	-0.0006803155031653851
0.008783870229648105	0.0010793424811168517	0.007967112176699098	0.0024374115815972708	0.0035529889600973696	-0.0001401028610665822	0.0050180964217592106	0.00013100669108134788
0.008534232631418615	0.0007672954833295442	0.00896566256961906	0.0024998209811548655	0.00324094196230984	-0.0017003378500037858	0.004643640024414308	-0.0006803155031653851
0.007972548035401372	0.0008297048828869169	0.009090481368734249	0.0022501833829249307	0.003053713763637944	-0.0028237070420384924	0.0042067742275120334	0.0001934160906389426
0.005913037850003855	0.00020561088731207988	0.008216749774929477	0.0008771765926600672	0.0015558881742578912	-0.0036350292362856695	0.0029585862363623594	-0.0008051343022805746
0.0062250848477913845	0.0006424766842147989	0.008279159174487072	0.0010019953917752566	0.0013062505760279564	-0.001450700251773851	0.0037074990310514977	0.00013100669108134788
0.0013571516823074337	-4.402671091807697e-05	0.004409776401922638	-0.0009951053940642218	-0.0008780784084845283	-0.001637928450445747	0.002147264042114738	-0.0005554967040510839
0.0009826952849620874	8.079208819711248e-05	0.0010396688258182962	-0.0010575147936213725	-0.001127716006714019	-0.0001401028610665822	0.0027089486381319805	0.00025582549019653733
-0.00032790210574540346	-0.00010643611047522761	-0.0011446601586941885	-0.0010575147936213725	-0.0017518100022893002	-0.00026492166018177166	0.00264653923857483	-0.0005554967040510839
0.000857876485847342	1.8382688639295708e-05	-0.0030793515449760722	-0.0010575147936213725	-0.0008780784084845283	-0.0027612976424808977	0.0022720828412299277	0.00025582549019653733
0.001107514084077721	-0.0002936643091475677	-0.002018391752498516	-0.0004958301976043522	-0.00050362201113896	-0.006817908613717671	0.0007742572518503188	-0.000742724902723424
0.0018564268787670812	-0.00010643611047522761	-0.00020851916533159986	0.0010019953917752566	0.0006821565804531193	-0.010874519584954667	0.0005246196536199399	0.00013100669108134788
0.0007330576867321525	-0.00041848310826275714	0.0009148500267031068	0.0010019953917752566	0.0006821565804531193	-0.011810660578317034	-0.000536340138857172	-0.0006803155031653851
0.002355702075226951	0.0002680202868696746	0.0024750850156398663	0.0016884987869076884	0.002055163370717983	-0.013495714366368983	0.00021257265583241036	0.0005678724879838448
0.001294742282750283	8.079208819711248e-05	0.004472185801479789	0.0012516329900054135	0.0013062505760279564	-0.010687291386281661	0.00015016325627503768	-0.00018104030670573756
0.0009202858854049367	0.0001432014877547072	0.0054083267948425995	0.00031549199664304695	0.0008693847791254594	-0.0070051368123902336	-3.70649423973024e-05	0.0005054630884264721
0.00017137309071491025	1.8382688639295708e-05	0.005970011390859842	-0.0006206489967195417	-0.00037880321202421463	-0.001450700251773851	-0.000536340138857172	-0.00018104030670573756
-0.0009519961013197964	1.8382688639295708e-05	0.005782783192187058	-0.0008702865949490324	-0.0009404878080421231	0.007036978088044599	-0.0010356153353172637	0.00031823488975413206
-0.00232500289158466	-0.00016884551003326642	0.00490905159838273	-0.0018688369878689937	-0.0018142194018464508	0.012154548851758706	-0.0019717563286796302	-0.00030585910582114906
-0.0007023585030894175	0.00033042968642682524	0.0054083267948425995	-0.0012447429922941566	-0.0011901254062713917	0.012466595849546236	-0.0017221187304492513	0.0006302818875414395
0.0005458294880602566	0.0001432014877547072	0.006406877187762339	-0.0008702865949490324	-0.0007532596093693389	0.006350474692911945	-0.0019717563286796302	-0.00011863090714858693
0.0019812456778822707	0.00039283908598441997	0.0022254474174105976	0.0003779013962001976	0.0006821565804531193	-0.0013258814526588836	-0.0018469375295644408	0.0007551006866561849
0.0024181114747849897	-4.402671091807697e-05	0.004784232799267096	0.0016260893873505378	0.0009317941786830541	-0.006505861615930142	-0.0019093469291220355	-0.0003682685053787438
0.0011699234836346495	-4.402671091807697e-05	0.0037232730067902065	0.0025622303807124602	0.0016182975738154859	-0.005320083024338063	-0.00159729993133495	0.0003806442893112827
-0.0030115062867170916	-0.000668120706493136	0.002724722613870245	0.0004403107957577923	-0.0001915750133516525	-0.0034478010376133295	-0.0023462127260245325	-0.0006179061036086786
-0.0072553454566262054	-0.0011049865033951889	0.0007276218280309887	-0.0023057027847714906	-0.002625541596093628	-0.002324431845578623	-0.003469581918059239	0.00025582549019653733
-0.008753171046005814	-0.0017914898985276206	0.0003531654306858645	-0.004365212970168564	-0.0039985483863589355	-0.0012010626535441382	-0.0037816289158465466	-0.0006803155031653851
-0.008004258251315788	-0.0011673959029527836	-0.0008326131609064369	-0.004115575371938629	-0.003499273189898622	0.0006088099336230002	-0.003095125520714115	0.00025582549019653733
-0.009314855642023057	-0.0014794429007403131	-0.001643935355153392	-0.003304253177691452	-0.0036240919890138112	0.0004839911345082548	-0.0035319913176163897	-0.0003682685053787438
-0.007130526657511016	-0.0014170335011822743	-0.0025800763485162026	-0.0023681121843290853	-0.002188675799191353	-0.001450700251773851	-0.0033447631189444937	0.00013100669108134788
-0.006568842061493774	-0.0016042616998552806	-0.0030793515449760722	-0.001619199389639503	-0.002188675799191353	-0.003572619836728963	-0.003469581918059239	-0.0006803155031653851
-0.004384513076981511	-0.0009177583047224047	-0.0017687541542688034	-0.00030860199893223417	-0.0007532596093693389	-0.00207479424734891	-0.0020965751277943756	0.00025582549019653733
-0.003760419081406674	-0.000668120706493136	-0.0006453849622340968	-0.0003710113984889407	-0.0010028972075988296	0.0012329039291982813	-0.0014724811322197606	-0.00030585910582114906
-0.0020129558937969083	-0.0003560737087051624	-0.00033333796444656727	-0.000745467795834287	-0.0009404878080421231	0.005788790096894703	-0.0004739307393000214	0.00031823488975413206
-0.0026370498893717453	-0.0003560737087051624	0.00022834663157111912	-0.0013071523918517514	-0.0016269912031741107	0.009346125871671385	-0.0004739307393000214	-0.0003682685053787438
-0.0019505464942393136	-0.00016884551003326642	0.00047798422980060984	-0.0015567899900814641	-0.0011901254062713917	0.010344676264591346	-0.0002867025406276813	0.00031823488975413206
-0.0017633182955669735	-0.00023125490958997297	0.000852440627145512	-0.0014943805905243135	-0.001127716006714019	0.00772348148317703	-0.0004739307393000214	-0.00030585910582114906
0.002355702075226951	0.0005176578850996094	0.0029119508125430293	0.00012826379797048482	0.0008693847791254594	0.0037292799114978514	0.0010863042496376263	0.0006302818875414395
0.0060378566491186	0.0005176578850996094	0.004846642198824691	0.0013140423895630082	0.0023672103685050683	-0.0008890156557566087	0.0023344922407875224	-0.0004930873044934891
0.009470373624780981	0.0012665706797896359	0.006344467788204744	0.0033735525749598594	0.004114673556115056	-0.0031981634393833946	0.003832317830166687	0.0005054630884264721
0.00897109842832089	0.0007672954833295442	0.005782783192187058	0.003061505577172108	0.0035529889600973696	-0.003572619836728963	0.0031458144350346995	-0.0006803155031653851
0.009969648821241073	0.0011417518806740024	0.006219648989089999	0.003248733775844448	0.0037402171587699318	0.0009832663309683465	0.003894727229724282	0.0001934160906389426
0.00859664203097621	0.0012041612802320412	0.006718924185549424	0.0023125927824829695	0.0027416667658499705	0.006412884092469762	0.0035826802319371964	-0.0004306779049363385
0.006100266048676195	0.001016933081559257	0.005845192591744652	0.001126814190890446	0.0015558881742578912	0.010344676264591346	0.0024593110399022677	0.0003806442893112827
0.004165574662394533	0.0006424766842147989	0.004846642198824691	-5.896440070185527e-05	0.00043251898222274043	0.011530454856183425	0.0012111230487523716	-0.0004306779049363385
0.005101715655756678	0.0007672954833295442	0.005595554993515162	0.0004403107957577923	0.0008693847791254594	0.010843951461050994	0.0010238948500795875	0.00031823488975413206
0.0010451046845201262	8.079208819711248e-05	0.003223997810330337	-0.00018378319981704472	-0.00012916561379405778	0.006974568688487004	-0.0013476623331047932	-0.0004306779049363385
0.0024805208743421403	0.0005176578850996094	0.003910501205462991	0.0009395859922176619	0.0011190223773553942	0.0045406021057450285	-0.0007235683375297342	0.0006302818875414395
0.001669198680094519	1.8382688639295708e-05	0.003910501205462991	0.0006899483939877271	0.0006197471808955246	0.0020442261234454584	-0.001410071732662166	-0.0003682685053787438
0.0017940174792097086	8.079208819711248e-05	0.003598454207675017	0.0006899483939877271	0.0007445659800107141	0.001295313328755432	-0.0013476623331047932	0.00025582549019653733
0.0010451046845201262	-0.00010643611047522761	0.003223997810330337	-0.00024619259937463944	0.0002452907835501783	0.0016697697261005562	-0.00159729993133495	-0.0004306779049363385
0.0011699234836346495	-4.402671091807697e-05	0.0032864072098879316	3.444998855739456e-06	0.00043251898222274043	0.0036668705119402567	-0.0011604341344324531	0.0001934160906389426
0.00017137309071491025	-0.00023125490958997297	0.0030367696116579967	-0.000745467795834287	-0.00012916561379405778	0.00447819270618699	-0.001410071732662166	-0.0005554967040510839
0.0011699234836346495	-0.00010643611047522761	0.0030367696116579967	-0.0003710113984889407	0.00037010958266536775	0.004665420904859774	-0.0010356153353172637	0.00013100669108134788
