Sensor_1	Sensor_2	Sensor_3	Sensor_4	Sensor_5	Sensor_6	Sensor_7	Sensor_8
0.005947144586862407	2.066687266366607e-05	-0.0025164125200272114	-0.0032568126726184587	0.0017593272144660332	-0.003537214984359327	0.0029179764400699693	-0.000267433638513781
-0.005723413130388488	0.00033271387045097356	-0.0034525535133898	0.0028593084840160543	-0.0020476461585412498	0.0010186711833375384	0.003417251636530061	0.0006687073548485856
-0.004225587541008435	-4.1742526893928655e-05	-0.003015687716487303	0.0007997982986192032	0.00019909222552838557	-0.0011032484016173516	0.0026059294422826618	-0.000267433638513781
0.0038252250019075174	8.307627222059466e-05	-0.0016426809262224396	-0.0006980272907608498	0.0005735486228732878	-0.005222268772411276	0.002293882444494688	0.0004190697566184287
0.004698956595711845	8.307627222059466e-05	-0.002641231319142401	-0.0026951280766007724	-0.00011295477225958805	-0.003724443183032111	0.0026683388418400344	-0.00014261483939859154
-0.004912090936140867	0.0002078950713362282	-0.005262426100556494	-0.0003235708934155035	-0.0014859615625240075	-0.0008536108033874168	0.0029179764400699693	0.0007311167544061803
-0.008094970313572869	-0.0007906553215839551	-0.007509164484626574	-0.002507899877927988	-0.0031710153505759564	-0.004223718379491759	4.71440604254969e-05	-0.00014261483939859154
-0.003851131143663755	-0.00104029291981389	-0.00813325848020141	-0.0034440408712903547	-0.001798008560311093	-0.008155510551613787	-0.001013815732051615	0.0004814791561762455
-0.007658104516670372	-0.0012899305180438247	-0.008570124277103686	-0.00300717507438808	-0.0027341495536736815	-0.008654785748073435	-0.0012634533302815498	-0.00032984303807115367
-0.009904842900740007	-0.0012899305180438247	-0.009006990074006405	-0.0028199468757150736	-0.003670290547036492	-0.007656235355153251	-0.0010762251316092097	0.000356660357060834
-0.009343158304722543	-0.0016019775158313543	-0.008570124277103686	-0.003568859670405544	-0.0035454717479210807	-0.008030691752498154	-0.0007017687342645296	-0.0006418900358586832
-0.005723413130388488	-0.0012899305180438247	-0.007446755085068979	-0.004005725467307597	-0.0031086059510183617	-0.007469007156480911	0.0007336474555579287	0.00023184155794608863
-0.006534735324635665	-0.0014147493171590142	-0.006635432890821802	-0.004068134866865192	-0.0035454717479210807	-0.006345637964446205	0.0013577414511327657	-0.0007042994354162779
-0.005536184931715704	-0.000603427122911393	-0.004575922705424507	-0.0019462152819107459	-0.0022972837567711846	-0.005908772167543708	0.0026683388418400344	0.0004814791561762455
-0.002415714953841297	-0.0005410177233537983	-0.0028908689173716695	-0.0018213964827951123	-0.0014235521629664127	-0.007281778957809015	0.0036668892347599957	-0.0004546618371863431
1.825162890023435e-05	0.0003951232700085683	-0.0008313587319748184	-0.0010100742885483793	1.1864026855601395e-05	-0.0072193695582509765	0.005289533623254794	0.0008559355535209257
-0.0018540303578240547	-0.00016656132600867402	-8.244593728523597e-05	-0.0015717588845656216	-0.0011115051651788832	-0.007905872953383408	0.005351943022811945	-0.000267433638513781
-0.0016043927595936758	0.00027030447089337883	-0.00039449293507298755	-0.0011973024872207194	-0.000737048767833981	-0.007406597756923317	0.006662540413518769	0.0007935261539633309
0.00020547982757324057	0.00033271387045097356	0.0006664668574047905	-0.001509349485008471	-0.000737048767833981	-0.005721543968871812	0.00784831900511107	-8.020543984099682e-05
0.0038252250019075174	0.0010192172655834053	0.0027883864423590143	-0.0003859802929735423	0.0006359580224308825	-0.004598174776836439	0.010781560784314026	0.0007935261539633309
0.004886184794384629	0.0007695796673530264	0.005784037621118676	-0.0003859802929735423	0.0006359580224308825	-0.0031627585870142028	0.013215527367055557	-0.000267433638513781
0.008817976966506658	0.0012064454642557454	0.009029326398108273	0.000612570099946419	0.002383421210040426	-0.00310034918745683	0.017022500740062396	0.0004190697566184287
0.007507379575799611	0.0011440360646981507	0.008779688799877894	0.0017983486915384983	0.0018217366140227398	-0.000978429602501718	0.019019601525901875	-0.00032984303807115367
0.005510278789959466	0.0015809018616006476	0.0061584940184638	0.0011742546959636613	0.0011976426184476807	0.0012058993820103225	0.019144420325016842	0.0007311167544061803
0.0065712385824368	0.001081626665140556	0.00703222561226835	-0.001072483688105974	0.0008855956206603732	-0.001664932997634594	0.01895719212634428	-0.00020502423895618627
0.007632198374914356	0.001081626665140556	0.009591010994125071	-0.0001363426947431634	0.001135233218890308	-0.003349986785686543	0.02076706471351164	0.0006687073548485856
0.005011003593499597	0.0008943984664684379	0.007281863210498285	0.00023811370260151676	0.000948005020217968	-0.003287577386129392	0.024324400488288322	-0.000267433638513781
-0.0004810235675591912	0.0007071702677956537	0.0031628428397043606	0.00017570430304436613	-0.00017536417181718278	-0.004660584176394034	0.024261991088730728	0.0006062979552909908
0.00033029862668754184	0.000457532669566163	-0.0001448553368428307	-0.001072483688105974	-0.0009242769665063211	-0.007593825955596101	0.01895719212634428	-8.020543984099682e-05
0.002889084008545151	0.0005823514686804643	0.0012905608529794055	-0.0011348930876631247	-0.0006746393682768304	-0.008654785748073435	0.015649493949797977	0.0006687073548485856
0.002452218211642654	0.00027030447089337883	0.0016650172503243077	-0.0014469400854508763	-0.0012363239642940727	-0.009778154940108141	0.013839621362630394	-0.00020502423895618627
0.002015352414740379	0.0006447608682385031	0.003287661638819106	0.0004253419012736348	-0.0003625923704890788	-0.010090201937895227	0.013028299168382773	0.0007935261539633309
0.001578486617837882	0.0002078950713362282	0.0038493462348367924	0.00036293250171692826	-5.054537270154924e-05	-0.01158802752727528	0.01209215817502085	-0.00014261483939859154
0.0020777618142979737	0.00033271387045097356	0.005471990623331147	0.000612570099946419	-0.00042500177004645145	-0.011338389929045345	0.01227938637369319	0.0004814791561762455
-0.0005434329671167859	0.00014548567177863347	0.0069698162127111996	-0.0005732084916458824	-0.002234874357214034	-0.012274530922407711	0.013090708567940368	-0.000267433638513781
-0.00023138596932925637	8.307627222059466e-05	0.00703222561226835	-0.0017589870832384058	-0.0022972837567711846	-0.010527067734797724	0.01259143337148072	0.000356660357060834
0.000517526825360326	2.066687266366607e-05	0.006657769214923892	-0.0019462152819107459	-0.0022972837567711846	-0.009403698542763239	0.011842520576790694	-0.00032984303807115367
0.002389808812085059	0.00033271387045097356	0.0065329504158082585	-0.0011348930876631247	-0.0011739145647367	-0.009466107942320834	0.012341795773250785	0.0005438885557338402
-0.0002937953688868511	-4.1742526893928655e-05	0.004161393232624322	5.088550392873259e-05	-0.001548370962081158	-0.009091651544976154	0.010968788982985922	-0.00032984303807115367
0.000954392622263045	0.00014548567177863347	0.0011033326543070654	-1.1523895628418046e-05	-0.0008618675669491704	-0.009091651544976154	0.00990782919050881	0.0004190697566184287
0.0016408960173950327	-4.1742526893928655e-05	0.0014777890516521897	-0.0006356178912032551	-0.0011739145647367	-0.010589477134355318	0.00784831900511107	-0.00039225243762897044
0.0015160772182802873	0.0002078950713362282	0.0034124804379338514	-0.0006980272907608498	-0.001361142763409262	-0.008342738750285683	0.008097956603341894	0.0005438885557338402
0.0008919832227054503	0.00014548567177863347	0.0007288762569619411	-0.0010100742885483793	-0.0014235521629664127	-0.00877960454718818	0.007036996810864338	-0.000267433638513781
0.0010792114213782344	0.00027030447089337883	0.0010409232547490266	-0.0003859802929735423	-0.0009866863660643599	-0.009278879743648494	0.006163265217059122	0.0006687073548485856
0.0005799362249179207	0.00027030447089337883	0.0018522454489970919	-0.0005732084916458824	-0.0009866863660643599	-0.008155510551613787	0.004790258426794702	-8.020543984099682e-05
-0.00041861416800159645	0.00027030447089337883	0.002476339444571929	-0.0007604366903184445	-0.0009242769665063211	-0.009840564339665736	0.0012329226520180203	0.0007311167544061803
-0.00584823192950279	-0.0007282459220265824	-0.0003320835355153928	-0.0023830810788127987	-0.002609330754558492	-0.012586577920195019	-0.003322963515678845	-0.00020502423895618627
-0.0062850977264052865	-0.0007282459220265824	0.00022960106050229356	-0.0024454904783703935	-0.002858968352788871	-0.014646088105592536	-0.00550729250019133	0.0006687073548485856
-0.008719064309147706	-0.0011027023193714847	-0.00020726473640020338	-0.002944765674830485	-0.0037326999465931987	-0.013397900114442196	-0.009501494071870065	-0.00020502423895618627
-0.009530386503394883	-0.00104029291981389	-0.0016426809262224396	-0.00338163147173276	-0.00423197514305329	-0.011775255725948064	-0.010187997467002496	0.0004814791561762455
-0.007720513916227967	-0.0009778835202562952	-0.00401423810940682	-0.004068134866865192	-0.003857518745708388	-0.01158802752727528	-0.01074968206301996	-8.020543984099682e-05
-0.006160278927290763	-0.000603427122911393	-0.0027660501182573682	-0.002757537476157923	-0.002671740154116309	-0.009840564339665736	-0.011373776058594798	0.0006687073548485856
-0.006472325925078071	-0.0011027023193714847	0.00016719166094469884	-0.0028823562752726684	-0.0027965589532312762	-0.008966832745860964	-0.013870152040893924	-0.00039225243762897044
-0.002852580750744016	-0.00022897072556671283	0.003911755634393943	-0.0014469400854508763	-0.0008618675669491704	-0.006844913160906074	-0.013870152040893924	0.0006687073548485856
-0.000730661165789348	-0.00029138012512430755	0.0059088564202334215	-0.0010100742885483793	-0.00048741116960449027	-0.007281778957809015	-0.012684373449302067	-0.000267433638513781
-0.00016897656977210573	0.0002078950713362282	0.006283312817578768	-0.0003859802929735423	-0.00011295477225958805	-0.005783953368428962	-0.012309917051957164	0.0007311167544061803
-0.0016668021591517146	8.307627222059466e-05	0.008218004203861096	-0.0010100742885483793	-0.0010490957656215105	-0.004972631174181785	-0.012372326451514537	-8.020543984099682e-05
-0.00016897656977210573	0.000457532669566163	0.0046606684290841915	-0.0012597118867783141	-0.0003625923704890788	-0.005035040573738936	-0.011935460654612484	0.0009183449530785204
0.0033259498054476477	0.0003951232700085683	0.008530051201648403	-0.0006356178912032551	0.00013668282597079084	-0.00540949697108406	-0.010624863263905215	-8.020543984099682e-05
0.0025146276112000265	0.0007695796673530264	0.010651970786602627	0.0009870264972913212	0.0004487298237583204	-0.002101798794536869	-0.008877400076295672	0.0004814791561762455
0.005635097589074656	0.0008943984664684379	0.011588111779964994	0.00030052310215888944	0.0013224614175628702	-0.0035996243839169217	-0.008627762478065737	-0.000267433638513781
0.010128574357213926	0.0010192172655834053	0.010527151987487882	0.0017983486915384983	0.002445830609598021	-0.0034748055848017323	-0.00825330608072039	0.00023184155794608863
0.007132923178454709	0.001081626665140556	0.011712930579080405	0.0024224426871135574	0.0018841460135803345	-0.0021642081940944635	-0.008565353078507698	-0.0004546618371863431
0.0069456949797819245	0.0012688548638133401	0.011463292980849804	0.0016111204928659362	0.0018217366140227398	-0.000978429602501718	-0.008190896681162796	0.0004190697566184287
0.006071963385977153	0.0012064454642557454	0.008467641802090808	0.0011742546959636613	0.0013224614175628702	-0.0012904766002896917	-0.008003668482490012	-0.00020502423895618627
0.007008104379339519	0.0008943984664684379	0.007344272610056324	0.0006749794995040137	0.0018217366140227398	-0.0019769799954216793	-0.008752581277180482	0.0004190697566184287
0.005697506988632028	0.0009568078660258106	0.00522235302510099	0.001049435896848916	0.0013224614175628702	-0.0017273423971926327	-0.008066077882047606	-0.00020502423895618627
0.0025146276112000265	0.0007695796673530264	-0.0009561775310904519	0.001423892294193596	0.0012600520180059416	-0.0029755303883416406	-0.010000769268329934	0.0007935261539633309
0.0016408960173950327	0.00033271387045097356	-0.0018299091248950017	0.0007373888990616084	0.000948005020217968	-0.0038492619821466345	-0.011623413656824733	-0.00014261483939859154
0.0018281242160675948	0.0005823514686804643	0.00203947364766921	0.0006749794995040137	0.0008855956206603732	-0.0027883021896693005	-0.010312816266117242	0.0005438885557338402
0.00033029862668754184	-0.00010415192645152338	0.0006664668574047905	-0.0006356178912032551	-0.0005498205691616409	-0.002289026993209431	-0.010624863263905215	-0.0006418900358586832
0.0013288490196075031	0.00027030447089337883	0.0002920104600598883	-0.0005107990920882877	1.1864026855601395e-05	-0.0021642081940944635	-0.007504393286030364	0.0004190697566184287
0.0007047550240331102	0.0002078950713362282	-0.002828459517814963	-0.0003859802929735423	-0.00023777357137388933	-0.001852161196307378	-0.009251856473640352	-0.000267433638513781
0.00020547982757324057	0.00027030447089337883	-0.0029532783169297083	0.00036293250171692826	-5.054537270154924e-05	-0.001852161196307378	-0.006256205294880912	0.0004190697566184287
-0.00016897656977210573	-0.00010415192645152338	-0.002141956122682531	-0.0003235708934155035	-0.00030018297093148405	-0.002913120988784934	-0.006006567696650755	-0.0004546618371863431
0.000954392622263045	-4.1742526893928655e-05	-0.005886520096131775	-0.0001363426947431634	-5.054537270154924e-05	-0.0030379397878992354	-0.005070426703288833	0.000356660357060834
0.0013288490196075031	0.0002078950713362282	-0.006260976493476456	5.088550392873259e-05	0.00013668282597079084	-0.002039389394979274	-0.004321513908598362	-0.00020502423895618627
0.00039270802624602474	0.0005199420691237577	-0.012189869451438184	0.0005501607003888243	0.00019909222552838557	-0.0011656578011745022	-0.0015130909285117067	0.0007935261539633309
-0.0006682517662317533	-0.00029138012512430755	-0.012377097650110525	-0.0005732084916458824	-0.0008618675669491704	-0.002913120988784934	-0.0011386345311668045	-0.0004546618371863431
0.0013288490196075031	8.307627222059466e-05	-0.010317587464713451	-7.393329518601277e-05	0.00013668282597079084	-0.003537214984359327	0.0004216004577703991	0.000356660357060834
8.066102845827317e-05	-0.00029138012512430755	-0.010442406263828197	-0.0005107990920882877	-5.054537270154924e-05	-0.004036490180819419	-0.0007641781338216802	-0.0004546618371863431
0.0010792114213782344	0.00033271387045097356	-0.014499017235065192	0.00048775130083122953	0.0008231862211027785	-0.002913120988784934	0.00010955345998286958	0.0006062979552909908
-0.001167526962691623	-4.1742526893928655e-05	-0.0148110642328525	-1.1523895628418046e-05	-5.054537270154924e-05	-0.002663483390554555	-0.0003897217364772221	-0.000267433638513781
0.001578486617837882	0.0003951232700085683	-0.013375648043030264	0.00011329490348632731	0.0008855956206603732	-0.004098899580377013	0.0007336474555579287	0.0006062979552909908
-0.0023533055542841463	-0.0003537895246814582	-0.015747205226214867	-7.393329518601277e-05	-0.0016107803616387528	-0.0024138457923248424	0.0017946072480348185	-0.0004546618371863431
-0.002665352552071232	0.0002078950713362282	-0.01712021201647973	-0.0013221212863356868	-0.0011115051651788832	-0.002476255191881771	-0.00032731233691962736	0.0007311167544061803
-0.004100768741893246	-0.0007906553215839551	-0.01899249400320402	-0.0023830810788127987	-0.002172464957656439	-0.006532866163118545	-0.0012010439307243992	-1.7796040283846182e-05
-0.006160278927290763	-0.0006658365224685436	-0.02167609818417615	-0.0006356178912032551	-0.0017355991607539423	-0.007094550759136453	-0.0007641781338216802	0.0007311167544061803
-0.008843883108262895	-0.0012275211184866741	-0.025295843358510428	-0.0018213964827951123	-0.0029213777523460216	-0.007531416556038506	-0.0006393593347069348	-0.00032984303807115367
-0.007595695117112777	-0.0008530647211415499	-0.027355353543907723	-0.0013221212863356868	-0.0025469213550011194	-0.006969731960021042	0.0001719628595404643	0.0007311167544061803
-0.005598594331273299	-0.0011027023193714847	-0.025358252758068023	-0.0026327186770431776	-0.0023596931563292234	-0.007656235355153251	-0.0011386345311668045	-0.00020502423895618627
-0.005286547333485769	-0.0007282459220265824	-0.02648162195010295	-0.001696577683680811	-0.0022972837567711846	-0.006283228564888832	-0.0004521311360339286	0.0007311167544061803
-0.007658104516670372	-0.0007282459220265824	-0.02748017234302269	-0.001509349485008471	-0.0029837871519040604	-0.005097449973296975	0.000858466254672674	-0.00014261483939859154
-0.0025405337529564864	-0.0004161989242390529	-0.02666885014877529	-0.0014469400854508763	-0.0011739145647367	-0.0055343157701990275	0.002356291844052727	0.0004190697566184287
-0.0008554799649045375	-0.00016656132600867402	-0.022425010978866178	-0.0005107990920882877	-0.0005498205691616409	-0.006220819165331237	0.002980385839627564	-0.00020502423895618627
-0.0005434329671167859	2.066687266366607e-05	-0.022425010978866178	0.00030052310215888944	0.00013668282597079084	-0.004598174776836439	0.00422857383077746	0.0004814791561762455
-0.0014795739604791525	-0.0003537895246814582	-0.024422111764705656	-0.0003859802929735423	-0.00042500177004645145	-0.004660584176394034	0.003791708033874741	-0.00039225243762897044
0.0007047550240331102	0.0003951232700085683	-0.02648162195010295	0.0007373888990616084	0.0010104144197751186	-0.004161308979934164	0.0051647148241391605	0.0007935261539633309
0.0018281242160675948	0.000457532669566163	-0.02398524596780338	0.00048775130083122953	0.00038632042420072565	-0.0027883021896693005	0.006724949813076364	-8.020543984099682e-05
0.0031387216067750856	0.0009568078660258106	-0.02417247416647572	0.0011742546959636613	0.000948005020217968	-0.002476255191881771	0.010032647989623555	0.0006062979552909908
0.006321600984206643	0.0007071702677956537	-0.024359702365148284	0.0007997982986192032	0.001384870817120465	-0.0034123961852445817	0.010906379583428327	-0.0005794806363010885
0.008693158167391468	0.0012064454642557454	-0.02217537338063602	0.0019855768902112825	0.0025082400091551715	-0.0024138457923248424	0.011468064179446014	0.0004190697566184287
0.008505929968719128	0.0011440360646981507	-0.0245469305638204	0.00248485208667093	0.0026954682078275116	-0.0030379397878992354	0.010843970183870733	-0.00039225243762897044
0.007382560776683977	0.0012064454642557454	-0.02629439375143039	0.003108946082245545	0.0027578776073851063	-0.001852161196307378	0.01009505738918115	0.0001694321583884939
0.007008104379339519	0.0008943984664684379	-0.02797944753948256	0.0019231674906536878	0.0025706494087127663	-0.0036620337834740724	0.008410003601129201	-0.00039225243762897044
0.006259191584649493	0.0012064454642557454	-0.028728360334172587	0.002047986289768877	0.0025082400091551715	-0.0025386645914393657	0.008784459998473881	0.0006687073548485856
0.005198231792171937	0.0010192172655834053	-0.02648162195010295	0.0013614828946364455	0.0018217366140227398	-0.0034123961852445817	0.008160366002898822	-8.020543984099682e-05
0.002202580613413163	0.0008943984664684379	-0.0281666757381549	0.0014863016937511908	0.0011976426184476807	-0.005783953368428962	0.006974587411306743	0.0007935261539633309
-4.4157770656472195e-05	0.0005199420691237577	-0.02448452116426325	0.0009870264972913212	1.1864026855601395e-05	-0.004972631174181785	0.006100855817501971	-8.020543984099682e-05
0.0012664396200507966	0.0006447608682385031	-0.022050554581521276	0.00030052310215888944	0.0004487298237583204	-0.005471906370641433	0.006537721614404468	0.0006687073548485856
0.0005799362249179207	0.00014548567177863347	-0.023860427168688414	5.088550392873259e-05	-0.00017536417181718278	-0.006345637964446205	0.006225674616617161	-0.00039225243762897044
0.002202580613413163	0.000457532669566163	-0.025732709155412925	0.000612570099946419	0.0005111392233156931	-0.006657684962233734	0.006724949813076364	0.0006687073548485856
0.000517526825360326	0.00027030447089337883	-0.02666885014877529	0.0009246170977337265	0.00013668282597079084	-0.00540949697108406	0.0049774866254672645	-1.7796040283846182e-05
0.0010168020218204177	0.0007695796673530264	-0.028041856939040155	0.001673529892423531	0.0008855956206603732	-0.003911671381704451	0.005351943022811945	0.0008559355535209257
0.000954392622263045	8.307627222059466e-05	-0.027168125345235383	0.00017570430304436613	-5.054537270154924e-05	-0.003786852582589262	0.004790258426794702	-0.00039225243762897044
0.00020547982757324057	8.307627222059466e-05	-0.02217537338063602	0.00023811370260151676	-0.00023777357137388933	-0.0026010739909969605	0.005351943022811945	0.00023184155794608863
0.0002678892271308353	0.00014548567177863347	-0.02479656816205056	-0.0001363426947431634	-0.00017536417181718278	-0.002039389394979274	0.004852667826352075	-0.00020502423895618627
0.0010792114213782344	0.0003951232700085683	-0.02030309139391151	0.00030052310215888944	0.0003239110246429089	-0.0012904766002896917	0.004665439627679513	0.0006687073548485856
0.0005799362249179207	8.307627222059466e-05	-0.017557077813382005	0.00036293250171692826	0.0002615016250859803	-0.0021642081940944635	0.0038541174334318917	-0.000267433638513781
0.00020547982757324057	0.0003951232700085683	-0.015060701831082435	0.0009870264972913212	0.0005111392233156931	-0.000978429602501718	0.004665439627679513	0.0006062979552909908
-0.0004810235675591912	-0.0004161989242390529	-0.01899249400320402	-0.0003235708934155035	-0.0006746393682768304	-0.0021642081940944635	0.003604479835201957	-0.0006418900358586832
0.0015160772182802873	2.066687266366607e-05	-0.012876372846570394	0.00017570430304436613	0.0003239110246429089	-0.002913120988784934	0.003604479835201957	0.000356660357060834
-0.000730661165789348	-0.0003537895246814582	-0.014311789036392408	-0.0001363426947431634	-0.0006122299687187915	-0.0023514363927670257	0.0024187012436098776	-0.0005794806363010885
-0.00041861416800159645	0.00027030447089337883	-0.012689144647898054	0.0004253419012736348	-0.0003625923704890788	-0.0010408390020597569	0.00422857383077746	0.0004190697566184287
-0.000730661165789348	-0.00022897072556671283	-0.009256627672236117	-0.0005107990920882877	-0.0006122299687187915	-0.0011656578011745022	0.0039165268329899305	-0.0004546618371863431
-0.0008554799649045375	-0.00022897072556671283	-0.00813325848020141	-0.0006980272907608498	-0.0003625923704890788	-0.00272589279011215	0.002543520042725067	0.0004190697566184287
-0.007408466918440437	-0.0009778835202562952	-0.009506265270466052	-0.001883805882352707	-0.00242210255588593	-0.004722993575951628	-0.0013882721293967393	-0.00020502423895618627
-0.007533285717555627	-0.00104029291981389	-0.009381446471351085	-0.0015717588845656216	-0.0019228273594262824	-0.0049102217746241905	-0.0015755003280693014	0.0004814791561762455
-0.008531836110475588	-0.0013523399176009754	-0.014623836034179938	-0.002507899877927988	-0.002858968352788871	-0.005097449973296975	-0.0017003191271844909	-0.00032984303807115367
-0.0060978695277331685	-0.0011651117189281912	-0.013188419844357924	-0.0026951280766007724	-0.001985236758983877	-0.006657684962233734	-0.002074775524529171	0.0004190697566184287
-0.006534735324635665	-0.0014771587167161648	-0.008882171274890993	-0.0017589870832384058	-0.0022972837567711846	-0.0072193695582509765	-0.002511641321431668	-0.0005170712367439378
-0.00890629250782049	-0.0011027023193714847	-0.009381446471351085	-0.0009476648889907846	-0.002671740154116309	-0.0031627585870142028	-0.001450681528954112	0.00023184155794608863
-0.0077829233157853395	-0.0011027023193714847	-0.007446755085068979	-0.003131993873502825	-0.0027965589532312762	-0.002663483390554555	-0.0019499567254139816	-0.0005794806363010885
-0.0007930705653469428	-0.00047860832379620355	-0.0037646005111773295	-0.0018213964827951123	-0.0008618675669491704	-0.0025386645914393657	-0.00026490293736203263	0.000356660357060834
-0.002228486755168957	-0.0005410177233537983	0.00022960106050229356	-0.0013221212863356868	-0.0009242769665063211	-0.0028507115892273394	0.00023437225909805903	-0.0005794806363010885
-0.0021036679560537674	-0.00016656132600867402	-0.004451103906309317	0.00011329490348632731	-0.00017536417181718278	-0.0019145705958649728	0.000858466254672674	0.00029425095750323926
-0.0024781243533988917	-0.00047860832379620355	0.0008536950560771306	-1.1523895628418046e-05	-0.000737048767833981	-0.0014152953994048811	-1.5265339131653732e-05	-0.0006418900358586832
0.002015352414740379	-4.1742526893928655e-05	0.003287661638819106	-0.0006356178912032551	0.0008231862211027785	-0.002039389394979274	0.0003591910582132485	0.000356660357060834
0.0017657148165106662	-4.1742526893928655e-05	0.008342823002975841	0.00036293250171692826	7.427342641319612e-05	-0.0006039732051572599	0.0014201508506899163	-0.0005794806363010885
0.003887634401464668	0.0008319890669108432	0.010215104989700352	0.0014863016937511908	0.0012600520180059416	0.0014555369802393692	0.003604479835201957	0.0004814791561762455
0.005385459990844721	0.0008943984664684379	0.011712930579080405	0.0012366640955217	0.0016345084153503997	0.0017675839780271208	0.004166164431219643	-0.00039225243762897044
0.00931725216296675	0.0012064454642557454	0.014022078362707191	0.0019231674906536878	0.0027578776073851063	0.001517946379796964	0.004665439627679513	0.00029425095750323926
0.007444970176242016	0.0013936736629285296	0.01951410552376598	0.00248485208667093	0.002383421210040426	0.002578906172274742	0.00491507722590967	-0.00020502423895618627
0.007757017174029102	0.0013312642633709348	0.020949521713588215	0.0026096708857861195	0.0029451058060581126	0.002329268574044585	0.004290983230334833	0.000356660357060834
0.005635097589074656	0.0008943984664684379	0.015956769748989075	0.0017359392919811256	0.0018841460135803345	0.0017051745784699701	0.0032924328374148715	-0.00032984303807115367
0.005635097589074656	0.0010192172655834053	0.015582313351644395	0.0014863016937511908	0.0018217366140227398	0.0016427651789123754	0.0045406208285647676	0.0004190697566184287
0.003700406202792328	0.0008319890669108432	0.019139649126421077	0.0009870264972913212	0.000948005020217968	0.0013931275806822185	0.004103755031662271	-0.00020502423895618627
0.0019529430151832283	8.307627222059466e-05	0.02282180370031317	0.00023811370260151676	0.0002615016250859803	-0.00035433560692732513	0.0013577414511327657	0.0001694321583884939
0.0015160772182802873	2.066687266366607e-05	0.021760843907835836	0.00017570430304436613	7.427342641319612e-05	-0.0006039732051572599	0.0015449696498055498	-0.0005170712367439378
0.0012664396200507966	2.066687266366607e-05	0.021199159311817928	0.00048775130083122953	7.427342641319612e-05	-0.00035433560692732513	0.0009832850537876414	0.0001694321583884939
-0.0006682517662317533	-0.00016656132600867402	0.022572166102083013	-0.00019875209430075813	-0.00048741116960449027	-0.00035433560692732513	0.00048400985732754975	-0.0006418900358586832
0.0008295738231478555	0.00014548567177863347	0.024943723285267838	-7.393329518601277e-05	0.0003239110246429089	0.00014493958953276653	0.0010456944533456802	0.000356660357060834
0.0012040302204932019	-0.00022897072556671283	0.029437200053406665	-0.0005107990920882877	1.1864026855601395e-05	-0.0002919262073697304	0.00048400985732754975	-0.0006418900358586832
0.0010792114213782344	8.307627222059466e-05	0.02706564287022184	0.00023811370260151676	0.0005111392233156931	0.00020734898909036126	0.00010955345998286958	0.00029425095750323926
-0.0007930705653469428	-0.00029138012512430755	0.02918756245517673	-1.1523895628418046e-05	-0.00017536417181718278	0.000456986587319852	-0.0012634533302815498	-0.0005794806363010885
-0.00016897656977210573	2.066687266366607e-05	0.03193357603570579	-1.1523895628418046e-05	0.0003239110246429089	2.012079041735504e-05	-0.001450681528954112	0.00023184155794608863
-0.00023138596932925637	-0.0006658365224685436	0.03480440841535071	-0.0011973024872207194	-0.000737048767833981	-0.0010408390020597569	-0.0021995943236443605	-0.0010163464332033634
-0.00041861416800159645	-4.1742526893928655e-05	0.02918756245517673	-0.00026116149385835286	-0.00023777357137388933	0.00020734898909036126	-0.0011386345311668045	0.00010702275883089918
-0.0006058423666741586	-0.00047860832379620355	0.030685388044556783	-0.001072483688105974	-0.0006122299687187915	-4.2288609140239686e-05	-0.0024492319218740732	-0.0007667088349738727
0.0007671644235907049	-4.1742526893928655e-05	0.0313094820401314	-1.1523895628418046e-05	0.0002615016250859803	0.0002697583886470678	-0.0030733259174491323	0.00023184155794608863
-0.0003562047684444458	-0.00022897072556671283	0.03380585802243119	-7.393329518601277e-05	-5.054537270154924e-05	-0.0002919262073697304	-0.003322963515678845	-0.0005794806363010885
0.00020547982757324057	-0.00029138012512430755	0.03237044183260829	-0.00026116149385835286	-0.00017536417181718278	-0.00035433560692732513	-0.0036974199130239693	4.461335927419263e-05
-0.0011051175631340282	-0.0003537895246814582	0.0353036836118108	-0.0005107990920882877	-0.0005498205691616409	8.253018997517181e-05	-0.0032605541161212503	-0.0006418900358586832
0.0012040302204932019	0.00014548567177863347	0.0360525964065006	-0.00044838969253069294	0.00019909222552838557	0.0005818053864350414	-0.0021995943236443605	0.000356660357060834
-0.0007930705653469428	-0.00029138012512430755	0.0344923614175634	-0.0008228460898755952	-0.0005498205691616409	0.0003321677882051066	-0.003572601113909224	-0.0005794806363010885
-0.0036014935454331543	-0.0008530647211415499	0.030747797444113933	-0.0013845306858932815	-0.0014235521629664127	-0.0009160202029450115	-0.0053200643015183235	-0.00014261483939859154
-0.00890629250782049	-0.001664386915388727	0.0313094820401314	-0.0030695844739456746	-0.0032334247501339952	-0.0031627585870142028	-0.008066077882047606	-0.0008291182345310233
-0.007283648119325248	-0.0014771587167161648	0.03642705280384506	-0.00300717507438808	-0.00242210255588593	-0.003724443183032111	-0.00825330608072039	4.461335927419263e-05
-0.008719064309147706	-0.0017267963149458776	0.03505404601358064	-0.003194403273059976	-0.0031710153505759564	-0.004660584176394034	-0.008190896681162796	-0.0007667088349738727
-0.008407017311360399	-0.0015395681162737596	0.033056945227741164	-0.0028823562752726684	-0.0027965589532312762	-0.004535765377278844	-0.00787884968337571	0.0001694321583884939
-0.008344607911802804	-0.0015395681162737596	0.031434300839246365	-0.0028823562752726684	-0.0029213777523460216	-0.003724443183032111	-0.008627762478065737	-0.0008291182345310233
-0.005723413130388488	-0.00104029291981389	0.030872616243229123	-0.002133443480583086	-0.001985236758983877	-0.0034123961852445817	-0.006630661692226036	0.0001694321583884939
-0.006784372922865156	-0.0012899305180438247	0.03324417342641306	-0.0024454904783703935	-0.002609330754558492	-0.0029755303883416406	-0.006193795895323317	-0.0007667088349738727
-0.003476674746318853	-0.0007282459220265824	0.03617741520561557	-0.001509349485008471	-0.0012987333638516674	-0.001852161196307378	-0.0035101917143516292	4.461335927419263e-05
-0.002415714953841297	-0.0007282459220265824	0.03755042199588021	-0.0018213964827951123	-0.0010490957656215105	-0.002476255191881771	-0.0038846481116965315	-0.0007667088349738727
0.0023273994125274644	-0.00016656132600867402	0.03748801259632262	-0.0003235708934155035	0.0010728238193331574	-0.004410946578164543	-0.0028236883192187534	0.00029425095750323926
-0.003039808949416356	-0.0005410177233537983	0.036489462203402656	0.0008622076981763538	-0.0011115051651788832	-0.003287577386129392	-0.0027612789196611587	-0.0006418900358586832
-0.0037887217441057164	2.066687266366607e-05	0.03467958961623596	-0.0005732084916458824	-0.0011739145647367	-0.00010469800869739032	-0.0018251379262987921	0.000356660357060834
0.003450768604562837	0.00027030447089337883	0.032932126428625974	-0.0011973024872207194	0.0003239110246429089	0.0012058993820103225	0.00010955345998286958	-0.0004546618371863431
0.006259191584649493	0.0008943984664684379	0.033618629823758406	0.0008622076981763538	0.001572099015793249	0.0020796309758146503	0.002543520042725067	0.0004814791561762455
0.006446419783322277	0.0008943984664684379	0.038424153589685206	0.0012366640955217	0.002258602410925681	0.0018299933775847155	0.002730748241397629	-0.00039225243762897044
0.00675846678110914	0.0013936736629285296	0.04104534837109952	0.0037954494773779768	0.003257152803845198	0.002142040375372245	0.0030427952391851587	0.0004814791561762455
0.009379661562523456	0.0013936736629285296	0.037612831395437585	0.0026096708857861195	0.003881246799420035	0.0028909531700622715	0.0022314730449379816	-0.00020502423895618627
0.009691708560311207	0.0015809018616006476	0.03461718021667792	0.002297623887998368	0.0036316092011901002	0.0028909531700622715	0.0015449696498055498	0.0006687073548485856
0.005447869390402316	0.0006447608682385031	0.03318176402685635	0.0012990734950788507	0.0016345084153503997	0.0005818053864350414	-7.767473868924846e-05	-0.0004546618371863431
0.00476136599526944	0.0008319890669108432	0.030747797444113933	0.0012366640955217	0.001572099015793249	0.0010186711833375384	0.0011081038529028309	0.00029425095750323926
0.0032011310063322362	0.00033271387045097356	0.0300612940489815	0.0004253419012736348	0.000760776821546072	-0.0004791544060420705	0.0009832850537876414	-0.0005794806363010885
0.001578486617837882	0.00014548567177863347	0.02694082407110754	5.088550392873259e-05	0.0005111392233156931	-0.0016025235980774433	0.0009832850537876414	0.00010702275883089918
0.0007671644235907049	2.066687266366607e-05	0.020699884115358724	-0.00019875209430075813	0.00013668282597079084	-0.0019145705958649728	0.001482560250247511	-0.0005170712367439378
0.0017657148165106662	0.0002078950713362282	0.0219480721065084	0.0004253419012736348	0.0010104144197751186	-0.0016025235980774433	0.002543520042725067	0.000356660357060834
0.00020547982757324057	-0.00029138012512430755	0.018265917532616305	0.00011329490348632731	0.00019909222552838557	-0.0026010739909969605	0.0024187012436098776	-0.0006418900358586832
0.0011416208209356071	0.0002078950713362282	0.015956769748989075	0.0005501607003888243	0.0006359580224308825	-0.0015401141985200706	0.003354842236972466	0.000356660357060834
0.000517526825360326	-4.1742526893928655e-05	0.016830501342793847	5.088550392873259e-05	0.00013668282597079084	-0.0027883021896693005	0.003354842236972466	-0.00032984303807115367
0.0005799362249179207	0.00014548567177863347	0.014271715960937126	-1.1523895628418046e-05	0.00019909222552838557	-0.0019145705958649728	0.0037292986343175905	0.0004190697566184287
0.0011416208209356071	-4.1742526893928655e-05	0.012461843373769987	-0.0005107990920882877	7.427342641319612e-05	-0.0029755303883416406	0.00316761403829946	-0.0004546618371863431
0.0008295738231478555	2.066687266366607e-05	0.009653420393682666	0.0004253419012736348	1.1864026855601395e-05	-0.003974080781261824	0.002980385839627564	0.00023184155794608863
0.00039270802624602474	0.00014548567177863347	0.009653420393682666	0.00023811370260151676	0.0002615016250859803	-0.004847812375066596	0.0030427952391851587	-0.00014261483939859154
0.0010792114213782344	0.0005199420691237577	0.011775339978637556	0.0009870264972913212	0.0006359580224308825	-0.0032251679865722416	0.004166164431219643	0.0007935261539633309
-0.00041861416800159645	-0.00022897072556671283	0.010215104989700352	-0.0003859802929735423	-0.00030018297093148405	-0.0029755303883416406	0.00279315764095478	-0.0004546618371863431
0.0005799362249179207	0.0005199420691237577	0.007094635011825945	0.00017570430304436613	0.000760776821546072	-0.0015401141985200706	0.003230023437857499	0.0006687073548485856
