Sensor_1	Sensor_2	Sensor_3	Sensor_4	Sensor_5	Sensor_6	Sensor_7	Sensor_8
-0.0013566960936901573	-0.0008789209353783356	-0.004242322621500261	-0.001112528679331648	-0.0014802198977645897	-0.00508592295719823	-0.0016372325856408576	-0.0008876613717856419
0.0005155858930347978	5.722005798447505e-05	-0.0032437722285800774	7.324991226043132e-05	-0.0002320319066144716	-0.004212191363393902	-0.00038904459449162765	0.0004229360189216269
0.002387867879759087	-0.0005044645380327673	-0.002494859433890051	-0.00017638768596928145	-0.00041926010528725577	-0.0041497819638358635	4.7821202411091335e-05	-0.0008876613717856419
0.0064444788509956386	0.0003692670557720046	-0.0007473962462809514	0.0010718003051803926	0.0010161560845349804	-0.002776775173571	0.0019201031891356024	-1.3929777980870028e-05
0.006007613054093142	0.00024444825665681513	-0.0006225774471657619	0.0008845721065078305	0.0007041090867474509	-0.0029015939726861895	0.0018576937895784518	-0.0007628425726708965
0.00763025744258794	0.0008061328526740574	1.5165484090751136e-06	0.0016958943007554517	0.0015778406805522227	-0.002215090577554202	0.0027938347829408183	-7.633917753846475e-05
0.008379170237277966	0.0006813140535593121	0.0006256105439839121	0.0016958943007554517	0.0014530218814374773	-0.001965452979323823	0.0031058817807279038	-0.000825251972227603
0.008379170237277966	0.0009309516517888028	0.00031356354619660465	0.0019455318989851644	0.0017650688792245628	-0.002152681177996607	0.003293109979400466	0.00017329842069191415
0.0047594250629434676	0.0004316764553295993	-0.0011218526436258536	0.0009469815060652031	0.0006416996871903002	-0.0037129161669342547	0.001795284390020857	-0.0005756143739985564
0.004634606263828722	0.00024444825665681513	-0.0019331748378732527	0.0008845721065078305	0.0005168808880751108	-0.004274600762951053	0.0015456467917907002	-7.633917753846475e-05
0.0031367806744486693	0.0001820388570992204	-0.0023700406347757497	0.0005725251087203009	0.00014242449073020857	-0.004773875959411145	0.0011087809948884253	-0.000638023773555707
0.0010148610894946675	5.722005798447505e-05	-0.004055094422827699	0.00013565931181802604	-0.0002944413061720663	-0.0058348357518882565	-1.458819714650339e-05	0.00011088902113431942
0.0003283576943622357	-5.189341573119677e-06	-0.00436714142061545	1.0840512703058636e-05	-0.0006064883039600399	-0.006334110948348348	-0.00038904459449162765	-0.0005132049744409617
0.0012020892881672296	0.0001820388570992204	-0.00455436961928779	0.0002604781109327714	-0.0002320319066144716	-0.006646157946135434	-7.699759670365403e-05	0.0002981172198066595
-0.00023332690165567271	-0.00031723633936042717	-0.005490510612650157	-0.00042602528419966035	-0.0010433541008625369	-0.007332661341267865	-0.0008883197909508311	-0.0007004331731133018
0.0007652234912642886	5.722005798447505e-05	-0.005490510612650157	0.00013565931181802604	-0.00035685070572966104	-0.00739507074082546	-0.0004514539940487783	0.00017329842069191415
-0.000358145700769974	-0.000566873937590362	-0.006239423407339739	-0.0006132534828717784	-0.0012305822995344329	-0.008456030533302572	-0.00113795738918121	-0.000825251972227603
0.00014112949568945155	-0.00031723633936042717	-0.006551470405127047	-0.00023879708552687617	-0.0011057635004201316	-0.008331211734187827	-0.0009507291905084259	-7.633917753846475e-05
-0.0005453738994427582	-0.00031723633936042717	-0.006738698603799831	-0.0005508440833144057	-0.0013554010986494003	-0.008143983535515043	-0.00113795738918121	-0.0007628425726708965
-0.000170917502098078	-6.759874113049236e-05	-0.007550020798047008	-0.0003012064850844709	-0.0011681728999768382	-0.008393621133745421	-0.0009507291905084259	0.00017329842069191415
-0.0011070584954604445	-0.0005044645380327673	-0.00873579938963931	-0.0008004816815445626	-0.0019170856946673087	-0.009454580926222755	-0.001574823186083707	-0.0007628425726708965
-0.0007326020981157644	-0.00013000814068808708	-0.010233624979018918	-0.000675662882428929	-0.0016674480964369298	-0.010515540718699867	-0.0012627761882963995	0.00011088902113431942
-0.0012942866941327846	-0.0005044645380327673	-0.012168316365301468	-0.001299756878003988	-0.002478770290684107	-0.014821789288166576	-0.0020740983825435766	-0.0007004331731133018
0.0008900422903790339	0.00011962945754162568	-0.01304204795910624	-0.00042602528419966035	-0.0013554010986494003	-0.0191904472571911	-0.0016996419851988964	0.00048534541847922164
-0.00029573630121282335	-0.00013000814068808708	-0.015538423941405588	-0.00023879708552687617	-0.0019170856946673087	-0.020501044647898148	-0.0021365077821007272	-0.00045079557488336697
-0.00029573630121282335	0.0001820388570992204	-0.017785162325475	1.0840512703058636e-05	-0.002104313893339649	-0.021811642038605417	-0.002011688982985982	0.00036052661936425423
0.0004531764934772031	-0.00013000814068808708	-0.01922057851529746	-0.0008004816815445626	-0.002291542092012211	-0.02524415901426713	-0.0025109641794456294	-0.0003883861753255502
0.0004531764934772031	0.00030685765621440986	-0.020968041702907003	7.324991226043132e-05	-0.002291542092012211	-0.02486970261692223	-0.002011688982985982	0.0005477548180368164
-0.002230427687495151	-0.0004420551384751725	-0.02440055867856894	-0.001299756878003988	-0.003914186480507009	-0.0273660785992218	-0.0028854205767907537	-0.0007004331731133018
-0.0026048840848400534	-0.00019241754024590385	-0.027146572259098223	-0.0017990320744640798	-0.00378936768139182	-0.03267087756160825	-0.003696742771037931	0.00048534541847922164
-0.008721005241473678	-0.0013157867322803884	-0.031328002029449964	-0.0026727636682684075	-0.005661649668116109	-0.03192196476691822	-0.0066923939497971485	-0.00045079557488336697
-0.007410407850766854	-0.001003739734492859	-0.03126559262989259	-0.0022983072709241714	-0.004850327473868932	-0.03192196476691822	-0.006567575150682847	0.0004229360189216269
-0.008159320645456436	-0.0013157867322803884	-0.03139041142900756	-0.0024855354695965115	-0.005412012069886174	-0.031110642572671043	-0.006754803349354743	-0.00045079557488336697
-0.00759763604943875	-0.001190967933165643	-0.03145282082856493	-0.0025479448691541062	-0.0050999650720988665	-0.028489447791256728	-0.0066923939497971485	0.00036052661936425423
-0.007722454848554161	-0.0012533773327232378	-0.03039186103608782	-0.003047220065613976	-0.005349602670329023	-0.02474488381780704	-0.006754803349354743	-0.0005756143739985564
-0.005226078866254369	-0.0006916927367055514	-0.028332350850690524	-0.002173488471808982	-0.004288642877851689	-0.022123689036392946	-0.005381796559090324	0.0004229360189216269
-0.004227528473334852	-0.0008789209353783356	-0.026023203067063516	-0.0022983072709241714	-0.0036645488822766303	-0.019627313054093376	-0.005132158960860389	-0.00045079557488336697
-0.0023552464866096745	-0.00025482693980327653	-0.023651645883878913	-0.0009877098802164586	-0.002915636087586826	-0.01488419868772417	-0.0035095145723655907	0.00048534541847922164
-0.002667293484397204	-0.0005044645380327673	-0.021654545098039435	-0.0013621662775615828	-0.003102864286259388	-0.011826138109407136	-0.003010239375905499	-0.0005132049744409617
0.00014112949568945155	-5.189341573119677e-06	-0.018970940917067303	-0.0012373474784468375	-0.002229132692454616	-0.011202044113832743	-0.002011688982985982	0.0002981172198066595
-0.0013566960936901573	-0.0009413303349352642	-0.018658893919279995	-0.0017990320744640798	-0.0029780454871441986	-0.010765178316930246	-0.002386145380330884	-0.0008876613717856419
-0.0007950114976724709	-6.759874113049236e-05	-0.018159618722820126	-0.00042602528419966035	-0.002104313893339649	-0.005460379354543354	-0.0010755479896236153	0.00017329842069191415
0.0005155858930347978	-0.00019241754024590385	-0.018471665720607433	-0.0008004816815445626	-0.0025411796902417016	-0.0007796743877319656	-0.0005762727931639677	-0.0007004331731133018
0.00513388146028837	0.0007437234531169068	-0.01878371271839474	-0.0008004816815445626	-0.0010433541008625369	-0.00365050676737666	0.0003598682001988429	0.0002981172198066595
0.0068813446478983575	0.0007437234531169068	-0.017473115327687694	-0.0004884346837563669	-0.00041926010528725577	-0.008393621133745421	0.0002974588006412482	-0.0005132049744409617
0.008316760837720372	0.0008685422522316522	-0.01959503491264214	0.0016958943007554517	0.0005168808880751108	-0.007956755336843147	0.0007343245975435231	0.00023570782024906478
0.007130982246127848	0.0010557704509044363	-0.02358923648432154	0.002007941298542759	0.00039206208895992134	-0.005335560555428165	0.0013584185931188042	-0.0005132049744409617
0.006943754047455508	0.0010557704509044363	-0.025149471473258744	0.0010718003051803926	0.00014242449073020857	-0.0035256879682614706	0.0013584185931188042	0.00023570782024906478
0.006569297650110828	0.0005564952544443447	-0.02558633727016102	-0.0006132534828717784	-0.0008561259021897527	-0.010952406515602586	-0.0004514539940487783	-0.0005756143739985564
0.004697015663386317	0.0009933610513468416	-0.025960793667506143	0.0008845721065078305	-0.0005440789044022232	-0.008768077531090324	-1.458819714650339e-05	0.0004229360189216269
0.0015141362859547591	0.0004940858548863059	-0.030703908033875127	-0.0003636158846420656	-0.0021667232928970215	-0.006958204943922963	-0.0012627761882963995	-0.0003883861753255502
0.0003907670939196084	0.0001820388570992204	-0.032014505424582396	-0.0008004816815445626	-0.0021667232928970215	-0.006958204943922963	-0.0022613265812159167	0.0002981172198066595
0.0007028140917066938	-0.00013000814068808708	-0.030017404638742473	-0.001549394476234145	-0.0023539514915693616	-0.009080124528877853	-0.0033222863736932506	-0.0007004331731133018
0.0007652234912642886	0.00030685765621440986	-0.029268491844053113	-0.0003636158846420656	-0.0016674480964369298	-0.004711466559853772	-0.0022613265812159167	0.0002981172198066595
-0.00048296449988516343	0.00024444825665681513	-0.028706807248035426	-0.000675662882428929	-0.0019794950942244594	-0.0031512315709163463	-0.0025109641794456294	-0.0002011579766532101
0.0008900422903790339	0.0005564952544443447	-0.026709706462195948	-0.0005508440833144057	-0.0010433541008625369	-0.0020278623788814176	-0.001325185587853106	0.000610164217593967
-0.0006701926985577256	-6.759874113049236e-05	-0.024462968078126313	-0.001299756878003988	-0.002291542092012211	-0.0031512315709163463	-0.002386145380330884	-0.00045079557488336697
-0.00048296449988516343	0.00011962945754162568	-0.02277791429007414	-0.001112528679331648	-0.00185467629510927	-0.002215090577554202	-0.002011688982985982	0.0002981172198066595
-0.0007326020981157644	0.0001820388570992204	-0.021467316899366873	-0.0013621662775615828	-0.0019794950942244594	-0.0022774999771111304	-0.0026981923781179695	-0.0002011579766532101
0.0006404046921490991	0.00030685765621440986	-0.02277791429007414	-0.0011749380788887986	-0.000793716502632158	-0.0033384597695886864	-0.0015124137865261122	0.000610164217593967
-0.0012942866941327846	0.00024444825665681513	-0.02340200828564898	-0.00042602528419966035	-0.0015426292973217404	-0.000904493186846711	-0.0008883197909508311	-0.0002011579766532101
-0.0013566960936901573	-0.00031723633936042717	-0.023339598886091606	-0.0014245756771191775	-0.002041904493781832	-0.0025271375753419534	-0.0012627761882963995	4.8479621576724696e-05
-0.0010446490959028498	-0.00025482693980327653	-0.022840323689631736	-0.0018614414740216745	-0.002041904493781832	-0.003588097367818621	-0.0010131385900660206	-0.000638023773555707
-0.000358145700769974	-0.0004420551384751725	-0.022341048493171867	-0.0014245756771191775	-0.0019170856946673087	-0.0041497819638358635	0.00023504940108365346	-7.633917753846475e-05
-0.000982239696345255	-0.00013000814068808708	-0.022216229694056455	-0.0013621662775615828	-0.00185467629510927	-0.004461828961623393	0.0011087809948884253	-0.000638023773555707
-0.00023332690165567271	-6.759874113049236e-05	-0.022216229694056455	-0.0005508440833144057	-0.0012305822995344329	-0.0039001443656061507	0.0019201031891356024	0.00023570782024906478
-0.0006701926985577256	-0.00031723633936042717	-0.020531175906004506	-0.001299756878003988	-0.0016050386968797792	-0.004087372564278713	0.0014832373922335496	-0.000638023773555707
0.0006404046921490991	-6.759874113049236e-05	-0.018970940917067303	-0.001112528679331648	-0.0006688977035169685	-0.0028391845731285947	0.002606606584268034	0.00011088902113431942
-0.0019183806897076217	-0.0006292833371479567	-0.01878371271839474	-0.0012373474784468375	-0.0019170856946673087	-0.0017782247806510387	0.0018576937895784518	-0.0007628425726708965
-0.007160770252536475	-0.0008165115358202968	-0.021467316899366873	-0.0025479448691541062	-0.0034149112840464735	-0.0005300367895022529	0.0002974588006412482	-1.3929777980870028e-05
-0.01171665642023334	-0.0016902431296255127	-0.02508706207370115	-0.005169139650568422	-0.004912736873426526	-9.317099259953388e-05	-0.0025733735790036683	-0.000825251972227603
-0.007035951453421285	-0.0013157867322803884	-0.02358923648432154	-0.0047946832532237416	-0.003726958281834225	-0.004836285358968739	-0.002448554779888479	0.00011088902113431942
-0.0095323274357213	-0.0012533773327232378	-0.02527429027237371	-0.003234448264286094	-0.003914186480507009	-0.005273151155871014	-0.0020740983825435766	-0.0005756143739985564
-0.009906783833065758	-0.0012533773327232378	-0.028332350850690524	-0.0032968576638436886	-0.004226233478294095	-0.004711466559853772	-0.0021365077821007272	0.00023570782024906478
-0.007472817250324004	-0.0014406055313951338	-0.02839476025024812	-0.0037961328603037803	-0.003477320683604068	-0.005023513557641079	-0.003072648775463538	-0.0005756143739985564
-0.004539575471121715	-0.0004420551384751725	-0.02677211586175332	-0.002173488471808982	-0.0023539514915693616	-0.006084473350118191	-0.0014500043869687396	0.0005477548180368164
-0.005787763462272055	-0.0008165115358202968	-0.026709706462195948	-0.0028599918669411917	-0.003102864286259388	-0.00539796995498576	-0.0010131385900660206	-0.0005132049744409617
-0.0029793404821849556	-0.0004420551384751725	-0.02558633727016102	-0.0016118038757917397	-0.0021667232928970215	-0.00365050676737666	0.0007343245975435231	0.0002981172198066595
-0.0007326020981157644	-0.00013000814068808708	-0.02440055867856894	-0.0020486696726940146	-0.00185467629510927	-0.003962553765163523	0.0011087809948884253	-0.0003259767757679555
-0.00123187729457519	-0.000379645738918466	-0.023277189486534233	-0.0018614414740216745	-0.002104313893339649	-0.004773875959411145	0.0006719151979863724	0.00017329842069191415
-0.0021056088883799617	-0.000379645738918466	-0.020531175906004506	-0.0016118038757917397	-0.0021667232928970215	-0.003837734966048556	0.00098396219577368	-0.0007628425726708965
-0.0007326020981157644	-0.0005044645380327673	-0.019532625513084767	-0.001549394476234145	-0.0015426292973217404	-0.0033384597695886864	0.0010463715953312747	-1.3929777980870028e-05
0.0033240088731214534	0.0001820388570992204	-0.015039148744945718	-0.0008004816815445626	-0.00035685070572966104	-0.0009669025864043057	0.0031058817807279038	-0.0005132049744409617
0.005757975455863651	0.0006189046540017173	-0.012168316365301468	0.0002604781109327714	0.0005168808880751108	-3.0761593042161195e-05	0.004915754367895264	0.00017329842069191415
0.004697015663386317	0.0006189046540017173	-0.011419403570611442	0.00019806871137562077	0.0002048338902873592	-0.00046762738994421404	0.004666116769665107	-0.0005756143739985564
0.007692666842145979	0.0010557704509044363	-0.009671940383001454	0.0010718003051803926	0.0013906124818798826	-9.317099259953388e-05	0.005851895361257187	0.0002981172198066595
0.008254351438163221	0.0012429986495767764	-0.009359893385214146	0.0013214379034103274	0.0015778406805522227	0.00028128540474581243	0.0063511705577175	-0.0003883861753255502
0.006007613054093142	0.0009933610513468416	-0.011981088166628462	0.0008845721065078305	0.000891337285419791	0.0005933324025328979	0.005851895361257187	0.00017329842069191415
0.0026999148775468385	0.0005564952544443447	-0.012480363363088554	-0.00017638768596928145	-4.48037079425756e-05	-9.317099259953388e-05	0.005290210765239944	-0.00045079557488336697
0.004509787464713977	0.0008061328526740574	-0.011606631769283782	-0.00011397828641168672	0.0002672432898447319	-0.00152858718242177	0.005290210765239944	0.0002981172198066595
0.0017013644846266551	-6.759874113049236e-05	-0.013915779552911012	-0.0010501192797740533	-0.000793716502632158	-0.003837734966048556	0.0042292509727628325	-0.000825251972227603
0.0008900422903790339	0.00024444825665681513	-0.013666141954680855	-0.0003636158846420656	-0.0002944413061720663	-0.00508592295719823	0.004104432173648087	0.00023570782024906478
0.0007028140917066938	-5.189341573119677e-06	-0.012979638559548645	-0.0003636158846420656	-0.0005440789044022232	-0.006209292149233381	0.00366756637674559	-0.0005132049744409617
0.0012644986877243802	5.722005798447505e-05	-0.01360373255512326	-5.1568886854092e-05	0.00014242449073020857	-0.004961104158083485	0.004104432173648087	0.00023570782024906478
0.00026594829480441895	0.0001820388570992204	-0.012605182162203521	-0.0004884346837563669	-0.00048166950484462845	-0.004337010162508648	0.0038547945754179302	-0.0003883861753255502
-0.0007326020981157644	-0.00025482693980327653	-0.011169765972381285	-0.0011749380788887986	-0.0012929916990920276	-0.003962553765163523	0.0033555193789582827	0.00017329842069191415
-0.0007326020981157644	0.0001820388570992204	-0.01010880617990395	-0.0011749380788887986	-0.0011681728999768382	-0.003588097367818621	0.004166841573205682	-0.0005756143739985564
-0.00029573630121282335	5.722005798447505e-05	-0.010795309575036383	-0.0009877098802164586	-0.0011681728999768382	-0.0035256879682614706	0.005290210765239944	0.00023570782024906478
-0.0016063336919205362	-0.000379645738918466	-0.011481812970169036	-0.0016118038757917397	-0.0017922668955521193	-0.0037129161669342547	0.0042292509727628325	-0.0007004331731133018
0.00014112949568945155	5.722005798447505e-05	-0.011294584771496252	-0.0007380722819869678	-0.0005440789044022232	-0.0029015939726861895	0.004666116769665107	0.00023570782024906478
-0.0013566960936901573	-0.0004420551384751725	-0.010982537773708723	-0.0012373474784468375	-0.0012929916990920276	-0.0039001443656061507	0.004915754367895264	-0.0007004331731133018
-0.0004205551003284569	-0.00025482693980327653	-0.009859168581674238	-0.0008004816815445626	-0.0006688977035169685	-0.003213640970474163	0.005227801365682794	-7.633917753846475e-05
-0.001855971290150027	-0.0005044645380327673	-0.010670490775921415	-0.0011749380788887986	-0.001417810498207439	-0.0026519563744566987	0.004291660372319983	-0.000825251972227603
-4.609870298288854e-05	-6.759874113049236e-05	-0.008174114793621845	-0.0011749380788887986	-0.0008561259021897527	-0.0019030435797666723	0.0054774389639122845	0.00011088902113431942
-0.0011070584954604445	-0.0006916927367055514	-0.009110255786984656	-0.0016118038757917397	-0.0013554010986494003	-0.0028391845731285947	0.0048533449683378915	-0.0008876613717856419
-0.0012942866941327846	-0.00025482693980327653	-0.008673389990081715	-0.0008628910811017132	-0.0011681728999768382	-0.0026519563744566987	0.004416479171435617	4.8479621576724696e-05
-0.0011070584954604445	-0.00031723633936042717	-0.008298933592737034	-0.0014869850766765502	-0.0012305822995344329	-0.002215090577554202	0.003917203974975525	-0.0007004331731133018
-0.0004205551003284569	5.722005798447505e-05	-0.007362792599374224	-0.0008004816815445626	-0.000793716502632158	-0.0022774999771111304	0.003979613374532898	0.00017329842069191415
-0.002292837087052524	-0.0008165115358202968	-0.007924477195391688	-0.0021110790722516093	-0.00185467629510927	-0.00365050676737666	0.003043472381170753	-0.000825251972227603
-0.006349448058289298	-0.0010661491340504536	-0.010857718974593977	-0.0026727636682684075	-0.002478770290684107	-0.004711466559853772	0.0012335997940036147	-0.0001387485770956154
-0.00934509923704896	-0.0015030149309527285	-0.013354094956893325	-0.0032968576638436886	-0.003539730083161441	-0.005772426352331106	-0.00020181639581884347	-0.000638023773555707
-0.008096911245898841	-0.0015654243305103233	-0.013666141954680855	-0.003234448264286094	-0.003102864286259388	-0.005897245151446295	-0.00013940699626124875	-0.0001387485770956154
-0.00940750863660611	-0.0012533773327232378	-0.011856269367513717	-0.003234448264286094	-0.0036021394827192577	-0.004773875959411145	-7.699759670365403e-05	-0.00045079557488336697
-0.008970642839704057	-0.0013781961318379832	-0.012792410360875861	-0.0037337234607459635	-0.0036021394827192577	-0.004649057160295955	-0.0002642257953764382	0.00017329842069191415
-0.008159320645456436	-0.0016902431296255127	-0.012605182162203521	-0.00398336105897612	-0.00378936768139182	-0.0045866477607385825	0.00017264000152650283	-0.000825251972227603
-0.005974991660944395	-0.0010661491340504536	-0.012355544563973586	-0.003047220065613976	-0.002853226688029231	-0.004649057160295955	0.00098396219577368	4.8479621576724696e-05
-0.005288488265811964	-0.0012533773327232378	-0.012730000961318488	-0.0028599918669411917	-0.0027284078889140417	-0.004274600762951053	0.0015456467917907002	-0.000825251972227603
-0.002230427687495151	-0.0006292833371479567	-0.011793859967956122	-0.001549394476234145	-0.0016050386968797792	-0.002589546974899104	0.0016704655909058896	0.00017329842069191415
-0.0025424746852824587	-0.0008789209353783356	-0.010233624979018918	-0.002173488471808982	-0.0019170856946673087	-0.002589546974899104	0.0023569689860383214	-0.0008876613717856419
-0.000982239696345255	-0.00031723633936042717	-0.008548571190966525	-0.001549394476234145	-0.0012305822995344329	-0.002776775173571	0.0027938347829408183	0.00023570782024906478
-0.0009198302967881045	-0.00019241754024590385	-0.006988336202029322	-0.0014869850766765502	-0.000980944701304498	-0.002215090577554202	0.0033555193789582827	-0.00045079557488336697
0.00014112949568945155	-0.00025482693980327653	-0.005615329411764902	-0.001112528679331648	-0.0010433541008625369	-0.002215090577554202	0.003979613374532898	0.00023570782024906478
0.0035112370717940156	0.00011962945754162568	-0.004429550820172601	-0.00042602528419966035	8.001509117216976e-05	0.0004061042038610019	0.006912855153734743	-0.0005756143739985564
0.005508337857633494	0.0004940858548863059	-0.0026196782330054624	0.0004477063096055556	0.0007041090867474509	0.0006557418020900485	0.011593560120546798	0.00023570782024906478
0.005196290859846409	0.0003692670557720046	-0.0021204030365453708	-0.00023879708552687617	0.0005168808880751108	0.0006557418020900485	0.00984609693293681	-0.0005132049744409617
0.0075054386434731946	0.001305408049133927	-0.0005601680476081672	0.001196619104295582	0.001952297077897569	0.002215976791027696	0.010907056725414366	0.000610164217593967
0.006756525848783612	0.0009309516517888028	-0.001870765438315436	0.0006973439078354904	0.0016402500801098174	0.004150668177309802	0.008535499542229541	-0.0005132049744409617
0.006818935248340763	0.0012429986495767764	-0.0013090808422981937	0.0006973439078354904	0.001952297077897569	0.003901030579079645	0.006975264553291893	0.0005477548180368164
0.0028871430762187344	0.0006813140535593121	-0.0002481210498208597	7.324991226043132e-05	0.0012033842832075425	0.00826968854810417	0.0021697407873659813	-0.0003883861753255502
0.006132431853208331	0.0008061328526740574	0.0005632011444265395	1.0840512703058636e-05	0.0018274782787821575	0.0029648895857177227	0.003917203974975525	0.00023570782024906478
0.0012644986877243802	0.00011962945754162568	-0.0015587184405281285	-5.1568886854092e-05	0.0002672432898447319	0.0015294733958952644	0.002856244182498413	-0.0007004331731133018
-0.00023332690165567271	0.00011962945754162568	-0.001870765438315436	-0.0005508440833144057	-0.00048166950484462845	-0.00021798979171427924	0.004603707370107513	0.00017329842069191415
-0.0006077832990003529	5.722005798447505e-05	-0.000809805645838102	-0.0009253004806593079	-0.000793716502632158	-0.0004052179903870634	0.006975264553291893	-0.0005756143739985564
-0.00010850810254048326	-6.759874113049236e-05	-0.00018571165026326497	-0.001299756878003988	-0.0009185353017473474	-0.00046762738994421404	0.00616394235904516	0.00023570782024906478
-0.0004205551003284569	0.0001820388570992204	0.0001887447470818593	-0.001112528679331648	-0.00048166950484462845	-0.00046762738994421404	0.0063511705577175	-0.0003259767757679555
7.872009613185682e-05	0.00011962945754162568	0.0008128387426562522	-0.0004884346837563669	-0.00016962250705687687	-0.0008420837872895603	0.005976714160372376	0.00036052661936425423
-0.0008574208972300656	-0.00025482693980327653	0.00043838234531135	-0.0008628910811017132	-0.0006688977035169685	-0.0012789495841913912	0.006226351758602755	-0.000638023773555707
0.0006404046921490991	5.722005798447505e-05	0.0003759729457537553	-0.0005508440833144057	1.7605691615019126e-05	-0.0017782247806510387	0.007037673952849932	0.0002981172198066595
-0.0008574208972300656	5.722005798447505e-05	-0.0003105304493782324	-0.0006132534828717784	-0.00048166950484462845	-0.00046762738994421404	0.0065383987563900625	-0.00045079557488336697
-4.609870298288854e-05	-5.189341573119677e-06	-0.0002481210498208597	-0.0008628910811017132	-0.00041926010528725577	-0.0004052179903870634	0.006600808155947657	0.00036052661936425423
-0.000982239696345255	-0.00019241754024590385	-0.0008722150453956967	-0.0011749380788887986	-0.0009185353017473474	-0.0004052179903870634	0.0059143047608152255	-0.0005132049744409617
0.00020353889524704627	0.0003692670557720046	-0.000809805645838102	-0.0004884346837563669	-4.48037079425756e-05	-9.317099259953388e-05	0.006475989356832468	0.0005477548180368164
-0.0014815148928053468	-0.000379645738918466	-0.0015587184405281285	-0.0010501192797740533	-0.0010433541008625369	-0.0007172649881741489	0.005664667162585291	-0.0005132049744409617
7.872009613185682e-05	0.0001820388570992204	-0.0006225774471657619	-0.00042602528419966035	-0.00010721310750017032	9.405720607302825e-05	0.005415029564355134	0.0004229360189216269
-0.000170917502098078	0.00011962945754162568	-0.0002481210498208597	-0.000675662882428929	-0.00035685070572966104	-0.0001555803921571286	0.005789485961699592	-0.0002011579766532101
-0.00010850810254048326	0.00011962945754162568	0.00031356354619660465	-0.0004884346837563669	-0.00035685070572966104	0.0005309230029753031	0.006226351758602755	0.00036052661936425423
-0.00123187729457519	-6.759874113049236e-05	0.00012633534752426456	-0.0009877098802164586	-0.0008561259021897527	0.0005933324025328979	0.005040573167010454	-0.0003883861753255502
0.00020353889524704627	0.0001820388570992204	-0.0006225774471657619	-0.0004884346837563669	-0.0002320319066144716	0.001217426398107735	0.004790935568780075	0.0005477548180368164
-0.0023552464866096745	-6.759874113049236e-05	0.00025115414663856583	-0.0011749380788887986	-0.0009185353017473474	0.0015918827954528592	0.002606606584268034	-0.00026356737621080484
-0.005538125864041676	-0.0005044645380327673	-0.0017459466392009126	-0.0021110790722516093	-0.00185467629510927	-0.0014037683833065806	0.002481787785153289	0.000610164217593967
-0.009220280437933326	-0.0012533773327232378	-0.004616779018845385	-0.0024855354695965115	-0.0032276830853741334	-0.0020902717784390124	0.0002974588006412482	-0.0003259767757679555
-0.007784864248111756	-0.001003739734492859	-0.003805456824597764	-0.0026727636682684075	-0.0027908172884716365	-0.0020902717784390124	0.0007343245975435231	0.0004229360189216269
-0.008970642839704057	-0.001627833730067474	-0.0049288260166324704	-0.003608904661631218	-0.0036645488822766303	-0.0030888221713587516	-0.0005762727931639677	-0.0007004331731133018
-0.00797209244678454	-0.0015654243305103233	-0.0036806380254821303	-0.003047220065613976	-0.0031652736858169828	-0.003026412771801379	-0.0005138633936059289	-1.3929777980870028e-05
-0.006723904455633978	-0.001003739734492859	-0.002744497032120652	-0.002610354268711701	-0.0027284078889140417	-0.002215090577554202	-7.699759670365403e-05	-0.0003259767757679555
-0.005038850667581585	-0.0008165115358202968	-0.002057993636987776	-0.0017990320744640798	-0.002104313893339649	-0.0017782247806510387	0.0017328749904634844	0.0002981172198066595
-0.004165119073777257	-0.001003739734492859	-0.0008722150453956967	-0.0021110790722516093	-0.002041904493781832	-0.0016534059815367375	0.0038547945754179302	-0.0005132049744409617
-0.0016063336919205362	-0.0004420551384751725	0.0010000669413290364	-0.0013621662775615828	-0.0012305822995344329	-0.0005924461890589594	0.0029810629816127143	0.00023570782024906478
-0.000982239696345255	-0.00031723633936042717	0.0020610267338061483	-0.0011749380788887986	-0.0010433541008625369	-0.00028039919127187396	0.0032307005798430932	-0.0003883861753255502
-0.0006701926985577256	-0.0004420551384751725	0.0016241609369034293	-0.001112528679331648	-0.0008561259021897527	9.405720607302825e-05	0.003293109979400466	0.00011088902113431942
-0.000982239696345255	-0.00019241754024590385	0.003558852323185757	-0.0009253004806593079	-0.0008561259021897527	9.405720607302825e-05	0.003293109979400466	-0.0003259767757679555
0.0009524516899370727	-6.759874113049236e-05	0.0024978925307086453	-0.00023879708552687617	-0.0002320319066144716	0.0014670639963376697	0.003729975776302741	0.00036052661936425423
0.0041353310673686305	0.00024444825665681513	0.00536872491035334	7.324991226043132e-05	0.00032965268940299275	0.0029648895857177227	0.004166841573205682	-0.0005132049744409617
0.007193391645685887	0.0010557704509044363	0.006804141100175132	0.0013214379034103274	0.0017026594796674122	0.0035889835812925597	0.00616394235904516	0.00048534541847922164
0.005383519058518749	0.0006189046540017173	0.006741731700617759	0.001196619104295582	0.0009537466849773857	0.0034017553826202196	0.005976714160372376	-0.0005132049744409617
0.008628807835507457	0.0013678174486915218	0.00880124188601461	0.002007941298542759	0.002389162874799844	0.004150668177309802	0.00734972095063724	0.00036052661936425423
0.008004713839933064	0.0009933610513468416	0.008364376089112557	0.0016958943007554517	0.0018274782787821575	0.0040258493781946125	0.006975264553291893	-0.00045079557488336697
0.006756525848783612	0.0012429986495767764	0.007178597497520256	0.001820713099870419	0.0020147064774551637	0.0035889835812925597	0.006788036354619553	0.0005477548180368164
0.0035736464713516103	0.0004316764553295993	0.005680771908140647	0.0006349345082778957	0.0005168808880751108	0.0023407955901422195	0.0054774389639122845	-0.0005132049744409617
0.004697015663386317	0.0008685422522316522	0.006180047104600739	0.0011342097047379873	0.0013906124818798826	0.0034017553826202196	0.0059143047608152255	0.0004229360189216269
