Sensor_1	Sensor_2	Sensor_3	Sensor_4	Sensor_5	Sensor_6	Sensor_7	Sensor_8
0.00446956460669834	0.0010565474479284909	0.00651843086900139	0.0010948324940871501	0.0014352851300829528	0.0027626332036312373	0.0038491496452279783	0.0003904987335010546
0.0034710142137792666	0.0006820910505835887	0.0043965112840465	0.0003459196993975677	0.0009360099336230832	0.002388176806286557	0.0029130086518656118	-0.00048323286030327317
0.00446956460669834	0.0006820910505835887	0.0043965112840465	0.00090760429541481	0.0017473321278707044	0.0025129956054017466	0.0027881898527506443	0.00032808933394390394
0.0003505442359044153	5.799705500830754e-05	0.0008391755092695963	0.0007203760967420259	0.000748781734950521	0.0004534854200042293	0.0007910890669111659	-0.0005456422598608679
0.0011618664301515924	5.799705500830754e-05	0.0006519473105968121	0.0010948324940871501	0.0011232381322958673	0.0005158948195620461	0.0008534984664683165	0.00014086113527156385
3.849723811644168e-05	-0.00012923114366358845	0.00033990031280972666	0.0005955572976272805	0.00037432533760628495	0.0003286666208892619	0.0009783172655830619	-0.0006080516594184626
0.0011618664301515924	0.00024522525368086967	0.0002150815136949813	0.0003459196993975677	0.0005615535362781809	0.0005783042191194188	0.0017896394598311272	0.0003904987335010546
-0.0004607779583432059	-4.412344548399005e-06	-0.00047142188143745045	-0.0003405836957353081	-0.00018735925841140144	-4.578977645586235e-05	0.0009159078660259112	-0.0005456422598608679
-0.0005855967574579513	-6.682174410599373e-05	-0.00015937488364992092	-0.00015335549706252394	-0.00024976865796899617	1.6619623102176462e-05	0.0012279548638134408	0.0002032705348287145
-0.0008976437552452587	-0.00037886874189352326	-0.00040901248187985573	-0.0005278118944072041	-0.0003745874570841856	-0.0004202461738003205	0.0007286796673535711	-0.0006704610589760573
0.0003505442359044153	-0.00012923114366358845	0.0005271285114825108	9.628210116718883e-05	0.0002495065384910955	-0.0002954273746855751	0.0007286796673535711	0.00014086113527156385
-0.0011472813534756376	-0.00037886874189352326	0.0004647191119249161	-0.00021576489661967457	-0.0003121780575265909	-0.0004202461738003205	0.00035422327000866893	-0.0008576892576486195
-0.0007104155565726966	-0.0004412781414515621	-0.0005338312809950452	-0.00046540249485005347	-0.00012494985885380672	-0.0004826555733579152	-8.264252689360596e-05	-0.00010877646295903709
-0.00014873096055545432	-0.0002540499427787779	-0.0008458782787823527	-0.0006526306935223936	-6.254045929687813e-05	-0.0005450649729155099	-0.0006443271229112923	-0.0007952798580912468
-0.0007728249561302913	-0.0006285063401236801	-0.00015937488364992092	-0.0005278118944072041	-0.0004994062561993751	-0.0012315683680479417	-0.0010187835202564166	-0.00023359526207378245
-0.0009600531548028535	-0.0007533251392388696	0.000277490913252576	-0.0009646776913099231	-0.0006242250553136763	-0.001356387167162687	-0.0018925151140609664	-0.0010449174563209596
3.849723811644168e-05	-6.682174410599373e-05	-0.0019692474708175034	0.0003459196993975677	6.227833981853337e-05	-0.0010443401693753795	-0.0010187835202564166	1.604233615615236e-05
-0.0017089659494924359	-0.00037886874189352326	-0.001407562874799817	-0.00015335549706252394	-0.0008114532539862385	-0.0012315683680479417	-0.0007067365224688871	-0.0006704610589760573
-0.00033595915922757236	-4.412344548399005e-06	0.0007143567101548509	-0.00040299309529245875	-0.00012494985885380672	-0.00073229317158785	0.0002918138704510742	0.00032808933394390394
0.00016331603723207522	-0.00037886874189352326	0.002586638696879584	-0.0007150400930795442	-0.00024976865796899617	-0.0011067495689327522	-0.0006443271229112923	-0.0007952798580912468
0.003346195414663633	-0.0005660969405660854	0.002773866895552146	-0.00046540249485005347	0.001809741527427855	-0.001980481162737524	-0.0035775689021129153	-0.00017118586251618773
-0.003830885534447548	-0.0007533251392388696	-0.0072116370336463564	0.002155792286564706	-0.001123500251773768	-0.005100951140611931	-0.0022669715114056466	-0.0008576892576486195
-0.020057329419393977	-0.0016270567330436414	-0.013889442786297446	-0.0009646776913099231	-0.0071148026092928696	-0.00304144095521508	-0.00014505192645164477	-0.00023359526207378245
-0.009510140894178676	-0.0017518755321588309	0.0002150815136949813	-0.009389946631571222	-0.005492158220797849	-0.00073229317158785	4.217627222069531e-05	-0.0008576892576486195
0.0015987322270540893	-0.001502237933928452	0.005707108674753769	-0.006519114251926528	-0.0008114532539862385	-0.002417346959639799	-0.003203112504768013	1.604233615615236e-05
-0.005952805119401994	-0.0014398285343708572	0.0005895379110401056	-0.00021576489661967457	-0.00018735925841140144	-0.005787454535744363	-0.005512260288395687	-0.0006080516594184626
-0.01038387248798367	-0.0013150097352561119	-0.007835731029221193	0.0018437452887767325	-0.0003745874570841856	-0.0050385417410545585	-0.0054498508888376485	0.0002032705348287145
-0.005765576920729654	-0.001502237933928452	-0.011018610406653195	0.0003459196993975677	-0.0005618156557569698	-0.004539266544594689	-0.005137803891050563	-0.0007952798580912468
-0.0008976437552452587	-0.0010029627374683603	-0.0067747712367438595	-0.0032114160753791143	-0.001560366048676487	-0.002230118760967903	-0.003265521904325608	7.845173571396913e-05
-0.00688894611276436	-0.0012526003356987392	-0.002842979064621831	-0.005208516861219259	-0.005804205218585823	-0.0016684341649502166	-0.001143602319371384	-0.0009200986572062142
-0.005515939322499497	-0.0005036875410084907	-0.0015947910734723791	-0.003710691271839206	-0.004368789028763365	-0.001169158968490347	0.000541451468680787	0.00014086113527156385
0.0010994570305939977	-0.0009405533379112097	-0.0023437038681624056	-0.002899369077592029	-0.0005618156557569698	-0.0019180717631803734	-0.001767696314945999	-0.0010449174563209596
0.0045319740062563785	-4.412344548399005e-06	-0.0038415294575420145	0.0011572418936447448	0.0031203389181351238	-0.0016684341649502166	-0.0029534749065385224	0.00032808933394390394
0.0010994570305939977	-0.0004412781414515621	-0.004528032852674224	0.0039656648737320666	0.001996969726100639	-0.0029790315556574853	-0.0028910655069809277	-0.0006080516594184626
0.002784510818646835	5.799705500830754e-05	-0.0009082876783399474	0.0039032554741735837	0.0013728757305262462	-0.0006698837720302553	-2.0233127336455325e-05	1.604233615615236e-05
0.0062170277943085495	0.00012040645456634635	0.0037724172884721074	3.38727016095941e-05	0.0009984193331806779	0.0015144452124817853	0.0021640958571758073	-0.0008576892576486195
0.005468114999618523	0.00037004405279628116	0.00670565906767373	-0.0017759998855573222	0.00012468773937590605	0.0031994990005337343	0.004473243640802815	-0.00017118586251618773
0.004219927008468405	0.0006196816510259939	0.007142524864576005	-0.0009022682917523284	-0.0003745874570841856	0.0033867271992065184	0.005908659830624607	-0.0008576892576486195
0.005904980796520798	0.0008069098496987781	0.008016256458380777	0.0012196512932018955	0.0013728757305262462	0.00407323059433895	0.006719982024872007	-0.00017118586251618773
0.008463766178377963	0.0007445004501411834	0.008765169253070804	0.0017813358892195819	0.0029955201190201564	0.003012270801861394	0.004161196643015064	-0.0008576892576486195
0.0064042559929804455	0.00030763465323868644	0.0052078334782936775	0.0031543426794844454	0.0034323859159230974	0.0007031230182346082	0.0017272300602735324	-0.00023359526207378245
0.003970289410238914	0.0005572722514683992	0.005457471076524056	0.0031543426794844454	0.002621063721675032	0.0008279418173493536	0.0017272300602735324	-0.00073287045853343
0.003158967215991737	0.00030763465323868644	0.0017129071030745902	0.0015941076905472418	0.0014976945296405475	0.0007031230182346082	0.0016648206607159377	-4.6367063401442365e-05
-0.0003983685587851671	-0.00031645934233592854	-0.0005962406805524179	-0.0007150400930795442	-0.0007490438544288658	-0.0006698837720302553	0.00022940447089347948	-0.0009200986572062142
-0.00033595915922757236	-0.0004412781414515621	-0.002031656870374654	-0.0015263622873271654	-0.001310728450446108	-0.0009819307698177848	-8.264252689360596e-05	-0.0002960046616313772
-0.0020210129472804095	-0.0005036875410084907	0.0014632695048448774	-0.0005902212939647988	-0.0014355472495612975	-0.0007947025711450006	0.000541451468680787	-0.0009825080567633648
-0.0015217377508203178	-0.00031645934233592854	-3.455608453517556e-05	0.0003459196993975677	-0.0009362720531014279	-0.0004202461738003205	0.001352773662927964	-0.00010877646295903709
-0.0005231873579003565	-0.00019164054322118318	0.0037724172884721074	-0.00015335549706252394	-0.00043699685664133625	0.0004534854200042293	0.0017272300602735324	-0.00073287045853343
0.0019731886243996577	-6.682174410599373e-05	0.005145424078736083	-0.0002781742961777134	0.0011232381322958673	0.0010775794155792884	0.00241373345540552	0.00014086113527156385
0.0002881348363468206	-0.00037886874189352326	0.00683047786678892	3.38727016095941e-05	0.0004991441367205862	0.00039107602044685663	0.002039277058060396	-0.00073287045853343
0.0012242758297091871	-0.00019164054322118318	0.004958195880064187	0.0003459196993975677	0.0010608287327382726	-0.00017060857557016362	0.0012903642633710355	1.604233615615236e-05
-0.0008976437552452587	-0.0005036875410084907	0.0028986856946668915	3.38727016095941e-05	0.00012468773937590605	-0.00073229317158785	0.0007286796673535711	-0.0007952798580912468
0.00047536303501960475	5.799705500830754e-05	0.0033355514915689444	-2.8536697947112444e-05	0.00037432533760628495	-0.0002954273746855751	0.0012279548638134408	0.0002032705348287145
-0.0024578787441826844	-0.00012923114366358845	0.002586638696879584	-0.000777449492637583	-0.0009986814526585786	-0.00035783677424316984	0.0011031360646986954	-0.0003584140611880837
0.0007250006332493175	0.00043245345235365384	0.005519880476081207	-0.0006526306935223936	0.0002495065384910955	-0.00017060857557016362	0.0004790420691234143	0.0007025457312885841
-0.0005855967574579513	-4.412344548399005e-06	0.00839071285572568	-2.8536697947112444e-05	0.00018709713893350077	-0.0012939777676046482	-2.0233127336455325e-05	-0.00023359526207378245
0.0009122288319221017	-0.00012923114366358845	0.008141075257496189	0.000283510299839973	0.0009984193331806779	-0.001169158968490347	-0.0014556493171584695	0.00032808933394390394
0.00022572543678922585	-0.00019164054322118318	0.009077216250858111	0.0010324230945295554	0.0004991441367205862	-0.0018556623636230007	-0.001954924513618561	-0.0006080516594184626
0.0007250006332493175	5.799705500830754e-05	0.007579390661478502	0.001344470092317085	0.0003119159380486902	-0.0006074743724726606	-0.0012684211184865735	0.0002656799343863092
-0.0017089659494924359	-0.00031645934233592854	0.007142524864576005	3.38727016095941e-05	-0.0014355472495612975	-0.0010443401693753795	-0.0012060117189285346	-0.0006080516594184626
-0.00208342234683756	-0.00019164054322118318	0.007392162462806162	-0.0007150400930795442	-0.0018724130464637945	-0.00073229317158785	4.217627222069531e-05	0.0002656799343863092
-0.006701717914091576	-0.0008157345387964643	0.006206383871213639	-0.002462503280689532	-0.0034950574349581487	-0.0014812059662774324	-0.0010811929198137893	-0.0005456422598608679
-0.007200993110551668	-0.0011901909361407004	0.005145424078736083	-0.003336234874494526	-0.003245419836728658	-0.0029790315556574853	-0.0031407031052108625	0.0002032705348287145
-0.006701717914091576	-0.0016270567330436414	0.0043965112840465	-0.0022752750820167478	-0.0027461446402690104	-0.003727944350347512	-0.004076844098572785	-0.00073287045853343
-0.006264852117189079	-0.001689466132600348	0.002337001098649205	-0.0009646776913099231	-0.0018100036469061997	-0.004164810147249565	-0.005137803891050563	7.845173571396913e-05
-0.0055783487220568695	-0.0013150097352561119	0.005769518074311586	-0.0007150400930795442	-0.0011859096513313627	-0.004164810147249565	-0.005699488487068027	-0.00048323286030327317
-0.005640758121614464	-0.0010029627374683603	0.0031483232928968263	-0.00046540249485005347	-0.001560366048676487	-0.003915172549019852	-0.003952025299458484	0.000515317532616244
-0.006826536713206766	-0.0014398285343708572	0.002773866895552146	-0.002899369077592029	-0.0034950574349581487	-0.0029166221560998906	-0.003203112504768013	-0.0006704610589760573
-0.00420534193179245	-0.0006909157396808308	0.006206383871213639	-0.0033986442740521206	-0.0031206010376134685	-0.001980481162737524	-0.0012060117189285346	0.0004529081330586493
-0.0022706505455099	-0.0007533251392388696	0.007267343663690973	-0.002649731479362316	-0.0024965070420386315	-0.001980481162737524	-0.001580468116273659	-0.0005456422598608679
-0.0010224625543604482	-0.0005660969405660854	0.0056446992751963965	-0.000777449492637583	-0.0006242250553136763	-0.002854212756542296	-0.002641427908751215	7.845173571396913e-05
-0.0008352343556878861	-0.0004412781414515621	0.004833377080948775	0.0008451948958576594	-0.0005618156557569698	-0.002417346959639799	-0.0031407031052108625	-0.00048323286030327317
0.0009746382314796964	-6.682174410599373e-05	0.001962544701304525	0.0014692888914322744	0.0002495065384910955	-0.0016684341649502166	-0.001954924513618561	0.0003904987335010546
0.0012866852292667819	-0.0006909157396808308	0.0018377259021897796	-0.00015335549706252394	-0.001123500251773768	-0.0014812059662774324	-0.0024541997100784307	-0.0007952798580912468
0.004032698809796509	0.0006820910505835887	0.004146873685816566	0.001344470092317085	0.0002495065384910955	0.00020384782177451655	0.00022940447089347948	0.000515317532616244
0.0036582424124516066	-4.412344548399005e-06	0.004958195880064187	0.0006579666971848752	-0.00043699685664133625	0.0008279418173493536	0.0011031360646986954	-0.0008576892576486195
0.006903531189440537	0.0009941380483711182	0.004271692484931977	0.0010948324940871501	0.0009984193331806779	0.0015144452124817853	0.002039277058060396	0.0002656799343863092
0.008151719180590877	0.0007445004501411834	0.004334101884488906	0.0016565170901048365	0.0017473321278707044	0.002388176806286557	0.0021016864576182126	-0.0006080516594184626
0.01046086696421722	0.0016182320439455111	0.007766618860150842	0.003840846074616877	0.003245157717250313	0.003074680201418989	0.0034122838483250373	0.0004529081330586493
0.006903531189440537	0.0010565474479284909	0.007454571862363757	0.003653617875944315	0.002496244922560731	0.0018889016098269096	0.00241373345540552	-0.00042082346074612254
0.004594383405813529	0.0006820910505835887	0.007641800061036097	0.0024678392843520136	0.0014976945296405475	0.0014520358129241906	0.001976867658503023	0.0002656799343863092
0.004656792805371346	0.0005572722514683992	0.007891437659265588	0.0010324230945295554	0.0005615535362781809	0.00138962641336704	0.0017272300602735324	-0.0005456422598608679
0.0024100544213012665	0.00030763465323868644	0.0073297530632485675	0.0004707384985123131	-0.00012494985885380672	0.0005783042191194188	0.0010407266651406566	7.845173571396913e-05
0.00041295363546201	5.799705500830754e-05	0.005582289875638802	3.38727016095941e-05	-0.0005618156557569698	-0.0004202461738003205	-0.00033228012512398486	-0.0006080516594184626
-0.000648006157015546	-0.0002540499427787779	0.002337001098649205	0.0007203760967420259	-0.0006242250553136763	-0.0014187965667202818	-0.0007067365224688871	-4.6367063401442365e-05
0.0011618664301515924	-6.682174410599373e-05	0.0028986856946668915	0.0005331478980696858	0.00018709713893350077	-0.001169158968490347	-0.0013308305180441682	-0.0005456422598608679
0.001910779224842063	0.000182815854123497	0.003647598489356918	0.0012196512932018955	0.0008111911345078937	-0.001356387167162687	-0.002391790310520836	0.0002656799343863092
0.0011618664301515924	5.799705500830754e-05	0.004334101884488906	0.0014068794918744576	0.00037432533760628495	-0.0021677093614103082	-0.002641427908751215	-0.00048323286030327317
-0.0023954693446248676	-6.682174410599373e-05	0.0004647191119249161	0.00090760429541481	-0.0012483190508889574	-0.0014187965667202818	-0.0015180587167160642	0.0003904987335010546
-0.0013345095521475336	0.000182815854123497	0.005707108674753769	-0.0006526306935223936	-0.0017475942473490491	-0.00023301797512775835	-0.0006443271229112923	-0.0003584140611880837
-0.0008352343556878861	-0.0004412781414515621	0.007142524864576005	-0.0015887716868847601	-0.0021220506446937293	-0.0005450649729155099	0.00016699507133588476	-0.00010877646295903709
-0.000648006157015546	5.799705500830754e-05	0.007704209460593248	-0.0009022682917523284	-0.001310728450446108	-4.578977645586235e-05	-0.00014505192645164477	-0.0003584140611880837
0.0007874100328071343	-6.682174410599373e-05	0.006143974471656044	0.0003459196993975677	0.0003119159380486902	-0.0009819307698177848	-0.0008939647211407831	0.00014086113527156385
0.0020355980239563642	-6.682174410599373e-05	0.005457471076524056	0.0017813358892195819	0.0009984193331806779	-0.0012315683680479417	-0.0018301057145035937	-0.0003584140611880837
0.0009746382314796964	0.00012040645456634635	0.003834826688028814	0.0022806110856796735	0.0013728757305262462	-0.0012939777676046482	-0.0014556493171584695	0.000515317532616244
-0.0009600531548028535	-0.0002540499427787779	0.00452133008316169	0.0007827854962996206	-0.0006866344548712711	-0.0004202461738003205	-0.0012060117189285346	-0.0003584140611880837
-0.0007104155565726966	0.0004948628519112486	0.00820348465705334	-2.8536697947112444e-05	-0.0009986814526585786	0.00014143842221692182	0.00010458567177917821	0.0005777269321738387
-0.0018337847486076253	-0.00012923114366358845	0.010325404242008007	-0.001838409285114917	-0.0023092788433660694	0.00026625722133211127	-0.0007691459220264818	-0.00042082346074612254
0.00010090663767492458	0.00012040645456634635	0.011386364034485341	-0.0013391340886548253	-0.0011859096513313627	0.00014143842221692182	-0.0007691459220264818	0.0003904987335010546
-0.0011472813534756376	-0.0002540499427787779	0.009888538445105288	-0.00015335549706252394	-0.0006866344548712711	-0.0006074743724726606	-0.002017333913176156	-0.0005456422598608679
0.0006001818341343501	0.00012040645456634635	0.007953847058823627	0.0012820606927594902	0.0005615535362781809	-0.0006698837720302553	-0.0022669715114056466	0.0004529081330586493
-0.004392570130464346	-0.0011277815365835497	0.004895786480506592	-0.00040299309529245875	-0.001123500251773768	-0.002854212756542296	-0.005387441489280054	-0.0006080516594184626
-0.0074506307087811585	-0.0008781439383536149	0.0026490480964369567	-0.0007150400930795442	-0.00218446004425088	-0.003478306752117133	-0.005325032089722903	0.0005777269321738387
-0.007325811909666857	-0.0013774191348137066	0.003023504493781637	-0.002899369077592029	-0.0037446950331885276	-0.003478306752117133	-0.005200213290608158	-0.00042082346074612254
-0.0055783487220568695	-0.0011901909361407004	0.0025242292973217673	-0.0032114160753791143	-0.0023092788433660694	-0.0036031255512323224	-0.00644840128175761	0.00032808933394390394
-0.006826536713206766	-0.001689466132600348	-0.0020940662699318047	-0.0023376844815747866	-0.0031206010376134685	-0.005787454535744363	-0.007509361074235388	-0.0005456422598608679
-0.007637858907453943	-0.0014398285343708572	-0.0037791200579844197	-0.000777449492637583	-0.003058191638056096	-0.004788904142824624	-0.006947676478217257	0.0002656799343863092
-0.006389670916304269	-0.0011901909361407004	-0.002905388464179426	-0.0010894964904248905	-0.0036198762340737822	-0.0039775819485770025	-0.004326481696803386	-0.00048323286030327317
-0.006389670916304269	-0.00031645934233592854	0.0030859138933392316	-0.0012143152895396359	-0.00430637962920577	-0.00035783677424316984	0.00022940447089347948	0.0007025457312885841
-0.0038932949340042544	-0.0008157345387964643	0.014943699809262467	-0.004272375867856892	-0.0037446950331885276	0.0013272170138094452	0.0027257804531926055	-0.00042082346074612254
0.0010994570305939977	-0.00019164054322118318	0.023368968749523322	-0.0027121408789192447	-0.0003121780575265909	0.002450586205844152	0.003100236850537952	0.0003904987335010546
0.0021604168230715537	-0.0005036875410084907	0.02224559955748817	-0.0002781742961777134	0.001622513328755515	0.0005158948195620461	4.217627222069531e-05	-0.0005456422598608679
0.002347645021744116	-6.682174410599373e-05	0.016940800595101724	0.002155792286564706	0.0029331107194630057	7.90290226593271e-05	-0.0023293809109636854	0.0003904987335010546
0.0019731886243996577	-0.0004412781414515621	0.011573592233157681	0.0022806110856796735	0.002059379125658234	-0.0009819307698177848	-0.004388891096360981	-0.0005456422598608679
0.004095108209354104	0.0008069098496987781	0.009264444449530451	0.0025302486839096083	0.001622513328755515	0.0008279418173493536	-0.002204562111848496	0.000515317532616244
0.002285235622186521	0.0007445004501411834	0.005457471076524056	-0.0006526306935223936	-0.001310728450446108	0.002263358007171812	0.00016699507133588476	-0.0003584140611880837
0.0034086048142212277	0.0009941380483711182	0.0023994104982068	-0.0016511810864423548	-0.0016851848477914544	0.0027626332036312373	0.001976867658503023	0.0004529081330586493
0.005343296200503556	0.0007445004501411834	0.0023994104982068	-0.0010894964904248905	-0.0006866344548712711	0.0029498614023042435	0.002039277058060396	-0.00048323286030327317
0.01102255156023535	0.0018054602426182953	0.003647598489356918	0.0026550674830247978	0.003557204715038287	0.0033867271992065184	0.0018520488593878337	0.0005777269321738387
0.00871340377660812	0.0008069098496987781	-0.0021564756694896214	0.005089034065766329	0.00436852690928502	0.0008903512169073924	-0.0008939647211407831	-0.00048323286030327317
0.008650994377050525	0.0013061850461584257	-0.0052769456473638066	0.006524450255588787	0.004930211505302706	0.00039107602044685663	-0.0007067365224688871	0.0007025457312885841
0.004656792805371346	0.0008069098496987781	-0.005776220843823898	0.004090483672846368	0.0021841979247729792	0.0012648076142516285	0.00041663266956581957	-0.0003584140611880837
0.0024724638208593053	0.0009317286488130794	-0.0015947910734723791	0.00090760429541481	0.00012468773937590605	0.002388176806286557	0.0021016864576182126	0.000515317532616244
-0.0011472813534756376	5.799705500830754e-05	0.000901584908827191	-0.0025249126802471267	-0.002371688242923664	0.0018264922102693149	0.0014775924620435976	-0.00042082346074612254
-0.0010224625543604482	0.00037004405279628116	0.004458920683604095	-0.0020880468833448518	-0.001560366048676487	0.0021385392080566223	0.001976867658503023	0.000515317532616244
0.0006001818341343501	0.0006196816510259939	0.007891437659265588	-0.0003405836957353081	0.0003119159380486902	0.002200948607614217	0.0014775924620435976	-0.00010877646295903709
0.002534873220416456	0.00043245345235365384	0.0073297530632485675	0.0016565170901048365	0.002059379125658234	0.0010775794155792884	-0.0002074613260087954	0.0006401363317314335
0.0024100544213012665	0.000182815854123497	0.007392162462806162	0.002155792286564706	0.0021217885252153845	-0.00017060857557016362	-0.0017052869153884043	-0.00017118586251618773
0.000849819432364507	0.0005572722514683992	0.006331202670328828	0.002592658083466759	0.001622513328755515	0.00020384782177451655	-0.0013932399176008747	0.0007025457312885841
-0.0005231873579003565	0.0005572722514683992	0.003210732692454421	0.0006579666971848752	-0.00012494985885380672	-0.0001081991760125689	-0.00039468952468135754	0.00014086113527156385
-0.000211140360112827	0.0006820910505835887	0.000277490913252576	-0.0007150400930795442	-0.0009362720531014279	1.6619623102176462e-05	0.0004790420691234143	0.0008897739299611462
-0.0008352343556878861	0.00037004405279628116	0.000901584908827191	-0.0014639528877700148	-0.0014355472495612975	-0.0006074743724726606	-0.0005819177233536976	-4.6367063401442365e-05
-0.001459328351262723	-6.682174410599373e-05	-0.003529482459754707	-0.00015335549706252394	-0.001310728450446108	-0.0022925281605246095	-0.0010811929198137893	0.0002656799343863092
-0.002520288143740057	0.00012040645456634635	-0.006899590035859049	0.0010948324940871501	-0.0010610908522166174	-0.0014812059662774324	-0.0005195083237961029	-0.00042082346074612254
-0.000211140360112827	-0.00031645934233592854	-0.004715261051347008	9.628210116718883e-05	-0.00018735925841140144	-0.0009195213702601901	-0.00026987072556639013	0.0002032705348287145
0.0017859604257268735	5.799705500830754e-05	-0.0009082876783399474	0.0003459196993975677	0.0004367347371629915	0.00020384782177451655	0.0002918138704510742	-0.00048323286030327317
0.0012866852292667819	0.00012040645456634635	-0.0010955158770122875	0.00040832909895516245	0.000748781734950521	0.0004534854200042293	0.0002918138704510742	0.0003904987335010546
-0.0005855967574579513	-0.00037886874189352326	-0.0015323816739150065	3.38727016095941e-05	-0.00012494985885380672	-0.00017060857557016362	-0.0002074613260087954	-0.00048323286030327317
-0.00014873096055545432	0.000182815854123497	-0.0015323816739150065	0.0003459196993975677	6.227833981853337e-05	0.0008903512169073924	0.00041663266956581957	0.0004529081330586493
0.0003505442359044153	0.00024522525368086967	-0.0034046636606395175	-0.0003405836957353081	-0.00018735925841140144	0.0010151700160216937	0.00035422327000866893	-0.00010877646295903709
-0.0008976437552452587	0.00012040645456634635	-0.003092616662851988	-0.0005278118944072041	-0.0009362720531014279	0.00039107602044685663	-0.00039468952468135754	0.0005777269321738387
-0.00614003331807389	-0.0008157345387964643	-0.004840079850461532	-0.001838409285114917	-0.0023092788433660694	-0.0021677093614103082	-0.0035775689021129153	-0.0002960046616313772
-0.007138583710993851	-0.0009405533379112097	-0.005713811444266748	-0.0019008186846725117	-0.0022468694438084746	-0.003665534950789473	-0.005075394491492968	0.0004529081330586493
-0.006951355512321955	-0.001689466132600348	-0.006899590035859049	-0.002212865682459153	-0.002621325841153821	-0.004788904142824624	-0.00632358248264242	-0.0006704610589760573
-0.007200993110551668	-0.0013150097352561119	-0.009895241214618267	-0.0012143152895396359	-0.00218446004425088	-0.005288179339284715	-0.00607394488441293	0.0002656799343863092
-0.008823637499046688	-0.0018766943312731321	-0.0109562010070956	-0.0022752750820167478	-0.0037446950331885276	-0.005475407537956611	-0.00644840128175761	-0.00073287045853343
-0.005765576920729654	-0.0013150097352561119	-0.010082469413290607	-0.0020880468833448518	-0.0033702386358438474	-0.004788904142824624	-0.005387441489280054	0.00032808933394390394
-0.005453529922941902	-0.0012526003356987392	-0.009395966018158619	-0.0022752750820167478	-0.003682285633630933	-0.0035407161516751717	-0.004638528694590471	-0.0006080516594184626
-0.003955704333562293	-0.0004412781414515621	-0.007523684031433442	-0.0012143152895396359	-0.0027461446402690104	-0.0023549375600822042	-0.002579018509193176	0.0006401363317314335
-0.003331610337987456	-0.0006909157396808308	-0.004652851651789192	-0.0008398588921947336	-0.002808554039825717	-0.0009819307698177848	-0.0013308305180441682	-0.00023359526207378245
0.00041295363546201	5.799705500830754e-05	-0.0012827440756844055	-0.00046540249485005347	-0.0008738626535442773	0.00014143842221692182	0.00010458567177917821	0.0006401363317314335
-2.3912161440264867e-05	-0.0006285063401236801	0.0014632695048448774	-0.0007150400930795442	-0.0010610908522166174	0.0003286666208892619	-0.00014505192645164477	-0.0005456422598608679
0.002098007423513959	0.000182815854123497	0.005083014679178932	0.000283510299839973	0.0006239629358353316	0.0005783042191194188	-2.0233127336455325e-05	0.0007025457312885841
0.002534873220416456	-0.00012923114366358845	0.0056446992751963965	0.0007827854962996206	0.0008111911345078937	0.0005158948195620461	-0.0006443271229112923	-0.0002960046616313772
0.0064042559929804455	0.0010565474479284909	0.006268793270771678	0.0025302486839096083	0.002246607324330574	0.002388176806286557	0.0016648206607159377	0.0007025457312885841
0.005530524399176118	0.00037004405279628116	0.006268793270771678	0.0015941076905472418	0.0008736005340661546	0.002450586205844152	0.001602411261158343	-0.0006080516594184626
0.006653893591210824	0.0010565474479284909	0.006643249668116136	0.0015941076905472418	0.0011232381322958673	0.003012270801861394	0.002476142854963115	0.000515317532616244
0.007153168787670916	0.0013061850461584257	0.007204934264133378	0.0020309734874495167	0.0012480569314106127	0.0033867271992065184	0.0035371026474402267	-0.00010877646295903709
0.008276537979705179	0.0014934132448312099	0.006643249668116136	0.0024678392843520136	0.001809741527427855	0.003636364797436231	0.0042236060425726585	0.0006401363317314335
0.005592933798733268	0.0009941380483711182	0.004458920683604095	0.0024678392843520136	0.0014352851300829528	0.002263358007171812	0.0026009616540783043	-0.00023359526207378245
0.0057801619974060525	0.0011813662470436803	0.0028362762951088527	0.002592658083466759	0.001996969726100639	0.0025754050049593413	0.0018520488593878337	0.0007025457312885841
0.005468114999618523	0.0004948628519112486	0.0012760413061720932	0.002155792286564706	0.0014976945296405475	0.0016392640115965307	0.0008534984664683165	-0.00042082346074612254
0.003346195414663633	0.0007445004501411834	0.00015267211413738657	0.0024678392843520136	0.0013728757305262462	0.0015144452124817853	0.00022940447089347948	0.0005777269321738387
0.000849819432364507	0.00012040645456634635	-9.696548409232619e-05	0.0009700136949724047	0.0002495065384910955	0.0007655324177922029	-0.00033228012512398486	-0.0002960046616313772
0.0012242758297091871	0.00024522525368086967	0.0025242292973217673	0.0005955572976272805	6.227833981853337e-05	0.0016392640115965307	4.217627222069531e-05	0.0003904987335010546
0.0011618664301515924	0.00024522525368086967	0.0035227796902417285	3.38727016095941e-05	-0.00018735925841140144	0.0018889016098269096	0.0002918138704510742	-0.00017118586251618773
0.0006625912336919448	0.00024522525368086967	0.0028986856946668915	0.00015869150072478355	-0.00024976865796899617	0.0017016734111541254	0.00041663266956581957	0.000515317532616244
-0.000211140360112827	-6.682174410599373e-05	0.002773866895552146	3.38727016095941e-05	-0.0005618156557569698	0.0008279418173493536	-0.0005195083237961029	-0.0002960046616313772
0.0012242758297091871	0.00024522525368086967	0.005145424078736083	0.0004707384985123131	0.000748781734950521	0.0007655324177922029	-0.0016428775158312536	0.0005777269321738387
0.0017859604257268735	0.00037004405279628116	0.005769518074311586	0.0014692888914322744	0.000748781734950521	-0.0004826555733579152	-0.002017333913176156	-4.6367063401442365e-05
-0.0020210129472804095	0.00043245345235365384	0.002149772899976865	0.0018437452887767325	-0.00043699685664133625	0.0003286666208892619	-0.001143602319371384	0.0008273645304037736
-0.001459328351262723	5.799705500830754e-05	0.0022745916990920545	-0.000777449492637583	-0.001123500251773768	1.6619623102176462e-05	-0.00039468952468135754	-0.0003584140611880837
0.00041295363546201	0.00024522525368086967	0.0018377259021897796	-0.00046540249485005347	-0.0005618156557569698	0.0010775794155792884	0.0009159078660259112	0.000515317532616244
0.0002881348363468206	-0.00037886874189352326	0.0005271285114825108	-0.0009022682917523284	-0.0006242250553136763	-0.00017060857557016362	0.0002918138704510742	-0.0005456422598608679
-8.632156099785959e-05	0.00012040645456634635	-0.00040901248187985573	0.0008451948958576594	0.0008111911345078937	0.00020384782177451655	0.00022940447089347948	0.00032808933394390394
0.00010090663767492458	-0.0005660969405660854	-0.0024061132677200003	0.0009700136949724047	0.00037432533760628495	-4.578977645586235e-05	-0.0004570989242385082	-0.0006704610589760573
0.0016611416266121282	0.00030763465323868644	-0.00047142188143745045	0.0014068794918744576	0.001185647531853462	0.0007655324177922029	-0.00014505192645164477	0.0007025457312885841
-0.0008352343556878861	5.799705500830754e-05	0.003460370290684578	-0.0002781742961777134	-0.00024976865796899617	0.00138962641336704	-0.0006443271229112923	-4.6367063401442365e-05
0.0012866852292667819	0.0004948628519112486	0.005519880476081207	-0.0005278118944072041	0.00018709713893350077	0.0010151700160216937	-0.0005819177233536976	0.0007025457312885841
-0.0015217377508203178	-0.00012923114366358845	0.0014008601052872827	-0.0006526306935223936	-0.0006866344548712711	0.00039107602044685663	-0.001580468116273659	-0.0002960046616313772
-0.0026451069428552465	-4.412344548399005e-06	-0.00028419368276511037	-0.0009646776913099231	-0.0004994062561993751	-0.00017060857557016362	-0.0018925151140609664	0.000515317532616244
-0.0062024427176319286	-0.0007533251392388696	-0.0011579252765698822	-0.0017759998855573222	-0.001934822446020945	-0.002230118760967903	-0.004139253498130824	-0.0003584140611880837
-0.006951355512321955	-0.0011277815365835497	-0.002655750865949491	-0.0013391340886548253	-0.00199723184557854	-0.003478306752117133	-0.005200213290608158	0.0004529081330586493
-0.009010865697718806	-0.0012526003356987392	-0.002218885069047216	-0.001838409285114917	-0.0029333728389409064	-0.003727944350347512	-0.0048257568932632555	-0.0003584140611880837
-0.008324362302586374	-0.001502237933928452	-0.0027805696650642364	-0.0021504562829024465	-0.002808554039825717	-0.0039775819485770025	-0.004014434699016078	0.0002656799343863092
-0.00857399990081631	-0.0015646473334860467	-0.003716710658427047	-0.002899369077592029	-0.003058191638056096	-0.0033534879530021655	-0.00363997830167051	-0.00048323286030327317
-0.005266301724269562	-0.0010029627374683603	-0.003092616662851988	-0.002836959678034434	-0.00199723184557854	-0.0016060247653926218	-0.0027662467078657382	0.00032808933394390394
-0.005141482925154817	-0.0015646473334860467	-0.003467073060196668	-0.0027121408789192447	-0.0024965070420386315	-0.0018556623636230007	-0.0035151595025559867	-0.0009200986572062142
-0.002957153940642332	-0.0009405533379112097	0.0017129071030745902	-0.0012767246890976747	-0.0010610908522166174	-0.0007947025711450006	-0.0027038373083085876	0.0002032705348287145
-0.0005231873579003565	-0.0006285063401236801	0.00670565906767373	-0.0010270870908672958	-0.00018735925841140144	0.0007655324177922029	-0.001954924513618561	-0.00048323286030327317
0.0009122288319221017	-0.0002540499427787779	0.01038781364156538	-2.8536697947112444e-05	0.0003119159380486902	0.0009527606164640989	-0.0008939647211407831	0.000515317532616244
-0.0011472813534756376	-0.0002540499427787779	0.011261545235370596	-0.0002781742961777134	-0.0006866344548712711	0.0019513110093840602	-0.0005195083237961029	-0.00042082346074612254
-0.0005231873579003565	-4.412344548399005e-06	0.011136726436255184	-0.0012143152895396359	-0.0009986814526585786	0.0017640828107117201	0.0004790420691234143	0.0003904987335010546
0.001473913427939566	0.00012040645456634635	0.010949498237583288	-0.0005902212939647988	-0.0009986814526585786	0.0015144452124817853	0.0011031360646986954	-0.00023359526207378245
0.004095108209354104	0.00043245345235365384	0.009826129045548138	0.00090760429541481	0.0008111911345078937	0.002388176806286557	0.0027881898527506443	0.00032808933394390394
0.0051560680018312155	0.0009941380483711182	0.009514082047760386	0.0019061546883343272	0.0013728757305262462	0.0027626332036312373	0.003724330846112789	-0.0002960046616313772
0.007215578187228511	0.0009941380483711182	0.009514082047760386	0.002343020485236824	0.0023090167238877246	0.002887452002746871	0.0038491496452279783	0.000515317532616244
0.00915026957350995	0.0016182320439455111	0.009888538445105288	0.0030919332799268506	0.0031203389181351238	0.004135639993896101	0.004473243640802815	-4.6367063401442365e-05
0.010211229365987728	0.0011189568474860856	0.008640350453956058	0.0026550674830247978	0.0034323859159230974	0.00407323059433895	0.004161196643015064	0.0002656799343863092
0.007028349988555727	0.0011813662470436803	0.00651843086900139	0.0031543426794844454	0.0028082919203478163	0.0040108211947813555	0.0033498744487678866	-0.0002960046616313772
