Sensor_1	Sensor_2	Sensor_3	Sensor_4	Sensor_5	Sensor_6	Sensor_7	Sensor_8
0.0008216943305598967	3.7353817257113064e-06	0.0005275771650570249	5.483540373751872e-05	0.0005308806008237354	-0.0017925784489356555	4.6136718438782864e-05	-0.0006407252733395818
-0.0007385406583768628	0.00031578237951324084	0.0009020335624021492	-7.573995819631918e-06	0.0012173839959561672	-0.002791128841855617	0.00017095551755375027	-0.0007031346728971766
0.0008216943305598967	0.0005030105781855809	0.0015261275579769862	-0.0003820303931643121	0.0005308806008237354	-0.0032279946387581138	-0.0003283196789063414	-0.0008903628715690726
-0.0011754064552795818	3.7353817257113064e-06	0.001151671160632306	0.00017965420285315226	0.0005308806008237354	-0.0030407664400855516	0.0001085461179959335	-0.00045349707466724176
-0.0007385406583768628	-0.0003083116160615962	0.0006523959641722143	-6.998339537722664e-05	0.0004684712012661407	-0.002978357040527957	-7.86820806759625e-05	-0.0005159064742243924
0.0010089225292324588	-0.0008075868125210217	0.0005275771650570249	0.00011724480329555753	0.0010301557972842712	-0.0030407664400855516	0.0001085461179959335	-0.0008903628715690726
-0.0004264936605895553	-0.0009948150111935838	0.00015312076771234473	-0.0001948021944924161	0.0009677463977262324	-0.0034152228374300098	-7.86820806759625e-05	-0.001264819268914863
0.0009465131296755303	-0.0008075868125210217	0.00021553016726993945	5.483540373751872e-05	0.0010925651968414218	-0.0032279946387581138	-0.0001410914802340013	-0.0006407252733395818
-0.0006137218592618954	-0.0003083116160615962	0.0009020335624021492	0.00024206360241008085	0.0014046121946285073	-0.0015429408507059428	-0.00020350087979159603	-0.0012024098693568241
0.0008216943305598967	-0.00018349281694662878	0.0003403489663851289	-0.0001948021944924161	0.0006556993999389249	-0.002978357040527957	-0.00020350087979159603	-0.0009527722711275555
-0.0009881782566072417	3.7353817257113064e-06	0.0008396241628445544	0.00024206360241008085	0.0009677463977262324	-0.002915947640970362	0.0001085461179959335	-0.0005783158737819871
0.0008841037301172694	0.0006278293773005483	0.001775765156206699	0.00024206360241008085	0.0015294309937436967	-0.002915947640970362	0.000420593115783241	-0.00026626887599467963
0.0006968755314451514	-0.0006827680134067204	0.0007772147632869597	-0.0001948021944924161	0.0009677463977262324	-0.004788229627695317	-0.00026591027934874667	-0.0015768662667019484
-0.0006137218592618954	-0.0010572244107516227	0.0007148053637298091	-6.998339537722664e-05	0.0017166591924162589	-0.005537142422385344	-0.0001410914802340013	-0.0017640944653742885
0.0012585601274628377	-0.0015564996072114923	0.0007148053637298091	0.00011724480329555753	0.0024031625875486906	-0.005849189420172429	0.00017095551755375027	-0.002325779061391531
-0.0006137218592618954	-0.0015564996072114923	0.0004651677654994302	-0.0001948021944924161	0.0020287061902037884	-0.005162686025040442	-7.86820806759625e-05	-0.0022009602622763413
0.0007592849310027461	-0.0013068620089811134	0.00015312076771234473	-0.0002572115940500108	0.0011549745963990166	-0.004288954431235226	0.00029577431666849563	-0.0012024098693568241
-0.0004264936605895553	0.00012855418084090076	0.0008396241628445544	0.00017965420285315226	0.0024655719871062853	-0.00466341082858035	0.000233364917111345	-0.0017016850658166938
0.0009465131296755303	0.0002533729799556461	0.0016509463570921756	-0.00013239279493482137	0.0032144847817958677	-0.005724370621057684	4.6136718438782864e-05	-0.002513007260064315
-0.0009881782566072417	6.614478128375012e-05	0.0017133557566497704	-7.573995819631918e-06	0.0032144847817958677	-0.007034968011765175	-0.0001410914802340013	-0.003137101255639152
-0.00036408426103240465	-0.00018349281694662878	0.001962993354879483	0.00011724480329555753	0.0030896659826809003	-0.007159786810879698	0.00017095551755375027	-0.002138550862719635
0.0008841037301172694	-0.0010572244107516227	0.0014637181584193915	-7.573995819631918e-06	0.0013422027950718007	-0.0068477398130923905	-1.627268111925595e-05	-0.0019513226640468506
-0.0006761312588197121	-0.0014316808080963028	0.0010892617610747113	-0.0001948021944924161	0.0005932900003813302	-0.005724370621057684	-7.86820806759625e-05	-0.001264819268914863
0.0010713319287900536	-0.0014940902076534535	0.0005899865646146196	0.00017965420285315226	0.00028124300259424473	-0.005100276625482403	-0.0001410914802340013	-0.0006407252733395818
-0.00017685606235962048	-0.0013068620089811134	0.0010268523615173386	0.00030447300196767557	0.0010925651968414218	-0.0043513638307932645	-1.627268111925595e-05	-0.0015768662667019484
0.001196150727904799	-0.001369271408538708	0.0008396241628445544	5.483540373751872e-05	0.0013422027950718007	-0.004476182629907566	-7.86820806759625e-05	-0.0015768662667019484
-0.0006761312588197121	-0.0007451774129643152	0.001151671160632306	0.00024206360241008085	0.0014046121946285073	-0.0037272698352179834	0.00017095551755375027	-0.0013896380680291642
0.0009465131296755303	-0.00018349281694662878	0.0014013087588617967	-0.0001948021944924161	0.0008429275986117091	-0.003602451036102794	-0.0001410914802340013	-0.0013896380680291642
0.0008216943305598967	0.0002533729799556461	0.001338899359304202	0.00011724480329555753	0.0007181087994960755	-0.0038520886343327287	-1.627268111925595e-05	-0.0010775910702418567
-0.0004264936605895553	0.00031578237951324084	0.0019005839553223325	0.00011724480329555753	0.0017166591924162589	-0.0045385920294651605	0.000233364917111345	-0.0011400004697994515
0.0007592849310027461	-0.0008699962120790605	0.0014637181584193915	-6.998339537722664e-05	0.0017166591924162589	-0.006348464616632743	-1.627268111925595e-05	-0.0024505978605067202
-0.0006137218592618954	-0.0014316808080963028	0.0014013087588617967	-0.0001948021944924161	0.00252798138666388	-0.007908699605569725	-7.86820806759625e-05	-0.003948423449886329
0.0012585601274628377	-0.0018685466049987998	0.001151671160632306	-7.573995819631918e-06	0.0030272565831237497	-0.009656162793179268	0.00035818371622609035	-0.0036363764520992437
-5.203726324443103e-05	-0.001806137205441205	0.001962993354879483	0.00030447300196767557	0.002964847183565711	-0.009968209790966798	-1.627268111925595e-05	-0.004135651648559113
0.0010713319287900536	-0.002430231201016264	0.0016509463570921756	-6.998339537722664e-05	0.003152075382238495	-0.010155437989639138	-0.0001410914802340013	-0.0038860140503287344
-0.0005513124597043007	-0.0021805936027863293	0.0023374497522241633	0.00024206360241008085	0.004025806976043489	-0.010717122585656824	0.000233364917111345	-0.004135651648559113
-0.0008633594574916081	-0.0023678218014586694	0.0022750403526665686	-0.00031962099360671736	0.00502435736896345	-0.012402176373708773	-0.00026591027934874667	-0.005633477237938722
0.0009465131296755303	-0.0029919157970330623	0.002836724948684255	-0.0001948021944924161	0.007645552150377322	-0.015397827552468435	-0.0001410914802340013	-0.007880215622008357
-0.0016122722521820787	-0.008608761757207484	0.004084912939833929	-7.573995819631918e-06	0.015633955293736124	-0.025133693883436337	-1.627268111925595e-05	-0.014308383776429512
0.0042542113062220555	-0.01060586254304674	0.003023953147357039	0.00024206360241008085	0.026493190816739398	-0.04747625892501728	0.000233364917111345	-0.03877286840296468
0.0026315669177277012	-0.0164099367018935	0.003648047142931432	-0.0002572115940500108	0.040285668118944074	-0.06750967618297099	4.6136718438782864e-05	-0.05181643291047999
0.0021322917212676096	-0.023961474048349585	0.007517429915495866	0.00017965420285315226	0.08047732143396669	-0.14009180786832998	0.00017095551755375027	-0.07484550134719314
0.007062634286308711	-0.027581219222684084	0.0073302017168230815	-7.573995819631918e-06	0.10643963164988146	-0.1975708648607768	-1.627268111925595e-05	-0.10161913375735576
0.010495151261971092	-0.0346334813726803	0.019125578233188723	0.00011724480329555753	0.0977647251113909	-0.18121960217671473	0.00017095551755375027	-0.09444205280824458
0.002693976317284852	-0.019405587880653163	0.016566792851331336	0.00024206360241008085	0.0661231595357441	-0.11544009504312225	0.00017095551755375027	-0.06997756818170897
0.0012585601274628377	-0.01534897690941639	0.01375836987124468	-0.00031962099360671736	0.05526392401274105	-0.09565631538339847	-0.00026591027934874667	-0.06017929245118325
0.006064083893389194	-0.017096440097025933	0.015630651857969413	5.483540373751872e-05	0.05707379659990863	-0.12548800837187768	-1.627268111925595e-05	-0.06623300420825995
0.006625768489406436	-0.020965822869589923	0.0247424241933627	-7.573995819631918e-06	0.05894607858663248	-0.14583347262761892	-1.627268111925595e-05	-0.06017929245118325
0.002693976317284852	-0.017096440097025933	0.032169142740703816	0.00017965420285315226	0.04128421851186381	-0.12386536398338333	4.6136718438782864e-05	-0.03534035142730296
-0.001986728649526759	-0.008296714759420398	0.03291805553539384	-7.573995819631918e-06	0.00752073335126302	-0.05658803126041034	-0.0001410914802340013	-0.022858471515805112
-0.0006137218592618954	-0.006049976375350763	0.030109632555306742	0.00030447300196767557	0.028365472803463687	-0.0884168250347297	0.00035818371622609035	-0.04176851958172434
0.002693976317284852	-0.006112385774908358	0.03279323673627865	-0.0003820303931643121	0.07217687129282058	-0.14845466740903346	-0.0003907290784639361	-0.0840820924817014
0.0010713319287900536	-0.02059136647224502	0.043714881658838634	0.00017965420285315226	0.08734235538529012	-0.16262160110858326	0.00029577431666849563	-0.09974685177063125
0.00044723793321566063	-0.018282218688618235	0.04165537147344178	0.00024206360241008085	0.06668484413176134	-0.10464326891967635	0.00017095551755375027	-0.07859006532064239
0.001383378926577583	-0.013102238525346754	0.029360719760616716	-7.573995819631918e-06	0.07841781124856939	-0.07581012632411688	-1.627268111925595e-05	-0.08969893844187538
0.004940714701354487	-0.01934317848109557	0.028674216365484728	5.483540373751872e-05	0.10575312825474903	-0.09422089919357601	-1.627268111925595e-05	-0.12208941681221175
0.0013209695270199884	-0.02683230642799428	0.03678743830795783	-7.573995819631918e-06	0.09976182589723015	-0.08298720727322828	4.6136718438782864e-05	-0.1388151358936187
0.006313721491619129	-0.02302533305498744	0.03947104248892974	0.00017965420285315226	0.11274298100518809	-0.027005975870161292	0.0001085461179959335	-0.14979919021573673
0.0015081977256923285	-0.024211111646579964	0.05189051300087022	5.483540373751872e-05	0.06200413916495018	0.11865756269701677	4.6136718438782864e-05	-0.08364522668479912
-0.010162359991557679	-0.03413420617622043	0.045212707248218686	-6.998339537722664e-05	0.06743375692645182	0.12121634807887394	-0.00020350087979159603	-0.09444205280824458
0.002194701120824316	-0.02152750746560783	0.047833902029633446	0.000429291801082865	0.06874435431715908	0.044889652420065485	0.00035818371622609035	-0.09026062303789284
-0.0075411652101431415	-0.026395440631092004	0.05376279498759473	-7.573995819631918e-06	0.04009843992027173	0.007194375087342442	0.0001085461179959335	-0.06629541360781732
0.003318070312859689	-0.023524608251447532	0.05245219759688746	0.00011724480329555753	0.05058321904592944	-0.015148189954238056	-7.86820806759625e-05	-0.07565682354144054
-0.004483104631826329	-0.011042728339949237	0.05376279498759473	0.00011724480329555753	0.02224935164682984	-0.02213804270467734	0.0001085461179959335	-0.006319980633071154
-0.005044789227843571	-0.01135477533773721	0.05607194277122174	0.00011724480329555753	0.019503338066300557	-0.01333831736707114	-1.627268111925595e-05	0.016459450205412507
-0.0032973260402340276	-0.004614560185528305	0.052015331799984965	-0.00013239279493482137	-0.023496738228808933	-0.006286055217074926	4.6136718438782864e-05	0.039238881043895724
-0.004795151629614081	-0.008234305359862804	0.04234187486857466	-0.0001948021944924161	0.047213111469824875	0.009565932270526822	-1.627268111925595e-05	0.04791378758238607
-0.00011444666280202576	-0.023711836450119872	0.03273082733672106	0.00017965420285315226	0.05058321904592944	0.014933140632470865	0.0001085461179959335	0.06438986906556354
-0.008602125002620475	-0.030639279801000896	0.042903559464591456	0.00017965420285315226	0.03441918456054016	0.018116020009902867	0.000233364917111345	0.015148852814704794
-0.0028604602433315307	-0.021402688666492642	0.034166243526543516	0.00017965420285315226	0.03473123155832769	0.015057959431586054	4.6136718438782864e-05	-0.027851223480404252
-0.003859010636251714	-0.02408629284746433	0.035976116113710654	5.483540373751872e-05	0.025681868622491777	0.017991201210788343	0.00017095551755375027	0.022825208960276067
-0.0062929772189936894	-0.015473795708531135	0.03160745814468635	-7.573995819631918e-06	0.021874895249484938	0.009441113471412299	-7.86820806759625e-05	0.008096590664708359
-0.007353937011470801	-0.012665372728444257	0.030359270153536677	-0.00013239279493482137	0.02618114381895187	0.0057589588975204276	4.6136718438782864e-05	-0.0048845644432482516
-0.004919970428728382	-0.006362023373137626	0.024118330197787863	0.00017965420285315226	0.014510586101700973	0.00039175053557638506	-0.00020350087979159603	-0.015743799966251526
-0.0054192456251884735	-0.009794540348800007	0.016317155253101845	-6.998339537722664e-05	0.02043947905966248	-0.008033518404684914	-0.0001410914802340013	-0.015868618765366715
-0.0035469636384644065	-0.001806137205441205	0.010762718692485906	-0.0001948021944924161	0.014947451898603692	-0.017394928338308135	-0.00020350087979159603	-0.019176316941913463
-0.0031100978415616876	0.002624930163140027	0.010013805897795436	-7.573995819631918e-06	0.016507686887540673	-0.014274458360433728	-0.00020350087979159603	0.008783094059841234
-0.0037341918371363025	0.009677192313136462	0.0005899865646146196	-0.0001948021944924161	0.021812485849927787	-0.014024820762203571	-0.0001410914802340013	0.01564812801116444
-0.002610822645101596	0.009365145315348933	2.8301968597377325e-05	0.00011724480329555753	0.019004062869840688	-0.01333831736707114	-1.627268111925595e-05	0.027568323326645272
-0.004420695232268512	0.009802011112251652	-0.005026859395559358	-0.00031962099360671736	0.01369926390745424	-0.015085780554681127	-0.00026591027934874667	0.025071947344345702
0.00019760033498528173	0.010800561505171169	-0.013576947134934958	-7.573995819631918e-06	0.007770370949492511	-0.012464585773265924	0.0001085461179959335	0.00516334888550718
0.0016954259243648906	0.013858622083488426	-0.014013812931837677	-7.573995819631918e-06	0.009517834137102277	-0.01714529074007798	-0.00026591027934874667	0.02326207475717834
-0.0010505876561643923	0.014607534878178452	-0.007211188380070954	-0.0002572115940500108	0.005710860764095882	-0.014087230161761166	-0.00020350087979159603	0.02900373951646773
-0.003921420035808865	0.012173568295435588	-0.00789769177520383	5.483540373751872e-05	0.0029024377840085602	-0.010280256788754105	4.6136718438782864e-05	0.025196766143460447
0.00019760033498528173	0.009302735915791782	-0.003092168009277252	5.483540373751872e-05	0.0011549745963990166	-0.0072846056099948875	0.000233364917111345	0.029128558315582476
-0.001112997055721987	0.005308534344112159	0.0029615437477990003	-0.0002572115940500108	0.004774719770733071	-0.010280256788754105	-0.00020350087979159603	0.0218890679669137
-0.0021115474486415042	0.0006902387768583651	0.0077670675137258005	5.483540373751872e-05	0.013137579311436554	-0.0072846056099948875	0.0001085461179959335	0.025446403741690826
0.0015081977256923285	-0.0042401037881836245	0.010637899893370273	0.00024206360241008085	0.017755874878691014	0.00032934113601879034	0.00029577431666849563	0.03830274005053291
-0.0026732320446596347	-0.004052875589510618	0.014694510864606602	-0.0002572115940500108	0.015821183492408686	0.0024512607209734583	-0.0001410914802340013	0.056151828323974806
-0.004483104631826329	-0.003491190993493154	0.019125578233188723	-0.0001948021944924161	0.013512035708781456	0.0015775291271684644	0.00017095551755375027	0.057774472712469604
-0.003047688442004093	-0.006049976375350763	0.018002209041153794	0.00017965420285315226	0.016070821090638177	0.00563414009840546	0.00017095551755375027	0.05246967375008316
0.0002600097345430985	-0.009045627554109537	0.020061719226550645	-6.998339537722664e-05	0.006210135960555752	-0.009905800391409203	0.0001085461179959335	0.09028976988192094
-0.006542614817223624	0.015169219474195694	0.004334550538064308	-0.00013239279493482137	0.0039009881769285215	-0.015273008753353245	-0.00020350087979159603	0.07749584297263601
-0.005356836225631545	0.01011405811003896	-0.009769973761928563	-7.573995819631918e-06	-0.01713097947394493	-0.01283904217061127	0.00017095551755375027	0.07200381581157678
0.00182024472348008	0.018851374048087344	-0.02362486046369061	-0.0001948021944924161	-0.018067120467307518	-0.01751974713742288	-0.00020350087979159603	0.0492867943726516
-0.00017685606235962048	0.013858622083488426	-0.011704665148210447	-0.0004444397927219068	-0.022997463032349508	-0.016396377945388396	-0.0003283196789063414	0.05715037871689477
-0.004732742230056486	0.016167769867115656	-0.002904939810604912	0.00017965420285315226	-0.02112518104562411	-0.018455888130785247	0.00029577431666849563	0.026132907136823258
-0.0005513124597043007	0.010613333306498829	0.0003403489663851289	0.00011724480329555753	0.027803788207446667	0.0004541599351339798	-0.0001410914802340013	-0.001015181670684262
0.0005720567323299619	0.0023128831653529414	0.00040275836594227954	5.483540373751872e-05	0.026493190816739398	-0.003540041636545199	0.0001085461179959335	0.0005450533182524975
0.0008216943305598967	0.003061795960042968	-0.014388269329182135	5.483540373751872e-05	0.013574445108339273	-0.004725820228137723	-1.627268111925595e-05	0.00934477865585892
0.004066983107549493	0.0024377019644676867	-0.011704665148210447	-6.998339537722664e-05	-0.006771019147401747	-0.002354263044953342	0.0001085461179959335	0.014337530620457617
-0.00048890306014715	6.614478128375012e-05	-0.00040856382830534166	5.483540373751872e-05	-0.01744302647173268	-0.0003571622591136414	0.00017095551755375027	0.019080644986826822
-0.004732742230056486	-0.0012444526094239627	0.004584188136293799	-0.00013239279493482137	-0.024869745019073797	-0.0022294442458379304	-7.86820806759625e-05	0.024073396951425963
0.0007592849310027461	0.0005654199777431757	-0.0009702484243221399	5.483540373751872e-05	-0.023683966427481495	-0.003352813437873303	4.6136718438782864e-05	0.009781644452761196
0.00450384890445199	0.001751198569335699	-0.006337456786266182	-6.998339537722664e-05	-0.01313677790226575	-0.0018549878484932503	-0.00026591027934874667	0.0007946909164828764
0.00200747292215242	-0.0017437278058838324	0.0012764899597466073	-0.00013239279493482137	0.0032144847817958677	0.0046979991050428715	0.00035818371622609035	-0.0015144568671443537
-0.0022987756473145105	-0.0033663721943786307	0.01020103409646822	-6.998339537722664e-05	-0.004274643165102621	0.0038866769107954724	-0.00020350087979159603	0.002791791702322355
-0.0006137218592618954	-0.0023678218014586694	0.00502105393319674	0.00030447300196767557	-0.014135328295185712	0.0038242675112378777	0.00029577431666849563	0.011466698240812923
0.001633016524807518	-0.0008075868125210217	0.0009020335624021492	-7.573995819631918e-06	-0.021437228043412304	0.002513670120530831	-0.00020350087979159603	0.01620981260718235
-0.0006137218592618954	-0.0008699962120790605	0.0003403489663851289	0.00024206360241008085	-0.018753623862439728	0.0033874017143356028	0.000233364917111345	0.012465248633732884
0.0013209695270199884	-0.002430231201016264	-0.00015892623007496276	-0.00013239279493482137	-0.009392213928816284	0.004385952107255564	-0.00020350087979159603	0.0002954157200227847
-0.0004264936605895553	-0.00455215078597071	0.003835275341603772	-7.573995819631918e-06	0.002715209585335776	0.005446911899732676	-0.0001410914802340013	-0.019051498142798717
0.0013209695270199884	-0.007735030163402712	0.008515980308415383	0.0003668824015257144	0.014136129704356515	0.005072455502387996	-0.00020350087979159603	-0.025542075696777244
-0.0006761312588197121	-0.010168996746145131	0.009264893103105853	-0.00013239279493482137	0.02218694224727269	0.005821368297078022	4.6136718438782864e-05	-0.02891218327288203
0.0009465131296755303	-0.010293815545259877	0.00757983931505346	0.00024206360241008085	0.019128881668955877	0.005322093100617931	4.6136718438782864e-05	-0.02697749188659948
-0.0010505876561643923	-0.008983218154552386	0.0027119061495695096	-0.00013239279493482137	0.01625804928931096	0.003574629913008387	-0.00026591027934874667	-0.026478216690140055
-0.0014874534530671113	-0.009732130949242412	0.004521778736736204	0.00011724480329555753	0.0200650226623178	0.003949086310353511	0.0001085461179959335	-0.027539176482616723
-0.0005513124597043007	-0.011542003536409107	0.007018154719036218	0.00024206360241008085	0.02717969421187183	0.004323542707697969	0.0001085461179959335	-0.030035552464916515
-0.0022987756473145105	-0.013476694922691435	0.008952846105318324	0.00017965420285315226	0.037290016940184634	0.005821368297078022	0.0001085461179959335	-0.03534035142730296
-0.000925768857049647	-0.015473795708531135	0.010513081094255083	-7.573995819631918e-06	0.044342279090180625	0.006258234093980075	-0.00020350087979159603	-0.03427939163482585
-0.0016122722521820787	-0.012790191527559447	0.012697410078767124	0.00024206360241008085	0.04989671565079745	0.006383052893095265	4.6136718438782864e-05	-0.018677041745453593
-0.001112997055721987	-0.008983218154552386	0.014881739063279387	0.00011724480329555753	0.030549801787975728	0.006320643493537892	-1.627268111925595e-05	-0.007505759224663455
-0.004420695232268512	-0.005051425982430802	0.015256195460624733	-7.573995819631918e-06	0.014572995501259012	0.00295053591743355	-0.00020350087979159603	-0.013809108579969642
-0.002173956848199099	-0.001369271408538708	0.005957194926558662	0.00030447300196767557	0.005398813766307686	-0.00048198105822883086	0.00035818371622609035	-0.02997314306535892
0.0015081977256923285	0.0021256549666803792	0.0024622685513391307	-0.0002572115940500108	0.0011549745963990166	-0.0015429408507059428	-0.0003283196789063414	-0.03477866683128572
-0.0009881782566072417	0.003249024158715308	0.00502105393319674	-0.00013239279493482137	0.0018414779915314483	0.0002045223369036009	-0.0001410914802340013	-0.029723505467128986
-0.000925768857049647	0.004060346352962929	0.009452121301778194	0.000429291801082865	0.0035265317795838413	0.0007662069329210652	0.000420593115783241	-0.01942595454014362
-0.0037966012366938973	0.002999386560485373	0.009826577699122652	-0.0002572115940500108	0.003339303580911057	-0.00016993406044130133	-0.0001410914802340013	-0.004572517445461166
-0.00030167486147480993	0.0033114335582724586	0.007642248714610611	5.483540373751872e-05	0.00252798138666388	0.00032934113601879034	-7.86820806759625e-05	0.00254215410409242
-0.0012378158548367324	0.003623480556059988	0.00508346333275389	-7.573995819631918e-06	0.0043378539738310185	-0.0018549878484932503	0.00017095551755375027	0.005350577084179742
-0.00030167486147480993	0.004684440348537322	0.004272141138506713	-0.00031962099360671736	0.003339303580911057	-0.0032279946387581138	-0.0001410914802340013	0.0034782950974543425
-0.0029228696428889034	0.0048092591476525115	0.0008396241628445544	0.00024206360241008085	0.0016542497928586641	-0.003165585239200741	0.00017095551755375027	0.0012315567133849292
-0.001549862852624484	0.004122755752519636	-0.0015319330203400483	-0.00013239279493482137	0.00021883360303665	-0.00416413563212048	4.6136718438782864e-05	0.001293966112942524
0.0002600097345430985	0.00393552755384774	-0.00327939620794937	-0.00013239279493482137	-0.0024647705779354823	-0.006722921013977201	-0.0001410914802340013	0.005787442881082017
-0.001549862852624484	0.003249024158715308	-0.0025928928128173823	-0.00031962099360671736	-0.000842126189440684	-0.005412323623269932	-0.0001410914802340013	0.010717785446123562
-0.00048890306014715	0.003685889955617583	-0.0009702484243221399	0.00024206360241008085	-0.00046766979209578174	-0.0038520886343327287	4.6136718438782864e-05	0.012090792236388426
-0.0028604602433315307	0.002812158361812367	0.00021553016726993945	-0.00013239279493482137	0.0011549745963990166	-0.0038520886343327287	-1.627268111925595e-05	0.01951751078372932
-0.0011754064552795818	0.002375292564910536	-0.0004709732278624923	-7.573995819631918e-06	0.00252798138666388	-0.0030407664400855516	0.0001085461179959335	0.029503014712927156
-0.0016122722521820787	0.0026873395626980656	-0.0021560270159146633	0.00017965420285315226	0.002340753187991318	-0.0024166724445104926	0.0001085461179959335	0.024947128545230735
7.278153587031433e-05	0.0018136079688928497	-0.0031545774088346246	-0.0002572115940500108	0.003152075382238495	-0.0026663100427408715	-0.00026591027934874667	0.020266423578419346
0.0002600097345430985	0.00037819177907083557	-0.004589993598656861	-7.573995819631918e-06	0.0051491761680781956	-0.0019798066476084397	0.0001085461179959335	0.018082094593907305
-0.00048890306014715	6.614478128375012e-05	-0.006275047386709254	-7.573995819631918e-06	0.0055860419649806925	-0.0009812562546884784	-7.86820806759625e-05	0.01078019484568049
0.0015706071252499232	-0.0003707210156187468	-0.006587094384496561	5.483540373751872e-05	0.005960498362325373	-0.0006692092569011709	4.6136718438782864e-05	0.009656825653646006
-0.00036408426103240465	-0.000557949214291531	-0.005650953391134195	-0.00013239279493482137	0.005710860764095882	-0.0006692092569011709	4.6136718438782864e-05	0.006473946276214004
0.0010713319287900536	-0.0003707210156187468	-0.004153127801754142	5.483540373751872e-05	0.005336404366750536	-0.0007940280560163604	0.00017095551755375027	0.005350577084179742
-0.0005513124597043007	-0.0003707210156187468	-0.002655302212374533	5.483540373751872e-05	0.004961947969405411	-0.0014181220515905313	-0.00020350087979159603	0.004414436090816931
0.0009465131296755303	-0.0006827680134067204	-0.0018439800181273558	-6.998339537722664e-05	0.00502435736896345	-0.0008564374555737331	-1.627268111925595e-05	0.004601664289489271
-0.0005513124597043007	-0.0007451774129643152	0.0008396241628445544	0.00011724480329555753	0.004837129170290666	-4.511526132611188e-05	0.0001085461179959335	0.00272938230276476
-0.0006137218592618954	-0.001618909006768643	0.0014637181584193915	0.00011724480329555753	0.0045250821725033585	0.0012030727298235622	0.00017095551755375027	0.0009819191151556605
0.0006968755314451514	-0.002679868799246421	0.0012764899597466073	-0.00031962099360671736	0.0032144847817958677	0.0017647573258412486	-0.00026591027934874667	-0.0007655440724547713
