Sensor_1	Sensor_2	Sensor_3	Sensor_4	Sensor_5	Sensor_6	Sensor_7	Sensor_8
-0.0035645440604255008	-0.0017385168001831097	-0.0032903483634696418	-0.001597655664911768	-0.0017599669108110394	-0.003630847806515458	-0.0022706536659800047	-0.000981428374151383
-0.0016922620737007676	-0.0007399664072631484	-0.00241661676966487	-0.0008487428702217414	-0.0007614165178915222	-0.002819525612268281	-0.0012096938735024487	1.712201876857833e-05
-0.0015674432745855782	-0.0003655100099180242	-0.0018549321736476276	-0.0006615146715491793	-0.0007614165178915222	-0.002382659815365562	-0.0010224656748305527	-0.0007317907759214481
-0.0008185304798959958	-0.00024069121080327882	-0.0017301133745328823	-0.0003494676737616498	-0.00038696012054662	-0.002133022217135405	-0.0007104186770423571	7.953141832572896e-05
-0.0006313022812234337	-0.0001158724116887555	-0.0014180663767453527	-0.0004742864728768392	-0.000574188319218516	-0.0018833846189059145	-0.0005855998779280558	-0.0007942001754785988
0.0028636240939956537	0.00106990617990399	0.00032939681086441297	0.0006490827191578674	0.0007364090714880867	-0.0003855590295258615	0.0012242727092390826	0.0001419408178833237
0.004923134279393393	0.0020060471732663565	0.0018272224002440218	0.001148357915617959	0.0012356842679486224	0.0006129913633936557	0.0022852325017164166	-0.0006069719768064807
0.006982644464790466	0.0030045975661860957	0.002825772793163983	0.001959680109865136	0.0020470064621957995	0.0014243135576408328	0.003408601693751123	0.0001419408178833237
0.0077315572594796045	0.003566282162203116	0.003699504386968755	0.0020844989089798815	0.0022966440604257343	0.0021108169527737086	0.003845467490653842	-0.0004821531776912913
0.008979745250629723	0.004003147959106057	0.0041987795834284025	0.002458955306325228	0.0029207380560005713	0.002422863950561016	0.004594380285343869	0.00020435021744091841
0.007294691462577774	0.003566282162203116	0.0037619137865263497	0.0018348613107503908	0.0021094158617533942	0.001798769954986179	0.003720648691539097	-0.0006693813763638534
0.005984094071870505	0.00337905396353122	0.0029505915922791726	0.001772451911192796	0.0020470064621957995	0.001361904158083238	0.0031589640955216325	0.0003291690165563299
0.004673496681163236	0.0024429129701688534	0.002264088197146741	0.0010235391165032137	0.0011732748683910277	0.0006754007629510284	0.002222823102159044	-0.0006693813763638534
0.00392458388647321	0.0023805035706112587	0.0016399942015719038	0.001148357915617959	0.0012356842679486224	0.0004257631647213156	0.001973185503929553	0.0002667596169987352
0.0009289327077139919	0.0011323155794615847	0.00032939681086441297	2.4988723583030392e-05	0.00011231507591369372	-0.0009472436255435479	0.0004753599145495002	-0.0006069719768064807
0.00130338910505845	0.0009450873807888005	1.734981307710548e-05	0.00027462632181274316	0.00023713387502866112	-0.0011968812237734827	0.0005377693141070949	0.0001419408178833237
0.000492066910811273	0.0008202685816740551	-0.00010746898603808397	-9.983007553215906e-05	-0.00019973192187383582	-0.0014465188220034175	0.00010090351720437596	-0.0006069719768064807
0.0009913421072713646	0.0008826779812312058	-0.00029469718471042405	8.739812314040307e-05	4.990567635587695e-05	-0.0016961564202335744	0.0002257223163195654	0.0001419408178833237
0.00024242931258178224	0.0006954497825590877	-0.00029469718471042405	-9.983007553215906e-05	-0.00019973192187383582	-0.001758565819790725	3.849411764722532e-05	-0.0007317907759214481
0.000679295109483613	0.0009450873807888005	-0.00041951598382539146	8.739812314040307e-05	4.990567635587695e-05	-0.0016961564202335744	0.00010090351720437596	0.0002667596169987352
-0.0001944364843207147	0.0005082215838863036	-0.0006691535820553263	-0.0004742864728768392	-0.0005117789196609213	-0.002382659815365562	-0.0003983716792552716	-0.0007942001754785988
0.0008041139085988025	0.0009450873807888005	-0.00041951598382539146	2.4988723583030392e-05	0.00011231507591369372	-0.002195431616693	0.00016331291676241477	0.0001419408178833237
-0.000568892881665839	0.0003834027847711141	-0.0011060193789573791	-0.000723924071106774	-0.0008238259174486728	-0.003006753810941065	-0.0006480092774847623	-0.000981428374151383
0.0003672481116960835	0.0008826779812312058	-0.0007939723811705157	-9.983007553215906e-05	-7.491312275864637e-05	-0.002569888014037902	-0.0001487340810253368	0.00020435021744091841
-0.0004440740825510936	0.0007578591821164604	-0.0010436099794000064	-0.0003494676737616498	-0.0005117789196609213	-0.0028819350118254317	-0.00046078107881286634	-0.0007317907759214481
0.0003672481116960835	0.0010074967803463952	-0.0009812005798428558	2.4988723583030392e-05	-1.2503723201051642e-05	-0.0026947068131530916	-8.632468146796413e-05	0.00020435021744091841
-0.000568892881665839	0.0007578591821164604	-0.00135565697718798	-0.0005366958724339899	-0.0006990071183334834	-0.0031315726100553665	-0.0006480092774847623	-0.0007317907759214481
0.00018001991302329934	0.0009450873807888005	-0.00135565697718798	-9.983007553215906e-05	-0.00019973192187383582	-0.0028819350118254317	-0.00021114348058248744	0.00020435021744091841
-0.0004440740825510936	0.0008826779812312058	-0.001542885175860098	-0.0004742864728768392	-0.0006990071183334834	-0.003256391409170334	-0.0005855998779280558	-0.0007317907759214481
0.00024242931258178224	0.00106990617990399	-0.001542885175860098	-0.00016223947508975378	-0.00026214132143143054	-0.0035060290074007128	-0.00027355288014008217	0.0001419408178833237
-0.0001944364843207147	0.0010074967803463952	-0.0016052945754176928	-0.0004118770733192445	-0.0005117789196609213	-0.0038180760051882423	-0.00046078107881286634	-0.0006693813763638534
-0.0004440740825510936	0.0011323155794615847	-0.0021045697718773404	-0.00028705827420449914	-0.00038696012054662	-0.00413012300297555	-0.0005231904783704611	7.953141832572896e-05
-0.00506236964980511	-0.00030310061036087355	-0.0044137175555045705	-0.001784883863584108	-0.002009604509040974	-0.006064814389257878	-0.0027699288624400964	-0.0006693813763638534
-0.007995611429007177	-0.0019257449988552278	-0.0067228653391320226	-0.002471387258716762	-0.002883336102845524	-0.0071257741817347675	-0.004392573250934451	0.0001419408178833237
-0.008370067826352301	-0.0018633355992980771	-0.006785274738688951	-0.002471387258716762	-0.003070564301518308	-0.007500230579079448	-0.004392573250934451	-0.0004821531776912913
-0.008058020828564771	-0.0019257449988552278	-0.007596596932936572	-0.002596206057831285	-0.0030081549019607134	-0.009372512565804625	-0.00470462024872198	0.0002667596169987352
-0.008744524223697203	-0.0019257449988552278	-0.007721415732051762	-0.00265861545738888	-0.0031953831006330535	-0.00949733136491937	-0.004954257846952137	-0.00041974377813369657
-0.00724669863431715	-0.0013640604028375414	-0.007471778133821383	-0.001972112062256892	-0.002508879705501066	-0.009060465568017095	-0.00414293565270496	0.00045398781567107527
-0.006435376440069529	-0.0010520134050509	-0.007284549935148821	-0.0021593402609292323	-0.0028209267032881513	-0.009434921965361776	-0.004018116853589326	-0.000544562577248664
-0.0048751414511327695	-0.00024069121080327882	-0.006910093537804585	-0.0016600650644693626	-0.002009604509040974	-0.009372512565804625	-0.0033316134584568946	0.0003291690165563299
-0.0028156312657354743	0.001257134378575886	-0.005599496147096872	-0.0010359710688940815	-0.0015727387121386993	-0.009372512565804625	-0.0021458348668648153	-0.00035733437857610184
-0.0008809398794535905	0.0026301411688411935	-0.005349858548867381	-0.0003494676737616498	-0.0007614165178915222	-0.010183834760051358	-0.0010848750743881475	0.00051639721522867
-0.00100575867856878	0.0034414633630883706	-0.0056619055466544665	-0.0006615146715491793	-0.0010734635156786076	-0.012118526146333908	-0.0012721032730600434	-0.00023251557946135648
-0.0011305774776835253	0.004564832555123299	-0.006598046540016833	-0.00016223947508975378	-0.001011054116121013	-0.013117076539253869	-0.0010224656748305527	0.00045398781567107527
-0.0008185304798959958	0.005625792347600855	-0.007908643930724102	-0.0010359710688940815	-0.0016975575112534447	-0.017111278110933048	-0.0013345126726176382	-0.00041974377813369657
0.005172771877623328	0.009058309323262348	-0.005911543144884401	0.0005866733196007168	0.00048677147325904	-0.02179198307774466	0.0007874069123368077	0.0007036254139010101
0.005484818875410413	0.011117819508659199	-0.006348408941786898	0.0013979955138474498	0.00036195267414385057	-0.02366426506446917	0.0013490915083547161	-0.0004821531776912913
0.0069202350652328715	0.013551786091401619	-0.0073469593347064155	0.0018348613107503908	0.0009236372701606488	-0.02466281545738913	0.0022852325017164166	0.00039157841611348054
0.0077315572594796045	0.01380142368963111	-0.007721415732051762	0.001585223712520012	0.0006115902723733413	-0.025786184649423394	0.002597279499503946	-0.0004821531776912913
0.009104564049744912	0.015923343274586443	-0.007908643930724102	0.0018348613107503908	0.0010484560692758382	-0.027845694834821133	0.0030965546959640378	0.00039157841611348054
0.0058592752727553155	0.01586093387502885	-0.010280201113908705	0.0010235391165032137	-0.00019973192187383582	-0.028532198229953565	0.002035594903487148	-0.000544562577248664
0.0054224094758528185	0.016297799671931124	-0.011778026703288313	0.0007739015182728348	-1.2503723201051642e-05	-0.030903755413137945	0.0015987291065839848	0.0005788066147858206
0.006420959868772558	0.017358759464408458	-0.012027664301518248	0.0008363109178304295	-7.491312275864637e-05	-0.03221435280384499	0.0015987291065839848	-0.00023251557946135648
0.0027388052948809083	0.01604816207370119	-0.014399221484702851	0.0006490827191578674	-0.0005117789196609213	-0.0321519434042874	0.0010370445105671866	0.00045398781567107527
0.0007417045090412078	0.014238289486534494	-0.014773677882047753	-0.0005366958724339899	-0.0016975575112534447	-0.03383699719233979	-0.0003359622796976769	-0.000544562577248664
0.0018650737010761365	0.013239739093614311	-0.014773677882047753	-3.742067597412024e-05	-0.0011358729152362024	-0.03065411781490779	0.00028813171587671604	0.00045398781567107527
-0.0006313022812234337	0.013614195490959213	-0.014461630884260446	-0.0004742864728768392	-0.001635148111696294	-0.025536547051193903	0.00016331291676241477	-0.00017010617990331767
0.002551577096208124	0.013114920294499122	-0.01321344289311055	-0.0004742864728768392	-0.001011054116121013	-0.02416354026092904	0.0006625881132218403	0.0006412160143434154
-0.0006313022812234337	0.011492275906004101	-0.012589348897535713	-0.0003494676737616498	-0.0015103293125811046	-0.02229125827420475	0.00010090351720437596	-0.0002949249790185071
0.00024242931258178224	0.011180228908216794	-0.012589348897535713	-0.00028705827420449914	-0.0009486447165638623	-0.018671513099869808	0.0007874069123368077	0.00045398781567107527
-0.0008809398794535905	0.00993204091706712	-0.011715617303730719	-0.001348018066681611	-0.0019471951094838236	-0.01898356009765756	-2.39152819103694e-05	-0.000544562577248664
0.00011761051346659279	0.00974481271839478	-0.010155382314793515	-0.00028705827420449914	-0.0013231011139085425	-0.015925499519340747	0.0007874069123368077	0.0003291690165563299
-0.0017546714732579183	0.008621443526360073	-0.01021779171435111	-0.0012856086671244604	-0.00182237631036819	-0.013803579934385857	3.849411764722532e-05	-0.0006693813763638534
0.0006168857099264624	0.0093703563210501	-0.008907194323644063	-0.000723924071106774	-0.0009486447165638623	-0.014427673929961138	0.0007874069123368077	0.0003291690165563299
-0.002004309071488297	0.008184577729457576	-0.009593697718776273	-0.0009735616693369309	-0.0018847857099257848	-0.011931297947661568	0.00010090351720437596	-0.0007317907759214481
-0.00100575867856878	0.008434215327687289	-0.00940646952010371	-0.0009111522697793362	-0.0012606917143513918	-0.012243344945449097	0.0006001787136646897	0.0002667596169987352
-0.0015050338750282055	0.008808671725032413	-0.00940646952010371	-0.001160789868009271	-0.00182237631036819	-0.014989358525978158	0.0002257223163195654	-0.00035733437857610184
-0.0004440740825510936	0.00993204091706712	-0.011091523308155882	-0.0008487428702217414	-0.0012606917143513918	-0.016237546517128276	0.0006625881132218403	0.00045398781567107527
-0.0006937116807810284	0.009682403318837185	-0.012464530098420967	-0.0012231992675668657	-0.001447919913023732	-0.01786019090562263	0.00028813171587671604	-0.00017010617990331767
-0.0008809398794535905	0.01086818191042993	-0.013899946288242981	-0.0006615146715491793	-0.0012606917143513918	-0.019045969497215154	0.0006625881132218403	0.0005788066147858206
-0.0015674432745855782	0.011305047707331983	-0.015460181277180185	-0.0009735616693369309	-0.001635148111696294	-0.020231748088807455	0.00035054111543519895	-0.00023251557946135648
-0.0010681680781254865	0.012553235698482101	-0.015585000076295374	-0.0014728368657968005	-0.001635148111696294	-0.02403872146181385	0.00010090351720437596	0.0006412160143434154
-0.006622604638742313	0.012615645098039252	-0.019454382848859364	-0.003282709452964161	-0.003569839497978178	-0.029717976821545866	-0.002645110063324907	-0.0004821531776912913
-0.008557296025024641	0.010930591309987303	-0.02220039642938887	-0.0027834342565040693	-0.0038194770962081126	-0.029093882825970363	-0.0035812510566872735	0.00039157841611348054
-0.008120430228121922	0.010493725513084806	-0.022262805828946464	-0.003844394048981181	-0.004069114694437825	-0.031028574212253135	-0.003893298054474803	-0.00041974377813369657
-0.007309108033874301	0.010306497314412022	-0.021576302433814032	-0.002471387258716762	-0.0032577925001910923	-0.02747123843747623	-0.0035812510566872735	0.0006412160143434154
-0.0101175310139614	0.003753510360875678	-0.02182594003204419	-0.003657165850308841	-0.0046932086900131065	-0.02466281545738913	-0.004330163851376856	-0.000544562577248664
-0.006997061036086993	0.0028173693675135336	-0.019329564049744397	-0.0027834342565040693	-0.003132973701075903	-0.022915352269779365	-0.002645110063324907	0.0007036254139010101
-0.006934651636529399	0.0026301411688411935	-0.018143785458152095	-0.0027210248569464746	-0.003757067696650518	-0.01967006349278977	-0.002832338261997247	-0.00035733437857610184
-0.00475032265201758	0.0036911009613183055	-0.015647409475852525	-0.002221749660486383	-0.002696107904172962	-0.015863090119783152	-0.0016465596704049457	0.0007036254139010101
-0.004126228656442743	0.0036286915617607107	-0.013962355687800576	-0.0020345214618135987	-0.003070564301518308	-0.016237546517128276	-0.0012096938735024487	-0.0006693813763638534
-0.0021291278706030425	0.004502423155565927	-0.012027664301518248	-0.001348018066681611	-0.0017599669108110394	-0.014178036331730981	-0.0006480092774847623	0.0003291690165563299
-0.002066718471045448	0.004502423155565927	-0.011902845502403281	-0.0017224744640269574	-0.0019471951094838236	-0.014802130327305818	-0.0007104186770423571	-0.000544562577248664
-0.001629852674143395	0.005064107751583169	-0.012402120698863373	-0.0009111522697793362	-0.001011054116121013	-0.013491532936598327	-0.0003359622796976769	0.0001419408178833237
-0.0015674432745855782	0.005500973548485666	-0.011715617303730719	-0.0009735616693369309	-0.0017599669108110394	-0.012617801342793777	0.00016331291676241477	-0.00041974377813369657
0.0034877180895704907	0.0066243427405203725	-0.009968154116121397	-0.0004118770733192445	-0.00019973192187383582	-0.013304304737925765	0.002222823102159044	0.00039157841611348054
0.005047953078507694	0.00712361793698002	-0.00940646952010371	0.00046185452048552733	0.00029954327458625585	-0.013678761135271111	0.0029717358968486263	-0.00041974377813369657
0.006733006866560087	0.00743566493476755	-0.009843335317005986	0.0010235391165032137	0.0011732748683910277	-0.015051767925535975	0.003471011093309162	0.0001419408178833237
0.0071074632639052115	0.007186027336538059	-0.010030563515678992	0.001585223712520012	0.0013605030670633678	-0.015925499519340747	0.003907876890211437	-0.00035733437857610184
0.008792517051957383	0.006249886343175248	-0.009780925917448835	0.002396545906767633	0.0020470064621957995	-0.01636236531624302	0.004656789684901241	0.0005788066147858206
0.006795416266117682	0.005126517151140764	-0.01052983871213864	0.0013979955138474498	0.0012980936675062171	-0.01698645931181786	0.003907876890211437	-4.5287380789016396e-05
0.004111812085145772	0.0032542351644155865	-0.011465979705500784	0.0008363109178304295	0.00036195267414385057	-0.014926949126421007	0.002846917097734325	0.0003291690165563299
0.004423859082932857	0.003191825764858436	-0.010654657511253385	0.00021221692225514843	0.00017472447547128844	-0.015426224322881099	0.0025348700999467955	-0.0002949249790185071
0.0024267582970933788	0.0023805035706112587	-0.010779476310368574	0.00014980752269844189	4.990567635587695e-05	-0.016424774715800616	0.0015987291065839848	0.0005788066147858206
-0.0006313022812234337	0.0013195437781339248	-0.011341160906386039	-0.000723924071106774	-0.0013231011139085425	-0.016050318318455936	0.0004753599145495002	-0.000544562577248664
0.0003672481116960835	0.0011323155794615847	-0.01052983871213864	-0.0005991052719920287	-0.0008238259174486728	-0.01686164051270267	0.0009122257114519972	0.0002667596169987352
0.0005544763103688677	0.0005706309834436762	-0.009968154116121397	-0.0009735616693369309	-0.001011054116121013	-0.01748573450827795	0.00035054111543519895	-0.000544562577248664
0.0008665233081561752	0.0006954497825590877	-0.009219241321431593	-0.0004742864728768392	-0.0007614165178915222	-0.016424774715800616	0.000724997512779435	0.00039157841611348054
-0.0008185304798959958	0.00019617458609921812	-0.009531288319218678	-0.0009735616693369309	-0.0015727387121386993	-0.015738271320668185	0.00035054111543519895	-0.00041974377813369657
0.000679295109483613	0.0009450873807888005	-0.008844784924086468	-0.00022464887464690442	-0.000574188319218516	-0.016175137117570237	0.0009122257114519972	0.0008284442130161995
0.00024242931258178224	0.00025858398565681284	-0.00940646952010371	-0.0008487428702217414	-0.0012606917143513918	-0.01654959351491536	0.0004753599145495002	-0.0002949249790185071
-0.0007561210803384011	0.00044581218432915293	-0.010280201113908705	-0.0004742864728768392	-0.001198282314793353	-0.016924049912260708	0.0006001787136646897	0.0005788066147858206
-0.0012553962767982707	0.00019617458609921812	-0.011216342107270849	-0.0010983804684521203	-0.0015727387121386993	-0.01761055330739314	0.0002257223163195654	-0.00010769678034661112
0.001116160906386554	0.0005082215838863036	-0.010155382314793515	-0.0007863334706643688	-0.0006365977187761107	-0.020855842084381848	0.0006625881132218403	0.0006412160143434154
-0.0004440740825510936	-5.346301213071669e-05	-0.01071706691081098	-0.0006615146715491793	-0.0011358729152362024	-0.020855842084381848	0.0004129505149919055	-0.00035733437857610184
-0.0010681680781254865	0.00019617458609921812	-0.011153932707713476	-9.983007553215906e-05	-0.001198282314793353	-0.01948283529411743	0.0010994539101243372	0.0003291690165563299
-0.0016922620737007676	-0.0004903288090336577	-0.011715617303730719	-0.001597655664911768	-0.0019471951094838236	-0.018359466102082722	0.00010090351720437596	-0.0007317907759214481
-7.208285648596657e-06	0.00019617458609921812	-0.009843335317005986	-0.0010359710688940815	-0.0010734635156786076	-0.017111278110933048	0.001161863309681932	0.00039157841611348054
-0.0015050338750282055	-0.0001158724116887555	-0.010030563515678992	-0.0014104274662392058	-0.0017599669108110394	-0.016112727718013087	0.0014115009079118668	-0.0004821531776912913
-0.0012553962767982707	7.135578698402867e-05	-0.010280201113908705	-0.0012231992675668657	-0.001447919913023732	-0.014677311528190629	0.0024724607003892007	0.00045398781567107527
0.000679295109483613	0.00019617458609921812	-0.009656107118333646	-0.001160789868009271	-0.0011358729152362024	-0.018733922499427402	0.0016611385061420236	-0.00017010617990331767
-0.0018794902723735518	-5.346301213071669e-05	-0.01071706691081098	-0.0007863334706643688	-0.0012606917143513918	-0.017672962706949846	0.0006625881132218403	0.0003291690165563299
-0.00774597383077702	-0.0009271946059359326	-0.013338261692225739	-0.002471387258716762	-0.0034450206988629883	-0.019420425894560278	-0.0018337878690772857	-0.0002949249790185071
-0.008058020828564771	-0.0011144228046080507	-0.013587899290455452	-0.0030954812542911547	-0.003694658297092923	-0.020980660883497038	-0.002395472465095194	0.00039157841611348054
-0.00774597383077702	-0.0011144228046080507	-0.013026214694437988	-0.003282709452964161	-0.003757067696650518	-0.02048138568703739	-0.002457881864652567	-0.00023251557946135648
-0.008869343022811949	-0.0013016510032808348	-0.013463080491340484	-0.0031578906538489715	-0.004069114694437825	-0.020855842084381848	-0.002832338261997247	0.0002667596169987352
-0.009930302815289505	-0.0014264698023960243	-0.013151033493553177	-0.0029706624551764094	-0.00413152409399542	-0.017236096910048238	-0.0025202912642097175	-0.0004821531776912913
-0.00755874563210468	-0.0008647852063778938	-0.010966704509040914	-0.002408977859159167	-0.0033826112993053936	-0.01636236531624302	-0.0009600562752725139	0.00051639721522867
-0.006310557640955006	-0.0010520134050509	-0.009032013122758809	-0.003407528252078462	-0.003320201899748243	-0.017672962706949846	-0.0010848750743881475	-0.000544562577248664
-0.00524959784847745	-0.0005527382085908084	-0.008158281528954037	-0.0018472932631417027	-0.0026336985046162553	-0.015363814923323504	-8.632468146796413e-05	0.00051639721522867
-0.003065268863965409	-0.000427919409476063	-0.006660455939573984	-0.0017224744640269574	-0.0021344233081557196	-0.014614902128633034	0.0006625881132218403	-0.00023251557946135648
-0.0015050338750282055	0.00019617458609921812	-0.005599496147096872	-0.000723924071106774	-0.0009486447165638623	-0.012617801342793777	0.0014739103074694615	0.0005788066147858206
-0.0016922620737007676	-0.0001782818112456841	-0.0056619055466544665	-0.0010983804684521203	-0.0015727387121386993	-0.013491532936598327	0.000724997512779435	-0.0002949249790185071
-0.0018794902723735518	8.946387426878033e-06	-0.005724314946212061	-0.0009735616693369309	-0.0012606917143513918	-0.01361635173571396	0.0009746351110095919	0.0003291690165563299
-7.208285648596657e-06	7.135578698402867e-05	-0.004975402151522035	-0.0006615146715491793	-0.001011054116121013	-0.013553942336156366	0.0018483667048143637	-0.00035733437857610184
0.004111812085145772	0.0006954497825590877	-0.003852032959487328	0.00021221692225514843	0.00036195267414385057	-0.012555391943236627	0.0035334204928667567	0.00039157841611348054
0.005609637674525381	0.0010074967803463952	-0.00241661676966487	0.0007739015182728348	0.0007364090714880867	-0.013179485938811464	0.004344742687113934	-0.00017010617990331767
0.006982644464790466	0.0016315907759212323	-0.000731562981612921	0.0021469083085379204	0.00192218766308061	-0.01068310995651145	0.0054681118791484185	0.0009532630121309449
0.0071074632639052115	0.0014443625772488922	0.0002669874113070403	0.001959680109865136	0.0015477312657357079	-0.00881082796978716	0.005717749477378797	-0.00017010617990331767
0.008854926451514977	0.0013195437781339248	0.0014527660028991196	0.0017100425116352014	0.0018597782635234594	-0.008935646768901906	0.0060922058747234775	0.00020435021744091841
0.006171322270542401	0.0011947249790191794	0.0004542156099796024	0.001148357915617959	0.0010484560692758382	-0.008311552773327069	0.00509365548180396	-0.00035733437857610184
0.004673496681163236	0.0006954497825590877	7.97592126347002e-05	0.0007114921187152401	0.0006115902723733413	-0.007437821179521853	0.0042199238879991885	0.00039157841611348054
0.004735906080720387	0.0008826779812312058	0.000766262607767132	0.0008363109178304295	0.0007988184710461255	-0.006688908384832271	0.0044071520866710845	-0.0002949249790185071
0.0018026643015189858	0.000633040383001493	-0.00029469718471042405	0.0005242639200431221	-1.2503723201051642e-05	-0.007188183581292584	0.003471011093309162	0.0005788066147858206
0.0003672481116960835	-5.346301213071669e-05	-0.0007939723811705157	-0.0008487428702217414	-0.0009486447165638623	-0.008498780971999409	0.003471011093309162	-0.0006069719768064807
0.0010537515068289594	7.135578698402867e-05	-0.00048192538338320823	-9.983007553215906e-05	-0.0006990071183334834	-0.008873237369344311	0.003471011093309162	0.0002667596169987352
0.00011761051346659279	-0.0001158724116887555	-0.0006691535820553263	-0.0004118770733192445	-0.0010734635156786076	-0.008124324574654285	0.002659688899061541	-0.0006069719768064807
0.00042965751125367824	0.00025858398565681284	-0.0012308381780727906	-0.00028705827420449914	-0.0006990071183334834	-0.008186733974212324	0.0024724607003892007	0.00039157841611348054
0.00018001991302329934	-0.0001158724116887555	-0.0006067441824981756	-0.000723924071106774	-0.001198282314793353	-0.009934197161821867	0.001973185503929553	-0.000544562577248664
0.0010537515068289594	0.0001337651865416234	-0.0006067441824981756	-0.00016223947508975378	-0.0004493695201042147	-0.009559740764476965	0.0022852325017164166	0.0003291690165563299
-0.00013202708476400815	-0.0001782818112456841	-0.0009812005798428558	-0.0003494676737616498	-0.0008862353170058235	-0.009185284367132285	0.0017235479056996184	-0.0006069719768064807
0.000679295109483613	8.946387426878033e-06	-0.0007939723811705157	-0.00022464887464690442	-0.000574188319218516	-0.010121425360493763	0.0019107761043719584	0.0002667596169987352
0.00011761051346659279	-0.0001782818112456841	-0.0005443347829405809	-0.0004118770733192445	-0.0008238259174486728	-0.009060465568017095	0.0015363197070270562	-0.000544562577248664
0.0008665233081561752	0.00032099338521440757	-4.5059586480489244e-05	-3.742067597412024e-05	-0.0003245507209885812	-0.007250592980849957	0.0018483667048143637	0.00045398781567107527
-0.0006937116807810284	-0.00030310061036087355	-0.0003571065842680188	-0.0006615146715491793	-0.0012606917143513918	-0.008124324574654285	0.0012866821087966773	-0.0004821531776912913
0.0010537515068289594	0.00044581218432915293	0.0007038532082095372	0.00027462632181274316	-0.0003245507209885812	-0.007562639978637042	0.002410051300831828	0.00045398781567107527
-0.00038166468299349887	-0.0004903288090336577	0.0005790344090943478	-0.0007863334706643688	-0.0012606917143513918	-0.007500230579079448	0.0013490915083547161	-0.0006693813763638534
0.00042965751125367824	7.135578698402867e-05	0.0012031284046691848	8.739812314040307e-05	-0.000574188319218516	-0.005378310994125002	0.0022852325017164166	0.0003291690165563299
-0.0006937116807810284	-0.0001158724116887555	0.0008286720073238385	-0.00028705827420449914	-0.001011054116121013	-0.004941445197222727	0.002222823102159044	-0.00041974377813369657
0.000679295109483613	0.00032099338521440757	0.0010783096055542174	8.739812314040307e-05	-0.0003245507209885812	-0.004941445197222727	0.0022852325017164166	0.0005788066147858206
