Sensor_1	Sensor_2	Sensor_3	Sensor_4	Sensor_5	Sensor_6	Sensor_7	Sensor_8
-0.0007137353608039909	3.80596844122838e-05	0.0010276741367376552	0.00013794075071493772	0.002889603156690068	-0.0023411103996189286	-6.844622026580538e-05	-0.001037858409917769
0.0006592714294608726	0.00022528788308440184	0.0010276741367376552	0.00044998774850291134	0.002952012556247663	-0.002465929198733674	-6.844622026580538e-05	-0.0008506302112454289
-0.0004016883630166834	0.0003501066821991472	0.0014645399336401521	0.0005748065476174347	0.00338887835315016	-0.0020914728013883277	-0.0001308556198238442	-0.0014747242068198219
0.0004720432307880884	-0.00014916851426050037	0.000840445938064871	0.00026275954983012717	0.00251514675934561	-0.0025907479978484194	-0.00025567441893858955	-0.0013499054077048545
-0.0007761447603611416	-8.675911470290565e-05	0.0007780365385077204	0.0005123971480605061	0.002889603156690068	-0.002403519799175635	0.00011878197840609062	-0.0011626772090325144
0.0007216808290184673	0.00010046908396943444	0.0009652647371800605	0.00026275954983012717	0.0030144219558057017	-0.0025283385982912687	5.637257884893998e-05	-0.001225086608590109
0.0004720432307880884	-0.0002115779138180951	0.0007780365385077204	0.00020035015027253245	0.0030144219558057017	-0.0030276137947511383	-0.00019326501938143892	-0.0018491806041649461
-0.0006513259612461741	3.80596844122838e-05	0.0009028553376224657	0.0003251689493877219	0.00338887835315016	-0.0027779761965207594	-0.0001308556198238442	-0.0014123148072624492
0.0007216808290184673	3.80596844122838e-05	0.0011524929358524005	0.0006372159471750294	0.0037009253509381335	-0.002902794995635949	0.0002436007775215021	-0.0015371336063774166
-0.0006513259612461741	-0.00014916851426050037	0.0007780365385077204	0.00020035015027253245	0.003326468953592787	-0.0032148419934237005	-0.0001308556198238442	-0.0017867712046069073
0.0007216808290184673	-0.0002115779138180951	0.0010276741367376552	0.00038757834894487253	0.0035136971522653493	-0.0032148419934237005	0.00011878197840609062	-0.0017243618050502008
-0.0005889165616885794	-2.4349715145310924e-05	0.0009652647371800605	0.00038757834894487253	0.0036385159513805387	-0.0036517077903255313	-6.844622026580538e-05	-0.0019739994032796915
0.0005968620299032779	-0.0002739873133756898	0.0009028553376224657	0.00020035015027253245	0.0038257441500524347	-0.0035892983907683806	-6.0368207090988335e-06	-0.0019115900037220968
-0.0006513259612461741	-0.0002739873133756898	0.0009652647371800605	0.00038757834894487253	0.0038257441500524347	-0.0037765265894407207	-6.844622026580538e-05	-0.0019739994032796915
-0.00046409776257383406	3.80596844122838e-05	0.0013397211345249627	0.00044998774850291134	0.004137791147839964	-0.003277251392980407	0.00011878197840609062	-0.0014747242068198219
0.0006592714294608726	-0.0002115779138180951	0.0010276741367376552	0.00038757834894487253	0.003576106551822944	-0.003277251392980407	-6.0368207090988335e-06	-0.0017867712046069073
-0.0006513259612461741	3.80596844122838e-05	0.00109008353629525	0.00038757834894487253	0.003576106551822944	-0.0030276137947511383	-6.0368207090988335e-06	-0.0014123148072624492
0.0007216808290184673	3.80596844122838e-05	0.0012149023354099953	0.0005748065476174347	0.003576106551822944	-0.0030276137947511383	0.00011878197840609062	-0.0015995430059350113
-0.0006513259612461741	-8.675911470290565e-05	0.0010276741367376552	0.00026275954983012717	0.0035136971522653493	-0.003277251392980407	-0.00019326501938143892	-0.002036408802837286
0.0005968620299032779	-0.0002739873133756898	0.0009028553376224657	0.00020035015027253245	0.004200200547397781	-0.0027779761965207594	0.0004308289761933981	-0.001037858409917769
-0.0004016883630166834	0.0004125160817567419	0.0017141775318696428	0.0003251689493877219	0.003576106551822944	-0.0034020701920955965	-0.0001308556198238442	-0.0018491806041649461
0.0005968620299032779	-8.675911470290565e-05	0.0014645399336401521	0.00026275954983012717	0.0036385159513805387	-0.0030276137947511383	-6.0368207090988335e-06	-0.0012874960081472597
0.0004720432307880884	3.80596844122838e-05	0.0011524929358524005	0.0003251689493877219	0.00338887835315016	-0.0031524325938661057	-0.00019326501938143892	-0.0015371336063774166
-0.0004016883630166834	0.0004125160817567419	0.0017765869314272376	0.0006372159471750294	0.004137791147839964	-0.002715566796963609	0.00036841957663624747	-0.0009130396108021355
0.0005344526303456831	-8.675911470290565e-05	0.0012149023354099953	0.00026275954983012717	0.0038257441500524347	-0.003714117189883126	-0.0001308556198238442	-0.0019115900037220968
-0.0005889165616885794	3.80596844122838e-05	0.0013397211345249627	0.00026275954983012717	0.004387428746070121	-0.0036517077903255313	-6.0368207090988335e-06	-0.0017243618050502008
0.0007840902285756179	0.00016287848352680712	0.0017141775318696428	0.0005123971480605061	0.004761885143414801	-0.0036517077903255313	-6.0368207090988335e-06	-0.0015995430059350113
-0.0006513259612461741	0.00016287848352680712	0.0015269493331977468	0.0003251689493877219	0.004387428746070121	-0.003714117189883126	-6.844622026580538e-05	-0.0019115900037220968
0.0005344526303456831	-2.4349715145310924e-05	0.0015893587327553416	0.0003251689493877219	0.004637066344300056	-0.0035892983907683806	-6.844622026580538e-05	-0.0015371336063774166
-0.0006513259612461741	0.00022528788308440184	0.001901405730542427	0.0006372159471750294	0.0051363415407597035	-0.0036517077903255313	0.00030601017707865275	-0.001661952405492606
-0.0008385541599191804	-0.00014916851426050037	0.0014645399336401521	1.312195160063645e-05	0.005011522741644958	-0.00446302998457293	-0.00019326501938143892	-0.002286046401066999
0.0006592714294608726	-0.00014916851426050037	0.0017141775318696428	0.00026275954983012717	0.005573207337661978	-0.004899895781475649	-6.844622026580538e-05	-0.002722912197969718
-0.0006513259612461741	-2.4349715145310924e-05	0.0017141775318696428	0.0003251689493877219	0.005947663735006881	-0.005149533379705584	-6.0368207090988335e-06	-0.002535683999297378
0.0007840902285756179	0.00016287848352680712	0.0019638151300995776	0.0006996253467330682	0.006259710732794854	-0.0049623051810328	0.00030601017707865275	-0.002722912197969718
-0.0005889165616885794	-0.00014916851426050037	0.001901405730542427	0.00013794075071493772	0.00607248253412207	-0.005149533379705584	-0.0001308556198238442	-0.0028477309970844633
0.0004720432307880884	-0.00014916851426050037	0.0015893587327553416	0.00038757834894487253	0.006259710732794854	-0.004837486381918055	0.00018119137796390739	-0.0026605027984121232
-0.0005265071621314288	-2.4349715145310924e-05	0.0019638151300995776	0.0003251689493877219	0.0061973013332372595	-0.005336761578377924	-6.844622026580538e-05	-0.00309736859531462
0.0005344526303456831	-0.0002739873133756898	0.001901405730542427	0.0003251689493877219	0.006758985929254946	-0.0057112179757228265	-6.0368207090988335e-06	-0.0032221873944298096
0.0008464996281329906	-0.0002739873133756898	0.0019638151300995776	0.00044998774850291134	0.007133442326599182	-0.0061480837726253235	0.0002436007775215021	-0.003534234392216895
-0.0009009635594758869	-0.0005860343111625532	0.0015893587327553416	0.00020035015027253245	0.0068213953288120965	-0.006584949569527598	-0.0001308556198238442	-0.0036590531913320845
0.0004720432307880884	-0.0007732625098353374	0.0015269493331977468	-4.9287447956958275e-05	0.006446938931466972	-0.006709768368642788	-0.0003180838184961843	-0.004033509588676543
-0.0005889165616885794	-0.0002739873133756898	0.0019638151300995776	0.0005123971480605061	0.007008623527484437	-0.0061480837726253235	0.00011878197840609062	-0.003534234392216895
0.0007840902285756179	-0.0002739873133756898	0.0021510433287721398	0.0005748065476174347	0.007383079924829783	-0.006522540169970004	-0.0001308556198238442	-0.004095918988234137
-0.0007137353608039909	-0.0007732625098353374	0.0017765869314272376	7.5531351157343e-05	0.007757536322174463	-0.00727145296466003	5.637257884893998e-05	-0.004158328387791732
0.0006592714294608726	-0.0005860343111625532	0.0020262245296576165	0.0005748065476174347	0.008256811518634555	-0.006959405966872501	0.00030601017707865275	-0.0038462813900044246
-0.0004016883630166834	-0.0003988061124899911	0.0016517681323120481	0.00013794075071493772	0.007258261125714371	-0.007770728161120122	-0.0003180838184961843	-0.004595194184694229
-0.0007137353608039909	-0.0007732625098353374	0.0019638151300995776	0.00013794075071493772	0.007320670525271744	-0.007021815366430095	-6.0368207090988335e-06	-0.004095918988234137
0.0008464996281329906	-0.00033639671293328455	0.002525499726117708	0.0007620347462902188	0.008007173920404398	-0.006647358969085193	0.00036841957663624747	-0.0038462813900044246
-0.0007761447603611416	-0.0008980813089500828	0.001901405730542427	1.312195160063645e-05	0.007944764520846803	-0.007770728161120122	-0.00019326501938143892	-0.004595194184694229
0.0005344526303456831	-0.0009604907085076775	0.0020262245296576165	0.00026275954983012717	0.00863126791597879	-0.008270003357579991	-0.0001308556198238442	-0.005094469381154099
-0.0007137353608039909	-0.0008356719093929321	0.0022134527283297345	0.00026275954983012717	0.009442590110226856	-0.008394822156694737	0.00030601017707865275	-0.0049072411824817586
0.0009089090276912515	-0.0007732625098353374	0.002587909125675303	0.0006996253467330682	0.010316321704031628	-0.008644459754924894	-0.00019326501938143892	-0.005656153977171341
-0.0007137353608039909	-0.0013349471058528017	0.0021510433287721398	0.00044998774850291134	0.011626919094738897	-0.009705419547402006	-6.0368207090988335e-06	-0.006280247972746622
0.0005968620299032779	-0.0013349471058528017	0.0024006809270025187	0.0005748065476174347	0.013936066878366127	-0.010516741741649627	0.00036841957663624747	-0.006841932568763642
0.0005344526303456831	-0.002083859900542606	0.001901405730542427	0.00026275954983012717	0.014747389072613304	-0.011764929732799523	-0.00019326501938143892	-0.008339758158143695
-0.0007761447603611416	-0.0022086786996577956	0.0020262245296576165	7.5531351157343e-05	0.015933167664205605	-0.011702520333241706	-0.0001308556198238442	-0.008714214555488597
0.0007840902285756179	-0.002146269300100201	0.002338271527444924	0.0006372159471750294	0.01774304025137252	-0.01220179552970202	0.00018119137796390739	-0.009213489751948467
-0.00046409776257383406	-0.0024583162978877304	0.0024630903265596693	0.0005123971480605061	0.020239416233672092	-0.013137936523063942	0.0002436007775215021	-0.012583597328053031
0.0005344526303456831	-0.0035192760903648423	0.0019638151300995776	0.00020035015027253245	0.022798201615529257	-0.015384674907133578	0.00018119137796390739	-0.014643107513450104
-0.0004016883630166834	-0.003831323088152594	0.002587909125675303	0.0005123971480605061	0.0325340679464976	-0.02256175585624476	0.00018119137796390739	-0.017638758692209322
0.0006592714294608726	-0.004829873481072111	0.002525499726117708	1.312195160063645e-05	0.036341041319504	-0.024496447242526864	-0.00019326501938143892	-0.019760678277164212
-0.0008385541599191804	-0.006265289670894125	0.002962365523019761	0.00038757834894487253	0.04189547788012038	-0.026181501030579035	5.637257884893998e-05	-0.022194644859906187
-0.0007761447603611416	-0.00882407505275129	0.0026503185252320094	0.0003251689493877219	0.04882292123100207	-0.029863655604470907	-6.844622026580538e-05	-0.025439933636894896
0.0009089090276912515	-0.009572987847441317	0.0028375467239045715	0.0008868535454049642	0.05587518338099806	-0.033171353781017876	0.0004932383757509928	-0.028685222413884714
-0.0006513259612461741	-0.010633947639918206	0.0028999561234621662	0.00013794075071493772	0.058808425160199684	-0.033982675975265275	-6.0368207090988335e-06	-0.03124400779574188
0.0005968620299032779	-0.010758766439033618	0.0038985065163821275	0.0005748065476174347	0.05793469356639491	-0.026555957427923937	5.637257884893998e-05	-0.02693775922627495
-0.00046409776257383406	-0.011445269834165606	0.0055835603044345206	0.00044998774850291134	0.05200580060843407	-0.014885399710673708	-0.0003180838184961843	-0.023380423451498045
0.00040963383123138186	-0.010509128840803683	0.004585009911514559	0.00013794075071493772	0.036341041319504	0.004024648355245075	-0.0001308556198238442	-0.020072725274951297
-0.0005889165616885794	-0.009510578447883722	0.0047722381101873435	0.00026275954983012717	0.03278370554472687	0.006146567940199521	-0.0001308556198238442	-0.018013215089554224
0.0005968620299032779	-0.009260940849653787	0.008579211483193738	0.0006372159471750294	0.0325340679464976	0.006146567940199521	0.0004308289761933981	-0.01676502709840455
0.0004720432307880884	-0.011008404037263775	0.008391983284520954	7.5531351157343e-05	0.031410698754462896	0.014259789882673068	-0.00025567441893858955	-0.017638758692209322
-0.0006513259612461741	-0.009885034845228846	0.008454392684078993	0.00013794075071493772	0.03484321573012439	0.005148017547280448	-0.0001308556198238442	-0.016889845897519296
0.0007840902285756179	-0.010633947639918206	0.008204755085848392	0.0005123971480605061	0.038899826701361384	0.004711151750377951	5.637257884893998e-05	-0.017638758692209322
-0.0008385541599191804	-0.012131773229298037	0.007393432891601659	-0.00017410624707192568	0.041583430882333294	0.005335245745952344	-0.00044290261761092964	-0.019198993681146526
0.0007216808290184673	-0.014191283414695333	0.008017526887176052	0.00038757834894487253	0.04613931705003016	0.005460064545067533	-6.844622026580538e-05	-0.021196094466986226
-0.0005889165616885794	-0.016375612399207373	0.006894157695141345	0.0003251689493877219	0.05543831758409534	-0.001592197604928458	-6.844622026580538e-05	-0.022631510656808462
0.0006592714294608726	-0.01643802179876519	0.005958016701779201	1.312195160063645e-05	0.058746015760642534	0.013510877087983486	-0.00025567441893858955	-0.028622813014327342
-0.0006513259612461741	-0.019995357573542094	0.0021510433287721398	0.00026275954983012717	0.06798260689515057	-0.008457231556252331	-0.00019326501938143892	-0.03211773938954643
-0.0005889165616885794	-0.02186763956026616	0.002962365523019761	0.00020035015027253245	0.08221194999425818	-0.013762030518639223	-6.844622026580538e-05	-0.036985672555030824
0.0005968620299032779	-0.025861841131945784	0.003836097116824533	0.00026275954983012717	0.09843839387920483	-0.019004420081467632	-0.0001308556198238442	-0.042165652718302304
-0.0005889165616885794	-0.02910712990893538	0.005645969703992115	0.00026275954983012717	0.10861112600707568	-0.023497896849607125	5.637257884893998e-05	-0.04547335089484883
0.0005968620299032779	-0.03241482808548213	0.004085734715054912	0.0003251689493877219	0.11978240852786604	-0.02992606500402828	-0.00025567441893858955	-0.04821936447537856
-0.0005889165616885794	-0.03378783487574699	0.0030871843221349504	0.0003251689493877219	0.12608575788317244	-0.03466917937039771	-0.00019326501938143892	-0.03205532998998928
0.0005344526303456831	-0.03328855967928668	0.00015394254293243925	0.00013794075071493772	0.09357046071372133	-0.02524536003721667	-0.0003180838184961843	-0.014518288714334915
-0.0006513259612461741	-0.029543995705837656	-0.002092795841136752	0.00038757834894487253	0.0812758090008956	-0.016695272297840402	5.637257884893998e-05	-0.0028477309970844633
0.0007840902285756179	-0.02611147873017572	0.0022758621278877733	-0.000111696847514553	0.07104066747346738	-0.014635762112443551	-0.0003180838184961843	0.019245196446265878
0.00034722443167334305	-0.026922800924423118	0.0012149023354099953	-0.00029892504618711513	0.06486213691727616	-0.013637211719524034	-0.0007549496153986812	0.029854794371038995
-0.0003392789634590887	-0.026049069330618124	0.0009652647371800605	0.0003251689493877219	0.06373876772524167	-0.011328063935896804	5.637257884893998e-05	0.034161042940505926
0.0005344526303456831	-0.025861841131945784	0.00040358014116281815	-0.00017410624707192568	0.06417563352214373	-0.01007987594474713	-0.0005053120171685244	0.03160225755864898
-0.0007137353608039909	-0.022866189953186122	0.0018389963309848323	-0.00017410624707192568	0.06361394892612693	-0.009455781949172515	-0.000380493218053779	0.02679673379272196
0.0005344526303456831	-0.01980812937486931	0.003960915915939278	-0.00017410624707192568	0.061242391742942104	-0.009206144350942358	0.00011878197840609062	0.028669015779447138
-0.0003392789634590887	-0.016125974800977216	0.004272962913727252	0.0003251689493877219	0.05400290139427377	-0.008769278554039639	-0.0005677214167261191	0.04102607689182958
0.0004720432307880884	-0.015501880805402601	0.0019638151300995776	-0.002171207032911404	0.05256748520445087	-0.007146634165545285	-0.000380493218053779	0.041275714490059956
-0.0006513259612461741	-0.014440921012925267	-0.000594970251756699	-0.007600824794413041	0.05188098180931888	-0.005586399176608081	-0.0005677214167261191	0.03509718393386829
-0.00046409776257383406	-0.007139021264699341	0.0034616407194796306	-0.07281864733198873	0.05593759278055521	-0.00040641901333637875	0.00018119137796390739	0.035970915527673064
0.0005344526303456831	-0.004892282880629706	0.008204755085848392	-0.13373022130009726	0.06011902255090695	0.002152366368520342	-0.0001308556198238442	0.038779338507760386
-0.0007137353608039909	-0.013879236416908025	-0.0014062924460047643	-0.019333791911221088	0.05050797501905402	-0.005087123980148434	-0.0003180838184961843	0.028232149982545085
0.0008464996281329906	-0.0151274244080577	-0.004901218821223852	-0.011470207566977919	0.055188679985866074	-0.00477507698236046	-6.844622026580538e-05	0.021304706631663395
-0.0009009635594758869	-0.018559941383719636	-0.008583373395115945	-0.009785153778925748	0.06043106954869448	-0.005024714580590839	-0.0003180838184961843	0.019494834044496256
0.0006592714294608726	-0.019995357573542094	-0.010892521178742731	-0.005790952207246125	0.0742859562504572	-0.003714117189883126	-0.000380493218053779	0.014314853881224776
-0.0007137353608039909	-0.021305954964249363	-0.012827212565024615	-0.014216221147507424	0.07647028523496924	-0.00140496940625634	-6.844622026580538e-05	0.012941847090959913
0.0007216808290184673	-0.02211727715849654	-0.011703843372989908	-0.0170246441275943	0.06891874788851338	-0.002216291600503739	-0.0001308556198238442	0.01756014265821393
0.00040963383123138186	-0.018809578981949793	-0.01001878958493796	-0.013217670754587463	0.060805525946039385	-0.0019042446027164317	-0.0005053120171685244	0.019994109240956348
-0.0004016883630166834	-0.01643802179876519	-0.010143608384052705	-0.01165743576565026	0.058808425160199684	-9.437201554884922e-05	0.00011878197840609062	0.01699845806219713
0.00040963383123138186	-0.0179358473881448	-0.011953480971219843	-0.010471657174057736	0.054939042387635695	0.0005921313795835825	-0.00044290261761092964	0.014751719678127051
-0.0007761447603611416	-0.016812478196110092	-0.012327937368564745	-0.011095751169632573	0.05013351862170934	0.001528272372945949	-0.000380493218053779	0.013066665890075102
0.0009089090276912515	-0.014378511613367673	-0.009644333187592613	-0.009722744379367487	0.046201726449586866	0.0014658629733883544	-0.0001308556198238442	0.013877988084321835
-0.0006513259612461741	-0.010883585238148807	-0.006149406812373526	-0.008224918789988322	0.03103624235711777	-0.002403519799175635	-0.00044290261761092964	0.01618713586794951
0.0004720432307880884	-0.007076611865141302	-0.0021552052406943467	-0.007351187196183329	0.025793852794288474	-0.0021538822009459224	-0.00025567441893858955	0.01599990766927717
-0.0007761447603611416	-0.003956141887266895	0.0020262245296576165	-0.0054789052094585955	0.019927369235884784	-0.002403519799175635	0.00018119137796390739	0.015750270071046568
-0.0008385541599191804	0.0005373348808719314	0.0009652647371800605	-0.003856260820963797	0.012999925885003316	-0.0031524325938661057	-0.000380493218053779	0.015500632472817077
0.0005968620299032779	0.0021599792693667297	-3.328565573990083e-05	-0.0012974754391066323	0.009255361911554072	-0.002653157397406014	-0.00019326501938143892	0.0146893102785699
-0.0006513259612461741	0.002097569869809135	-0.0012814736468891308	-0.0008606096422041354	0.00950499950978445	-0.0013425600066987453	-6.0368207090988335e-06	0.012317753095385076
0.0005968620299032779	0.0005997442804295261	-0.0017807488433492225	-0.0006733814435322394	0.011002825099163616	-0.0014673788058137127	-0.0001308556198238442	0.0070753635325562225
-0.0006513259612461741	-0.0005860343111625532	-0.0018431582429070392	-0.0006733814435322394	0.011439690896066557	-0.0002816002142211893	-0.0001308556198238442	0.005203081545831489
0.0006592714294608726	-0.0008356719093929321	-0.0034033932318440208	7.5531351157343e-05	0.010004274706243654	0.000280084381796053	-6.844622026580538e-05	0.004142121753353933
-0.0006513259612461741	-0.0009604907085076775	-0.004713990622551512	1.312195160063645e-05	0.009754637108014164	-0.00021919081466403867	-6.0368207090988335e-06	0.003393208958664351
0.0005968620299032779	-0.0013349471058528017	-0.003340983832286648	1.312195160063645e-05	0.009255361911554072	3.044678356589614e-05	-6.844622026580538e-05	0.0036428465568938417
0.0005968620299032779	-0.0016469941036405533	-0.0032785744327286093	0.00026275954983012717	0.008693677315536386	-9.437201554884922e-05	-6.844622026580538e-05	0.002332249166186573
-0.0005265071621314288	-0.0017718129027552987	-0.0032161650331719027	0.00013794075071493772	0.00863126791597879	9.285618312349087e-05	0.00011878197840609062	0.0017705645701695527
0.0005968620299032779	-0.002146269300100201	-0.0027792992362691837	0.00020035015027253245	0.008568858516422084	-0.00021919081466403867	-0.0001308556198238442	0.0018953833692847422
-0.00046409776257383406	-0.0020214505009852335	-0.0017807488433492225	0.0003251689493877219	0.00863126791597879	0.00040490318091079835	0.0002436007775215021	0.0008968329763650029
0.0005344526303456831	-0.002083859900542606	-0.002280024039809092	1.312195160063645e-05	0.006322120132352449	-9.437201554884922e-05	0.00018119137796390739	0.0005223765790194346
-0.0005265071621314288	-0.0013349471058528017	-0.0018431582429070392	0.00044998774850291134	0.004012972348724775	0.0012786347747155702	0.00011878197840609062	-0.0004137644143424879
0.0006592714294608726	-0.0014597659049677691	-0.0018431582429070392	-4.9287447956958275e-05	0.003576106551822944	0.0010289971764860795	-0.00019326501938143892	-0.0014123148072624492
-0.0007761447603611416	-0.0015845847040825145	-0.0024048428389238374	7.5531351157343e-05	0.0035136971522653493	0.000904178377370668	-0.00019326501938143892	-0.0013499054077048545
-0.0005889165616885794	-0.0008980813089500828	-0.0018431582429070392	0.00026275954983012717	0.004574656944742905	0.001341044174273165	-6.0368207090988335e-06	-0.001037858409917769
0.0008464996281329906	-0.000648443710720592	-0.0007821984504294832	0.0006372159471750294	0.005885254335450174	0.0012786347747155702	0.00030601017707865275	-0.0007882208116873901
-0.0007137353608039909	-0.0007108531102781868	-0.0006573796513147379	1.312195160063645e-05	0.006010073134564475	0.0004673125804683931	-0.00019326501938143892	-0.0007258114121300174
0.0006592714294608726	-0.0002115779138180951	-0.0002829232539696136	0.00044998774850291134	0.006259710732794854	0.00034249378135320363	-6.0368207090988335e-06	0.0009592423759219315
-0.0005889165616885794	-2.4349715145310924e-05	9.153314337528862e-05	0.0003251689493877219	0.006446938931466972	0.00015526558268086355	-0.00019326501938143892	0.0008968329763650029
0.0004720432307880884	-8.675911470290565e-05	0.00015394254293243925	7.5531351157343e-05	0.0074454893243869336	-0.00040641901333637875	-6.844622026580538e-05	0.0014585175723818011
-0.0006513259612461741	-0.00033639671293328455	0.0007156271389505697	0.0003251689493877219	0.00850644911686449	-0.0002816002142211893	0.00011878197840609062	0.0013336987732674999
0.0007840902285756179	3.80596844122838e-05	0.0009652647371800605	-0.00017410624707192568	0.00863126791597879	-0.0004688284128939735	-0.0001308556198238442	0.0015833363714969906
0.0007216808290184673	-2.4349715145310924e-05	0.00109008353629525	0.00026275954983012717	0.00888090551420917	-0.0004688284128939735	0.00011878197840609062	0.0017705645701695527
-0.0005889165616885794	0.00016287848352680712	0.0011524929358524005	0.00020035015027253245	0.009005724313324581	-0.00040641901333637875	-6.0368207090988335e-06	0.002145020967514233
0.0007216808290184673	0.00028769728264199657	0.0013397211345249627	-0.0009854284413193248	0.009005724313324581	-0.0005312378124515682	5.637257884893998e-05	0.002581886764417174
-0.0006513259612461741	0.00047492548131478074	0.0014021305340827794	-0.0014222942382222659	0.009068133712882176	-0.0007184660111241303	5.637257884893998e-05	0.0028939337622047034
0.0005344526303456831	0.0004125160817567419	0.00127731173496759	-0.0006733814435322394	0.00863126791597879	-0.0009681036093540651	0.00018119137796390739	0.0034556183582219457
-0.00046409776257383406	0.0006621536799866767	0.0015893587327553416	-4.9287447956958275e-05	0.008444039717306895	-0.0012801506071409285	-0.00019326501938143892	0.003143571360434194
0.0004720432307880884	0.00028769728264199657	0.0010276741367376552	0.00026275954983012717	0.008756086715094424	-0.0009056942097964704	5.637257884893998e-05	0.0035180277577795405
-0.0005265071621314288	0.0005373348808719314	0.0009652647371800605	0.00038757834894487253	0.008256811518634555	-0.0009056942097964704	-6.844622026580538e-05	0.003393208958664351
-0.0007137353608039909	3.80596844122838e-05	0.0009028553376224657	0.00020035015027253245	0.008319220918191705	-0.0008432848102388757	-0.0001308556198238442	0.003143571360434194
0.0007216808290184673	0.00010046908396943444	0.0007780365385077204	0.00038757834894487253	0.008319220918191705	-0.000780875410681281	5.637257884893998e-05	0.002956343161761854
-0.0007137353608039909	-0.0002115779138180951	0.00034117074160477934	0.00020035015027253245	0.007819945721731614	-0.000780875410681281	-0.00019326501938143892	0.002956343161761854
0.0007216808290184673	-0.0004612155120480299	0.00040358014116281815	0.0005123971480605061	0.007195851726157221	-0.0004688284128939735	5.637257884893998e-05	0.0026442961639743245
-0.0007761447603611416	-0.0007108531102781868	-3.328565573990083e-05	7.5531351157343e-05	0.005822844935892135	-0.0006560566115667577	-6.0368207090988335e-06	0.002332249166186573
0.0007216808290184673	-0.000648443710720592	-9.569505529705147e-05	0.00038757834894487253	0.005011522741644958	-0.00040641901333637875	-0.0003180838184961843	0.0022074303670722717
-0.0007761447603611416	-0.0007732625098353374	-0.00040774205308480305	0.0005748065476174347	0.005448388538547233	-3.1962615991698584e-05	0.00018119137796390739	0.0020202021683994875
0.0006592714294608726	-0.0005860343111625532	-0.0007821984504294832	7.5531351157343e-05	0.005011522741644958	-0.0003440096137792281	-0.00019326501938143892	0.0015209269719393959
0.0005968620299032779	-0.0005860343111625532	-0.0008446078499870779	0.00044998774850291134	0.005011522741644958	-0.00015678141510644394	5.637257884893998e-05	0.0014585175723818011
-0.0005889165616885794	-0.0007108531102781868	-0.0009070172495446727	0.00038757834894487253	0.0051363415407597035	3.044678356589614e-05	5.637257884893998e-05	0.0014585175723818011
0.0004720432307880884	-0.0012101283067376123	-0.0014062924460047643	0.00013794075071493772	0.004512247545185311	-0.0005312378124515682	-0.00025567441893858955	0.0009592423759219315
-0.0005889165616885794	-0.000648443710720592	-0.0012814736468891308	0.00026275954983012717	0.004699475743857651	-0.00015678141510644394	-6.0368207090988335e-06	0.0010216517754795262
0.0006592714294608726	-0.000648443710720592	-0.0015311112451195097	0.00044998774850291134	0.004512247545185311	-0.00015678141510644394	0.00018119137796390739	0.0013336987732674999
-0.0005265071621314288	-0.0007108531102781868	-0.0012814736468891308	0.00038757834894487253	0.004949113342087363	-0.0004688284128939735	-0.00019326501938143892	0.001084061175037565
0.0004720432307880884	-0.0010853095076224228	-0.001468701845561915	0.0003251689493877219	0.005198750940317742	-0.00021919081466403867	-6.844622026580538e-05	0.0015209269719393959
-0.0006513259612461741	-0.0007732625098353374	-0.001031836048659418	0.0005748065476174347	0.005011522741644958	-0.00015678141510644394	0.00018119137796390739	0.0018329739697267033
-0.0008385541599191804	-0.0007108531102781868	-0.0013438830464471696	0.00013794075071493772	0.004262609946954932	-0.00040641901333637875	-0.00025567441893858955	0.0015209269719393959
0.0007216808290184673	-0.0003988061124899911	-0.0009694266491018233	0.0003251689493877219	0.004075381748282814	-0.0003440096137792281	-6.0368207090988335e-06	0.0015209269719393959
-0.0006513259612461741	-0.00014916851426050037	-0.0009694266491018233	0.00026275954983012717	0.00376333475049484	-0.00015678141510644394	-0.0001308556198238442	0.0016457457710543633
0.0007840902285756179	-2.4349715145310924e-05	-0.0007197890508718885	0.0005748065476174347	0.0038257441500524347	9.285618312349087e-05	0.0002436007775215021	0.0012088799741523104
-0.0009009635594758869	-0.0003988061124899911	-0.0010942454482167907	-4.9287447956958275e-05	0.003201650154478042	-0.0003440096137792281	0.0002436007775215021	0.0018329739697267033
0.0008464996281329906	3.80596844122838e-05	-0.0001581044548546462	0.0006372159471750294	0.0030144219558057017	-9.437201554884922e-05	-0.0003180838184961843	0.0014585175723818011
-0.0007761447603611416	-8.675911470290565e-05	-0.000594970251756699	0.0007620347462902188	0.0032640595540351924	0.0004673125804683931	0.0004308289761933981	0.0018329739697267033
0.0008464996281329906	0.00047492548131478074	-3.328565573990083e-05	0.00026275954983012717	0.00251514675934561	9.285618312349087e-05	-6.0368207090988335e-06	0.0015209269719393959
0.0005344526303456831	0.00016287848352680712	-3.328565573990083e-05	0.00026275954983012717	0.002078280962442891	-0.00015678141510644394	-0.0001308556198238442	0.0011464705745947157
-0.0005265071621314288	0.0005373348808719314	0.0005283989402777856	0.0005123971480605061	0.00251514675934561	0.0005297219800259878	0.0002436007775215021	0.0018953833692847422
0.0005968620299032779	0.00028769728264199657	0.0002787613420480728	0.00026275954983012717	0.0019534621633277016	3.044678356589614e-05	-0.0001308556198238442	0.0015209269719393959
-0.0005889165616885794	0.00047492548131478074	0.00046598954072019083	0.00026275954983012717	0.002140690362000486	0.00034249378135320363	5.637257884893998e-05	0.0014585175723818011
0.0007216808290184673	0.00047492548131478074	0.0005283989402777856	0.00044998774850291134	0.0020158715628857404	0.000280084381796053	0.00011878197840609062	0.0013961081728250946
-0.0005889165616885794	0.00047492548131478074	0.0006532177393920868	0.00038757834894487253	0.0015790057659827994	0.000280084381796053	-6.844622026580538e-05	0.0010216517754795262
0.0005968620299032779	0.0003501066821991472	0.0005283989402777856	0.00013794075071493772	0.0013917775673104593	0.000280084381796053	-0.00019326501938143892	0.0009592423759219315
-0.0007137353608039909	0.00022528788308440184	0.0005908083398353803	0.0005748065476174347	0.0016414151655403941	0.00040490318091079835	0.00011878197840609062	0.0009592423759219315
-0.0005889165616885794	0.00022528788308440184	0.0005908083398353803	0.00026275954983012717	0.001891052763770551	0.00040490318091079835	-6.0368207090988335e-06	0.0008968329763650029
0.0006592714294608726	0.00028769728264199657	0.0006532177393920868	0.00044998774850291134	0.0019534621633277016	0.000280084381796053	5.637257884893998e-05	0.000647195378134624
-0.0007761447603611416	0.00010046908396943444	0.00021635194249047807	7.5531351157343e-05	0.0018286433642129563	3.044678356589614e-05	-0.00025567441893858955	0.00045996717946183985
0.0009713184272481801	0.00047492548131478074	0.0009652647371800605	0.0008244441458478136	0.002764784357575323	0.000716950178698772	0.0004932383757509928	0.0003351483803475386
-0.0007761447603611416	-2.4349715145310924e-05	0.00034117074160477934	1.312195160063645e-05	0.0023903279602304206	9.285618312349087e-05	-0.00025567441893858955	8.551078211738172e-05
0.00034722443167334305	-0.0002115779138180951	0.00015394254293243925	0.00020035015027253245	0.003576106551822944	0.000716950178698772	0.0004932383757509928	0.0008968329763650029
-0.00021446016434389925	0.0003501066821991472	0.0006532177393920868	1.312195160063645e-05	0.0026399655584605775	-0.0002816002142211893	-0.000380493218053779	-0.00035135501478533726
0.00034722443167334305	-0.000648443710720592	-3.328565573990083e-05	0.00020035015027253245	0.0032640595540351924	3.044678356589614e-05	-0.0001308556198238442	-0.00010171741655495836
0.0005968620299032779	-0.00033639671293328455	-9.569505529705147e-05	0.00044998774850291134	0.00338887835315016	9.285618312349087e-05	-6.0368207090988335e-06	2.3101382559786998e-05
-0.0005889165616885794	-0.00033639671293328455	0.00015394254293243925	0.00038757834894487253	0.0038881535496100295	0.00034249378135320363	0.00011878197840609062	0.00027273898078994385
0.0007216808290184673	-0.0003988061124899911	-9.569505529705147e-05	0.00038757834894487253	0.0036385159513805387	-3.1962615991698584e-05	-6.0368207090988335e-06	0.0003975577799051333
-0.0007137353608039909	-0.0005236249116054026	-0.0002829232539696136	0.00020035015027253245	0.00376333475049484	-3.1962615991698584e-05	-0.0001308556198238442	8.551078211738172e-05
0.0007216808290184673	-0.0004612155120480299	-3.328565573990083e-05	0.00044998774850291134	0.0038881535496100295	3.044678356589614e-05	-0.0001308556198238442	8.551078211738172e-05
-0.0006513259612461741	-0.000648443710720592	-0.0002829232539696136	0.00013794075071493772	0.003576106551822944	-0.0002816002142211893	-0.0001308556198238442	-3.9308016997807727e-05
0.0005344526303456831	-0.000648443710720592	-0.00040774205308480305	0.00038757834894487253	0.0038257441500524347	0.00015526558268086355	0.00011878197840609062	0.0003975577799051333
-0.0005265071621314288	-0.00033639671293328455	-0.00047015145264239777	0.00026275954983012717	0.0034512877527077546	-0.00040641901333637875	-0.0001308556198238442	-3.9308016997807727e-05
-0.0004016883630166834	-0.0002739873133756898	-3.328565573990083e-05	0.00044998774850291134	0.0038257441500524347	0.00021767498223845827	0.00030601017707865275	0.00045996717946183985
0.0004720432307880884	-0.0004612155120480299	-0.00047015145264239777	0.00026275954983012717	0.00338887835315016	-0.00015678141510644394	-0.00019326501938143892	2.3101382559786998e-05
-0.0004016883630166834	-8.675911470290565e-05	2.9123743817693892e-05	0.0005123971480605061	0.00395056294916718	0.000280084381796053	0.0002436007775215021	0.000647195378134624
0.00040963383123138186	-0.000648443710720592	-0.0005325608521999925	7.5531351157343e-05	0.003201650154478042	-0.00040641901333637875	-0.0003180838184961843	0.0007096047776922187
-0.0007137353608039909	-8.675911470290565e-05	-0.0001581044548546462	0.00038757834894487253	0.0034512877527077546	0.00021767498223845827	0.0002436007775215021	0.0005847859785770293
0.0007840902285756179	-2.4349715145310924e-05	9.153314337528862e-05	0.0005748065476174347	0.002952012556247663	-0.00015678141510644394	-0.00019326501938143892	0.00027273898078994385
-0.0007137353608039909	-0.00033639671293328455	-0.0002829232539696136	0.00026275954983012717	0.0028271937571329175	-0.0003440096137792281	-0.0001308556198238442	8.551078211738172e-05
0.0005968620299032779	-0.00033639671293328455	-3.328565573990083e-05	0.00038757834894487253	0.0030768313553628523	0.00021767498223845827	-6.0368207090988335e-06	0.0005847859785770293
0.0006592714294608726	-8.675911470290565e-05	0.00015394254293243925	0.00044998774850291134	0.003139240754920003	0.00015526558268086355	0.00011878197840609062	0.0003975577799051333
-0.0006513259612461741	-2.4349715145310924e-05	2.9123743817693892e-05	0.00013794075071493772	0.002952012556247663	0.00021767498223845827	-6.844622026580538e-05	0.00045996717946183985
