Sensor_1	Sensor_2	Sensor_3	Sensor_4	Sensor_5	Sensor_6	Sensor_7	Sensor_8
-0.00014280206759709202	0.00013038571755563666	-0.0009567423361562799	1.7664980544784825e-05	-0.00021917869077570096	-0.0019941020141907018	4.828303196746653e-05	-0.0003210901197836513
0.0006061107270924904	0.00025520451667060406	-0.0009567423361562799	0.0003297119783320923	0.0002800965056839466	-0.0018692832150761785	0.00029792063019740134	0.00042782267490681924
-0.0006420772640571837	-0.0004312988784618277	-0.0015184269321737442	-0.0005440196154729016	-0.0007184538872360147	-0.0024933772106505714	-0.0005758109636073705	-0.0006955465171278874
0.0007309295262076798	0.0003176139162277547	-0.0008943329365986852	0.00039212137788968704	0.0002800965056839466	-0.0016196456168462436	0.000360330029754774	0.0006150508735791593
-0.0005172584649428824	-0.00018166128023233696	-0.0014560175326154834	-0.0003567914168001174	-0.0005312256885632305	-0.00236855841153627	-0.00032617336537765773	-0.0004459089188983967
0.0007933389257643864	0.00044243271534294415	-0.0007695141374834957	0.00045453077744728176	0.00034250590524154134	-0.001744464415960989	0.00042273942931281283	0.0004902320744639699
-0.00026762086671228147	-0.0002440706797890435	-0.0013936081330581107	-0.0002943820172427447	-0.0005936350881208252	-0.0024933772106505714	-0.00032617336537765773	-0.0005083183184559914
0.0009805671244371705	0.0006296609140157283	-0.0007695141374834957	0.0005793495765620271	0.00034250590524154134	-0.0018068738155185837	0.00048514882886996347	0.0007398696726941267
-0.0008917148622875626	5.566918440225166e-06	-0.0015808363317308949	-0.00016956321812799935	-0.00046881628900563577	-0.0024933772106505714	-0.00038858276493480837	-0.0001338619211106451
-0.0042618224383916825	-0.0002440706797890435	-0.003453118318454962	-0.000856066613259987	-0.0011553196841380675	-0.003991202800030624	-0.0018864083543144172	0.0005526414740215646
-0.008318433409628456	-0.0009305740749214753	-0.005450219104294884	-0.0020418452048525104	-0.0026531452735176764	-0.005676256588082573	-0.003821099740596523	-0.0001338619211106451
-0.007507111215381279	-0.0010553928740371088	-0.005949494300754976	-0.0020418452048525104	-0.002528326474402709	-0.005801075387197763	-0.003821099740596523	0.00042782267490681924
-0.007382292416265868	-0.0006809364766922066	-0.005575037903410296	-0.0018546170061799483	-0.002528326474402709	-0.005801075387197763	-0.0037586903410389283	-7.145252155305037e-05
-0.007444701815823684	-0.0011178022735942594	-0.006386360097657695	-0.002104254604410105	-0.0025907358739603037	-0.0064875787823306386	-0.0039459185397117125	0.0003654132753492245
-0.007195064217593972	-0.0012426210727090048	-0.006386360097657695	-0.0022914828030824452	-0.0030276016708623565	-0.006737216380560129	-0.004257965537498798	-0.000570727718012698
-0.004885916433966742	-0.0006809364766922066	-0.0056374473029674466	-0.0015425700083924188	-0.002091460677500434	-0.006300350583657854	-0.0031345963454645354	0.00042782267490681924
-0.004573869436179212	-0.0010553928740371088	-0.005575037903410296	-0.0017297982070647588	-0.002341098275730369	-0.006612397581445384	-0.0031345963454645354	-0.000570727718012698
-0.0012661712596324648	-0.00036888947890423296	-0.004202031113145432	-0.0006064290150300522	-0.001030500885022878	-0.0054266189898530826	-0.0015119519569701811	0.00024059447623403507
-0.0009541242618447132	-0.00036888947890423296	-0.00382757471580053	-0.0006688384145876469	-0.0011553196841380675	-0.005301800190737893	-0.0011999049591824296	-0.0003210901197836513
-8.039266803994138e-05	-5.6842481117147514e-05	-0.003453118318454962	-0.0002319726176847059	-0.0005312256885632305	-0.004989753192950586	-0.0007006297627221159	0.0003654132753492245
-0.0005172584649428824	-0.0004312988784618277	-0.003702755916685785	-0.0006064290150300522	-0.001030500885022878	-0.005489028389410677	-0.001075086160066796	-0.0006331371175707368
0.0008557483253219811	5.566918440225166e-06	-0.003203480720225693	1.7664980544784825e-05	-0.0003439974898904463	-0.005114571992065331	-0.0002637639658196189	0.0003654132753492245
0.004288265300984362	0.0005672515144581336	-0.00133119873350096	0.0008289871747919619	0.0005297341039138814	-0.003928793400473474	0.00123406162355999	-0.0003210901197836513
0.0070966882810712395	0.0009417079118030358	-0.00020782954146625343	0.001640309369039139	0.00146587509727647	-0.002618196009765761	0.002669477813382004	0.0004902320744639699
0.006098137888151722	0.0006296609140157283	-0.0001454201419086587	0.0013906717708096483	0.0010914186999315678	-0.0028678336079959177	0.0024198402151522913	-0.0005083183184559914
0.008220057473105946	0.0012537549095905653	0.0007283114518961131	0.00207717516594208	0.0019651502937363396	-0.002181330212863486	0.0034183906080718085	0.0004902320744639699
0.008157648073548351	0.0010665267109177812	0.0009155396505688973	0.0019523563668271127	0.0016531032959492542	-0.002181330212863486	0.0034183906080718085	-0.0005083183184559914
0.006971869481956494	0.0006920703135724349	-2.0601342793691302e-05	0.0015778999694819884	0.0014034656977188753	-0.0030550618066682578	0.002919115411611939	0.00011577567711928971
0.004600312298771669	0.0007544797131304737	-0.0006446953383685283	0.0013282623712520536	0.0009041905012592277	-0.0037415652018011336	0.002045383817807167	-0.0005083183184559914
0.004537902899214519	0.0005048421149005389	-0.0015184269321737442	0.0012034435721368641	0.0007793717021440383	-0.0043656591973755265	0.0019205650186921996	0.00024059447623403507
0.002353573914702034	0.0005048421149005389	-0.0023297491264206993	0.0007041683756772166	0.00015527770656964535	-0.005364209590295488	0.0011092428244450225	-0.0003210901197836513
0.0007309295262076798	0.0003176139162277547	-0.004077212314030687	0.00039212137788968704	-0.0003439974898904463	-0.0066748069810025346	0.00029792063019740134	0.00042782267490681924
0.00016924493018999343	6.797631799804194e-05	-0.004950943907835015	-4.47444190128099e-05	-0.0009680914854655054	-0.007798176173037907	-0.00013894516670531765	-0.0004459089188983967
0.00041888252841992824	0.0003176139162277547	-0.006261541298542506	0.00014248377965997427	-0.0009680914854655054	-0.009420820561532262	-7.653576714683474e-05	0.00042782267490681924
-0.0008293054627299679	-0.00030648007934663823	-0.008570689082169736	-0.0006688384145876469	-0.0021538700770575847	-0.012478881139849518	-0.0011374955596243908	-0.0006331371175707368
-0.0004548490653848436	0.0003176139162277547	-0.010755018066681554	-0.00010715381857040462	-0.0018418230792704993	-0.015037666521705795	-0.0007006297627221159	0.0004902320744639699
-0.0014533994583043608	6.797631799804194e-05	-0.014062716243228524	-0.0007312478141447976	-0.0030900110704199513	-0.02071692188143781	-0.0015743613565268877	-0.0003210901197836513
0.0003564731288623335	0.0003800233157853494	-0.017432823819333088	-0.0007312478141447976	-0.0028403734721904605	-0.02945423781948575	-0.0017615895551996719	0.0005526414740215646
-8.039266803994138e-05	-0.00018166128023233696	-0.021239797192339704	-0.001043294811932327	-0.003589286266880487	-0.0379419161593042	-0.002822549347677228	-0.0005083183184559914
0.001729479919127641	0.0005048421149005389	-0.02317448857862181	8.007438010237955e-05	-0.0022786888761732182	-0.04206093653009857	-0.0022608647516593194	0.0005526414740215646
0.0009181577248795758	-0.0002440706797890435	-0.02648218675516878	-0.0003567914168001174	-0.0032148298695349187	-0.0443700843137258	-0.003384233943694026	-0.0006331371175707368
0.0005437013275351177	5.566918440225166e-06	-0.02835446874189329	0.00014248377965997427	-0.002902782871747611	-0.0399390169451439	-0.002947368146791751	0.0003030038757916298
-0.00014280206759709202	-0.0002440706797890435	-0.027730374746318676	-0.001043294811932327	-0.003526876867322448	-0.038191553757534136	-0.003446643343251621	-0.000570727718012698
0.001916708117799537	0.0003176139162277547	-0.02685664315251368	-0.00048161021591530684	-0.002341098275730369	-0.035695177775234566	-0.0025105023498896983	0.0004902320744639699
-0.0003300302662698762	-5.6842481117147514e-05	-0.02598291155870891	-0.0002319726176847059	-0.0030276016708623565	-0.02957905661860094	-0.0026353211490044437	-0.00038349951934080195
0.0006061107270924904	-0.00018166128023233696	-0.02398581077286921	-0.001043294811932327	-0.002715554673075271	-0.028143640428778705	-0.002572911749446849	-9.043121995899739e-06
-0.0006420772640571837	-0.00018166128023233696	-0.02099015959410977	-0.0002319726176847059	-0.002902782871747611	-0.02321329786373738	-0.0017615895551996719	-0.0005083183184559914
0.0006685201266500851	0.00025520451667060406	-0.01662150162508569	-0.0002319726176847059	-0.0019666418783856887	-0.017783680102235744	-0.00038858276493480837	0.00042782267490681924
-0.0015158088578623996	-0.0004937082780194224	-0.01481162903791855	-0.0016673888075076082	-0.002777964072632866	-0.014850438323033899	-0.001324723758297397	-0.0007579559166854821
-0.005135554032196454	-0.000556117677576573	-0.013501031647211281	-0.0014177512092772293	-0.002715554673075271	-0.011542740146486707	-0.002385683550774509	0.00042782267490681924
-0.009067346204318705	-0.0013674398718241942	-0.013813078644998589	-0.0028531673990999096	-0.003776514465552383	-0.008172632570382143	-0.003446643343251621	-0.00038349951934080195
-0.008068795811398743	-0.000992983474479514	-0.012128024856946418	-0.0022290734035248505	-0.0032772392690927354	-0.0037415652018011336	-0.0030721869459069406	0.00024059447623403507
-0.008817708606088326	-0.0013674398718241942	-0.012065615457388823	-0.0034772613946743025	-0.003963742664225167	-0.005364209590295488	-0.004257965537498798	-0.0005083183184559914
-0.008193614610513489	-0.0011802116731518542	-0.012564890653848693	-0.0030403955977720276	-0.003402058068207703	-0.004927343793393435	-0.003821099740596523	0.0003654132753492245
-0.007819158213168365	-0.0013050304722665995	-0.013438622247653687	-0.002977986198214433	-0.003838923865110422	-0.0069244445792331355	-0.004133146738384497	-0.0006331371175707368
-0.004511460036621617	-0.00036888947890423296	-0.012752118852521477	-0.0016673888075076082	-0.0024659170748451142	-0.008859135965514575	-0.0026353211490044437	0.0006150508735791593
-0.003700137842373996	-0.0011178022735942594	-0.012814528252079072	-0.001917026405737321	-0.002902782871747611	-0.013290203334096251	-0.00319700574502213	-0.0006331371175707368
-0.00014280206759709202	-0.00036888947890423296	-0.01150393086137158	-0.000419200816357268	-0.0014049572823680023	-0.014226344327458618	-0.0015743613565268877	0.00017818507667644035
-0.00120376186007487	-0.0006809364766922066	-0.011691159060044143	-0.0003567914168001174	-0.002091460677500434	-0.013040565735866538	-0.001948817753872012	-0.0006331371175707368
0.0006685201266500851	0.00025520451667060406	-0.011316702662699019	1.7664980544784825e-05	-0.0009680914854655054	-0.010419370954452223	-0.0008254485618373053	0.0004902320744639699
-0.0011413524605172753	-0.0006185270771341678	-0.01250248125429132	-0.001292932410162484	-0.0024659170748451142	-0.009670458159762196	-0.0020736365529869794	-0.0006955465171278874
0.0008557483253219811	0.00013038571755563666	-0.010879836865796744	-0.0006064290150300522	-0.0011553196841380675	-0.007486129175249934	-0.0007630391622797106	0.0003030038757916298
0.0037889901045244923	0.0003800233157853494	-0.00963164887464707	1.7664980544784825e-05	-0.0002815880903335177	-0.004428068596933343	0.00042273942931281283	-0.0003210901197836513
0.005786090890363527	0.0010665267109177812	-0.009257192477302167	0.0011410341725794915	0.0004673247043567308	-0.0028678336079959177	0.0017957462195770102	0.0003654132753492245
0.005598862691691631	0.0006920703135724349	-0.010442971068894247	0.0003297119783320923	-3.195049210313883e-05	-0.006362759983215005	0.0013588804226747353	-0.0005083183184559914
0.007533554077973292	0.0008168891126878464	-0.010692608667124182	0.0012034435721368641	0.000654552903029515	-0.007423719775692561	0.002045383817807167	0.0003030038757916298
0.008157648073548351	0.0010665267109177812	-0.010879836865796744	0.001453081170367243	0.000841781101701633	-0.009920095757992131	0.002669477813382004	-0.0004459089188983967
0.00678464128328371	0.0009417079118030358	-0.012814528252079072	0.0017027187685967338	0.0007169623025864436	-0.011293102548256995	0.0016709274204618207	0.00024059447623403507
0.004725131097886859	0.0006296609140157283	-0.014749219638360955	0.0008913965743495567	-0.0002815880903335177	-0.014039116128786722	0.0006099676279851529	-0.000570727718012698
0.005786090890363527	0.0006296609140157283	-0.014187535042343491	0.0011410341725794915	0.0002176871061263519	-0.014163934927901467	0.0006723770275423036	0.00017818507667644035
0.0017918893186843476	0.00044243271534294415	-0.0148740384374757	0.0008289871747919619	-0.0006560444876779759	-0.013227793934538656	-0.0004509921644924031	-0.0004459089188983967
0.0005437013275351177	0.00013038571755563666	-0.014936447837033295	1.7664980544784825e-05	-0.001030500885022878	-0.01110587434958421	-7.653576714683474e-05	0.00024059447623403507
4.4426131074803976e-05	5.566918440225166e-06	-0.013376212848096092	-0.0002943820172427447	-0.001467366681925597	-0.005052162592507736	-0.0004509921644924031	-0.000570727718012698
0.00016924493018999343	0.00019279511711300934	-0.011753568459601293	-0.00048161021591530684	-0.0013425478828104076	0.006618395124742271	-0.0004509921644924031	0.00024059447623403507
-0.00014280206759709202	-0.00036888947890423296	-0.01019333347066409	-0.0013553418097200787	-0.0013425478828104076	-0.0026806054093233556	-0.0007630391622797106	-0.0007579559166854821
4.4426131074803976e-05	6.797631799804194e-05	-0.008945145479514194	-0.00010715381857040462	-0.0006560444876779759	-0.0014324174181739036	4.828303196746653e-05	0.00017818507667644035
-0.0012661712596324648	-0.0006809364766922066	-0.009569239475089697	-0.0009808854123751765	-0.0015921854810407865	-0.00024663882658182423	-0.0007006297627221159	-0.001007593514915861
0.0001068355306323987	0.00025520451667060406	-0.008695507881284703	-0.0002319726176847059	-0.0007184538872360147	2.9987716485546656e-06	0.000360330029754774	0.00024059447623403507
-0.0009541242618447132	-0.0006185270771341678	-0.009007554879071789	-0.0016673888075076082	-0.0017170042801553098	-0.0037415652018011336	-0.0011999049591824296	-0.0009451841153580443
0.0005437013275351177	0.00013038571755563666	-0.008508279682612141	-0.0003567914168001174	-0.00046881628900563577	-0.003928793400473474	-0.00032617336537765773	0.00024059447623403507
-0.0010789430609599027	-0.000556117677576573	-0.01013092407110694	-0.0005440196154729016	-0.0014049572823680023	-0.003991202800030624	-0.0005134015640499978	-0.0008827747158006716
-8.039266803994138e-05	-5.6842481117147514e-05	-0.010567789868009214	-0.0002943820172427447	-0.0011553196841380675	-0.0043656591973755265	-0.00020135456626246828	0.00011577567711928971
-0.0006420772640571837	-0.0004312988784618277	-0.00981887707331941	-0.000856066613259987	-0.0015297760814827477	-0.00605071298542792	-0.0007630391622797106	-0.0006331371175707368
0.0004812919279773009	-0.0002440706797890435	-0.008133823285267017	-0.0003567914168001174	-0.0007808632867936094	-0.0064251693827726	-0.00038858276493480837	5.3366277561694986e-05
0.00016924493018999343	5.566918440225166e-06	-0.007384910490577434	-0.0002319726176847059	-0.0007184538872360147	-0.0054266189898530826	-7.653576714683474e-05	-0.000570727718012698
0.0007933389257643864	5.566918440225166e-06	-0.007384910490577434	8.007438010237955e-05	-0.00040640688944804104	-0.002618196009765761	0.0002355112306398066	0.00017818507667644035
-0.0006420772640571837	-0.0004937082780194224	-0.007135272892347055	-0.0006688384145876469	-0.001030500885022878	-0.0013700080186163088	-0.0004509921644924031	-0.0007579559166854821
-0.0003924396658274709	-0.00018166128023233696	-0.006011903700312571	-0.0005440196154729016	-0.0009056820859079107	2.9987716485546656e-06	-0.00020135456626246828	5.3366277561694986e-05
-0.0023271310521095767	-0.0004937082780194224	-0.0065111788967726625	-0.0014177512092772293	-0.0015297760814827477	0.0005022739681086463	-0.0012623143587398022	-0.000570727718012698
-0.006071695025558821	-0.00036888947890423296	-0.009382011276416913	-0.001917026405737321	-0.0021538700770575847	-0.001557236217288649	-0.002572911749446849	0.00042782267490681924
-0.009192165003433228	-0.0014922586709393837	-0.01200320605783145	-0.0030403955977720276	-0.003838923865110422	-0.003928793400473474	-0.004133146738384497	-0.0007579559166854821
-0.007819158213168365	-0.0015546680704967564	-0.012377662455176353	-0.0030403955977720276	-0.0034644674677652976	-0.006237941184100704	-0.004507603135729399	-9.043121995899739e-06
-0.007694339414053175	-0.0010553928740371088	-0.012065615457388823	-0.0024163016021967465	-0.0032148298695349187	-0.007361310376134966	-0.00444519373617136	-0.0004459089188983967
-0.007132654818036377	-0.0011802116731518542	-0.013251394048981346	-0.00235389220264004	-0.0032148298695349187	-0.007486129175249934	-0.004507603135729399	0.00042782267490681924
-0.00600928562600167	-0.0008681646753643246	-0.01300175645075119	-0.0021666640039672558	-0.00296519227130565	-0.007298900976577816	-0.004133146738384497	-0.0003210901197836513
-0.004137003639276271	-0.0008681646753643246	-0.013064165850308784	-0.0017922076066223536	-0.002528326474402709	-0.006549988181887789	-0.00319700574502213	0.0003030038757916298
-0.0032008626459143485	-0.000556117677576573	-0.012065615457388823	-0.001292932410162484	-0.0021538700770575847	-0.006175531784542665	-0.002947368146791751	-0.0005083183184559914
-0.0013909900587476542	-0.0007433458762491352	-0.011815977859158888	-0.0013553418097200787	-0.0018418230792704993	-0.004677706195163056	-0.0018864083543144172	0.00011577567711928971
-0.0010789430609599027	-0.0006809364766922066	-0.01050538046845162	-0.0012305230106048892	-0.001904232478828094	-0.003616746402685722	-0.001948817753872012	-0.0006331371175707368
0.0001068355306323987	-0.0002440706797890435	-0.009132373678186978	-0.0006688384145876469	-0.001030500885022878	-0.0026806054093233556	-0.0011999049591824296	0.00024059447623403507
