Sensor_1	Sensor_2	Sensor_3	Sensor_4	Sensor_5	Sensor_6	Sensor_7	Sensor_8
-0.0005318373996503478	0.0002453441584651106	0.0010704227278304224	0.0004160677719133865	0.0011890146345321373	-0.001493624097164803	0.00018710304784064213	-7.55221418258234e-05
0.0005291223928267641	-6.67028393221969e-05	0.000695966330484854	0.00022883957324104642	0.0008769676367448298	-0.0023673556909691307	-0.00012494394994710945	-0.0007620255369582551
-0.0005318373996503478	0.0003077535580227053	0.001132832127388017	0.0004784771714714253	0.0015634710318777056	-0.0019928992936246726	0.00018710304784064213	-0.00026275034049860757
0.0007787599910566989	0.00018293475890751587	0.0009456039287152329	0.0004784771714714253	0.0013762428332049215	-0.0022425368918543853	0.00012469364828282536	-0.0011364819343033794
-0.0010311125961104395	-0.0003163404375525758	0.00032150993314084	-0.00020802622366122847	0.0006273300385144509	-0.0026794026887571043	0.00024951244739823686	-0.00038756913961335293
0.0007787599910566989	0.0002453441584651106	0.0010080133282728276	0.0006032959705859486	0.0008145582371872351	-0.0019304898940670778	-0.00018735334950470417	-0.0005123879387289865
-0.0005942467992074985	0.0002453441584651106	0.0005711475313705527	0.0004784771714714253	0.0011890146345321373	-0.0019304898940670778	6.228424872567473e-05	-0.0006372067378432877
0.0005915317923843588	0.00012052535935014319	0.0008207851296004876	0.00029124897279864115	0.001438652232762072	-0.002117718092739418	6.228424872567473e-05	-0.0006372067378432877
0.0007787599910566989	0.00037016295757985596	0.001132832127388017	0.0004160677719133865	0.0020003368287793144	-0.0024297650905271695	6.228424872567473e-05	-0.0007620255369582551
-0.0005942467992074985	0.0003077535580227053	0.001132832127388017	0.00035365837235623587	0.002312383826566844	-0.002492174490084764	6.228424872567473e-05	-0.0006996161374008825
0.00040430359371246283	-4.293439764602169e-06	0.0008207851296004876	0.00010402077412585697	0.0019379274292221638	-0.0030538590861020065	-0.00018735334950470417	-0.0011988913338609741
-0.0006566561987650932	0.0003077535580227053	0.0011952415269451677	0.00022883957324104642	0.0022499744270096933	-0.0028666308874294444	-1.2515083236408486e-07	-0.0007620255369582551
0.0005915317923843588	0.0003077535580227053	0.0012576509265027624	0.0004160677719133865	0.0021875650274520986	-0.002929040286987039	0.00018710304784064213	-0.0006372067378432877
-0.0005318373996503478	0.00037016295757985596	0.0014448791251755466	0.0004784771714714253	0.0022499744270096933	-0.0031162684856596012	-0.00018735334950470417	-0.0011364819343033794
0.0005291223928267641	5.8115959792992555e-05	0.001132832127388017	0.00022883957324104642	0.0026868402239121902	-0.0028666308874294444	-0.00012494394994710945	-0.0008868443360730005
-0.0007814749978800606	0.0002453441584651106	0.0016321073238481087	0.0006032959705859486	0.0031861154203716158	-0.002741812088314255	0.0003119218469553875	-0.0006996161374008825
-0.0008438843974380994	0.0002453441584651106	0.0012576509265027624	-2.0798024988444297e-05	0.0026244308243545955	-0.0028042214878718497	-0.00037458154817704425	-0.0008868443360730005
0.0007163505914995483	0.0004325723571374507	0.0014448791251755466	0.0004160677719133865	0.0028740684225845303	-0.002741812088314255	6.228424872567473e-05	-0.000824434936516294
-0.0005318373996503478	0.0007446193549249802	0.0015072885247329193	0.0004784771714714253	0.0030612966212573145	-0.0026794026887571043	0.00012469364828282536	-0.0005123879387289865
0.0007163505914995483	0.0004325723571374507	0.0015072885247329193	0.00054088657102902	0.003123706020814465	-0.0028042214878718497	6.228424872567473e-05	-0.000824434936516294
-0.0006566561987650932	0.0004325723571374507	0.0016321073238481087	0.00022883957324104642	0.0032485248199296546	-0.002991449686544634	-0.00018735334950470417	-0.001011663135188634
0.0005291223928267641	0.0004949817566954895	0.001569697924290514	0.00035365837235623587	0.0033109342194868052	-0.0023673556909691307	0.0003119218469553875	-0.00026275034049860757
-0.00040701860053560246	0.0007446193549249802	0.0020689731207503836	0.00022883957324104642	0.002312383826566844	-0.002929040286987039	-0.0002497627490618548	-0.000824434936516294
0.0004667129932691694	0.00037016295757985596	0.00175692612296241	0.0004160677719133865	0.002499612025239184	-0.0023673556909691307	6.228424872567473e-05	-0.00013793154138341812
0.0005915317923843588	0.00037016295757985596	0.0012576509265027624	0.00035365837235623587	0.0018131086301069743	-0.0026169932891995096	-0.00012494394994710945	-0.0006372067378432877
-0.0005942467992074985	0.0005573911562526401	0.001569697924290514	0.0004160677719133865	0.0021875650274520986	-0.002304946291412424	0.00012469364828282536	-0.0003251597400562023
0.0005915317923843588	0.0002453441584651106	0.0014448791251755466	0.00035365837235623587	0.002062746228337353	-0.0026794026887571043	-1.2515083236408486e-07	-0.000824434936516294
-0.0005942467992074985	0.0005573911562526401	0.0013824697256177298	0.00035365837235623587	0.002125155627894504	-0.0026169932891995096	-1.2515083236408486e-07	-0.0005123879387289865
0.0007787599910566989	0.0006198005558102349	0.00175692612296241	0.00054088657102902	0.0023747932261248828	-0.002492174490084764	-0.00012494394994710945	-0.0005123879387289865
-0.0007814749978800606	0.0004325723571374507	0.0015072885247329193	0.00010402077412585697	0.0021875650274520986	-0.0028042214878718497	6.228424872567473e-05	-0.0006996161374008825
0.0006539411919419535	0.0004949817566954895	0.0015072885247329193	0.00022883957324104642	0.002062746228337353	-0.002741812088314255	-0.00018735334950470417	-0.0006996161374008825
-0.0007814749978800606	0.0005573911562526401	0.0015072885247329193	0.0004784771714714253	0.002499612025239184	-0.002991449686544634	0.00012469364828282536	-0.000824434936516294
-0.0007814749978800606	0.00018293475890751587	0.0013200603260603572	4.161137456915043e-05	0.0024372026256820334	-0.0032410872847739025	-0.0002497627490618548	-0.001011663135188634
0.0006539411919419535	0.00037016295757985596	0.001569697924290514	0.00054088657102902	0.0028116590230269356	-0.0033034966843319413	0.00012469364828282536	-0.0009492537356305952
-0.0006566561987650932	0.0002453441584651106	0.0011952415269451677	0.00035365837235623587	0.002499612025239184	-0.003178677885217196	-6.253455038907063e-05	-0.001011663135188634
0.0007163505914995483	0.0002453441584651106	0.0015072885247329193	0.00054088657102902	0.0026244308243545955	-0.0028666308874294444	0.00018710304784064213	-0.0011364819343033794
-0.0007814749978800606	5.8115959792992555e-05	0.001132832127388017	4.161137456915043e-05	0.002312383826566844	-0.003178677885217196	-0.0002497627490618548	-0.0011988913338609741
0.0004667129932691694	0.00012052535935014319	0.0010080133282728276	0.0001664301736834517	0.0029988872216992757	-0.002492174490084764	0.00024951244739823686	-0.0006996161374008825
-0.00040701860053560246	0.00037016295757985596	0.0015072885247329193	-0.0001456168241034117	0.002125155627894504	-0.0036779530816766215	-0.0005618097468493843	-0.0018229853294358112
0.0002794847945972734	-0.00037874983710928234	0.001569697924290514	0.0006657053701435434	0.0032485248199296546	-0.002741812088314255	0.00043674064607013285	-0.0007620255369582551
0.0005915317923843588	-4.293439764602169e-06	0.0010080133282728276	0.00035365837235623587	0.0026244308243545955	-0.0033034966843319413	-0.00012494394994710945	-0.0013861195325333142
-0.0005318373996503478	5.8115959792992555e-05	0.0013200603260603572	0.0004784771714714253	0.0029988872216992757	-0.003178677885217196	0.00018710304784064213	-0.0010740725347457847
0.0004667129932691694	-0.00019152163843738634	0.0010080133282728276	0.00022883957324104642	0.0026244308243545955	-0.0037403624812342162	-0.00018735334950470417	-0.0015733477312058763
-0.0006566561987650932	5.8115959792992555e-05	0.0010704227278304224	0.00029124897279864115	0.002749249623469785	-0.0033034966843319413	-1.2515083236408486e-07	-0.0010740725347457847
0.0006539411919419535	-4.293439764602169e-06	0.0012576509265027624	0.0004160677719133865	0.0030612966212573145	-0.0033034966843319413	6.228424872567473e-05	-0.0011364819343033794
-0.0005942467992074985	0.00018293475890751587	0.0013824697256177298	0.00035365837235623587	0.002936477822141681	-0.0032410872847739025	-6.253455038907063e-05	-0.0011988913338609741
0.0004667129932691694	0.00018293475890751587	0.001132832127388017	0.00029124897279864115	0.002936477822141681	-0.0026169932891995096	6.228424872567473e-05	-0.0008868443360730005
-0.0006566561987650932	0.00012052535935014319	0.001132832127388017	0.00029124897279864115	0.0026244308243545955	-0.002741812088314255	-1.2515083236408486e-07	-0.0010740725347457847
-0.00071906559832291	0.0002453441584651106	0.0010080133282728276	0.00029124897279864115	0.0023747932261248828	-0.002554583889641915	-0.00012494394994710945	-0.0008868443360730005
0.0006539411919419535	0.0003077535580227053	0.0013200603260603572	0.00054088657102902	0.002749249623469785	-0.002492174490084764	0.00012469364828282536	-0.0007620255369582551
-0.0004694280000927531	0.00037016295757985596	0.0015072885247329193	0.0004784771714714253	0.0029988872216992757	-0.002554583889641915	0.00024951244739823686	-0.0006996161374008825
0.0005915317923843588	0.0003077535580227053	0.0013824697256177298	0.0004784771714714253	0.0029988872216992757	-0.002991449686544634	-6.253455038907063e-05	-0.000574797338285693
-0.0004694280000927531	0.0005573911562526401	0.00175692612296241	0.00054088657102902	0.003560571817716962	-0.0026794026887571043	-1.2515083236408486e-07	-0.0010740725347457847
0.0005915317923843588	0.00018293475890751587	0.0014448791251755466	0.00035365837235623587	0.0028116590230269356	-0.002929040286987039	-0.00018735334950470417	-0.0009492537356305952
-0.0007814749978800606	0.00018293475890751587	0.0013200603260603572	0.00054088657102902	0.0030612966212573145	-0.0028666308874294444	0.00012469364828282536	-0.0007620255369582551
0.0007163505914995483	0.0004325723571374507	0.0014448791251755466	0.00035365837235623587	0.003123706020814465	-0.002929040286987039	-1.2515083236408486e-07	-0.000824434936516294
0.0007787599910566989	0.0004949817566954895	0.00175692612296241	0.0006657053701435434	0.003560571817716962	-0.002929040286987039	0.00024951244739823686	-0.000824434936516294
-0.0009062937969948059	0.0003077535580227053	0.0014448791251755466	0.00010402077412585697	0.0033109342194868052	-0.0032410872847739025	-0.00018735334950470417	-0.0011988913338609741
0.0005915317923843588	0.0003077535580227053	0.0014448791251755466	0.00022883957324104642	0.0033733436190444	-0.003553134282561876	-0.00018735334950470417	-0.0013861195325333142
-0.0005318373996503478	0.0006822099553673855	0.0019441543216351942	0.00054088657102902	0.0038726188155040475	-0.002929040286987039	0.00012469364828282536	-0.001011663135188634
0.0007787599910566989	0.0005573911562526401	0.0019441543216351942	0.0006032959705859486	0.003935028215061642	-0.0032410872847739025	-0.00031217214861944953	-0.001448528932090687
-0.0009062937969948059	0.00018293475890751587	0.0015072885247329193	-2.0798024988444297e-05	0.003935028215061642	-0.004114818878579118	-1.2515083236408486e-07	-0.0015733477312058763
0.0006539411919419535	0.00018293475890751587	0.0016945167234048153	0.00022883957324104642	0.004247075212849394	-0.004239637677693864	-0.00012494394994710945	-0.0015109383316482816
-0.00071906559832291	0.0002453441584651106	0.0021313825203079784	0.0007905241692587328	0.004995988007538976	-0.004052409479021968	0.00043674064607013285	-0.0013861195325333142
-0.0007814749978800606	-6.67028393221969e-05	0.0014448791251755466	0.00010402077412585697	0.004621531610194518	-0.004676503474596805	-0.00031217214861944953	-0.0020102135281081512
0.0004667129932691694	-0.00025393103799498107	0.0013200603260603572	0.0001664301736834517	0.0043094846124065445	-0.004988550472384334	-0.00037458154817704425	-0.0023222605258956808
-0.00040701860053560246	0.0004325723571374507	0.002006563721192345	0.0006657053701435434	0.005120806806654166	-0.004052409479021968	0.0003743312465129822	-0.001448528932090687
0.0005291223928267641	-0.00019152163843738634	0.0015072885247329193	0.00029124897279864115	0.0047463504093092634	-0.0047389128741539555	-0.00018735334950470417	-0.0019478041285505565
-0.0004694280000927531	5.8115959792992555e-05	0.0018193355225200047	0.0004160677719133865	0.0053704444048841005	-0.004426865876366426	-0.00018735334950470417	-0.002696716923240583
0.00040430359371246283	-0.0003163404375525758	0.0013200603260603572	0.00029124897279864115	0.006556222996476402	-0.005737463267073917	0.00018710304784064213	-0.0027591263227977336
-0.0005318373996503478	-0.00019152163843738634	0.0016945167234048153	0.00010402077412585697	0.006993088793378455	-0.006985651258223591	-0.0002497627490618548	-0.0038824955148328844
0.000341894194154424	-0.000878025033569374	0.001569697924290514	0.00035365837235623587	0.01011355877125375	-0.008358658048488232	-6.253455038907063e-05	-0.004631408309522245
0.0007787599910566989	-0.0010028438326845635	0.0018193355225200047	0.0006657053701435434	0.012422706554880092	-0.011354309227247894	0.0003119218469553875	-0.00581718690111499
-0.0008438843974380994	-0.0016893472278169952	0.0014448791251755466	0.00010402077412585697	0.012547525353995281	-0.011541537425920678	-0.00018735334950470417	-0.006628509095361723
0.0005291223928267641	-0.0018765754264893353	0.0016321073238481087	0.00022883957324104642	0.011923431358420444	-0.009918893037425436	-0.00012494394994710945	-0.0063788714971322324
-0.0006566561987650932	-0.001314890830472093	0.001569697924290514	0.00029124897279864115	0.011736203159748104	-0.010418168233885527	-1.2515083236408486e-07	-0.00581718690111499
0.0007163505914995483	-0.0016269378282598446	0.0020689731207503836	0.0006032959705859486	0.012547525353995281	-0.01079262463123043	-0.00018735334950470417	-0.006878146693592102
-0.00071906559832291	-0.002188622424277087	0.001569697924290514	4.161137456915043e-05	0.014170169742489636	-0.010480577633443122	6.228424872567473e-05	-0.007377421890052194
0.0006539411919419535	-0.002812716419851702	0.001569697924290514	0.00035365837235623587	0.01672895512434658	-0.01366345701087468	-1.2515083236408486e-07	-0.008563200481644495
-0.00071906559832291	-0.0028751258194092966	0.0016945167234048153	0.0004160677719133865	0.020099062700451364	-0.015286101399369922	-1.2515083236408486e-07	-0.010497891867926601
-0.0005942467992074985	-0.005121864203478932	0.0018193355225200047	0.00054088657102902	0.02428049247080244	-0.016659108189633898	0.00018710304784064213	-0.01237017385465089
0.0005291223928267641	-0.0049970454043641865	0.0012576509265027624	0.00035365837235623587	0.02971011023230452	-0.02265041054715322	-1.2515083236408486e-07	-0.01561546263164093
-0.0006566561987650932	-0.005995595797283704	0.0021313825203079784	0.00035365837235623587	0.034578043397788916	-0.024335464335205614	6.228424872567473e-05	-0.0178622010157099
0.0007163505914995483	-0.0060580051968412985	0.002817885915439966	0.0006657053701435434	0.03701200998053045	-0.02577088052502763	0.00018710304784064213	-0.020420986397567065
-0.0005942467992074985	-0.006120414596398671	0.00369161750924496	0.0004160677719133865	0.03938356716371483	-0.0282672565073272	-1.2515083236408486e-07	-0.019984120600665012
0.0005915317923843588	-0.005933186397725887	0.00406607390658964	0.00035365837235623587	0.03657514418362817	-0.026644612118832622	-6.253455038907063e-05	-0.01917279840641739
-0.0006566561987650932	-0.005683548799496618	0.0046277585026073265	0.0006032959705859486	0.03788574157433522	-0.026707021518389995	0.00024951244739823686	-0.019422436004647325
0.0006539411919419535	-0.006182823995956266	0.006687268688003956	0.00035365837235623587	0.03888429196725496	-0.028828941103344663	0.00012469364828282536	-0.019796892401992228
0.00040430359371246283	-0.006432461594186201	0.007061725085348858	0.00010402077412585697	0.04175512434689965	-0.034071330666173516	-0.00031217214861944953	-0.022418087183406543
-0.00034460920097800773	-0.0073061931879909725	0.00849714127517176	0.0006032959705859486	0.045624507119464086	-0.03363446486927102	0.00043674064607013285	-0.023042181178981824
0.00040430359371246283	-0.008179924781795744	0.007873047279596923	0.00022883957324104642	0.045437278920791746	-0.03244868627767894	-0.0002497627490618548	-0.024914463165706113
-0.0006566561987650932	-0.008055105982680555	0.007810637880039328	0.00029124897279864115	0.04518764132256159	-0.028766531703787068	6.228424872567473e-05	-0.0242903691701315
0.0007163505914995483	-0.008179924781795744	0.007935456679154074	0.0006657053701435434	0.047122332708843695	-0.028891350502902036	0.00012469364828282536	-0.026474698154643317
-0.0006566561987650932	-0.008928837576485327	0.008060275478268819	0.00035365837235623587	0.051927856474770495	-0.026270155721487498	-0.00012494394994710945	-0.02847179894048346
0.0004667129932691694	-0.010364253766307785	0.008621960074286505	0.0006657053701435434	0.05155340007742559	-0.011416718626805045	0.00018710304784064213	-0.028971074136942887
-0.0004694280000927531	-0.011737260556572648	0.007186543884464047	0.0004160677719133865	0.048495339499108114	0.01005211482097046	6.228424872567473e-05	-0.02965757753207554
-0.0007814749978800606	-0.016542784322499005	0.007061725085348858	4.161137456915043e-05	0.04793365490309087	0.019413524754594125	-0.00031217214861944953	-0.02847179894048346
0.0006539411919419535	-0.016355556123826664	0.007061725085348858	0.0004784771714714253	0.05155340007742559	0.013047765999730121	-1.2515083236408486e-07	-0.030094443328977816
-0.0005318373996503478	-0.017291697117189475	0.006437631089774465	0.00022883957324104642	0.055734829847777334	0.015294504383799312	-1.2515083236408486e-07	-0.03265322871083476
0.0005291223928267641	-0.01928879790302851	0.006874496886676962	4.161137456915043e-05	0.05916734682343838	0.020786531544858766	-0.00031217214861944953	-0.03802043707277902
-0.00071906559832291	-0.021535536287098145	0.00674967808756155	-2.0798024988444297e-05	0.06309913899556041	0.030459988476269295	-6.253455038907063e-05	-0.04026717545684866
0.0007163505914995483	-0.024468778066300212	0.005563899495969249	0.00035365837235623587	0.06534587737963049	0.05841939947802377	-0.0002497627490618548	-0.03945585326260104
-0.0006566561987650932	-0.025529737858777546	0.003254751712342463	-8.320742454603902e-05	0.07395837451856369	0.013297403597960056	-0.0004994003472917896	-0.03777079947454909
0.00040430359371246283	-0.02010012009727613	0.007436181482694426	0.00022883957324104642	0.07608029410351858	-0.0033034966843319413	-0.00018735334950470417	-0.03146745011924268
0.0005915317923843588	-0.018227838110551398	0.00637522169021687	0.00035365837235623587	0.07264777712785642	-0.007734564052913617	-1.2515083236408486e-07	-0.029595168132517946
-0.00071906559832291	-0.016667603121614194	0.0063128122906597195	0.00010402077412585697	0.06958971654953938	-0.009357208441408416	-0.00031217214861944953	-0.0266619263533161
0.0005915317923843588	-0.014420864737544559	0.00824750367694116	0.0001664301736834517	0.06253745439954339	-0.010542987033000717	-0.00012494394994710945	-0.02129471799137228
-0.0005318373996503478	-0.011487622958342492	0.010431832661453644	0.0001664301736834517	0.050804487282735344	-0.010855034030788246	-6.253455038907063e-05	-0.007377421890052194
0.0007163505914995483	-0.009178475174715706	0.009994966864551147	0.0004160677719133865	0.04300331233804977	-0.01091744343034562	-0.00037458154817704425	-0.005255502305097304
-0.00071906559832291	-0.009428112772945418	0.007685819080924139	-8.320742454603902e-05	0.04256644654114683	-0.0112918998276903	-0.00031217214861944953	-0.00026275034049860757
0.0005291223928267641	-0.010613891364537498	0.00656244988888921	0.0001664301736834517	0.04231680894291778	-0.010605396432557868	-0.00012494394994710945	0.004417954626313447
-0.0005942467992074985	-0.01155003235790053	0.0022562013194225017	0.00010402077412585697	0.039445976563272866	-0.009918893037425436	-0.0002497627490618548	0.008224927999319842
-0.0005942467992074985	-0.011113166560997367	0.000508738131812958	4.161137456915043e-05	0.03538936559203609	-0.008296248648930638	-0.00018735334950470417	0.008349746798435032
0.0006539411919419535	-0.011674851157015054	-0.0019252284509292394	0.00029124897279864115	0.03270576141106418	-0.006798423059551029	-0.00018735334950470417	0.010409256983831883
-0.00071906559832291	-0.011737260556572648	-0.0037975104376535285	0.0001664301736834517	0.032456123812834026	-0.006174329063976636	-6.253455038907063e-05	0.011844673173654119
0.0005291223928267641	-0.012486173351262675	-0.0048584702301310845	-2.0798024988444297e-05	0.032456123812834026	-0.006174329063976636	-0.00037458154817704425	0.015402008948431023
-0.0005318373996503478	-0.011862079355687838	-0.004920879629688457	0.00029124897279864115	0.032144076815046496	-0.004489275275924243	-0.00031217214861944953	0.016712606339138514
0.0005915317923843588	-0.011737260556572648	-0.005544973625263516	0.00010402077412585697	0.030521432426551698	-0.00530059747017142	-0.00012494394994710945	0.021081264308162595
-0.0005942467992074985	-0.011612441757457459	-0.005420154826147883	0.00010402077412585697	0.028898788038057344	-0.006111919664418819	-0.00031217214861944953	0.020207532714358267
0.0005915317923843588	-0.01105075716144066	-0.006231477020395948	0.00010402077412585697	0.028025056444252572	-0.005487825668843538	-0.00018735334950470417	0.02014512331480023
0.0007163505914995483	-0.01023943496719304	-0.0071676180137583145	0.00022883957324104642	0.028025056444252572	-0.005487825668843538	-0.00018735334950470417	0.019583438718782986
-0.0008438843974380994	-0.01105075716144066	-0.008603034203579885	-2.0798024988444297e-05	0.02902360683717209	-0.004988550472384334	-0.0002497627490618548	0.018772116524535365
0.0007787599910566989	-0.011300394759670152	-0.008977490600925231	0.00029124897279864115	0.029959747830534456	-0.004863731673269145	-1.2515083236408486e-07	0.020581989111702503
-0.0006566561987650932	-0.01105075716144066	-0.009351946998270355	4.161137456915043e-05	0.029273244435402024	-0.0049261410728262955	-0.0002497627490618548	0.024201734286037002
0.0007787599910566989	-0.010364253766307785	-0.008915081201367858	0.00035365837235623587	0.028087465843809722	-0.00480132227371155	-0.00018735334950470417	0.023640049690019316
-0.0005942467992074985	-0.009365703373388268	-0.008228577806235648	4.161137456915043e-05	0.021971344687176098	-0.004676503474596805	-0.00018735334950470417	0.022142224100639485
0.0005915317923843588	-0.0077430589848934694	-0.00729243681287306	0.0001664301736834517	0.01903810290797403	-0.004426865876366426	-6.253455038907063e-05	0.019583438718782986
-0.0006566561987650932	-0.005995595797283704	-0.006044248821723164	0.0004160677719133865	0.01641690812655927	-0.00461409407503921	-1.2515083236408486e-07	0.017586337932943064
-0.00071906559832291	-0.0039360856118861864	-0.005794611223493451	4.161137456915043e-05	0.014731854338506878	-0.004426865876366426	-0.0002497627490618548	0.016275740542235795
0.0006539411919419535	-0.0033744010158693882	-0.0048584702301310845	0.0004160677719133865	0.014544626139834982	-0.004239637677693864	-6.253455038907063e-05	0.0144658679550691
-0.0005942467992074985	-0.0031247634176390093	-0.003672691638538783	0.00022883957324104642	0.01523112953496697	-0.003927590679906334	-1.2515083236408486e-07	0.01215672017144187
0.00040430359371246283	-0.0032495822167541988	-0.003235825841635842	4.161137456915043e-05	0.014856673137622511	-0.004426865876366426	-0.00037458154817704425	0.010596485182504667
-0.0005942467992074985	-0.0026878976207369565	-0.0023620942478310702	0.00022883957324104642	0.014731854338506878	-0.0037403624812342162	-6.253455038907063e-05	0.009597934789584706
0.0006539411919419535	-0.0024382600225070217	-0.0021124566496015795	0.00035365837235623587	0.011049699764615228	-0.0030538590861020065	6.228424872567473e-05	0.009161068992682209
-0.0005942467992074985	-0.002126213024719492	-0.0014883626540267425	4.161137456915043e-05	0.009115008378333789	-0.002991449686544634	-0.00018735334950470417	0.008474565597550221
0.0004667129932691694	-0.0024382600225070217	-0.0005522216606639319	0.00035365837235623587	0.008553323782316102	-0.0018056710949523325	-6.253455038907063e-05	0.007788062202417789
0.0007163505914995483	-0.002188622424277087	-0.00017776526331947373	0.00035365837235623587	0.008553323782316102	-0.001680852295837143	6.228424872567473e-05	0.005229276820560624
-0.0006566561987650932	-0.0024382600225070217	-5.294646420428428e-05	0.00010402077412585697	0.008927780179660783	-0.0017432616953947377	-6.253455038907063e-05	0.0043555452267554085
0.0005291223928267641	-0.0025006694220646164	7.187233491046108e-05	0.00035365837235623587	0.00936464597656328	-0.001680852295837143	-0.00012494394994710945	0.00360663243206627
-0.00040701860053560246	-0.0023134412233918322	0.0006335569309281475	0.0004784771714714253	0.009739102373908182	-0.0011191676998199007	0.00018710304784064213	0.0022336256418014067
0.0004667129932691694	-0.002812716419851702	0.0001342817344680558	4.161137456915043e-05	0.008366095583643318	-0.001680852295837143	-1.2515083236408486e-07	0.003232176034720924
-0.00071906559832291	-0.0026254882211789177	0.00044632873225558534	0.00029124897279864115	0.007492363989838546	-0.0013063958984922408	-0.00018735334950470417	0.0012350752488814454
0.0004667129932691694	-0.0026254882211789177	0.000508738131812958	0.00035365837235623587	0.008178867384970978	-0.00043266430468746897	6.228424872567473e-05	0.0002989342555190788
-0.0005942467992074985	-0.002375850622949427	0.0008831945291576382	0.00029124897279864115	0.008490914382758508	-0.0007447113024747765	-1.2515083236408486e-07	-0.0005123879387289865
-0.0007814749978800606	-0.003187172817196604	0.0008831945291576382	0.00022883957324104642	0.009177417777890495	-0.0005574831038019923	-0.00018735334950470417	-0.0010740725347457847
0.0007787599910566989	-0.0032495822167541988	0.001132832127388017	0.0006032959705859486	0.010300786969925646	-0.0002454361060146848	0.00018710304784064213	-0.0015733477312058763
-0.0006566561987650932	-0.003624038614098879	0.0005711475313705527	0.0001664301736834517	0.010987290365057634	-0.00037025490512987425	-6.253455038907063e-05	-0.002509488724568243
0.0004667129932691694	-0.003873676212329036	0.00025910053358324525	0.00035365837235623587	0.01167379376019051	-0.0005574831038019923	-0.0002497627490618548	-0.0031959921197006746
-0.0006566561987650932	-0.003998495011444669	0.00019669113402520644	0.00022883957324104642	0.012984391150897778	-0.00043266430468746897	-0.00018735334950470417	-0.00313358272014308
0.0005291223928267641	-0.004060904411001376	-0.0002401746628768464	0.00029124897279864115	0.01398294154381774	-0.0004950737042450637	-1.2515083236408486e-07	-0.0027591263227977336
-0.0005942467992074985	-0.003873676212329036	-0.00030258406243444114	0.00035365837235623587	0.013920532144260145	-0.0006198925033602531	-0.00018735334950470417	-0.002447079325010204
0.0005915317923843588	-0.003811266812771885	-5.294646420428428e-05	0.00054088657102902	0.014607035539392577	-0.0002454361060146848	0.0003743312465129822	-0.0013861195325333142
0.0005291223928267641	-0.003998495011444669	-0.0009890874575666508	0.0001664301736834517	0.013608485146472393	-0.0009943489007051554	-0.00031217214861944953	-0.0015733477312058763
-0.0005318373996503478	-0.0035616292145412842	-0.0006770404597791213	0.00029124897279864115	0.013546075746914799	-0.00043266430468746897	-1.2515083236408486e-07	-0.0007620255369582551
0.0006539411919419535	-0.003873676212329036	-0.0006146310602219707	0.00035365837235623587	0.012984391150897778	-0.0008695301015899659	-6.253455038907063e-05	-0.0007620255369582551
-0.0006566561987650932	-0.0037488574132142904	-0.0004274028615496306	0.00022883957324104642	0.012609934753552876	-0.0007447113024747765	-1.2515083236408486e-07	-0.00038756913961335293
0.00040430359371246283	-0.003873676212329036	-0.000739449859336716	-2.0798024988444297e-05	0.01167379376019051	-0.0013063958984922408	0.00018710304784064213	0.0011726658493238507
-0.0004694280000927531	-0.0030623540180814146	-0.00017776526331947373	0.0004784771714714253	0.011424156161960575	-0.0007447113024747765	0.00012469364828282536	0.0013598940479966348
0.0007163505914995483	-0.0029375352189668913	-0.00011535586376187901	0.0001664301736834517	0.010675243367270548	-0.001056758300261862	-6.253455038907063e-05	0.0019839880435710278
-0.00071906559832291	-0.002750307020294107	0.0001342817344680558	0.0004784771714714253	0.010612833967713398	-0.0006198925033602531	0.00012469364828282536	0.002171216242243368
-0.0008438843974380994	-0.002126213024719492	-0.0004274028615496306	-2.0798024988444297e-05	0.009489464775678469	-0.001243986498934424	-0.0004369909477341949	0.0016719410457834982
0.0007787599910566989	-0.0016893472278169952	7.187233491046108e-05	0.0004784771714714253	0.00936464597656328	-0.0008695301015899659	0.00012469364828282536	0.0024832632400311194
-0.0005942467992074985	-0.0015645284287018058	-0.00030258406243444114	0.00029124897279864115	0.008553323782316102	-0.0009319395011475606	6.228424872567473e-05	0.0028577196373757996
0.0006539411919419535	-0.001127662631799753	-0.0002401746628768464	0.00035365837235623587	0.008366095583643318	-0.0007447113024747765	-6.253455038907063e-05	0.002982538436490989
-0.00071906559832291	-0.001065253232241714	-0.00036499346199203586	0.0001664301736834517	0.00805404858585601	-0.0007447113024747765	0.00024951244739823686	0.00360663243206627
0.0008411693906140716	-0.000690796834897478	-0.00017776526331947373	0.0006657053701435434	0.007804410987626076	-0.0007447113024747765	-0.00012494394994710945	0.0039186794298529115
-0.0007814749978800606	-0.0008156156340122234	-0.0004274028615496306	0.00029124897279864115	0.007866820387183227	-0.0011815770993770514	-0.00012494394994710945	0.0039186794298529115
0.0005915317923843588	-0.0009404344331269687	-0.00036499346199203586	0.00022883957324104642	0.007429954590281396	-0.0007447113024747765	-0.00012494394994710945	0.004542773425428193
0.0007163505914995483	-0.000878025033569374	-0.0004274028615496306	0.0004784771714714253	0.007180316992050795	-0.0009319395011475606	6.228424872567473e-05	0.004480364025871042
-0.0007814749978800606	-0.0009404344331269687	-0.0008018592588943108	4.161137456915043e-05	0.006681041795590925	-0.0011191676998199007	-0.00018735334950470417	0.004230726427641107
0.0005291223928267641	-0.0008156156340122234	-0.000739449859336716	0.0004160677719133865	0.006306585398246467	-0.0008695301015899659	-6.253455038907063e-05	0.004417954626313447
-0.0004694280000927531	-0.0007532062344546286	-0.0004274028615496306	0.0004160677719133865	0.006244175998688872	-0.0005574831038019923	0.00012469364828282536	0.004168317028083068
0.000341894194154424	-0.0010028438326845635	-0.0009890874575666508	4.161137456915043e-05	0.005058397407096571	-0.0011191676998199007	0.00012469364828282536	0.004917229822773095
-0.0005942467992074985	-0.0005035686362246938	-0.0005522216606639319	0.00035365837235623587	0.004621531610194518	-0.0008695301015899659	-0.00012494394994710945	0.004105907628525918
0.0005915317923843588	-0.0006283874353398833	-0.000739449859336716	0.0004784771714714253	0.0049335786079816035	-0.00043266430468746897	0.00024951244739823686	0.004293135827198258
-0.0004694280000927531	-0.00037874983710928234	-0.000739449859336716	-2.0798024988444297e-05	0.003997437614618793	-0.0013063958984922408	-0.0004369909477341949	0.0030449478360481397
-0.0004694280000927531	-0.000878025033569374	-0.00030258406243444114	0.00035365837235623587	0.004247075212849394	-0.0006198925033602531	0.00018710304784064213	0.004293135827198258
0.00040430359371246283	-0.001065253232241714	-0.00030258406243444114	0.00022883957324104642	0.0038726188155040475	-0.0006198925033602531	-0.00031217214861944953	0.0015471222466685308
-0.0004694280000927531	-0.0010028438326845635	0.00032150993314084	0.00054088657102902	0.004621531610194518	-0.00012061730689993944	0.0003119218469553875	0.002358444440915708
0.0005915317923843588	-0.001314890830472093	-5.294646420428428e-05	0.00035365837235623587	0.004247075212849394	-0.0006198925033602531	-0.00018735334950470417	0.0009854376506510665
-0.0006566561987650932	-0.0015021190291446551	9.462935352866353e-06	0.00010402077412585697	0.004559122210636923	-0.00043266430468746897	-0.00012494394994710945	0.0005485718537485695
0.0005291223928267641	-0.0016269378282598446	9.462935352866353e-06	0.00035365837235623587	0.005183216206211316	-0.0003078455055727236	6.228424872567473e-05	0.0007358000524213537
-0.0006566561987650932	-0.0015645284287018058	0.00025910053358324525	0.0001664301736834517	0.005245625605769355	-0.0006823019029176258	-0.00018735334950470417	4.9296657288921963e-05
0.0005915317923843588	-0.0018141660269321846	7.187233491046108e-05	0.00022883957324104642	0.006056947800016088	-0.00037025490512987425	-6.253455038907063e-05	4.9296657288921963e-05
0.0007787599910566989	-0.0018141660269321846	0.00025910053358324525	0.0006032959705859486	0.007117907592493644	-0.00018302670645753416	0.00024951244739823686	-7.55221418258234e-05
-0.0006566561987650932	-0.0022510318238346816	7.187233491046108e-05	0.0001664301736834517	0.007804410987626076	-0.00037025490512987425	-0.00012494394994710945	0.0004861624541909748
0.0005291223928267641	-0.0022510318238346816	9.462935352866353e-06	0.00035365837235623587	0.008865370780103188	-0.0005574831038019923	-0.00012494394994710945	-0.000574797338285693
-0.00071906559832291	-0.0024382600225070217	-0.00017776526331947373	0.0001664301736834517	0.009801511773465776	-0.0004950737042450637	-0.00018735334950470417	-7.55221418258234e-05
0.0007787599910566989	-0.002375850622949427	0.0001342817344680558	0.00054088657102902	0.010800062166385738	-0.0004950737042450637	-0.00031217214861944953	-0.000574797338285693
-0.0008438843974380994	-0.0026254882211789177	-0.0004274028615496306	-2.0798024988444297e-05	0.011361746762402536	-0.0006198925033602531	6.228424872567473e-05	-0.00020034094094101285
0.0007163505914995483	-0.0025006694220646164	-0.0002401746628768464	0.00035365837235623587	0.011299337362845607	-0.0003078455055727236	-6.253455038907063e-05	0.00036134365507667354
-0.0006566561987650932	-0.0024382600225070217	-0.0004274028615496306	0.0004784771714714253	0.010612833967713398	-0.00043266430468746897	-1.2515083236408486e-07	0.00042375305463426827
-0.0006566561987650932	-0.002375850622949427	-0.0005522216606639319	0.00029124897279864115	0.009863921173022927	-0.00018302670645753416	-1.2515083236408486e-07	0.0008606188515365432
0.0005291223928267641	-0.0025006694220646164	-0.0006770404597791213	0.0001664301736834517	0.008990189579218155	-0.0005574831038019923	-0.0002497627490618548	0.00042375305463426827
-0.0005318373996503478	-0.00193898482604693	-0.00030258406243444114	0.0004784771714714253	0.008990189579218155	0.0002538390904449628	6.228424872567473e-05	0.001484712847110936
0.0007163505914995483	-0.0020638036251618974	-0.00030258406243444114	0.00054088657102902	0.008802961380546037	0.00012902029132999537	0.00024951244739823686	0.0009854376506510665
-0.0006566561987650932	-0.002126213024719492	-0.0004898122611072253	0.0001664301736834517	0.008865370780103188	-0.00012061730689993944	-0.0002497627490618548	0.0008606188515365432
0.0005915317923843588	-0.0023134412233918322	-0.0004898122611072253	0.00010402077412585697	0.009801511773465776	-0.00012061730689993944	6.228424872567473e-05	0.0015471222466685308
-0.0005942467992074985	-0.0018141660269321846	-0.0002401746628768464	0.00054088657102902	0.01011355877125375	-0.0002454361060146848	0.00012469364828282536	0.0017967598448986877
0.0007787599910566989	-0.00175175662737459	7.187233491046108e-05	0.0001664301736834517	0.009739102373908182	-0.0004950737042450637	-6.253455038907063e-05	0.0022960350413585573
