Sensor_1	Sensor_2	Sensor_3	Sensor_4	Sensor_5	Sensor_6	Sensor_7	Sensor_8
-0.0009590233997101016	-0.00041662330815595006	-0.00317583647669184	-0.0007604491721977524	-0.0011896885404740765	-0.003308032066835054	-0.0014529220263987952	-0.0005795586480503712
-2.2882406347290996e-05	-0.00041662330815595006	-0.0030510176775768727	-0.0005108115739678176	-0.000690413344014873	-0.003245622667277015	-0.0009536468299387035	4.453534752446586e-05
-0.0005845670023654215	-0.00035421390859835533	-0.0028637894789040885	-0.000635630373082563	-0.0009400509422443637	-0.0031832132677198643	-0.0010784656290530048	-0.0004547398489351817
0.0024110841763942403	0.00020747068741888697	-0.0016156014877548586	0.0003629200198369542	0.0002457276493474936	-0.0023094816739150925	0.00029454116121119256	0.0003565823453115513
0.005593963553826242	0.0005819270847640112	0.00025668049896987455	0.0011118328145265366	0.0009322310444803694	-0.001123703082322569	0.0018547761501483961	-0.00032992104982088044
0.006842151544976138	0.0008939740825513187	0.0008807744945449336	0.0016111080109866283	0.0015563250400552064	-0.0006244278858626995	0.0026036889448379785	0.0003565823453115513
0.006342876348515825	0.0005195176852064165	0.0009431838941023063	0.0012990610131990987	0.0011194592431527095	-0.0008740654840926343	0.0024164607461660825	-0.0006419680476079659
0.00871443353170065	0.0009563834821089134	0.0020041436865798623	0.0020479738078893472	0.002055600236515076	-6.274328984545718e-05	0.003602239337758162	0.0001069447470816165
0.008402386533913342	0.0011436116807808094	0.0025658282825971046	0.00211038320744672	0.0021180096360722267	-0.00012515268940260782	0.003789467536430946	-0.0004547398489351817
0.0061556481498434845	0.0009563834821089134	0.0012552308918898358	0.0017359268101013736	0.0017435532387275465	-0.0009364748836497849	0.0030405547417404755	0.00048140114442674076
0.004408184962234163	0.0007691552834363513	0.0006311368963149988	0.0012990610131990987	0.0011818686427107483	-0.0014981594796674713	0.002291641947050893	-0.00032992104982088044
0.005032278957809	0.0007691552834363513	0.0005063180972002534	0.001486289211871883	0.001431506240940017	-0.001560568879225066	0.002541279545281272	0.0002941729457539566
0.00010193639276701028	-0.0002918045090407606	-0.0019900578850997608	-0.0002611739757378828	-0.0005031851453420888	-0.003682488464179956	0.00010731296253885247	-0.000829196246280528
0.0003515739909973892	-0.00022939510948316588	-0.002364514282444219	-1.1536377508170048e-05	-0.00025354754711237604	-0.0038073072632942573	4.490356298125775e-05	0.0001069447470816165
0.0004139833905545398	8.265188830391956e-05	-0.0021772860837716568	0.0001132824216070194	-0.00025354754711237604	-0.003620079064621917	0.00023213176165404192	-0.0005171492484932205
0.0009132585870141874	0.00033228948653363233	-0.002364514282444219	0.0004253294193943269	0.00012090885023319231	-0.003869716662852296	0.00029454116121119256	0.0003565823453115513
-0.0003349294041350426	-0.0002918045090407606	-0.0033006552758070296	-0.00032358337529503345	-0.0008152321431291742	-0.0046186294575418785	-0.0005167810330359845	-0.0005795586480503712
0.0005388021896697293	0.00033228948653363233	-0.0029261988784616833	0.0003629200198369542	-3.909948881997138e-06	-0.004244173060196976	0.0001697223620964472	0.00048140114442674076
-2.2882406347290996e-05	-4.2166910811269886e-05	-0.0033006552758070296	-7.394577706576477e-05	-0.0005031851453420888	-0.004743448256656624	-0.0002671434348062718	-0.00039233044937847517
0.0008508491874574808	0.00020747068741888697	-0.0033006552758070296	0.0003629200198369542	-0.00012872874799696454	-0.004556220057984728	0.0001697223620964472	0.00041899174486914603
-0.00021011060502007517	0.0001450612878615143	-0.0034878834744793696	5.0873022049424677e-05	-0.0004407757457844941	-0.004306582459754349	-0.00020473403524823297	-0.0002675116502632857
-0.0007093858014801668	-0.0005414421072706954	-0.004923299664301384	-0.0005732209735254123	-0.0011272791409169258	-0.004930676455329408	-0.0007040092317083246	-8.028345159094563e-05
-0.0008966140001525069	-0.0002918045090407606	-0.005172937262531763	-0.000635630373082563	-0.0013769167391468606	-0.005741998649576585	-0.0008288280308235141	-0.0007043774471655606
-0.00045974820324978793	-0.00016698570992645934	-0.005921850057221345	-0.000448402174410667	-0.0010648697413597752	-0.006740549042496546	-0.0007040092317083246	0.00023176354619680595
-0.0006469764019225721	2.0242488746102794e-05	-0.006545944052795738	-0.00032358337529503345	-0.0011896885404740765	-0.008113555832760966	-0.0007664186312659194	-0.00032992104982088044
-2.2882406347290996e-05	0.0001450612878615143	-0.007918950843061046	-7.394577706576477e-05	-0.0010648697413597752	-0.009548972022583868	-0.0006415998321507299	0.0003565823453115513
-0.0007717952010377616	-0.00035421390859835533	-0.009416776432440654	-0.0008228585717549031	-0.001938601335164547	-0.01260703260090068	-0.0014529220263987952	-0.0005795586480503712
0.0003515739909973892	0.00039469888609122705	-0.010415326825360394	0.00017569182116461413	-0.0011272791409169258	-0.013418354795147858	-0.0008288280308235141	0.0005438105439843355
-0.0002725200045776699	0.0002698800869764817	-0.011975561814297597	-7.394577706576477e-05	-0.0016265543373767954	-0.015789911978332682	-0.0010784656290530048	-0.00020510225070613508
0.00010193639276701028	-0.00010457631036842052	-0.014097481399252265	-0.0005108115739678176	-0.0018761919356069523	-0.01803665036240143	-0.0016401502250706912	0.0003565823453115513
-0.0035178087815670445	-0.00035421390859835533	-0.017280360776684267	-0.0009476773708700925	-0.0034988363241013065	-0.020220979346913914	-0.0028883382162203652	-0.0006419680476079659
-0.008885017143510643	-0.0011655361028459765	-0.023396481933318114	-0.0028199593575946036	-0.005495937109940785	-0.026399509903105356	-0.00544712359807753	0.00023176354619680595
-0.008385741947050995	-0.0012903549019607219	-0.026080086114290246	-0.0035064627527274794	-0.005995212306401321	-0.03114262426947456	-0.006258445792325151	-0.0006419680476079659
-0.007137553955901321	-0.0011655361028459765	-0.02801477750057213	-0.002944778156709793	-0.005495937109940785	-0.034887188242923806	-0.006570492790112237	0.0002941729457539566
-0.008697788944838525	-0.0012903549019607219	-0.03150970387579144	-0.002944778156709793	-0.005932802906843726	-0.037196336026551036	-0.007381814984359414	-0.0004547398489351817
-0.006950325757228981	-0.0013527643015183166	-0.032945120065613676	-0.002507912359807296	-0.00555834650949838	-0.03831970521858552	-0.006944949187457583	4.453534752446586e-05
-0.004703587373158902	-0.0012903549019607219	-0.0325082542687114	-0.0028823687571521983	-0.00505907131303851	-0.03782043002212543	-0.007007358587014734	-0.0007043774471655606
-0.0037050369802393845	-0.0007910797055008523	-0.031135247478446537	-0.0011973149691002494	-0.004310158518348484	-0.030268892675669345	-0.005135076600290223	0.00023176354619680595
-0.0024568489890897105	-0.000853489105058447	-0.029762240688181674	-0.0017589995651177137	-0.004185339719233738	-0.02995684567788226	-0.004635801403830353	-0.0007667868467231553
-0.001083842198825069	-0.00041662330815595006	-0.027577911703669855	-0.0013845431677730335	-0.0036860645227736466	-0.025213731311513055	-0.002701110017547803	0.0001069447470816165
-0.0003349294041350426	-0.0007286703059432575	-0.02414539472800792	-0.001696590165560119	-0.003374017524986561	-0.023403858724345916	-0.001702559624628286	-0.0007043774471655606
-2.2882406347290996e-05	-4.2166910811269886e-05	-0.019901555558098805	-0.000635630373082563	-0.002375467132066378	-0.018723153757534305	-0.0006415998321507299	0.00041899174486914603
-0.0013334797970545598	-0.0005414421072706954	-0.017217951377126672	-0.0010100867704276872	-0.0028747423285264695	-0.013293535996032668	-0.0009536468299387035	-0.0007667868467231553
0.0026607217746246192	0.0002698800869764817	-0.012786884008544996	-1.1536377508170048e-05	-0.0012520979400321153	-0.008800059227893398	0.0011682727550164085	0.00023176354619680595
0.005593963553826242	0.0002698800869764817	-0.00848063543907851	0.00023810122072220885	-0.0005655945448996835	-0.004306582459754349	0.0019171855497057688	-0.0007667868467231553
0.005593963553826242	0.0004571082856488218	-0.006296306454566469	0.0007997858167394511	0.00012090885023319231	-0.0019350252765695242	0.0022292325474932984	-1.7874052033128862e-05
0.005656372953383837	0.0005819270847640112	-0.005048118463416573	0.0007373764171823005	0.0003081370489050883	0.00024930370794207235	0.0024788701457236773	-0.0005795586480503712
0.009088889929045774	0.0015180680781259337	-0.002738970679789343	0.0019231550087741578	0.001868372037842736	0.001185444701304661	0.004039105134660437	0.0006062199435414861
0.007403836140993381	0.0010812022812236588	-0.0031134270771344674	0.0015486986114294776	0.0012442780422674549	0.001185444701304661	0.003539829938200789	-0.00032992104982088044
0.004595413160906281	0.0007691552834363513	-0.004611252666514076	0.0009870140154117912	0.0006825934462506567	-0.001123703082322569	0.0024164607461660825	0.00023176354619680595
0.004408184962234163	0.00033228948653363233	-0.005921850057221345	0.0004253294193943269	0.0003081370489050883	-0.004368991859312166	0.0017923667505912455	-0.0006419680476079659
0.00465782256046432	0.0005195176852064165	-0.006920400450140862	0.0011118328145265366	0.0007450028458075852	-0.004681038857099473	0.0021668231479361477	0.00016935414663921122
-0.0005845670023654215	-0.0002918045090407606	-0.009853642229343151	-0.00038599277485307226	-0.0012520979400321153	-0.006615730243381357	0.0004817693598841988	-0.000829196246280528
0.0007884397878998861	0.00020747068741888697	-0.009604004631113439	0.00017569182116461413	-0.0005655945448996835	-0.007801508834973436	0.0011682727550164085	0.00023176354619680595
0.001662171381704658	0.00020747068741888697	-0.008730273037308223	-1.1536377508170048e-05	-0.00037836634622689935	-0.009611381422141019	0.0005441787594413494	-0.0004547398489351817
0.0010380773861293768	0.00020747068741888697	-0.009416776432440654	0.0004253294193943269	-0.00031595694666930463	-0.007676690035858691	0.0006065881589989441	0.0002941729457539566
-0.0008966140001525069	-0.00010457631036842052	-0.009791232829785557	0.0001132824216070194	-0.0010024603418017364	-0.0048058576562142186	0.00010731296253885247	-0.0004547398489351817
0.00028916459143979445	0.00039469888609122705	-0.008792682436866261	5.0873022049424677e-05	-0.0005031851453420888	-0.0018102064774550009	0.0005441787594413494	0.00041899174486914603
-0.0008966140001525069	8.265188830391956e-05	-0.008855091836422968	-0.0008852679713129419	-0.0015641449378196448	-0.00018756208896064663	-0.00020473403524823297	-0.00039233044937847517
-0.0008966140001525069	0.0001450612878615143	-0.00966641403067059	-0.0010100867704276872	-0.0014393261387044554	-0.00018756208896064663	-0.00020473403524823297	0.0003565823453115513
-0.001520707995727344	-0.00016698570992645934	-0.011413877218280355	-0.0013845431677730335	-0.0018761919356069523	-0.001997434676127785	-0.0008912374303811088	-0.0005795586480503712
-0.0007093858014801668	-0.00010457631036842052	-0.0135357968032348	-0.000635630373082563	-0.001501735538261606	-0.0011861124818801638	-0.0007040092317083246	0.00023176354619680595
-0.0015831173952849387	-0.00016698570992645934	-0.015907353986419404	-0.0008228585717549031	-0.001938601335164547	0.004118686480506506	-0.0015777408255130965	-0.0004547398489351817
-0.0002725200045776699	0.00020747068741888697	-0.017467588975356607	-0.0009476773708700925	-0.001314507339589266	0.004243505279621251	-0.002139425421530783	0.00048140114442674076
0.00010193639276701028	-0.00016698570992645934	-0.019090233363851405	-0.0008852679713129419	-0.0018137825360493576	-0.0069277772411686644	-0.0022018348210879335	-0.0005795586480503712
-2.2882406347290996e-05	8.265188830391956e-05	-0.021087334149690884	-0.00013635517662247132	-0.0016265543373767954	-0.008550421629663907	-0.0019521972228582207	0.0003565823453115513
0.00028916459143979445	2.0242488746102794e-05	-0.02189865634393806	-0.0005732209735254123	-0.0015641449378196448	-0.009611381422141019	-0.002139425421530783	-0.00039233044937847517
0.0007260303883422914	-0.00010457631036842052	-0.022023475143053473	-0.00019876457618051013	-0.0016265543373767954	-0.009861019020370954	-0.0017649690241858806	0.00023176354619680595
-0.0003349294041350426	-0.00010457631036842052	-0.02164901874570835	-0.0007604491721977524	-0.001938601335164547	-0.007427052437628756	-0.0015153314259555017	-0.0005171492484932205
0.0004139833905545398	0.00039469888609122705	-0.020338421355000857	-0.00038599277485307226	-0.0011896885404740765	-0.003682488464179956	-0.0006415998321507299	0.0006062199435414861
-0.0028937147859922074	-0.0002918045090407606	-0.019464689761196086	-0.001509361966887779	-0.002375467132066378	-0.003245622667277015	-0.0022642442206459723	-0.0002675116502632857
-0.007574419752803374	-0.00041662330815595006	-0.020712877752346204	-0.002133455962462616	-0.0028747423285264695	-0.004681038857099473	-0.0034500228122382737	0.0007310387426566756
-0.008885017143510643	-0.0011655361028459765	-0.01965191795986887	-0.0026327311589224855	-0.0038732927214464308	-0.003869716662852296	-0.0036996604104675423	-0.0002675116502632857
-0.007324782154573883	-0.0006038515068282901	-0.01765481717402917	-0.0024455029602501455	-0.0033116081254289664	-0.003058394468604675	-0.003137975814450744	0.0007310387426566756
-0.009134654741741022	-0.0011031267032883818	-0.017717226573586542	-0.0034440533531698847	-0.004185339719233738	-0.0038073072632942573	-0.004323754406042601	-0.0002675116502632857
-0.0076992385519185635	-0.0009783079041736364	-0.017405179575799457	-0.002944778156709793	-0.0036860645227736466	-0.003308032066835054	-0.003949298008697921	0.00048140114442674076
-0.006014184763866615	-0.0007910797055008523	-0.016406629182879273	-0.002757549958037675	-0.003186789326313777	-0.003432850865949355	-0.003387613412680235	-0.0002675116502632857
-0.004453949774929411	-0.0007286703059432575	-0.017030723178454332	-0.0018838183642326811	-0.0026251047302965347	-0.004181763660639826	-0.002763519417105842	0.0003565823453115513
-0.003143352384221698	-0.0005414421072706954	-0.017093132578011705	-0.0016341807660025243	-0.002749923529411724	-0.0038073072632942573	-0.0022018348210879335	-0.00032992104982088044
-0.0008966140001525069	-0.00022939510948316588	-0.016718676180667025	-0.001259724368657844	-0.001938601335164547	-0.00567958925001899	-0.0014529220263987952	0.00048140114442674076
-0.00021011060502007517	-0.00010457631036842052	-0.015532897589074501	-0.0008852679713129419	-0.001501735538261606	-0.005180314053559343	-0.0012032844281684163	-0.00032992104982088044
0.0004139833905545398	-4.2166910811269886e-05	-0.016094582185091966	-0.000635630373082563	-0.001314507339589266	-0.005741998649576585	-0.00101605622949541	0.0002941729457539566
-0.00021011060502007517	-0.00022939510948316588	-0.01615699158464934	-0.0007604491721977524	-0.0014393261387044554	-0.004681038857099473	-0.0011408750286110436	-0.0004547398489351817
0.0035968627679865417	0.00033228948653363233	-0.013098931006332526	0.0003629200198369542	-0.00031595694666930463	-0.00349526026550695	0.0009810445563440684	0.00041899174486914603
0.005906010551613328	0.0005195176852064165	-0.009916051628900524	0.0007373764171823005	0.00037054644846268303	-0.002184662874800347	0.004912836728465209	-0.0005171492484932205
0.006342876348515825	0.0008939740825513187	-0.008792682436866261	0.0011118328145265366	0.0009322310444803694	-3.3389028786245945e-07	0.004600789730677679	0.0003565823453115513
0.006654923346303798	0.0007691552834363513	-0.007794132043946078	0.0007997858167394511	0.0007450028458075852	0.0007485789044026081	0.004039105134660437	-0.0005795586480503712
0.008652024132143055	0.0011436116807808094	-0.006608353452353777	0.001236651613641726	0.001681143839170396	0.0014350822995345958	0.0051624743266955875	0.00016935414663921122
0.006218057549401523	0.0005819270847640112	-0.006608353452353777	0.0008621952162970459	0.0008698216449227747	0.0009358071030745041	0.004226333333333221	-0.0007043774471655606
0.004969869558251405	0.0009563834821089134	-0.007170038048371463	0.001049423414969386	0.0011818686427107483	-0.0002499714885173532	0.0036646487373159786	0.00041899174486914603
0.00272313117418177	0.0005819270847640112	-0.008730273037308223	0.0006749670176242617	0.0003081370489050883	0.0006861695048445693	0.00291573594262573	-0.0004547398489351817
0.0034720439688713522	0.0005819270847640112	-0.009728823430228184	0.00017569182116461413	0.00012090885023319231	-0.0008740654840926343	0.00272850774395339	0.00023176354619680595
0.000164345792324605	8.265188830391956e-05	-0.01085219262226289	-0.0005732209735254123	-0.000690413344014873	-0.0031832132677198643	0.0013555009536889706	-0.0005171492484932205
0.0010380773861293768	0.0004571082856488218	-0.01085219262226289	0.0003005106202798036	-6.631934843959186e-05	-0.0031208038681622696	0.0015427291523613107	0.00048140114442674076
-8.52918059057739e-05	-0.00010457631036842052	-0.011913152414740225	-7.394577706576477e-05	-0.0007528227435724677	-0.0024967098725869885	0.0007938163576712842	-0.0005171492484932205
0.00028916459143979445	0.00039469888609122705	-0.011975561814297597	-7.394577706576477e-05	-0.00037836634622689935	-0.0004371996871903594	0.0007938163576712842	0.00041899174486914603
0.000164345792324605	2.0242488746102794e-05	-0.011289058419165388	-0.0006980397726401577	-0.000877641542686769	-0.0016229782787822167	-1.7505836575448797e-05	-0.0004547398489351817
3.952699320985964e-05	0.0001450612878615143	-0.010477736224917988	-0.00032358337529503345	-0.0006280039444568342	-0.0016229782787822167	0.0007938163576712842	0.0003565823453115513
-0.001083842198825069	-0.00022939510948316588	-0.012100380613412787	-0.0008228585717549031	-0.001314507339589266	-0.0006868372854202942	0.0006689975585565389	-0.0005795586480503712
-0.0002725200045776699	-4.2166910811269886e-05	-0.012287608812085127	-0.0007604491721977524	-0.000877641542686769	0.0006861695048445693	0.00010731296253885247	4.453534752446586e-05
-0.0002725200045776699	-4.2166910811269886e-05	-0.011663514816510068	-0.0013221337682149947	-0.0008152321431291742	0.001185444701304661	-0.0010784656290530048	-0.00039233044937847517
0.000164345792324605	-0.00016698570992645934	-0.011850743015183074	-0.000635630373082563	-0.0004407757457844941	-0.0017477970778974061	0.00029454116121119256	0.0001069447470816165
-0.0014582985961697492	-0.00016698570992645934	-0.012037971213855192	-0.0005108115739678176	-0.0010648697413597752	-0.0019350252765695242	0.0006689975585565389	-0.0005795586480503712
-2.2882406347290996e-05	-4.2166910811269886e-05	-0.012037971213855192	-0.0007604491721977524	-0.0007528227435724677	-0.0033704414663926485	0.0009810445563440684	0.0002941729457539566
-2.2882406347290996e-05	-0.00022939510948316588	-0.012537246410315062	-0.0008852679713129419	-0.0007528227435724677	-0.0026839380712597727	0.0009186351567860296	-0.0005795586480503712
-8.52918059057739e-05	-4.2166910811269886e-05	-0.011913152414740225	-0.000635630373082563	-0.0008152321431291742	-0.001997434676127785	0.001043453955901219	0.0002941729457539566
-0.0007093858014801668	-0.00010457631036842052	-0.010977011421377858	-0.0005732209735254123	-0.0008152321431291742	-0.0033704414663926485	0.001230682154573337	-0.0004547398489351817
0.00010193639276701028	-4.2166910811269886e-05	-0.010103279827572864	-0.00019876457618051013	-0.0004407757457844941	-0.0027463474708171454	0.0012930915541313759	0.00023176354619680595
0.000164345792324605	0.0001450612878615143	-0.00829340724040617	-0.000635630373082563	-0.0004407757457844941	-0.00037479028763254263	-0.00039196223392101714	-0.0002675116502632857
0.000164345792324605	2.0242488746102794e-05	-0.007357266247043803	-0.0007604491721977524	-0.00031595694666930463	0.00018689430838447763	-0.0002671434348062718	0.0003565823453115513
-0.004453949774929411	-0.0002918045090407606	-0.008418226039520915	-0.0008852679713129419	-0.001314507339589266	-0.0016853876783398114	-0.0009536468299387035	-0.0002675116502632857
-0.008885017143510643	-0.0010407173037312312	-0.011164239620050642	-0.002757549958037675	-0.0028747423285264695	-0.002871166269932557	-0.002950747615778404	0.0002941729457539566
-0.008073694949263688	-0.0013527643015183166	-0.009479185831998471	-0.0032568251544973226	-0.003374017524986561	-0.003869716662852296	-0.003137975814450744	-0.0005171492484932205
-0.007574419752803374	-0.0009158985046155976	-0.00966641403067059	-0.002507912359807296	-0.002749923529411724	-0.0037448978637371066	-0.0028259288166632146	0.00041899174486914603
-0.008635379545281374	-0.0010407173037312312	-0.010540145624475583	-0.002944778156709793	-0.0031243799267564043	-0.003869716662852296	-0.0032003852140078948	-0.00032992104982088044
-0.007449600953689073	-0.0014151737010754672	-0.011413877218280355	-0.0028199593575946036	-0.0031243799267564043	-0.004681038857099473	-0.0032627946135654895	0.00016935414663921122
-0.005265271969177032	-0.0009783079041736364	-0.009791232829785557	-0.0022582747615778054	-0.002313057732509227	-0.004244173060196976	-0.0024514724193183124	-0.0004547398489351817
-0.003829855779354574	-0.0007286703059432575	-0.010352917425803021	-0.001696590165560119	-0.0018137825360493576	-0.003932126062409447	-0.0020146066224155934	0.0002941729457539566
-0.0026440771877622726	-0.000853489105058447	-0.009104729434653347	-0.0016341807660025243	-0.0018761919356069523	-0.0038073072632942573	-0.0014529220263987952	-0.0007667868467231553
-0.0008342046005949122	-0.0004790327077135448	-0.00848063543907851	-0.0011349055695426546	-0.0011272791409169258	-0.0033704414663926485	-0.0005791904325931352	0.00023176354619680595
-0.0009590233997101016	-0.00041662330815595006	-0.00848063543907851	-0.0011973149691002494	-0.001314507339589266	-0.003308032066835054	-0.00020473403524823297	-0.0007667868467231553
-0.0005221576028073827	-0.00035421390859835533	-0.00816858844129098	-0.0010100867704276872	-0.0009400509422443637	-0.0027463474708171454	0.0001697223620964472	0.0001069447470816165
-0.0006469764019225721	-0.00035421390859835533	-0.008106179041733386	-0.0008228585717549031	-0.0012520979400321153	-0.0016853876783398114	0.00029454116121119256	-0.0005171492484932205
0.003784090966659104	0.0004571082856488218	-0.005921850057221345	5.0873022049424677e-05	0.0002457276493474936	-0.0004371996871903594	0.0024788701457236773	0.00023176354619680595
0.00484505075913666	0.0005195176852064165	-0.00548498426031907	0.0004877388189519216	0.0002457276493474936	0.0008733977035169094	0.0034774205386431944	-0.0005795586480503712
0.005656372953383837	0.000831564682993724	-0.005921850057221345	0.0008621952162970459	0.0010570498435951148	0.002183995094224178	0.0036646487373159786	0.0002941729457539566
0.006654923346303798	0.000831564682993724	-0.00560980305943426	0.000612557618066667	0.0009322310444803694	0.0014974916990917464	0.0037270581368733513	-0.0005795586480503712
0.008215158335241002	0.0010812022812236588	-0.005921850057221345	0.0014238798123142882	0.0014939156404976117	0.0024960420920117077	0.004413561532005783	0.0001069447470816165
0.005781191752498582	0.000831564682993724	-0.00798136024261864	0.0009246046158541965	0.0009322310444803694	0.0014974916990917464	0.003914286335545247	-0.0005795586480503712
0.004595413160906281	0.0007691552834363513	-0.009728823430228184	0.0004877388189519216	0.0008698216449227747	0.0004365319066146345	0.00272850774395339	0.00023176354619680595
0.004408184962234163	0.0004571082856488218	-0.009978461028458119	0.0001132824216070194	0.0006825934462506567	0.0004365319066146345	0.00272850774395339	-0.0006419680476079659
0.003159996971084267	0.0004571082856488218	-0.011975561814297597	0.0006749670176242617	0.0007450028458075852	-0.0014357500801094325	0.0038518769359885408	0.0001069447470816165
-0.0006469764019225721	2.0242488746102794e-05	-0.014409528397039795	-0.0002611739757378828	-0.0007528227435724677	-0.001373340680552726	0.002978145342183325	-0.0005171492484932205
0.0004139833905545398	0.0002698800869764817	-0.01334856860456246	-0.0005108115739678176	-0.0005655945448996835	-0.0008116560845350396	0.0034150111390855997	0.0003565823453115513
-2.2882406347290996e-05	-0.00010457631036842052	-0.013098931006332526	-0.0013221337682149947	-0.0010648697413597752	-0.0010612936827649744	0.003352601739528449	-0.0005795586480503712
0.000164345792324605	0.0001450612878615143	-0.013036521606774931	-0.0009476773708700925	-0.0006280039444568342	-0.0009364748836497849	0.003539829938200789	0.0003565823453115513
-0.0006469764019225721	0.00039469888609122705	-0.012849293408102591	-0.00038599277485307226	-0.0006280039444568342	-0.0006868372854202942	0.003602239337758162	-0.00020510225070613508
-0.0003349294041350426	0.0002698800869764817	-0.014409528397039795	-0.0005108115739678176	-0.0005655945448996835	-0.0004371996871903594	0.0034150111390855997	0.00048140114442674076
-2.2882406347290996e-05	0.0001450612878615143	-0.013098931006332526	-0.0009476773708700925	-0.0005655945448996835	-0.0014981594796674713	0.0032277829404132596	-0.00032992104982088044
0.00047639279011213453	0.0005819270847640112	-0.012662065209430251	-0.0002611739757378828	-0.00019113814755455927	-0.0011861124818801638	0.0038518769359885408	0.0007934481422140482
-0.001083842198825069	0.00039469888609122705	-0.012662065209430251	-0.0005732209735254123	-0.000690413344014873	-0.0013109312809951312	0.003539829938200789	-1.7874052033128862e-05
-8.52918059057739e-05	0.00039469888609122705	-0.01384784380102233	-0.0007604491721977524	-0.0004407757457844941	-0.0008740654840926343	0.0038518769359885408	0.0007310387426566756
-0.0005845670023654215	2.0242488746102794e-05	-0.013910253200579925	-0.0011973149691002494	-0.0010024603418017364	-0.0019350252765695242	0.0034150111390855997	-0.0002675116502632857
-0.0005845670023654215	8.265188830391956e-05	-0.013410978004120055	-0.0009476773708700925	-0.0007528227435724677	-0.0025591192721445832	0.0032277829404132596	0.0005438105439843355
-0.0005845670023654215	2.0242488746102794e-05	-0.011289058419165388	-0.0005732209735254123	-0.0008152321431291742	-0.002184662874800347	0.003602239337758162	-0.00039233044937847517
-0.0005221576028073827	2.0242488746102794e-05	-0.010664964423590328	-0.000635630373082563	-0.000690413344014873	-0.0018102064774550009	0.004163923933775626	0.0003565823453115513
-0.001083842198825069	-0.00035421390859835533	-0.010415326825360394	-0.001509361966887779	-0.0014393261387044554	-0.0018102064774550009	0.0032277829404132596	-0.0005795586480503712
0.00022675519188219972	2.0242488746102794e-05	-0.00829340724040617	-0.001072496169985282	-0.0005655945448996835	-0.0018726158770125956	0.004039105134660437	0.00041899174486914603
-0.0005845670023654215	-0.00041662330815595006	-0.00816858844129098	-0.0013221337682149947	-0.000877641542686769	-0.0018726158770125956	0.0031029641412985143	-0.0006419680476079659
-0.0008342046005949122	8.265188830391956e-05	-0.008917501235980563	-0.000635630373082563	-0.00031595694666930463	-0.0009364748836497849	0.002978145342183325	0.00041899174486914603
