Sensor_1	Sensor_2	Sensor_3	Sensor_4	Sensor_5	Sensor_6	Sensor_7	Sensor_8
0.006766212713354758	0.0006633911565319117	0.002086524600303896	0.0015287972601714106	0.0015999007593825443	-0.00035194579721942176	0.0032393359455986648	-0.000716720899385237
0.00845126650140715	0.0009754381543192192	0.0027106185958789553	0.0022153006553038423	0.002286404154514976	0.00014732939924044786	0.003988248740289135	3.21918953047895e-05
0.007639944307159974	0.001037847553876814	0.0027106185958789553	0.002090481856189097	0.002036766556284597	-0.00022712699810423231	0.003863429941173946	-0.00046708330115530217
0.005642843521320273	0.0006633911565319117	0.0012127930064989023	0.0014663878606138159	0.0015999007593825443	-0.0014129055896967557	0.0027400607491392392	0.00021942009397712958
0.004644293128400312	0.0004137535583019769	0.0009007460087118169	0.0010919314632691357	0.0009758067638072632	-0.0019121807861561813	0.0022407855526795917	-0.0005919021002700475
0.003832970934153579	0.0006633911565319117	0.0001518332140217904	0.0010919314632691357	0.0010382161633644138	-0.0022866371835010835	0.0018663291553340233	0.00034423889309187494
0.0005876821571635382	-0.0002103404372733042	-0.001658039373144904	-3.143772876579298e-05	-0.00033479062689978356	-0.0037844627728811364	0.00018127536728207438	-0.0005919021002700475
0.0010869573536236299	0.00010170656051400329	-0.001845267571817466	0.00021819986946458592	-2.2743629112254027e-05	-0.003846872172438731	0.00036850356595441447	9.460129486282831e-05
-3.641183841085471e-05	-0.0004599780355027949	-0.0025941803665077146	-0.0004683035256680679	-0.0007716564238022805	-0.004783013165801098	-0.0003179998291780173	-0.0008415396985004264
0.0008997291549510678	-8.552163815811475e-05	-0.0024069521678349304	-3.143772876579298e-05	-0.0002099718277845941	-0.004845422565358248	0.0001188659677247017	0.00015701069441953486
-9.882123796889353e-05	-0.0003975686359456443	-0.0029686367638526168	-0.00040589412611047315	-0.0007716564238022805	-0.005469516560933085	-0.00044281862829231855	-0.0007791302989423876
0.00040045395849075405	-0.0001479310377152654	-0.003093455562967806	3.097167079180174e-05	-0.00027238122734218884	-0.004907831964916287	-5.952831390043656e-06	0.00015701069441953486
-0.0002236400370836389	-0.0001479310377152654	-0.0034055025607551137	-0.0003434847265533225	-0.0006468376246875351	-0.005469516560933085	-0.0003804092287347238	-0.00040467390159770744
0.0008373197553939171	0.0001641159600720421	-0.0034055025607551137	9.338107034895238e-05	-0.00014756242822788757	-0.00571915415916302	0.00018127536728207438	0.00040664829264946967
-0.0005980964344285411	-0.0005223874350603896	-0.004404052953674631	-0.0007179411238982247	-0.0010212940220322153	-0.007154570348985034	-0.0006300468269653248	-0.0007791302989423876
0.00040045395849075405	-0.0002103404372733042	-0.00452887175278982	-0.0002810753269952837	-0.00045960942601519506	-0.007778664344560315	-0.00025559042962042255	9.460129486282831e-05
-0.0009725528317732213	-0.0008968438324052919	-0.0055274221457093375	-0.0009051693225705648	-0.0013957504193771175	-0.009026852335709767	-0.0010669126238675997	-0.0010287678971723224
-0.0002860494366412336	-0.00033515923638804956	-0.005839469143497089	-0.0005931223247830353	-0.0009588846224750647	-0.00940130873305467	-0.0007548656260805142	-9.262690380995586e-05
-0.0008477340326580318	-0.0005847968346179844	-0.0061515161412841746	-0.0009675787221281595	-0.0014581598189347122	-0.01052467792508982	-0.001004503224310005	-0.0008415396985004264
-0.00016123063752604416	3.9297160957074695e-05	-0.005901878543054684	-0.00021866592743813307	-0.0007092470242446858	-0.011273590719779847	-0.00025559042962042255	0.00034423889309187494
0.00021322575981885805	-0.0005223874350603896	-0.00683801953641705	-0.0009675787221281595	-0.001083703421589588	-0.011960094114912279	-0.0008172750256381089	-0.0006543114998276423
-0.00034845883619838425	-8.552163815811475e-05	-0.006900428935974645	-0.00015625652788053834	-0.0009588846224750647	-0.011211181320221808	-0.0005052280278503574	0.00021942009397712958
-0.0004732776353135737	-0.0003975686359456443	-0.007462113531991887	-0.0007803505234553754	-0.0013957504193771175	-0.012584188110486672	-0.0009420938247524102	-0.000716720899385237
-0.0004732776353135737	-0.00033515923638804956	-0.008086207527566724	-0.0007179411238982247	-0.0012085222207047774	-0.013270691505619547	-0.0008796844251948155	9.460129486282831e-05
-0.005278801401240152	-0.0010216626315204813	-0.01070740230898104	-0.002090947914162866	-0.003143213606986661	-0.01551742988968896	-0.003064013409706856	-0.0006543114998276423
-0.007962405582212062	-0.0013961190288656056	-0.013141368891723237	-0.00296467950796786	-0.0037048982030039035	-0.01782657767331619	-0.0046866577982020985	9.460129486282831e-05
-0.008648908977344494	-0.001957803624882848	-0.013703053487740702	-0.003401545304870135	-0.004328992198579407	-0.020510181854288323	-0.005435570592892125	-0.0010287678971723224
-0.008524090178229748	-0.0017705754262100637	-0.014701603880660441	-0.003151907706639756	-0.0041417639999066225	-0.02119668524942031	-0.005435570592892125	-9.262690380995586e-05
-0.009897096968493946	-0.0017705754262100637	-0.0153256978762355	-0.003401545304870135	-0.00464103919636627	-0.02100945705074775	-0.005747617590678766	-0.000716720899385237
-0.006589398791947643	-0.0012088908301932655	-0.014389556882872911	-0.0029022701084102653	-0.003580079403889158	-0.02169596044588018	-0.004561838999086909	0.00021942009397712958
-0.006589398791947643	-0.0013337096293075668	-0.01401510048552801	-0.002527813711065363	-0.003580079403889158	-0.02150873224720784	-0.004499429599529536	-0.0005919021002700475
-0.005341210800797747	-0.0010216626315204813	-0.014077509885085382	-0.0020285385146052715	-0.003018394807871916	-0.018201034070661093	-0.0033760604074948297	9.460129486282831e-05
-0.003344110014958046	-0.0009592532319628866	-0.012891731293493303	-0.002153357313720461	-0.002955985408314765	-0.01919958446358061	-0.002689557012361954	-0.0007791302989423876
-0.0008477340326580318	-0.0003975686359456443	-0.01170595270190078	-0.001279625719915467	-0.001707797417164647	-0.019574040860925512	-0.0015037784207700966	0.00015701069441953486
-0.0019086938251355878	-0.0007096156337331738	-0.011768362101458374	-0.0012172163203580944	-0.0022070726136247387	-0.018076215271545903	-0.0015661878203272472	-0.0006543114998276423
-0.0009101434322160706	-0.00027274983683089893	-0.011081858706326164	-0.0009675787221281595	-0.0014581598189347122	-0.01782657767331619	-0.0009420938247524102	0.00021942009397712958
-0.0002236400370836389	-0.0003975686359456443	-0.010957039907210975	-0.0010299881216857543	-0.0016453880176074964	-0.017264893077298726	-0.0008796844251948155	-0.0005919021002700475
0.0030216487399059577	0.00028893475918678746	-0.008772710922698934	0.00021819986946458592	-0.00027238122734218884	-0.014830926494556307	0.0011798257602020357	0.0002818294935347243
0.005767662320435241	0.00047616295785957163	-0.006525972538629077	0.0005302468672514493	0.0005389409669049883	-0.01295864450783224	0.002552832550466455	-0.0005294927007124528
0.007015850311585137	0.0011002569534339646	-0.005652240944824527	0.0017160254588437507	0.0012878537615952368	-0.012084912914027024	0.0037386111420592005	0.00040664829264946967
0.0068286221129123525	0.0008506193552042518	-0.006089106741727024	0.0012791596619419199	0.0009758067638072632	-0.010899134322434723	0.0037386111420592005	-0.00046708330115530217
0.008326447702292405	0.0014123039512219382	-0.005215375147921808	0.0017784348584013454	0.0015374913598249496	-0.01002540272862995	0.004861980334093907	0.00040664829264946967
0.006766212713354758	0.0009754381543192192	-0.006089106741727024	0.0010919314632691357	0.0007885785651353672	-0.011211181320221808	0.004050658139846286	-0.00046708330115530217
0.005268387123975149	0.0008506193552042518	-0.007337294732876698	0.0006550656663666388	0.0004765315673476156	-0.013270691505619547	0.003052107746926769	0.00034423889309187494
0.004207427331498037	0.0003513441587443822	-0.008585482724026594	0.00021819986946458592	-0.00014756242822788757	-0.012896235108274645	0.002365604351793893	-0.0006543114998276423
0.0028968299407907683	0.0006009817569738729	-0.010457764710751105	0.0006550656663666388	-0.0002099718277845941	-0.013894785501194162	0.0023031949522371864	0.00034423889309187494
-0.00016123063752604416	-0.0002103404372733042	-0.012766912494378113	-0.0010299881216857543	-0.0016453880176074964	-0.016141523885263798	0.0006181411641852375	-0.0005919021002700475
0.0005876821571635382	-2.311223860052003e-05	-0.013016550092608048	-0.0007803505234553754	-0.0013333410198199669	-0.017639349474643407	0.0008677787624147282	9.460129486282831e-05
0.0005252727576063876	3.9297160957074695e-05	-0.013266187690837983	-0.0009051693225705648	-0.0012085222207047774	-0.018138624671103498	0.0008053693628571335	-0.00034226450204033476
0.001274185552296414	-8.552163815811475e-05	-0.013890281686413042	-0.0007803505234553754	-0.0010212940220322153	-0.017701758874200557	0.0005557317646267546	0.00015701069441953486
-0.0002860494366412336	-8.552163815811475e-05	-0.01401510048552801	-0.0004683035256680679	-0.0013333410198199669	-0.017764168273758596	0.0007429599632995387	-0.00046708330115530217
-0.0004732776353135737	-0.00027274983683089893	-0.014077509885085382	-0.0007179411238982247	-0.0014581598189347122	-0.01695284607951142	0.0008677787624147282	3.21918953047895e-05
-0.00016123063752604416	-0.00027274983683089893	-0.012766912494378113	-0.0014668539185882512	-0.001707797417164647	-0.01788898707287312	0.0004933223650696039	-0.0005919021002700475
0.0007749103558363224	-0.0001479310377152654	-0.011331496304556321	-0.0007803505234553754	-0.0012085222207047774	-0.016266342684378543	0.000680550563741944	0.00015701069441953486
-0.0024079690215956795	-0.0004599780355027949	-0.012704503094820518	-0.0008427599230134142	-0.0022694820131818894	-0.01183527531579709	0.00030609416639726383	-0.000716720899385237
-0.0009725528317732213	0.00022652535962963682	-0.011893180900573341	-0.0012172163203580944	-0.0017702068167217977	-0.012646597510044266	0.0010550069610868462	0.0005314670917648812
2.599756114674001e-05	-0.0002103404372733042	-0.011331496304556321	-0.001716491516818186	-0.0016453880176074964	-0.015392611090573771	0.0008677787624147282	-0.0005294927007124528
-0.0006605058339861358	-8.552163815811475e-05	-0.011830771501015969	-0.00065553172434063	-0.0015205692184918629	-0.015642248688803928	0.000680550563741944	0.0002818294935347243
-0.0013470092291181235	-0.00033515923638804956	-0.013078959492165865	-0.0014044445190306565	-0.0016453880176074964	-0.015829476887476268	0.00018127536728207438	-0.0005919021002700475
-0.00016123063752604416	-2.311223860052003e-05	-0.013078959492165865	-0.0005931223247830353	-0.0012709316202623722	-0.01732730247685632	0.0004933223650696039	0.00034423889309187494
2.599756114674001e-05	-0.00027274983683089893	-0.013578234688625512	-0.001092397521242905	-0.0015205692184918629	-0.01901235626490827	0.00030609416639726383	-0.0005294927007124528
-0.0015966468273485024	-0.0004599780355027949	-0.014264738083757722	-0.0013420351194730618	-0.0022694820131818894	-0.018076215271545903	0.00030609416639726383	-9.262690380995586e-05
-0.001222190430003156	-0.0005847968346179844	-0.014264738083757722	-0.0017789009163748926	-0.002519119611411824	-0.018637899867563368	0.00036850356595441447	-0.0008415396985004264
-0.0009101434322160706	-0.00027274983683089893	-0.014951241478890376	-0.001716491516818186	-0.0020198444149519545	-0.020073316057385382	0.0004309129655124533	3.21918953047895e-05
-0.006152532995045146	-0.001084072031078076	-0.01769725505941966	-0.00296467950796786	-0.003954535801234282	-0.021446322847650245	-0.0019406442176723715	-0.000716720899385237
-0.008212043180441997	-0.0011464814306347826	-0.019943993443489516	-0.0035263641039853244	-0.004328992198579407	-0.02544052441932898	-0.003126422809264451	0.0002818294935347243
-0.008711318376902089	-0.0013961190288656056	-0.019943993443489516	-0.003588773503542475	-0.004516220397251969	-0.02544052441932898	-0.0035632886061667257	-0.00040467390159770744
-0.008461680778672376	-0.0011464814306347826	-0.02038085924039179	-0.0033391359053125402	-0.004578629796808675	-0.025502933818886575	-0.0038129262043973267	0.0004690576922070644
-0.009210593573361958	-0.0012713002297504161	-0.020755315637736693	-0.003838411101772632	-0.004516220397251969	-0.023068967236145044	-0.0038753356039549214	-0.0002174457029251453
-0.006526989392390048	-0.001084072031078076	-0.019132671249242117	-0.003214317106198239	-0.00426658279902159	-0.02406751762906456	-0.0033760604074948297	0.00040664829264946967
-0.0070262645888496955	-0.001084072031078076	-0.018633396052782247	-0.0029022701084102653	-0.004391401598136779	-0.024566792825524653	-0.003126422809264451	-0.0005294927007124528
-0.00459229800610772	-0.0008968438324052919	-0.016948342264729854	-0.0024029949119501737	-0.0032056230065447	-0.02406751762906456	-0.0023775100145748684	0.00015701069441953486
-0.0034065194145156408	-0.0007096156337331738	-0.013453415889510545	-0.0019661291150476767	-0.003018394807871916	-0.017701758874200557	-0.0018158254185576261	-0.000716720899385237
-0.0006605058339861358	-0.0005223874350603896	-0.010894630507653602	-0.001716491516818186	-0.0020198444149519545	-0.019761269059597852	-0.00056763742740773	0.00021942009397712958
-0.0015966468273485024	-0.0004599780355027949	-0.008647892123584189	-0.0010299881216857543	-0.0020198444149519545	-0.016765617880838635	-5.952831390043656e-06	-0.0005294927007124528
-0.002907244218055549	-0.00027274983683089893	-0.008835120322256307	-0.0010299881216857543	-0.002581529010969197	-0.010150221527744696	0.0004933223650696039	0.00015701069441953486
-0.0016590562269060971	-0.0003975686359456443	-0.00821102632668147	-0.002590223110622958	-0.0028935760087567264	-0.014331651298096215	0.00018127536728207438	-0.0006543114998276423
0.004020199132825919	0.00047616295785957163	-0.005964287942612279	-0.0003434847265533225	-0.00045960942601519506	-0.011398409518894592	0.0026776513495818666	0.00034423889309187494
0.004394655530170821	0.00022652535962963682	-0.003967187156772134	0.00028060926902173655	-0.00045960942601519506	-0.011211181320221808	0.003613792342944011	-0.000903949098057133
0.005705252920877868	0.001037847553876814	-0.004216824755002291	0.0011543408628262863	0.0011006255629224526	-0.005531925960491124	0.004487523936749227	0.0002818294935347243
0.0077023537067175685	0.0007258005560890624	-0.002906227364295022	0.0012791596619419199	0.0009133973642496684	-0.009526127532169859	0.004300295738076665	-0.0006543114998276423
0.009449816894326668	0.0009130287547618465	-0.002282133368720185	0.0015912066597290053	0.0017247195584972896	-0.012771416309159456	0.0047995709345363124	-9.262690380995586e-05
0.005330796523533188	0.0005385723574171664	-0.0027814085651802767	0.0014039784610566652	0.0002893033686752755	-0.011523228318009338	0.003988248740289135	-0.0009663584976147277
0.0043322461306132265	0.00028893475918678746	-0.0034055025607551137	0.00021819986946458592	-0.00027238122734218884	-0.011460818918452187	0.002989698347369174	-9.262690380995586e-05
0.0043322461306132265	0.00028893475918678746	-0.0026565897660650872	-0.00015625652788053834	-0.00045960942601519506	-0.01052467792508982	0.002802470148696834	-0.0008415396985004264
0.0023975547443306766	0.0004137535583019769	-0.0026565897660650872	-0.0002810753269952837	-0.0005220188255723457	-0.012084912914027024	0.0020535573540068075	0.00015701069441953486
-3.641183841085471e-05	-0.0001479310377152654	-0.003343093161197519	-0.0008427599230134142	-0.0014581598189347122	-0.013021053907388946	0.0009925975615294735	-0.0006543114998276423
0.00015081636026148537	-2.311223860052003e-05	-0.0038423683576569445	-0.0002810753269952837	-0.0013333410198199669	-0.011648047117124749	0.0013046445593172251	9.460129486282831e-05
-9.882123796889353e-05	-0.00033515923638804956	-0.004279234154560108	-0.0015292633181454018	-0.0013957504193771175	-0.012147322313584175	0.000680550563741944	-0.0008415396985004264
-0.00034845883619838425	3.9297160957074695e-05	-0.004092005955887323	-0.0005307129252256626	-0.001083703421589588	-0.010337449726417036	0.0010550069610868462	0.00021942009397712958
-0.001034962231330816	-0.00027274983683089893	-0.004341643554117036	-0.0010299881216857543	-0.001707797417164647	-0.009962993329072578	0.000680550563741944	-0.0006543114998276423
-0.0004732776353135737	-0.0002103404372733042	-0.005589831545267376	-0.0012172163203580944	-0.0015205692184918629	-0.010087812128187545	0.001117416360644885	-3.0217504252361138e-05
-0.00034845883619838425	-0.00033515923638804956	-0.005589831545267376	-0.0015292633181454018	-0.0020822538145095493	-0.010836724922877128	0.0005557317646267546	-0.000716720899385237
0.0007125009562787277	-0.00027274983683089893	-0.004466462353232226	-0.0009675787221281595	-0.0013333410198199669	-0.01220973171314177	0.0009301881619718788	-9.262690380995586e-05
-0.001846284425577993	-0.0005223874350603896	-0.0053401939470369975	-0.0005931223247830353	-0.0020198444149519545	-0.008090711342347845	0.0005557317646267546	-0.0008415396985004264
-0.0009101434322160706	-0.0003975686359456443	-0.005028146949249468	-0.001279625719915467	-0.0018950256158369871	-0.0056567447596054254	0.0008053693628571335	-9.262690380995586e-05
-0.0007229152335437306	-0.0007096156337331738	-0.00452887175278982	-0.0018413103159324873	-0.0020198444149519545	-0.006343248154737857	0.0004309129655124533	-0.0010287678971723224
-0.0007229152335437306	-0.00033515923638804956	-0.0037175495585426432	-0.001092397521242905	-0.0015829786180494576	-0.004783013165801098	0.0007429599632995387	3.21918953047895e-05
-0.0017214656264632477	-0.000647206234175135	-0.0034055025607551137	-0.0014668539185882512	-0.0020822538145095493	-0.0079658925432331	0.0001188659677247017	-0.0008415396985004264
-0.00041086823575597897	3.9297160957074695e-05	-0.0024069521678349304	-0.0005307129252256626	-0.0010212940220322153	-0.007466617346772564	0.0008677787624147282	0.00034423889309187494
2.599756114674001e-05	-0.00027274983683089893	-0.0019076769713755048	-0.0009675787221281595	-0.0013333410198199669	-0.008402758340135374	0.0004933223650696039	-0.0005294927007124528
-0.0009725528317732213	-0.0002103404372733042	-0.0014084017749154132	-0.0005307129252256626	-0.0012709316202623722	-0.0056567447596054254	0.0007429599632995387	0.00015701069441953486
-0.0014094186286759403	-0.0004599780355027949	-0.0004722607815530466	-0.0011548069208004996	-0.0017702068167217977	-0.005219878962703373	0.00030609416639726383	-0.000716720899385237
-0.0012845998295607508	-0.00027274983683089893	-0.0008467171788975048	-0.0011548069208004996	-0.0015829786180494576	-0.0056567447596054254	0.0002436847668396691	0.00021942009397712958
-0.005715667198141983	-0.0012713002297504161	-0.0032182743620825516	-0.0029022701084102653	-0.003392851205216596	-0.007653845545445126	-0.002315100615017718	-0.000716720899385237
-0.007899996182654467	-0.0013961190288656056	-0.004404052953674631	-0.0029022701084102653	-0.003642488803447197	-0.00802830194279025	-0.0031888322088220455	9.460129486282831e-05
-0.009023365374689174	-0.0015833472275379457	-0.005152965748364657	-0.003027088907525455	-0.004016945200791877	-0.010087812128187545	-0.003688107405281915	-0.000716720899385237
-0.008024814981769657	-0.0015833472275379457	-0.005839469143497089	-0.0033391359053125402	-0.003580079403889158	-0.010836724922877128	-0.003937745003512072	-3.0217504252361138e-05
-0.008773727776459683	-0.0018329848257676584	-0.006089106741727024	-0.0034639547044277297	-0.0041417639999066225	-0.010399859125974631	-0.004187382601742007	-0.0008415396985004264
-0.0070262645888496955	-0.0013961190288656056	-0.005277784547479847	-0.002715041909737703	-0.0032056230065447	-0.008964442936152617	-0.0030016040101499275	3.21918953047895e-05
-0.007151083387965329	-0.0017705754262100637	-0.005152965748364657	-0.0030894983070826054	-0.003642488803447197	-0.008964442936152617	-0.003126422809264451	-0.0009663584976147277
-0.004342660407877563	-0.0013337096293075668	-0.003779958958100238	-0.0022781761128349842	-0.0027063478100843863	-0.008340348940577336	-0.0020030536172299662	-0.0002174457029251453
-0.002907244218055549	-0.0011464814306347826	-0.002094905170047845	-0.0017789009163748926	-0.0022694820131818894	-0.006218429355623556	-0.001191731422982345	-0.0010911772967301392
-0.0019086938251355878	-0.0010216626315204813	-0.0015332205740306026	-0.0014668539185882512	-0.001957435015394582	-0.005781563558721059	-0.0006924562265224754	-0.00046708330115530217
-0.0020335126242505552	-0.0009592532319628866	-0.0004722607815530466	-0.0014668539185882512	-0.0020198444149519545	-0.00571915415916302	-0.0005052280278503574	-0.0010911772967301392
-0.0007853246331013253	-0.0005847968346179844	0.00033906141269457457	-0.0007803505234553754	-0.0012709316202623722	-0.0045957849671283135	0.00018127536728207438	-9.262690380995586e-05
-0.0007229152335437306	-0.0007096156337331738	0.0014624306047290592	-0.001092397521242905	-0.0015829786180494576	-0.0037844627728811364	0.00030609416639726383	-0.0010287678971723224
0.0035209239363660494	0.00022652535962963682	0.003958806587028629	0.00034301866857910923	0.00016448456956008606	-0.001974590185713776	0.0026776513495818666	3.21918953047895e-05
0.005767662320435241	0.0003513441587443822	0.005519041575965833	0.0009047032645965736	0.0006637597660201777	-0.0015377243888119452	0.0036762017425011617	-0.0007791302989423876
0.006516575115125489	0.0008506193552042518	0.0055814509755229835	0.0015912066597290053	0.0012878537615952368	8.491999968329722e-05	0.004674752135421123	3.21918953047895e-05
0.00620452811733796	0.0007258005560890624	0.0053942227768510875	0.0012791596619419199	0.0009133973642496684	2.2510600125702496e-05	0.004612342735863972	-0.000716720899385237
0.00876331349919468	0.0009130287547618465	0.005456632176408238	0.0015287972601714106	0.001849538357612035	-0.001350496190139383	0.004861980334093907	-9.262690380995586e-05
0.006703803313798051	0.0005385723574171664	0.004083625386143819	0.001216750262383881	0.0010382161633644138	-0.002349046583058678	0.0036762017425011617	-0.000903949098057133
0.005081158925302809	0.0006633911565319117	0.002773027995436106	0.0013415690614990705	0.0010382161633644138	-0.002224227783944155	0.0031145171464843635	0.00021942009397712958
0.0043322461306132265	0.0004137535583019769	0.0024609809976485764	0.0009671126641539463	0.0005389409669049883	-0.002349046583058678	0.0027400607491392392	-0.0006543114998276423
0.0028968299407907683	0.00022652535962963682	0.0011503836069417517	0.00040542806813714805	0.00016448456956008606	-0.0033475969759786395	0.0018039197557770947	3.21918953047895e-05
0.0008997291549510678	-0.00027274983683089893	0.00046388021180931993	-0.00040589412611047315	-0.0007716564238022805	-0.0035972345742085743	0.0008053693628571335	-0.0007791302989423876
0.0007125009562787277	-2.311223860052003e-05	0.0010255648078270063	-9.384712832294362e-05	-0.0005844282251294963	-0.002349046583058678	0.0010550069610868462	3.21918953047895e-05
0.00046286335804923695	-8.552163815811475e-05	0.0015872494038442486	-0.00040589412611047315	-0.0006468376246875351	-0.002161818384386338	0.0009925975615294735	-0.0005919021002700475
0.001274185552296414	-8.552163815811475e-05	0.0019617058011884847	-0.0002810753269952837	-0.0002099718277845941	-0.002349046583058678	0.0012422351597596304	9.460129486282831e-05
-0.00016123063752604416	-0.00027274983683089893	0.0016496588034013993	-0.0004683035256680679	-0.0008964752229170259	-0.002661093580846652	0.0008677787624147282	-0.0006543114998276423
8.840696070344656e-05	-0.0001479310377152654	0.001524840004286876	-0.00015625652788053834	-0.0006468376246875351	-0.0015377243888119452	0.0010550069610868462	9.460129486282831e-05
-0.00016123063752604416	-0.0002103404372733042	0.001275202406056497	-0.0007179411238982247	-0.0008964752229170259	-0.0017873619870409918	0.0007429599632995387	-0.0006543114998276423
0.0008997291549510678	0.00028893475918678746	0.0010879742073837129	-0.00015625652788053834	-0.0002099718277845941	-0.0016001337883690958	0.0010550069610868462	0.00034423889309187494
-0.0005356870348709464	-0.0003975686359456443	0.00046388021180931993	-0.0007179411238982247	-0.0009588846224750647	-0.0019121807861561813	0.0002436847668396691	-0.000716720899385237
0.00046286335804923695	0.0001641159600720421	0.0005262896113669147	0.00028060926902173655	-0.00039720002645715624	-0.001974590185713776	0.0009925975615294735	0.00034423889309187494
-3.641183841085471e-05	-0.00033515923638804956	0.00021424261357938512	-0.0005931223247830353	-0.0007716564238022805	-0.003222778176863894	0.0002436847668396691	-0.0006543114998276423
0.00046286335804923695	-0.0002103404372733042	0.00027665201313697985	-0.00015625652788053834	-0.00045960942601519506	-0.0033475969759786395	0.0002436847668396691	9.460129486282831e-05
-0.0005980964344285411	-0.0003975686359456443	0.0005262896113669147	-0.00040589412611047315	-0.0010212940220322153	-0.0029107311790761425	5.645656816755107e-05	-0.0008415396985004264
0.00015081636026148537	-0.0004599780355027949	0.0006511084104818821	-0.0005307129252256626	-0.0008340658233598752	-0.0027235029804042465	0.00030609416639726383	-0.0001550363033675506
-0.00041086823575597897	-0.0003975686359456443	0.0011503836069417517	-0.0007179411238982247	-0.0010212940220322153	-0.002224227783944155	0.00018127536728207438	-0.0007791302989423876
-0.0002236400370836389	-0.00033515923638804956	0.001275202406056497	-0.0005931223247830353	-0.0008340658233598752	-0.0017249525874842853	0.0004309129655124533	3.21918953047895e-05
-0.0010973716308884107	-0.000647206234175135	0.0014000212051716865	-0.0009675787221281595	-0.0012709316202623722	-0.0018497713865985865	0.0001188659677247017	-0.0009663584976147277
-0.0010973716308884107	-0.00027274983683089893	0.0009631554082694116	-0.0007179411238982247	-0.0009588846224750647	-0.002161818384386338	-5.952831390043656e-06	0.0002818294935347243
-0.006464579992832453	-0.0013337096293075668	-0.0021573145696049956	-0.002590223110622958	-0.0028935760087567264	-0.004720603766243503	-0.0030016040101499275	-0.0007791302989423876
-0.007962405582212062	-0.0016457566270953183	-0.0036551401589850485	-0.002777451309294854	-0.003392851205216596	-0.0056567447596054254	-0.0038753356039549214	-0.0002174457029251453
-0.008399271379114115	-0.0017705754262100637	-0.004092005955887323	-0.00296467950796786	-0.003580079403889158	-0.005906382357835804	-0.0042497920012991575	-0.0008415396985004264
-0.008524090178229748	-0.001708166026652469	-0.004965737549692317	-0.0030894983070826054	-0.003642488803447197	-0.006468066953853047	-0.004437020199971942	-9.262690380995586e-05
-0.008461680778672376	-0.0018329848257676584	-0.004965737549692317	-0.003214317106198239	-0.003767307602561498	-0.006530476353410641	-0.004437020199971942	-0.000903949098057133
-0.0070262645888496955	-0.0016457566270953183	-0.004591281152347415	-0.002715041909737703	-0.0032056230065447	-0.006156019956065517	-0.0036256980057247645	-0.00034226450204033476
