Sensor_1	Sensor_2	Sensor_3	Sensor_4	Sensor_5	Sensor_6	Sensor_7	Sensor_8
0.002615808850232604	0.00032640115968596284	-0.0004591334706642858	0.0005850537956819668	0.0005939315327687655	-0.0034197760967422663	0.001178632715343353	-0.0002103540016782368
0.006547601022354632	0.0012001327534907347	0.0014131485160602253	0.0020828793850620198	0.0022789853208211586	-0.001984359906920252	0.003238142900740426	0.000663377592126535
0.006610010421912227	0.0009504951552607999	0.0017251955138477548	0.0018332417868316409	0.001966938323033185	-0.0018595411078046187	0.0034877804989696948	-0.0003975822003505769
0.007920607812619274	0.00132495155260548	0.0019748331120774676	0.002457335782406478	0.0024662135194932766	-0.0008609907148855456	0.004049465094987825	0.0005385587930113456
0.00835747360952177	0.0012625421530478853	0.0025989271076525267	0.002207698184176321	0.0024662135194932766	-0.001984359906920252	0.0041742838941021265	-0.00027276340123583154
0.00873193000686645	0.0015121797512782642	0.002474108308537337	0.0025197451819640726	0.0027158511177236555	-0.0026084539024955333	0.004423921492332505	0.0006009681925689403
0.005361822430762109	0.000888085755702761	0.0007266451209277935	0.0016460135881593008	0.0014676631265735374	-0.003294957297627743	0.0028636865033948578	-0.00027276340123583154
0.005549050629434893	0.0009504951552607999	0.00022736992446770188	0.0015211947890441113	0.0015924819256887268	-0.004168688891432293	0.002801277103837707	0.0006009681925689403
0.0035519498435954144	0.00038881055924355756	-0.0008959992675670048	0.0006474631952391174	0.0005939315327687655	-0.006165789677271771	0.001553089112688033	-0.0005224009994659884
0.002366171252002891	0.0007632669565880157	-0.0015825026626994365	0.0008346913939116796	0.0008435691309987003	-0.007726024666208975	0.0010538139162281634	0.0007881963912417245
0.0012428020599677403	0.0005760387579156756	-0.002269006057831424	0.0005850537956819668	0.000281884534981236	-0.008162890463111916	0.0004921293202104771	3.9283596551698e-05
0.001492439658197675	0.0005136293583583029	-0.0030179188525214506	0.0007098725947967122	0.0002194751354243074	-0.008287709262226217	0.0006169481193256665	0.000663377592126535
0.0003066610666058178	7.676356145558394e-05	-0.003954059845883817	-0.00028867779812280503	-0.0005918470588233138	-0.00966071605249108	-0.00013196467536435996	-0.00027276340123583154
0.0004314798657201191	0.00032640115968596284	-0.004390925642786314	2.336919966450246e-05	-0.00040461886015075166	-0.010472038246738258	5.5263523308646256e-05	0.00047614939345419494
-6.779533073952848e-05	1.4354161898433304e-05	-0.005202247837033491	-0.0006631341954679293	-0.0011535316548412222	-0.013779736423285449	-0.0005688304722666349	-0.00033517280079342626
0.0004314798657201191	0.00032640115968596284	-0.006263207629511047	0.00021059739833684255	-0.0006542564583809085	-0.014591058617532626	-0.00013196467536435996	0.0006009681925689403
-0.003313084107728681	7.676356145558394e-05	-0.009882952803845102	-0.00010144959945046494	-0.0025265384451056416	-0.010908904043640533	-0.0006936492713818243	-0.00027276340123583154
-0.0008167081254291109	0.0002015823605707734	-0.011568006591897495	-0.002223369184405133	-0.002651357244220387	-0.024014877950713442	-0.0013177432669566613	0.0004137399938966002
-0.0006294799267565487	-4.805523765916142e-05	-0.013877154375524503	-0.0014744563897151064	-0.0029634042420079165	-0.03581025446707908	-0.0020666560616462437	-0.00033517280079342626
-0.0012535739223318298	0.0002639917601283681	-0.01849544994277852	-0.000725543595025302	-0.003088223041122884	-0.04754322158388713	-0.002253884260318584	0.0005385587930113456
-0.0013159833218889805	-0.0004225116350045077	-0.023987477103837307	-0.002597825581750035	-0.004274001632715629	-0.06551712865644332	-0.0037517098496981927	-0.0005224009994659884
0.003801587441824461	0.0005136293583583029	-0.02997877946135641	-0.0014120469901575117	-0.0023393102464333015	-0.08030815635156774	-0.001817018463416753	0.0007257869916841297
0.005486641229876854	-4.805523765916142e-05	-0.030415645258258683	-0.0007879529945824526	-0.001215941054398817	-0.07113397461661752	-0.0011305150682838772	-0.00033517280079342626
0.0019917148546577668	1.4354161898433304e-05	-0.025734940291447073	0.0012091477912568038	-0.0018400350499732099	-0.059088960502021726	-0.0008808774700541644	0.0003513305943390055
-0.00861788307011535	-0.00017287403677412883	-0.033910571633478215	0.0013339665903715492	-0.0032130418402380734	-0.037308080056459136	0.000304901121538137	-0.0005224009994659884
-0.002688990112153844	0.0002639917601283681	-0.033286477637902934	-0.003658785374227591	-0.004086773434042845	-0.04130228162813787	0.001553089112688033	0.0005385587930113456
0.002803037048904944	0.00013917296101317866	-0.026421443686579504	-0.005593476760509697	-0.003899545235370505	-0.05197428895246814	0.0021147737087057195	-8.553520256349145e-05
-0.00518536609445297	-0.000547330434118809	-0.025797349691004667	-0.0012248187914851716	-0.004024364034485695	-0.050351644563973785	0.0004921293202104771	0.0004137399938966002
-0.009179567666132593	-0.001421062027924025	-0.02704553768215412	-0.0037211947737847417	-0.0050853238269628065	-0.05028923516441619	-0.0021290654612038384	-0.0004599915999081716
-0.006308735286488343	-0.0008593774319063385	-0.020929416525520717	-0.0016616845883876685	-0.003525088838025159	-0.03830663044937821	-0.0012553338673990666	0.000663377592126535
-0.005871869489585846	-0.0012338338292516848	-0.012753785183489574	-0.002785053780421931	-0.002838585442892727	-0.03194087169451465	-0.002877978255893865	-8.553520256349145e-05
-0.011488715449759823	-0.0011090150301364954	-0.01100632199588003	-0.0017865033875024139	-0.003462679438467564	-0.017025025200275046	-0.0025659312581063354	0.0006009681925689403
-0.011863171847104725	-0.0014834714274811756	-0.012129691187914515	-0.004282879369801984	-0.0050853238269628065	-0.008350118661783812	-0.002815568856335826	-0.0005848103990235831
-0.005809460090028251	-0.0011090150301364954	-0.010507046799420161	-0.0050317921644920105	-0.00433641103227278	-0.008162890463111916	-0.0019418372625310543	0.0003513305943390055
-0.0063711446860459375	-0.0010466056305789007	-0.008697174212252579	-0.004282879369801984	-0.004398820431830375	-0.010971313443198127	-0.0011305150682838772	-0.0004599915999081716
-0.005435003692683349	-0.0006721492332339984	-0.009570905806057795	-0.0017865033875024139	-0.0023393102464333015	-0.01646334060425736	5.5263523308646256e-05	0.00016410239566644336
-0.003125855909056341	-0.0006097398336764037	-0.011755234790569835	-0.000725543595025302	-0.0018400350499732099	-0.02114404557106897	0.0005545387197685159	-0.0005224009994659884
0.0008059362630656874	-0.0001104646372165341	-0.014064382574197065	-0.0010375905928128315	-0.001403169253070713	-0.02800907952239262	0.001178632715343353	0.0003513305943390055
-0.0008167081254291109	-0.0004225116350045077	-0.015312570565346517	-0.0014120469901575117	-0.0019024444495308046	-0.028383535919737746	0.00042971992065288234	-0.0003975822003505769
-0.000379842328527058	0.00013917296101317866	-0.015187751766231772	-0.00028867779812280503	-0.000966303456168438	-0.02726016672770304	0.0009289951171134181	0.00047614939345419494
0.003614359243152121	0.00013917296101317866	-0.013440288578622006	0.000335416197452032	-0.00015498126192126094	-0.02314114635690867	0.0017403173113605952	-0.0005848103990235831
0.006547601022354632	0.0010753139543755452	-0.01169282539101224	0.0017084229877168955	0.0012804349279011973	-0.014903105615320156	0.003924646295872636	0.00047614939345419494
0.005424231830319259	0.000888085755702761	-0.00963331520561539	0.0008346913939116796	0.0007811597314411056	-0.012157092034791095	0.003924646295872636	-0.0003975822003505769
0.006235554024567325	0.00132495155260548	-0.00719934862287297	0.0014587853894867386	0.0012804349279011973	-0.00778843406576657	0.0046111496910048455	0.00047614939345419494
0.006297963424124253	0.0012001327534907347	-0.006075979430838707	0.0008346913939116796	0.0009683879301136677	-0.004980011085679914	0.004923196688792597	-0.00033517280079342626
0.006485191622796593	0.0015745891508356369	-0.006575254627298577	0.0007098725947967122	0.0005315221332116149	-0.004418326489662228	0.005172834287022088	0.0006009681925689403
0.003614359243152121	0.0005760387579156756	-0.00794826141756344	-0.0009751811932552368	-0.0008414846570532486	-0.009972763050279054	0.0031133241016252367	-0.0005848103990235831
0.005611460028992266	0.0009504951552607999	-0.006637664026855727	0.0006474631952391174	0.0005939315327687655	-0.013842145822843044	0.0036125992980848842	0.00047614939345419494
0.0028654464484629827	0.0004512199588002641	-0.007448986221103349	0.0006474631952391174	-0.00015498126192126094	-0.01839803199053991	0.0024892301060501776	-0.00033517280079342626
0.001492439658197675	0.0006384481574732703	-0.010382228000304972	0.0007098725947967122	-0.0002798000610355622	-0.022080186564431337	0.00198995490959053	0.000663377592126535
0.0007435268635076486	0.00032640115968596284	-0.011255959594109965	-0.0004759059967955892	-0.0009038940566108433	-0.02264187116044858	0.0014282703135728436	3.9283596551698e-05
0.0016796678568702372	0.0008256763561456104	-0.010194999801632632	-0.0004134965972379945	-0.0005294376592659411	-0.021768139566643807	0.0019275455100329353	0.0009130151903564698
-0.00013020473029667912	0.0002639917601283681	-0.010694274998092723	-0.000725543595025302	-0.0014655786526280856	-0.01889730718699978	0.0013034515144576542	-8.553520256349145e-05
-0.0006918893263141435	0.00032640115968596284	-0.011443187792782306	-0.0008503623941404914	-0.0017152162508584645	-0.015090333813992718	0.0014906797131302163	0.0005385587930113456
-0.0008791175249871497	0.0002639917601283681	-0.01250414758525964	-0.0015368657892727011	-0.0020896726482031447	-0.012094682635233056	0.001178632715343353	-2.3125803005896728e-05
0.0015548490577552698	0.00032640115968596284	-0.010881503196764841	-0.0009127717936980861	-0.0010911222552831834	-0.01602647480735553	0.0014282703135728436	0.0005385587930113456
-0.0007542987258717382	-0.0001104646372165341	-0.010257409201190004	-0.0004759059967955892	-0.0016528068513004257	-0.017773937994964628	0.0010538139162281634	-0.0003975822003505769
0.0005562986648353085	0.00032640115968596284	-0.009570905806057795	-3.9040199893092264e-05	-0.0007166658579387253	-0.017961166193636968	0.0017403173113605952	0.0006009681925689403
0.0003066610666058178	0.00013917296101317866	-0.008010670817120147	-0.0006007247959098905	-0.0010287128557260328	-0.0186476695887694	0.0012410421149009476	-2.3125803005896728e-05
0.0002442516670482231	0.0004512199588002641	-0.006949711024643479	-0.0002262683985652103	-0.0007166658579387253	-0.012718776630808337	0.0020523643091481247	0.0007881963912417245
-0.001815258518348628	0.0002639917601283681	-0.007448986221103349	-0.0012248187914851716	-0.0017776256504156152	-0.01440383041886073	0.0017403173113605952	0.00010169299610929272
-0.0011287551232166404	0.0004512199588002641	-0.007636214419775911	-0.0010999999923699821	-0.001590397451743275	-0.014029374021515828	0.002177183108262426	0.0007881963912417245
-0.0006294799267565487	0.0002639917601283681	-0.007761033218890656	-0.0017240939879452633	-0.0018400350499732099	-0.017025025200275046	0.0021147737087057195	-0.00014794460212108618
-0.000379842328527058	0.0002015823605707734	-0.009009221210040108	-0.0010999999923699821	-0.0014655786526280856	-0.015714427809567777	0.0023644113069354322	0.0006009681925689403
-0.0005046611276413593	1.4354161898433304e-05	-0.009009221210040108	-0.0009127717936980861	-0.001590397451743275	-0.022517052361333834	0.002239592507820465	-0.0002103540016782368
0.000681117463950498	0.00038881055924355756	-0.008385127214465493	-0.00010144959945046494	-0.0006542564583809085	-0.02357801215381139	0.0024892301060501776	0.000663377592126535
-0.0010663457236594898	-0.0003601022354464689	-0.009071630609597925	-0.0008503623941404914	-0.0015279880521861244	-0.024139696749828632	0.0018651361104753406	-0.0004599915999081716
-0.004374043900206237	-0.000547330434118809	-0.010257409201190004	-0.0016616845883876685	-0.0024017196459908963	-0.02264187116044858	-0.0002567834744791053	0.0005385587930113456
-0.008056198474097442	-0.0013586526283664302	-0.011131140794994776	-0.0032843289768820227	-0.004024364034485695	-0.021643320767528618	-0.002441112458991146	-0.00033517280079342626
-0.008368245471885416	-0.000984196231021306	-0.010132590402075037	-0.002597825581750035	-0.003525088838025159	-0.013966964621958233	-0.002004246662088649	0.0005385587930113456
-0.00961643346303509	-0.0012962432288092796	-0.008759583611810617	-0.003471557175554807	-0.004586048630502715	-0.012718776630808337	-0.0029403876554510155	-0.00027276340123583154
-0.008118607873655925	-0.0008593774319063385	-0.006512845227740538	-0.00303469137865231	-0.0036499076371401262	-0.011096132242313539	-0.002004246662088649	0.0007257869916841297
-0.0074321044785230495	-0.0010466056305789007	-0.005826341832608106	-0.0030971007782099047	-0.004024364034485695	-0.010721675844968637	-0.002004246662088649	-0.0002103540016782368
-0.006246325886930748	-0.0007969680323487438	-0.005077429037918524	-0.002410597383077695	-0.0029634042420079165	-0.005791333279927091	-0.0010681056687262824	0.0006009681925689403
-0.00499813789578063	-0.000547330434118809	-0.005015019638360929	-0.0012872281910423222	-0.0030258136415655112	-0.0076012058670942295	-0.0004440116731510013	-8.553520256349145e-05
-0.0023769431143665365	0.00013917296101317866	-0.004016469245440968	-0.0010375905928128315	-0.0014655786526280856	-0.006477836675059523	0.001178632715343353	0.0007881963912417245
-0.0007542987258717382	7.676356145558394e-05	-0.0032675564507513855	-0.0009751811932552368	-0.0011535316548412222	-0.008911803257801054	0.001178632715343353	0.00016410239566644336
-0.000379842328527058	0.0002639917601283681	-0.0038916504463262225	-0.0002262683985652103	-0.0008414846570532486	-0.007726024666208975	0.0014906797131302163	0.0008506057907988751
-0.0013159833218889805	1.4354161898433304e-05	-0.005015019638360929	-0.0004759059967955892	-0.0010911222552831834	-0.007101930670634138	0.0016154985122456278	-2.3125803005896728e-05
0.0007435268635076486	0.0005136293583583029	-0.004078878644999007	0.000335416197452032	-0.00040461886015075166	-0.005978561478599875	0.0025516395056077723	0.0008506057907988751
0.0041760438391702515	0.0008256763561456104	-0.0018321402609287052	0.0006474631952391174	0.00040670333409642545	-0.005229648683909405	0.004923196688792597	0.00010169299610929272
0.007109285618371652	0.00132495155260548	0.0006018263218130482	0.0018332417868316409	0.0016548913252458775	-0.0027956821011678734	0.005984156481269709	0.0008506057907988751
0.006797238620584123	0.0013873609521630748	0.0015379673151754147	0.002020469985503981	0.001342844327458792	-0.001173037712672631	0.005984156481269709	3.9283596551698e-05
0.007983017212176646	0.0015121797512782642	0.0024116989089801866	0.0020828793850620198	0.0019045289234764784	0.00032478787670742193	0.006358612878614611	0.000663377592126535
0.008295064209964176	0.0012625421530478853	0.003535068101014893	0.0017708323872740461	0.0017173007248034722	7.515027847704303e-05	0.006421022278172206	-0.00027276340123583154
0.007483742015716555	0.0015121797512782642	0.0036598869001298606	0.0020828793850620198	0.0018421195239188837	7.515027847704303e-05	0.006358612878614611	0.0007881963912417245
0.005237003631647363	0.0012001327534907347	0.002723745906767716	0.0013339665903715492	0.0010307973296712625	-0.0008609907148855456	0.0050480154879073424	0.00010169299610929272
0.005174594232089769	0.0008256763561456104	0.00166278611429016	0.0012715571908139545	0.0009059785305562951	-0.0010482189135578857	0.004423921492332505	0.0004137399938966002
0.002303761852444852	0.0005136293583583029	0.00010255112535251243	0.000335416197452032	-0.00015498126192126094	-0.0023588163042647103	0.003050914702067642	-0.0002103540016782368
0.001117983260852995	0.00013917296101317866	-0.0013952744640266523	-0.0002262683985652103	-0.0005918470588233138	-0.0042310982909894435	0.0023644113069354322	0.00022651179522403808
0.000681117463950498	-4.805523765916142e-05	-0.0017073214618141819	-0.0004134965972379945	-0.0008414846570532486	-0.00516723928435181	0.0017403173113605952	-0.0003975822003505769
0.0022413524528877016	0.00038881055924355756	-0.001457683863584247	0.0003978255970096267	0.00015706573586604655	-0.005604105081254529	0.002426820706493027	0.0006009681925689403
0.0009931644617378055	0.00013917296101317866	-0.0017073214618141819	8.577859922209718e-05	-0.00040461886015075166	-0.005354467483024594	0.0018651361104753406	-0.0002103540016782368
0.0016172584573126425	0.0006384481574732703	-0.0007711804684518153	0.0006474631952391174	0.0002194751354243074	-0.00516723928435181	0.0023020019073778375	0.0007881963912417245
0.0003066610666058178	7.676356145558394e-05	-0.0006463616693366259	-0.00010144959945046494	-0.0005918470588233138	-0.0054792862821393395	0.0018027267109177458	-0.0002103540016782368
0.0008683456626232822	7.676356145558394e-05	-0.0003343146715493184	-0.00016385899900761558	-0.00040461886015075166	-0.004917601686122319	0.0019275455100329353	0.0004137399938966002
-6.779533073952848e-05	-4.805523765916142e-05	-0.0001470864728769783	-0.0006007247959098905	-0.0008414846570532486	-0.004792782887007352	0.0017403173113605952	-0.00033517280079342626
0.0006187080643929033	-4.805523765916142e-05	0.00047700752269785873	-0.0004759059967955892	-0.0005294376592659411	-0.0046679640878921624	0.0018027267109177458	0.0003513305943390055
-5.385931181933756e-06	1.4354161898433304e-05	0.0007266451209277935	-0.00035108719768039975	-0.0007166658579387253	-0.004917601686122319	0.0016779079118030005	-0.00027276340123583154
0.0003066610666058178	0.00013917296101317866	0.0006018263218130482	-0.00010144959945046494	-0.0004670282597083464	-0.005354467483024594	0.0019275455100329353	0.00047614939345419494
