Sensor_1	Sensor_2	Sensor_3	Sensor_4	Sensor_5	Sensor_6	Sensor_7	Sensor_8
-0.0008641764281422937	-0.0002247566455297889	-0.0017506331477818993	-0.0002854452095655269	-0.00046333172968893166	-0.0027332075883639284	-0.0005219436463459459	-0.0002493917645838284
0.0025059311479620483	0.0002745185509300807	-0.00037762635751747986	0.0006506957837970617	0.000660037462345775	-0.0017970665950008957	0.0009758819430332188	0.00037470223099100863
0.005251944728491553	0.0007113843478321336	0.0014322462296501026	0.0013371991789292714	0.0012841314579215002	-0.0006736974029664111	0.0023488887332980823	-0.0004366199632561685
0.007186636114773659	0.0015227065420793107	0.002368387223012025	0.0021485213731768926	0.0022202724512829786	7.521539172317127e-05	0.0035970767244479784	0.0004995210301061981
0.007249045514331254	0.0017099347407520948	0.0028676624194721168	0.002086111973619076	0.0022202724512829786	-0.00011201280694872473	0.003659486124005573	-0.00018698236502623367
0.009246146300170732	0.002146800537654814	0.0035541658146045485	0.0026477965696369843	0.0028443664468582597	0.0003248529899531061	0.004595627117368162	0.0004995210301061981
0.008185186507693176	0.002084391138096997	0.0033045282163741696	0.00227334017229186	0.002407500649955985	-0.00011201280694872473	0.004158761320465221	-0.0003118011641414231
0.006375313920526038	0.0024588475354421213	0.0021187496247820903	0.002086111973619076	0.002095453652168233	-0.0007985162020811565	0.0033474391262180436	0.0007491586283361329
0.004752669532031684	0.0018347535398672843	0.0012450180309773184	0.001212380379814082	0.0011593126588058666	-0.0016722477958863724	0.0023488887332980823	-0.00037421056369812966
0.004440622534244376	0.002146800537654814	0.0006833334349600761	0.001399608578486644	0.0013465408574782067	-0.001547428996771183	0.0023488887332980823	0.0004995210301061981
0.0011953337572547795	0.0013978877429645653	-0.0010641297526499116	-3.580761133492594e-05	-8.88753323438074e-05	-0.004106214378628348	0.0002893785479012312	-0.0004366199632561685
0.0011953337572547795	0.00146029714252216	-0.0017506331477818993	0.00033864878600975423	9.835286632875473e-05	-0.003669348581725629	0.0003517879474588259	0.0002498834318762633
0.00044642096256475305	0.0012106595442922252	-0.002000270746012278	-0.00016062641045033743	-0.0002761035310161475	-0.0037941673808408183	0.00010215034922933519	-0.0005614387623709138
0.001320152556369969	0.00146029714252216	-0.002062680145569429	-3.580761133492594e-05	9.835286632875473e-05	-0.004543080175530845	0.0003517879474588259	0.0002498834318762633
0.00025919276389241297	0.00127306894384982	-0.002437136542914775	-3.580761133492594e-05	-0.0002761035310161475	-0.00466789897464559	-8.507784944344898e-05	-0.0004366199632561685
0.0007584679603525046	0.0013354783434074147	-0.0029364117393742006	-9.821701089296475e-05	-2.6465932786212676e-05	-0.00485512717331793	3.974094967085229e-05	0.00018747403231866855
-0.00024008243256745665	0.0009610219460625125	-0.003498096335391443	-0.000659901606910207	-0.0008377881270336118	-0.005604039968007957	-0.0005219436463459459	-0.0006238481619285086
0.0005088303621223478	0.0013354783434074147	-0.0036229151345066324	8.901118777937533e-05	-0.0002761035310161475	-0.0047927177737607796	-8.507784944344898e-05	0.0002498834318762633
-0.0007393576290275483	0.00146029714252216	-0.0044342373287538095	-9.821701089296475e-05	-0.0006505599283617158	-0.0037317579812836676	-0.0003347154476738279	-0.0003118011641414231
-0.002049955019734817	0.0017723441403092455	-0.006868203911495785	0.00021382998689456478	-0.001025016325706174	-0.002608388789248517	-0.00020989664855863843	0.0006243398292213875
-0.0024244114170794973	0.00146029714252216	-0.010363130286715316	-0.0020329083971750705	-0.002522841915085783	-0.009972697937032038	-0.0012708564410364165	-0.0004366199632561685
-0.0007393576290275483	0.0017723441403092455	-0.013483600264589723	-0.0014712238011578282	-0.0022107949172984753	-0.01914687967198314	-0.0015204940392659072	0.00018747403231866855
-0.00392223700645955	0.0019595723389820296	-0.0207230906132585	-0.0014712238011578282	-0.004083076904022986	-0.028508289605606363	-0.00283109142997362	-0.0008110763606012927
-0.0009265858276998884	0.003207760330132148	-0.02790017156236968	-0.0024697741940773454	-0.0038334393057932736	-0.04891616326090498	-0.003205547827317856	0.00018747403231866855
0.0006336491612373152	0.0040814919239364755	-0.036013393504843005	-0.00253218359363494	-0.004707170899597823	-0.07344305728699796	-0.00476578281625506	-0.000748666961043476
0.004690260132474533	0.005828955111546463	-0.041755058264132394	-0.0024073647945197507	-0.00246043251552841	-0.08729794398876023	-0.0035175948251058298	0.00018747403231866855
0.005251944728491553	0.006515458506679339	-0.03988277627740744	0.00040105818556734896	-0.0017115197208386057	-0.06894958051885891	-0.0025190444321858685	-0.0006238481619285086
0.00107051495813959	0.006515458506679339	-0.03613821230395797	0.00033864878600975423	-0.0023980231159708154	-0.06483056014806432	-0.00283109142997362	0.0002498834318762633
-0.00978872056486324	0.005828955111546463	-0.04106855486899952	0.00021382998689456478	-0.004083076904022986	-0.046045330881260504	-0.002394225633070679	-0.0005614387623709138
-0.006855478785661173	0.005704136312431274	-0.039633138679177504	-0.0055902441719515306	-0.005830540091632974	-0.05347204942860162	-0.004328917019353229	0.0002498834318762633
-0.005981747191856401	0.005641726912873679	-0.03270569532829626	-0.005403015973278968	-0.005830540091632974	-0.052723136633911816	-0.004391326418910824	-0.0005614387623709138
-0.011910640149817464	0.005891364511103614	-0.027650533964139967	-0.0024073647945197507	-0.005144036696500098	-0.04080294131843165	-0.0037672324233355425	0.000312292831433858
-0.008415713774598377	0.005454498714201783	-0.019350083822993858	-0.0037179621852270195	-0.005206446096057693	-0.033188994572417974	-0.0031431384277607055	-0.00037421056369812966
-0.00797884797769588	0.005329679915086594	-0.01154890887830784	-0.0024697741940773454	-0.003958258104908019	-0.02245457784853011	-0.002394225633070679	0.0004995210301061981
-0.007604391580351644	0.0049552235177416915	-0.003747733933621822	-0.003031458790095032	-0.003521392308005744	-0.017024960087028473	-0.002394225633070679	-0.0006862575614861033
-0.007229935183005853	0.0051424517164140315	0.00018405823850020653	-0.0017832707989451357	-0.002522841915085783	-0.0081628253498649	-0.0009588094432482208	6.265523320392319e-05
-0.00498319679893644	0.004830404718626502	0.0010577898323052004	-0.0020953177967326653	-0.002710070113758567	0.001822678579333159	-0.0005843530459035406	-0.0006238481619285086
-0.001425861024159536	0.005080042316856215	0.0016194744283222207	-0.0034683245869975288	-0.0017115197208386057	0.0035701417669427027	0.00016455974878604174	0.00018747403231866855
-0.004483921602476348	0.004580767120396123	0.0006209240354020373	-0.0020329083971750705	-0.0023356137164132207	0.0003248529899531061	-0.0001474872490014878	-0.000748666961043476
-0.0026116396157520594	0.004580767120396123	-0.0029364117393742006	-0.0011591768033702987	-0.0008377881270336118	-0.0058536775662381135	3.974094967085229e-05	0.0001250646327615179
-0.0013010422250443465	0.0045183577208394166	-0.008366029500875838	-0.0005974922073526123	-0.0012746539239361088	-0.011283295327739529	-0.0001474872490014878	-0.0006862575614861033
0.0024435217484044536	0.005267270515528999	-0.012173002873882455	8.901118777937533e-05	-0.0009626069261490233	-0.017274597685258408	0.0017247947377236894	0.000312292831433858
0.005376763527606521	0.005704136312431274	-0.013233962666359789	-0.00016062641045033743	0.00022317166544394418	-0.026573598219324035	0.0029105733293157687	-0.0006862575614861033
0.007623501911675934	0.00626582090844896	-0.014482150657509685	0.002023702574061703	0.0012217220583634614	-0.03031816219277328	0.0035346673248903837	0.0002498834318762633
0.007748320710791345	0.0064530491071213	-0.01573033864865958	0.0023357495718490107	0.0015961784557083636	-0.029506839998526102	0.0035970767244479784	-0.00037421056369812966
0.009495783898400445	0.006952324303580948	-0.014482150657509685	0.0030222529669814424	0.002594728848628325	-0.027197692214899316	0.004970083514712842	0.0006243398292213875
0.008996508701940353	0.006141002109333771	-0.01154890887830784	0.0018988837749465137	0.0022826818508405733	-0.026074323022864387	0.004533217717810567	-0.00018698236502623367
0.005376763527606521	0.005641726912873679	-0.009801445690698074	0.0015868367771594283	0.0013465408574782067	-0.017524235283488343	0.0032226203271032983	0.0002498834318762633
0.0020066559515019566	0.005454498714201783	-0.007679526105743184	0.0006506957837970617	-8.88753323438074e-05	-0.007663550153404808	0.0032226203271032983	-0.0003118011641414231
0.0029427969448645452	0.005392089314644188	-0.005994472317691013	-0.00041026400868027224	-0.00021369413145855276	-0.0033573015839383213	0.003097801527988109	0.0005619304296637928
0.00044642096256475305	0.0045183577208394166	-0.005307968922558581	-0.0016584519998301683	-0.0015242915221660436	-0.005167174171105682	0.001163110141706003	-0.0004366199632561685
0.0010081055585819954	0.004830404718626502	-0.004059780931409129	-0.0003478546091231216	-0.00046333172968893166	-0.005042355371990714	0.0014751571394937546	0.0005619304296637928
-0.0004897200307971694	0.004580767120396123	-0.005807244119018673	0.00040105818556734896	-0.0006505599283617158	-0.006789818559600036	0.0011007007421488524	-0.00018698236502623367
0.0012577431568119302	0.004580767120396123	-0.007367479107956321	0.0005258769846818723	3.5943466771160004e-05	-0.00947342274057239	0.001163110141706003	0.0004995210301061981
0.00044642096256475305	0.0040814919239364755	-0.008178801302203054	-0.0005350828077950176	-0.0008377881270336118	-0.012469073919332052	0.00010215034922933519	-0.0004990293628133191
7.196456522007288e-05	0.004455948321281822	-0.007866754304415968	0.00015142058733697006	-0.00046333172968893166	-0.012032208122429111	0.0002893785479012312	0.00037470223099100863
-0.0007393576290275483	0.0038942637252641354	-0.009863855090255447	-0.0007223110064673577	-0.0009626069261490233	-0.012781120917119582	-0.0001474872490014878	-0.00037421056369812966
0.0016946089537148712	0.004393538921724227	-0.009988673889370636	-0.00022303581000748807	-0.00015128473190162417	-0.012905939716234105	0.0006014255456889828	0.0006243398292213875
0.00025919276389241297	0.004019082524379325	-0.010051083288927787	-0.00047267340823786697	-0.0007753787274760171	-0.012219436321101673	3.974094967085229e-05	-0.00012457296546908303
9.55516566292225e-06	0.0034573979283616385	-0.009177351695123015	-3.580761133492594e-05	-0.0005881505288041211	-0.012656302118003948	-8.507784944344898e-05	0.00037470223099100863
-0.00017767303300986192	0.0028333039327870235	-0.0078043449048583735	-0.0003478546091231216	-0.0006505599283617158	-0.013217986714021634	-0.00027230604811623316	-0.0005614387623709138
0.0003216021634500077	0.002958122731902213	-0.007554707306628217	-3.580761133492594e-05	-0.0005881505288041211	-0.011345704727296901	0.00022696914834363646	0.0002498834318762633
-0.0008641764281422937	0.002521256934999272	-0.007305069708398726	-0.0009095392051401419	-0.001212244524378514	-0.00947342274057239	0.00016455974878604174	-0.0004990293628133191
-0.00036490123168286814	0.0030829415310165142	-0.006930613311053824	-0.0007847204060253965	-0.0009626069261490233	-0.008662100546324769	0.0006014255456889828	0.000312292831433858
-0.0013634516246023853	0.0022716193367697812	-0.007367479107956321	-0.0012215862029274493	-0.0015242915221660436	-0.009910288537474443	3.974094967085229e-05	-0.0006238481619285086
-0.0001152636334522672	0.002708485133672056	-0.007367479107956321	-0.0008471298055825471	-0.0008377881270336118	-0.012157026921544523	0.00041419734701597655	0.000312292831433858
-0.0006145388299123589	0.002146800537654814	-0.008241210701761092	-0.0007847204060253965	-0.0013370633234937035	-0.014778221702958838	-2.2668449886298347e-05	-0.0004990293628133191
-0.00024008243256745665	0.002334028736327376	-0.008865304697335485	-0.00047267340823786697	-0.0007753787274760171	-0.018023510479948435	-8.507784944344898e-05	0.000312292831433858
-0.004546331002033943	0.0015227065420793107	-0.011299271280077683	-0.0016584519998301683	-0.0022107949172984753	-0.021518436855167522	-0.0024566350326282738	-0.0004990293628133191
-0.007042706984333957	0.0012106595442922252	-0.012921915668572481	-0.0020953177967326653	-0.002710070113758567	-0.021830483852955274	-0.004079279421122628	0.00037470223099100863
-0.006917888185218768	0.000836203146947323	-0.01192336527565252	-0.002719411792307058	-0.0032717547097758093	-0.021518436855167522	-0.004703373416697909	-0.0005614387623709138
-0.007604391580351644	0.0012106595442922252	-0.010487949085830506	-0.001970498997617476	-0.0025852513146433775	-0.018585195075965677	-0.00426650761979519	0.0006243398292213875
-0.009476673567075489	0.0008986125465049177	-0.009364579893795577	-0.002594592993192535	-0.0036462111071204895	-0.01328039611357923	-0.004953011014927844	-0.0002493917645838284
-0.007854029178581134	0.0010858407451768137	-0.007305069708398726	-0.00253218359363494	-0.003146935910660842	-0.00959824153968758	-0.004141688820680667	0.00037470223099100863
-0.0067930693861035785	0.0008986125465049177	-0.005307968922558581	-0.0029066399909798424	-0.003146935910660842	-0.007850778352077592	-0.003642413624220353	-0.0005614387623709138
