Sensor_1	Sensor_2	Sensor_3	Sensor_4	Sensor_5	Sensor_6	Sensor_7	Sensor_8
0.004192732112611397	0.00042514219119560437	0.0015856512169074577	0.0010626074006254704	0.0009605617914090203	-0.002110623483634999	0.001761854795147455	-0.0006611589379716953
0.0047544167086295275	0.0006123703898683885	0.001523241817349863	0.001374654398413222	0.0013974275883115173	-0.001923395284962215	0.002011492393377834	0.0002125726558330765
0.0010722621347369898	0.00011309519340829688	-9.940257114493534e-05	0.0002512852063782933	-3.798860151049688e-05	-0.003171583276111889	0.00020161980621047348	-0.0006611589379716953
0.0009474433356222445	0.00011309519340829688	-0.0005362683680474323	0.0002512852063782933	0.0002740583962761445	-0.0030467644769966995	0.00026402920576784616	0.00015016325627548177
-0.00011351645685486744	-0.00044858940260916746	-0.0009731341649499292	-0.00043521818875369433	-0.0004124449988560652	-0.00398290547035951	-0.0004224741893645856	-0.0009107965362016301
0.0010098527351798392	0.00017550459296566956	-0.0006610871671621776	0.000313694605935666	0.0003364677958341833	-0.003421220874342268	0.00020161980621047348	0.0002125726558330765
-0.00030074465552720753	-0.000323770603493978	-0.001222771763179864	-0.000310399389639171	-0.0004748543984129938	-0.003920496070801471	-0.0005472929884793309	-0.0006611589379716953
0.00044816813916237486	0.00011309519340829688	-0.0008483153658347398	0.0002512852063782933	0.00021164899671899384	-0.003608449073014164	1.43916075381334e-05	0.00033739145494826595
-0.00036315405508480225	-0.00013654240482163793	-0.001222771763179864	-0.00012317119096683093	-0.00035003559929824846	-0.003920496070801471	-0.0004848835889217362	-0.00047393073929935525
0.000822624536507055	0.0003003233920804149	-0.0009107247653925565	0.000313694605935666	0.0003364677958341833	-0.0041077242694742555	7.680100709572812e-05	0.0004622102540630113
-0.0008000198519872992	-0.0002613612039363833	-0.001659637560082139	-0.0003728087891965437	-0.000662082597085778	-0.004856637064163838	-0.0009217493858242332	-0.00053634013885695
1.1302342259877918e-05	-7.41330052644873e-05	-0.0017220469596395116	1.6476081483585148e-06	-0.00022521680018328105	-0.005106274662393773	-0.0006097023880369257	0.0002125726558330765
-0.00048797285419976966	-1.1723605707114615e-05	-0.0017220469596395116	-0.00018558059052442566	-0.0004748543984129938	-0.005480731059739119	-0.0007969305867090437	-0.00053634013885695
-0.000612791653314515	-0.0006358176012815075	-0.0025333691538866887	-0.0004976275883117331	-0.0007869013962005234	-0.006479281452658636	-0.0012337963836113186	-3.7064942396858314e-05
-0.0011120668497748287	-0.00038618000305157274	-0.002470959754329538	-0.0006224463874264785	-0.0009117201953161569	-0.0070409660486758785	-0.00135861518272673	-0.0005987495384136565
-0.00017592585641201808	-1.1723605707114615e-05	-0.0024085503547719433	1.6476081483585148e-06	-0.0004124449988560652	-0.007228194247348663	-0.0009217493858242332	0.00033739145494826595
-0.0008000198519872992	-0.0002613612039363833	-0.0027830067521170676	-0.00043521818875369433	-0.0009117201953161569	-0.008663610437171121	-0.00135861518272673	-0.00053634013885695
1.1302342259877918e-05	0.00011309519340829688	-0.0030326443503465583	-0.00018558059052442566	-0.0004748543984129938	-0.009849389028763422	-0.0011713869840537239	0.00039980085450586067
-0.0014241138475625803	-0.0005109988021667622	-0.004218422941939526	-0.0006848557869840732	-0.001473404791332955	-0.011409624017700182	-0.0021075279774165345	-0.0007859777370864407
-0.000612791653314515	-0.00013654240482163793	-0.004592879339283762	-0.0004976275883117331	-0.0011613577935454256	-0.013656362401770261	-0.001982709178301345	0.00015016325627548177
-0.0027971206378269997	-0.0002613612039363833	-0.006277933127336599	-0.0010593121843287534	-0.0019726799877930468	-0.01683924177920182	-0.0031684877698938685	-0.0003491119401846099
-0.007789872602426584	-0.000947864599068815	-0.01052177229724549	-0.0021202719768065315	-0.003844961974517336	-0.021083080949111155	-0.005852091950865779	0.00033739145494826595
-0.009724563988707802	-0.0013223209964139393	-0.01333019527733259	-0.003680506965743735	-0.005217968764782199	-0.02863461829556746	-0.00791160213626263	-0.00047393073929935525
-0.0076650538033109505	-0.0013223209964139393	-0.015202477264057102	-0.0035556881666285456	-0.004843512367437297	-0.036248565041580694	-0.008348467933165349	0.0002125726558330765
-0.008226738399328415	-0.0016343679942016909	-0.01769885324635667	-0.0039925539635308205	-0.0055924251621273235	-0.045984431372548595	-0.009971112321660147	-0.0005987495384136565
-0.006354456412603238	-0.0012599115968563446	-0.019758363431753745	-0.002994003570610859	-0.004593874769207362	-0.05029067994201597	-0.009534246524757872	0.0002125726558330765
-0.005730362417028845	-0.0012599115968563446	-0.021068960822461014	-0.0025571377737088063	-0.0045314653696497675	-0.05153886793316542	-0.009284608926527493	-0.00028670254062701517
-0.004170127428091197	-0.000947864599068815	-0.020694504425116333	-0.001995453177691342	-0.003969780773632969	-0.049916223544670624	-0.008473286732280538	0.00015016325627548177
-0.0038580804303041116	-0.000947864599068815	-0.020070410429541274	-0.0020578625772489367	-0.003969780773632969	-0.042052639200427455	-0.007349917540245832	-0.0006611589379716953
-0.0041077180285344905	-0.0005109988021667622	-0.0200080010299839	-0.002245090775921277	-0.004593874769207362	-0.038932169222552604	-0.007786783337148329	2.534445716073641e-05
-0.004357355626763759	-0.0006982270008395464	-0.023752565003433146	-0.00430460096131835	-0.004469055970092173	-0.04398733058670912	-0.00791160213626263	-0.0007859777370864407
0.0014467185320823361	-0.0002613612039363833	-0.019758363431753745	-0.0038053257648580363	-0.003408096177615283	-0.055221022507057294	-0.0071626893415730475	0.0002125726558330765
0.000822624536507055	-0.000760636400396475	-0.0200080010299839	-0.0013089497825589103	-0.0032208679789424988	-0.052412599526970194	-0.006913051743343113	-0.0009107965362016301
1.1302342259877918e-05	-7.41330052644873e-05	-0.01782367204547164	0.0001888758068211427	-0.0024095457846957657	-0.047295028763255864	-0.005540044953078249	0.00015016325627548177
0.004629597909513894	0.0003003233920804149	-0.01570175246051697	-0.0008096745860988186	-0.000662082597085778	-0.041303726405736985	-0.003230897169451463	-0.000723568337528846
0.005877785900664234	0.000924417387655696	-0.012581282482642564	0.001561882597085562	0.00021164899671899384	-0.03181749767299902	-0.0019202997787441944	0.0002125726558330765
0.006439470496681476	0.000924417387655696	-0.01102104749370536	-0.001371359182116505	-0.0007869013962005234	-0.03163026947432668	-0.002419574975204286	-0.00047393073929935525
0.006065014099336796	0.0012988737850003762	-0.010209725299458183	0.00012646640726354796	8.68301976038044e-05	-0.02301777233539304	-0.0012337963836113186	0.0004622102540630113
0.007001155092698719	0.0011740549858856308	-0.007962986915388548	6.405700770595324e-05	2.4420798047097847e-05	-0.022456087739375796	-0.0009841587853818279	-0.00041152133974176053
0.008873437079423008	0.001111645586327592	-0.007401302319371084	0.00043851340505085545	0.0013974275883115173	-0.026450289311054975	-0.0009841587853818279	0.00033739145494826595
0.000635396337835159	0.0005499609903107938	-0.007838168116273359	0.001374654398413222	-0.0007244919966433727	-0.022892953536278293	-0.002232346776531502	-0.0005987495384136565
0.004067913313496652	0.0006747797894250951	-0.007463711718928678	0.0002512852063782933	8.68301976038044e-05	-0.016152738384069387	-0.0007969305867090437	0.0002125726558330765
0.001259490333409552	0.00017550459296566956	-0.00833744331273345	-0.0012465403830013155	-0.0016606329900052952	-0.020396577553979167	-0.002419574975204286	-0.0005987495384136565
0.0008850339360646498	-1.1723605707114615e-05	-0.007775758716715764	-0.0016209967803464398	-0.0016606329900052952	-0.016652013580529035	-0.002669212573433777	0.00015016325627548177
-0.002297845441367352	-0.000323770603493978	-0.007962986915388548	-0.0011841309834439429	-0.002284726985580132	-0.015466234988936955	-0.003106078370336718	-0.0008483871366440354
0.0011970809338526234	0.00017550459296566956	-0.007276483520256338	-0.00012317119096683093	-0.00035003559929824846	-0.016027919584954198	-0.002232346776531502	0.0002749820553906712
0.000822624536507055	-0.0002613612039363833	-0.007026845922026181	-0.0003728087891965437	-0.0007244919966433727	-0.016402375982299544	-0.002856440772106117	-0.0005987495384136565
-0.0009872480506596393	-7.41330052644873e-05	-0.007276483520256338	-0.00018558059052442566	-0.0009741295948728634	-0.012033718013275463	-0.002606803173876626	0.00015016325627548177
-0.0013617044480049856	-0.00019895180437967674	-0.00634034252689375	-0.000934493385213564	-0.001473404791332955	-0.010785530022125567	-0.0027940313725489663	-0.00053634013885695
0.00044816813916237486	5.0685793850702154e-05	-0.00565383913176154	-0.0008720839856564133	-0.0008493107957585622	-0.0095997514305326	-0.0017330715800714103	0.00033739145494826595
-0.0016113420462344763	-0.00038618000305157274	-0.006902027122910992	-0.0014337685816736556	-0.002097498786908236	-0.006791328450446166	-0.0022947561760890967	-0.0008483871366440354
-0.000425563454642397	0.00017550459296566956	-0.0059658861295490695	-0.0010593121843287534	-0.0013485859922177657	-0.00816433524071103	-0.001795480979629005	0.0002749820553906712
-0.0008624292515448939	-0.00019895180437967674	-0.00615311432822141	-0.0006224463874264785	-0.0009741295948728634	-0.010099026626993135	-0.002169937376973907	-0.0005987495384136565
1.1302342259877918e-05	-1.1723605707114615e-05	-0.006402751926451122	-0.00012317119096683093	-0.0004124449988560652	-0.010660711223010155	-0.0022947561760890967	0.00015016325627548177
-0.0011120668497748287	-0.000323770603493978	-0.006902027122910992	-0.0008096745860988186	-0.0009741295948728634	-0.009474932631418298	-0.002606803173876626	-0.000723568337528846
-0.000612791653314515	5.0685793850702154e-05	-0.0065899801251239065	-0.000310399389639171	-0.0007869013962005234	-0.00573036865796861	-0.002232346776531502	0.00015016325627548177
-0.0011120668497748287	-0.0002613612039363833	-0.006714798924238208	-0.0011841309834439429	-0.0014109953917758045	-0.005543140459296714	-0.0027316219729913715	-0.000723568337528846
-0.0015489326466773257	-0.00019895180437967674	-0.007463711718928678	-0.001371359182116505	-0.001473404791332955	-0.005605549858853864	-0.002606803173876626	-3.7064942396858314e-05
-0.0011744762493322014	-0.0006358176012815075	-0.007838168116273359	-0.0016834061799040345	-0.001910270588235674	-0.007228194247348663	-0.0029188501716641557	-0.0009107965362016301
1.1302342259877918e-05	-0.00019895180437967674	-0.007526121118486273	-0.0008096745860988186	-0.0008493107957585622	-0.008351563439383813	-0.002419574975204286	-3.7064942396858314e-05
