Sensor_1	Sensor_2	Sensor_3	Sensor_4	Sensor_5	Sensor_6	Sensor_7	Sensor_8
0.007277990707255322	0.0011423603723201836	0.0034052721522845886	0.0020710777676054004	0.002120477927825215	0.0005512934309908069	0.003651414824139776	-0.0006365571526665281
0.004719205325398379	8.14005798430717e-05	0.0014081713664455542	0.0009477085755702497	0.001059518135347659	-0.0008217133592740566	0.0020287704356454217	-0.0002621007553216259
0.004344748928053699	0.00039344757763060123	0.0017202183642326396	0.0010101179751280664	0.0009971087357902864	-0.0006344851606010504	0.0020287704356454217	-0.0006989665522241229
0.00322137973601877	0.00039344757763060123	0.0009088961699854625	0.000885299176012877	0.0009971087357902864	-0.000946532158388802	0.001529495239185108	0.00011235564202349835
0.00028813795681714716	-0.0004178746166165759	-0.000464110620279401	-0.00023807001602182964	-0.00025107925535916564	-0.0020699013504235086	-3.0739749751873546e-05	-0.0008861947508964629
0.0009122319523919842	-0.00010582761882949043	-0.0005889294193941463	7.397698176547784e-05	0.00018578654154266516	-0.001570626153963639	0.00028130724803587803	-1.2463157091691102e-05
0.0002257285572593304	-0.00035546521705986933	-0.0005889294193941463	-0.00048770761425132036	-0.00031348865491676037	-0.003006042343785875	-0.0003427867475394031	-0.0008861947508964629
0.0006625943541616053	-0.0002930558175018305	-0.0007761576180669305	1.1567582208105165e-05	-6.385105668726965e-05	-0.0025067671473264497	-9.314914930946827e-05	-7.487255664928583e-05
-8.63184405279771e-05	-0.0002930558175018305	-0.0009009764171816759	-0.00017566061646423492	-0.00031348865491676037	-0.0025067671473264497	-0.0003427867475394031	-0.0007613759517817176
0.0006001849546040106	1.8991180285476972e-05	-0.0007761576180669305	1.1567582208105165e-05	6.096774242747571e-05	-0.002631585946441195	3.1669649805499134e-05	0.00017476504158109307
-0.0003359560387579119	-0.0004178746166165759	-0.0010257952162968653	-0.00023807001602182964	-0.0005007168535893225	-0.0028812235446706858	-0.0005924243457688938	-0.0006989665522241229
0.0005377755550464158	1.8991180285476972e-05	-0.0008385670176245252	-5.084181734904547e-05	6.096774242747571e-05	-0.003006042343785875	-0.00021796794842421363	0.0002371744411382437
-0.0007728218356608529	-0.0004802840161741706	-0.0012754328145270222	-0.0005501170138093592	-0.0006879450522616626	-0.003505317540245967	-0.000779652544441678	-0.0007613759517817176
0.00028813795681714716	1.8991180285476972e-05	-0.0010257952162968653	7.397698176547784e-05	-1.4416571296749225e-06	-0.0031308611429008426	-0.00021796794842421363	0.0002371744411382437
-0.0010224594338903437	-0.0005426934157317653	-0.001525070412756957	-0.0006125264133667319	-0.000812763851376852	-0.003692545738918751	-0.0009044713435566454	-0.0007613759517817176
-0.00021113723964316655	-0.0001682370183873072	-0.0012754328145270222	-0.00017566061646423492	-0.00025107925535916564	-0.0035677269398031175	-0.0005300149462117432	0.00017476504158109307
-0.0010224594338903437	-0.0005426934157317653	-0.001712298611428853	-0.0006749358129238825	-0.0008751732509344468	-0.004379049134050739	-0.0010916995422289855	-0.0007613759517817176
-0.0007728218356608529	-0.00035546521705986933	-0.0020867550087741993	-0.00017566061646423492	-0.0007503544518192573	-0.0036301363393611563	-0.0006548337453269326	-1.2463157091691102e-05
-0.0010848688334479384	-0.00060510281528936	-0.0027108490043490363	-0.0011742110093837521	-0.0013120390478367217	-0.00718747211413806	-0.0013413371404593644	-0.0008861947508964629
0.0004753661554897093	-0.0004178746166165759	-0.0026484396047914416	-0.0006749358129238825	-0.0005631262531469172	-0.010120713893339461	-0.0012789277409017696	-1.2463157091691102e-05
-0.0011472782330055331	-0.0007299216144041054	-0.003584580598153808	-0.0004252982146946138	-0.001062401449607231	-0.01024553269245465	-0.001840612336919456	-0.0009486041504536136
-0.0020834192263674556	-0.000854740413519739	-0.005269634386205757	-0.000799754612039516	-0.0014368578469521331	-0.010432760891126769	-0.0021526593347065415	-0.00038691955443637127
-0.007700265186541655	-0.0015412438086517266	-0.008702151361868138	-0.002484808400091465	-0.003933233829251703	-0.012617089875639254	-0.004773854116120635	-0.0011358323491263977
-0.009073271976806296	-0.0017284720073242887	-0.010948889745937551	-0.0036081775921261716	-0.004619737224384135	-0.02004380842298037	-0.006521317303731067	-0.0001996913557640312
-0.010695916365301095	-0.001853290806439034	-0.013694903326466834	-0.0038578151903563285	-0.005743106416418398	-0.024974150988021915	-0.007769505294880075	-0.0008861947508964629
-0.010945553963530807	-0.0017908814068818835	-0.01694019210345643	-0.004107452788586707	-0.006429609811550829	-0.036020614709697085	-0.009267330884259684	-0.00013728195620643646
-0.010071822369726258	-0.001853290806439034	-0.020684756076905675	-0.00523082198062097	-0.006991294407568072	-0.052496696192874115	-0.010640337674524991	-0.0008861947508964629
-0.006514486594949576	-0.0019157002059966288	-0.023992454253452644	-0.004856365583275846	-0.006367200411993679	-0.07047060326543098	-0.011763706866559698	-0.00038691955443637127
-0.003955701213091967	-0.001666062607766916	-0.025802326840619783	-0.003732996391240917	-0.005306240619516345	-0.08089297299153153	-0.011576478667887358	-0.0008861947508964629
-0.004330157610437535	-0.0011667874113070464	-0.028985206218051562	-0.0016110768062866931	-0.004682146623940842	-0.07951996620126645	-0.010765156473639736	-1.2463157091691102e-05
-0.0003359560387579119	-0.00060510281528936	-0.028985206218051562	-0.0017983050049590332	-0.003746005630578919	-0.07627467742427707	-0.008580827489127696	-0.0006365571526665281
0.00041295675593211456	-0.0004802840161741706	-0.027674608827344294	-0.0019855332036313733	-0.0038708244296936645	-0.07427757663843759	-0.008830465087357853	0.00011235564202349835
-0.0007728218356608529	-0.0006675122148469548	-0.025802326840619783	-0.0019231238040742227	-0.0033091398336768663	-0.06510339490348671	-0.007644686495765329	-0.0008861947508964629
-0.0006480030365454414	-0.0006675122148469548	-0.02293149446097531	-0.0013614392080565363	-0.0030595022354464874	-0.05723981055924332	-0.006770954901960113	-0.00013728195620643646
-0.0010848688334479384	-0.0007299216144041054	-0.02012307148088821	-0.0017358956054018826	-0.0029970928358888926	-0.04519479644464752	-0.005210719913023354	-0.0010110135500112083
0.0009122319523919842	-0.00010582761882949043	-0.013195628130006964	-0.0004252982146946138	-0.0018113142442968133	-0.03196400373846031	-0.0019030217364761626	-0.0002621007553216259
0.006029802716105648	0.00014380997940022233	-0.006829869375143405	-0.0010493922102690068	-0.001062401449607231	-0.02341391599908471	0.00028130724803587803	-0.001073422949568803
0.0030965609369035807	0.00039344757763060123	-0.003646989997711403	0.0007604803768976875	-0.0011872202487215322	-0.009683848096437186	0.0011550388418406499	-0.00032451015487877655
0.0037830643320360124	0.0005182663767449025	-0.0028356678034642258	-0.0012990298084989416	-0.0011248108491648257	-0.007998794308384793	0.0014046764400705847	-0.0009486041504536136
0.008151722301060538	0.0008927227740902488	0.0005344397726403383	-0.0005501170138093592	0.00012337714198551453	-0.013116365072098679	0.0020287704356454217	-1.2463157091691102e-05
0.006965943709468014	0.00039344757763060123	-0.0006513388189517411	0.00013638638132307257	0.00012337714198551453	-0.015487922255283504	0.0007181730449381529	-0.001073422949568803
0.004531977126726483	0.00045585697718819596	-0.0033349429999236513	0.0007604803768976875	0.0005602429388880115	-0.01617442565041549	-0.00028037734798180836	-0.00013728195620643646
0.002597285740444155	0.000643085175860314	-0.006268184779125718	0.0005732521782253475	-0.00031348865491676037	-0.015363103456168314	-0.0007172431448840833	-0.0006365571526665281
0.001785963546196534	8.14005798430717e-05	-0.011198527344167486	-0.0006749358129238825	-0.0009375826504920415	-0.020792721217670396	-0.0020902499351489467	-1.2463157091691102e-05
-0.0008352312352175595	-0.00010582761882949043	-0.015379957114519227	-0.001860714404516628	-0.002310589440756905	-0.024350056992446856	-0.0038377131227589345	-0.0007613759517817176
0.00028813795681714716	1.8991180285476972e-05	-0.017252239101243738	-0.0017358956054018826	-0.002060951842526526	-0.0289059431601435	-0.004212169520103393	4.994624246590362e-05
0.0007250037537192	-0.0002930558175018305	-0.018874883489738314	-0.000799754612039516	-0.0016864954451816239	-0.03427315152208754	-0.004212169520103393	-0.0006989665522241229
0.0012866883497368864	0.00020621937895781706	-0.01974861508354331	0.0004484333791106021	-0.0008751732509344468	-0.033337010528725175	-0.003338437926299065	0.0002371744411382437
-0.0002735466392007613	-0.0005426934157317653	-0.0202478902800034	-0.0011118016098266015	-0.002060951842526526	-0.031152681544213134	-0.004399397718776177	-0.0009486041504536136
-0.00014872784008557183	-0.00035546521705986933	-0.018063561295491137	-0.00030047941557942437	-0.0013120390478367217	-0.02990449355306346	-0.004149760120545798	-7.487255664928583e-05
-0.0007104124361028141	-0.00035546521705986933	-0.01681537330434124	-0.000986982810711412	-0.001873723643853964	-0.02453728519111964	-0.003962531921873458	-0.0006989665522241229
-0.00021113723964316655	1.8991180285476972e-05	-0.014568634920271828	-0.0016110768062866931	-0.0019985424429691534	-0.017547432440680355	-0.0031512097276265028	0.00029958384069583843
-0.00158414402990803	-0.00035546521705986933	-0.013570084527352089	-0.0021727614023039354	-0.002497817639428801	-0.013428412069886653	-0.0034632567254138102	-0.0006989665522241229
-0.0017713722285803701	-0.0001682370183873072	-0.013133218730449814	-0.0017358956054018826	-0.002060951842526526	-0.01118167368581724	-0.003338437926299065	0.00011235564202349835
-0.0020834192263674556	-0.0004178746166165759	-0.012384305935759565	-0.0019855332036313733	-0.0023729988403140556	-0.01005830449378231	-0.003712894323643301	-0.0007613759517817176
-0.0015217346303504353	1.8991180285476972e-05	-0.011136117944609891	-0.000986982810711412	-0.001873723643853964	-0.00930939169909184	-0.0030263909285113133	0.00036199324025343316
-0.0007728218356608529	-0.00023064641794467988	-0.012571534134432127	-0.001860714404516628	-0.0021857706416417155	-0.017485023041123204	-0.004024941321431275	-0.0005117383535517828
-0.00039836543831506255	-0.0002930558175018305	-0.013819722125582024	-0.0007373452124819213	-0.0016864954451816239	-0.01867080163271506	-0.0037753037232008957	0.00011235564202349835
-0.0007728218356608529	-0.00023064641794467988	-0.014631044319829423	-0.0007373452124819213	-0.0021857706416417155	-0.020855130617227546	-0.004212169520103393	-0.0005741477531093775
0.00041295675593211456	-0.0001682370183873072	-0.0154423665140766	-0.0005501170138093592	-0.0013120390478367217	-0.017984298237583074	-0.004024941321431275	0.00017476504158109307
-0.0008352312352175595	-0.0004178746166165759	-0.014568634920271828	-0.0006749358129238825	-0.0019361330434120028	-0.019107667429618003	-0.004836263515678674	-0.0006989665522241229
-0.0010848688334479384	-0.0004802840161741706	-0.013882131525139396	-0.0012990298084989416	-0.0016864954451816239	-0.017921888838025923	-0.005460357511253289	-7.487255664928583e-05
-0.006264848996719641	-0.0017284720073242887	-0.014818272518501763	-0.0027344459983209557	-0.0036211868314639517	-0.017422613641566054	-0.007644686495765329	-0.0011358323491263977
-0.008074721583886335	-0.0016036532082088772	-0.013882131525139396	-0.0030464929961089293	-0.0040580526283660046	-0.013303593270771463	-0.008206371091783016	-0.00013728195620643646
-0.009073271976806296	-0.0017284720073242887	-0.01244671533531716	-0.003545768192569021	-0.0044949184252687235	-0.005440008926527851	-0.008143961692224977	-0.0007613759517817176
-0.008823634378576362	-0.001666062607766916	-0.01157298374151261	-0.0037954057907987337	-0.004120462027923599	-0.0091221635004195	-0.007707095895322924	-7.487255664928583e-05
-0.009447728374151199	-0.002102928404668525	-0.010636842748150244	-0.004107452788586707	-0.004994193621728815	-0.00862288830395963	-0.007707095895322924	-0.001073422949568803
-0.00813713098344393	-0.0016036532082088772	-0.009950339353017812	-0.003296130594338642	-0.003933233829251703	-0.0069378345159074595	-0.006521317303731067	-0.00013728195620643646
-0.007575446387426243	-0.0017908814068818835	-0.011510574341955015	-0.003545768192569021	-0.0044949184252687235	-0.010120713893339461	-0.006583726703288217	-0.0010110135500112083
-0.0042053388113223455	-0.0012291968108646412	-0.010948889745937551	-0.003108902395666524	-0.0032467304341188274	-0.013428412069886653	-0.006022042107270975	-0.0001996913557640312
-0.0021458286259250503	-0.0011043780117490076	-0.010324795750362492	-0.00223517080186153	-0.002497817639428801	-0.015612741054398693	-0.005709995109483446	-0.0009486041504536136
-0.0008352312352175595	-0.0004802840161741706	-0.010199976951247525	-0.0005501170138093592	-0.001249629648279127	-0.015987197451743596	-0.004773854116120635	4.994624246590362e-05
-0.0015217346303504353	-0.0011043780117490076	-0.01157298374151261	-0.0012990298084989416	-0.0019361330434120028	-0.017172976043335453	-0.005772404509040596	-0.0011358323491263977
-0.00039836543831506255	-0.0007299216144041054	-0.010636842748150244	-0.0010493922102690068	-0.0011248108491648257	-0.014863828259708667	-0.005647585709925851	-0.00013728195620643646
0.0014115071488520758	-0.0005426934157317653	-0.008639741962310099	-0.0007373452124819213	-0.0009375826504920415	-0.017609841840238394	-0.004773854116120635	-0.0007613759517817176
0.0029717421377892794	-0.0001682370183873072	-0.005706500183108476	0.00026120518043781793	-0.0004383074540319498	-0.012991546272983934	-0.0032136191271838754	-0.0002621007553216259
0.005842574517433752	0.000643085175860314	-0.002586030205233625	0.0005108427786681968	0.0006226523384456062	-0.00987107629510997	-0.0010916995422289855	-0.0005741477531093775
0.00709076250858276	0.0011423603723201836	-0.0012754328145270222	0.0011973461738006286	0.0012467463340199991	-0.006875425116350309	0.00015648844892068858	0.00029958384069583843
0.00640425911345055	0.0008303133745326541	0.00015998337529499196	0.0007604803768976875	0.0006850617380027568	-0.0067506063172355635	-0.00021796794842421363	-0.0005741477531093775
0.006778715510795674	0.0011423603723201836	0.0013457619668879595	0.0014469837720301193	0.0015587933318075287	-0.005939284122987498	0.0006557636453805582	0.0002371744411382437
