Sensor_1	Sensor_2	Sensor_3	Sensor_4	Sensor_5	Sensor_6	Sensor_7	Sensor_8
0.0020636666514073365	6.812610055662027e-05	0.001319974402990809	0.00035366470588238386	0.00043735571068892476	-0.0007150276111995701	0.001119958518349451	-0.0005918751430533664
0.0013147538567181982	0.000130535500114215	0.0005086522087436318	0.0004784835049971292	0.0004997651102465195	-0.0010894840085449164	0.0007455021210043267	0.00015703765163666006
0.0001913846646830475	-0.00030633029678828194	-5.303238727361048e-05	-8.320109102033513e-05	-0.0002491476844439511	-0.0016511686045623808	-6.582007324285044e-05	-0.0005918751430533664
0.0011899350576025647	0.00025535429922940445	0.0003214240100710697	0.0004784835049971292	0.0004997651102465195	-0.0012767122072172565	0.0006206833218893593	0.0003442658503092222
0.0002537940642406422	-0.00011910209811549777	-0.0001154417868312052	-2.0791691462740403e-05	-0.00012432888532876163	-0.0017135780041197535	5.899872587189492e-05	-0.0004670563439379549
0.000690659861142473	0.000130535500114215	-0.00024026058594639466	0.00029125530632478913	0.0003125369115737353	-0.0015263498054471913	0.00037104572365898036	0.0004066752498668169
-0.00012066233310470409	-0.00011910209811549777	-0.0004898981841763295	-0.0001456104905777078	-0.0003115570840006576	-0.0019008062027916495	-0.00019063887235826193	-0.0004670563439379549
0.0005658410620277277	6.812610055662027e-05	-0.0004898981841763295	0.0002288459067676385	0.000187718112459212	-0.0016511686045623808	0.00018381752498664028	0.0004066752498668169
-5.8252933547109365e-05	-0.0001815114976730925	-0.0006147169832912969	-8.320109102033513e-05	-0.00018673828488635635	-0.0019632156023496883	-0.00019063887235826193	-0.0004670563439379549
4.15646601048536e-06	-0.00024392089723090926	-0.0010515827801935718	-8.320109102033513e-05	-0.0002491476844439511	-0.0019632156023496883	-0.0003154576714730073	0.00015703765163666006
-0.0006199375295650178	-0.00030633029678828194	-0.0009891733806364211	-0.00027042928969245317	-0.00037396648355825235	-0.002025625001907283	-0.00044027647058819674	-0.0005918751430533664
4.15646601048536e-06	6.812610055662027e-05	-0.0008643545815212317	0.00010402710765200496	4.899137864278202e-07	-0.0015263498054471913	-6.582007324285044e-05	0.0004066752498668169
-0.0007447563286793191	-0.0003687396963454326	-0.0011764015793087612	-0.00045765748836523734	-0.0004987852826734418	-0.0016511686045623808	-0.0005026858701457915	-0.0005918751430533664
-0.00018307173266185472	-0.0004311490959034714	-0.0011764015793087612	-0.0003328386892500479	-0.0002491476844439511	-0.001588759205004786	-0.000377867071030602	-3.0190547035680027e-05
-0.0006823469291217243	-0.0006183772945753674	-0.0011139921797511665	-0.0006448856870371333	-0.0006236040817884092	-0.0017135780041197535	-0.0005026858701457915	-0.0008415127412833012
-5.8252933547109365e-05	-0.00030633029678828194	-0.0009891733806364211	-0.00020801989013485844	-0.00012432888532876163	-0.0013391216067748513	-0.00019063887235826193	0.00021944705119425478
-0.0008071657282369138	-0.0005559678950177727	-0.0011139921797511665	-0.0006448856870371333	-0.0005611946822310365	-0.0016511686045623808	-0.0006275046692609809	-0.0008415127412833012
-0.00012066233310470409	-0.0004311490959034714	-0.0010515827801935718	-0.0003328386892500479	-0.0002491476844439511	-0.0014639404058900407	-0.0003154576714730073	-3.0190547035680027e-05
-0.001992944319828993	-0.0006183772945753674	-0.0016132673762112582	-0.0007697044861525448	-0.0009980604791335335	-0.0019008062027916495	-0.0011891892652777791	-0.0007166939421685559
-0.0059247364919510215	-0.0012424712901506485	-0.004172052758068423	-0.001955483077744846	-0.00212142967116824	-0.003710678789959232	-0.0031862900511177017	-3.0190547035680027e-05
-0.008608340672922932	-0.0016793370870524793	-0.005420240749217653	-0.0027668052719924674	-0.0031199800640879793	-0.004896457381551755	-0.004559296841382565	-0.0006542845426109611
-0.007921837277790722	-0.0016793370870524793	-0.005607468947890437	-0.002641986472877278	-0.0028703424658578225	-0.00495886678110935	-0.00462170624094016	-0.00015500934615086948
-0.008982797070267834	-0.0018665652857254855	-0.005981925345235339	-0.0029540334706648075	-0.003432027061875953	-0.005395732578011625	-0.0051209814373998075	-0.0007791033417257065
-0.0077970184786753105	-0.0016169276874953287	-0.005669878347448032	-0.0025171676737625326	-0.002807933066300672	-0.005021276180666945	-0.0044968874418249705	-3.0190547035680027e-05
-0.007484971480888225	-0.0018041558861678908	-0.005420240749217653	-0.0027043958724348727	-0.002995161264973012	-0.005208504379338841	-0.004559296841382565	-0.0008415127412833012
-0.0054878706950485245	-0.0012424712901506485	-0.00460891855497092	-0.0018930736781876956	-0.00212142967116824	-0.004334772785534513	-0.003373518249790264	3.22188525219147e-05
-0.004614139101243753	-0.0012424712901506485	-0.0037975963607232988	-0.0018306642786296567	-0.0020590202716110895	-0.003960316388189167	-0.0030614712520025122	-0.0007791033417257065
-0.0019305349202718425	-0.0009928336919202696	-0.0027366365682455207	-0.0010817514839400744	-0.0011852886778063176	-0.0031489941939419896	-0.0018132832608530602	-0.00015500934615086948
-0.0017433067215995024	-0.0010552430914778643	-0.0023621801709008405	-0.0012689796826124145	-0.0013725168764782136	-0.003273812993056957	-0.001626055062180054	-0.0010287409399556413
-0.0008071657282369138	-0.000930424292363341	-0.0019877237735563824	-0.0008321138857096955	-0.0007484228809038207	-0.0028993565957116108	-0.0011267798657201844	-0.00027982814526561484
-0.001181622125581816	-0.0008056054932477075	-0.0018004955748835982	-0.0008945232852677343	-0.0010604698786911282	-0.0031489941939419896	-0.0012515986648353739	-0.0010287409399556413
0.0007530692607005118	-0.0004311490959034714	-0.0011764015793087612	-0.00027042928969245317	-0.00018673828488635635	-0.0023376719996948125	-0.00025304827191585666	-9.259994659327475e-05
0.00362390164034454	-5.669269855812509e-05	0.0008206992065311614	0.0005408929045547239	0.0006869933089193037	-0.0010270746089873217	0.0012447773174641963	-0.0007791033417257065
0.007181237415121888	0.0006298106965743067	0.0026929811932552283	0.0017266714961468033	0.0021224094987408737	0.0004083415808346924	0.003179468703746302	-3.0190547035680027e-05
0.006245096421759078	0.0003801730983445939	0.002568162394140705	0.0012898056992443063	0.0014983155031660367	3.388518349001224e-05	0.002742602906843361	-0.0007166939421685559
0.007867740810254098	0.000754629495689052	0.0032546657892726927	0.0019138996948195874	0.002247228297856063	0.0007827979781800387	0.0035539251010909823	9.462825207906533e-05
0.008179787808041405	0.0012539046921489216	0.0039411691844055685	0.0023507654917218623	0.002496865896085998	0.0014693013733122484	0.004115609697108669	-0.0004670563439379549
0.006994009216449326	0.0008170388952466467	0.0030674375906007967	0.0019138996948195874	0.0021848188982984684	0.0009700261768523788	0.003366696902418198	0.00015703765163666006
0.004310405035477416	0.0003801730983445939	0.0018816589990080512	0.0009153493018996262	0.000999040306706167	-2.8524216067582486e-05	0.0019936901121542228	-0.0007166939421685559
0.0048096802319370635	0.00031776369878699917	0.001694430800335489	0.0011025775005719662	0.0012486779049361019	3.388518349001224e-05	0.0020560995117109293	-9.259994659327475e-05
0.0012523444571606035	-0.00011910209811549777	0.00025901461051347496	0.00010402710765200496	4.899137864278202e-07	-0.0009646652094301711	0.0004958645227741698	-0.0008415127412833012
0.0008778880598150351	-0.00011910209811549777	-0.00042748878461873474	4.161770809485432e-05	6.289931334357846e-05	-0.0012767122072172565	0.00018381752498664028	-3.0190547035680027e-05
-5.8252933547109365e-05	-0.0004935584954601779	-0.000801945181963637	-0.0003328386892500479	-0.0004987852826734418	-0.0017135780041197535	-0.000377867071030602	-0.0008415127412833012
0.0006282504615853224	-0.0003687396963454326	-0.0008643545815212317	-0.0001456104905777078	-0.00012432888532876163	-0.0017759874036773482	-0.00012822947280088925	3.22188525219147e-05
0.0001913846646830475	-5.669269855812509e-05	-0.0007395357824060422	-8.320109102033513e-05	-0.00012432888532876163	-0.0019632156023496883	-6.582007324285044e-05	-0.0005918751430533664
0.0004410222629125382	-5.669269855812509e-05	-0.0009267639810788264	4.161770809485432e-05	4.899137864278202e-07	-0.002275262600137218	-6.582007324285044e-05	0.00015703765163666006
-0.0006199375295650178	-0.0003687396963454326	-0.0013012203784239507	-0.00027042928969245317	-0.0005611946822310365	-0.002275262600137218	-0.0005026858701457915	-0.0005918751430533664
6.656586556785804e-05	-5.669269855812509e-05	-0.0013012203784239507	4.161770809485432e-05	-0.00012432888532876163	-0.0020880344014644336	-0.00012822947280088925	0.0003442658503092222
-0.0004327093308922336	-5.669269855812509e-05	-0.0017380861753260035	-0.0003952480888076426	-0.0006236040817884092	-0.0038354975890748655	-0.000565095269702498	-0.0004046469443808043
0.0014395726558324995	0.00044258249790130044	-0.0011764015793087612	0.00016643650720959968	0.00037494631113133003	-0.005770188975356527	5.899872587189492e-05	0.0006563128480967517
-0.00012066233310470409	-5.669269855812509e-05	-0.0018629049744407489	4.161770809485432e-05	-0.00018673828488635635	-0.006394282970931364	-0.0006899140688181316	-0.00027982814526561484
0.0001913846646830475	0.00025535429922940445	-0.0021749519722287225	0.0004160741054395345	0.000187718112459212	-0.006019826573586906	-0.0003154576714730073	0.000593903448539157
-0.0008695751277942865	-0.0003687396963454326	-0.0029862741664761216	-0.0005200668879228321	-0.0007484228809038207	-0.007080786366063574	-0.0011267798657201844	-0.0005918751430533664
-0.00024548113221944945	-5.669269855812509e-05	-0.0030486835660337164	-0.0001456104905777078	-0.0004363758831158471	-0.006831148767833639	-0.0007523234683752822	0.00028185645075162746
-0.0014312597238117508	-0.0003687396963454326	-0.003984824559395639	-0.000956932684825329	-0.0013725168764782136	-0.007954517959868568	-0.0015012362630657528	-0.0005294657434955496
-0.0014312597238117508	-0.00030633029678828194	-0.005357831349660724	-0.0008945232852677343	-0.0018093826733807106	-0.01113739733730057	-0.0019381020599682497	0.00015703765163666006
-0.002242581918058928	-0.0003687396963454326	-0.007354932135499981	-0.001393798481727604	-0.0024958860685131423	-0.01569328350499677	-0.002936652452887323	-0.0007166939421685559
-0.0034283605096514513	0.000130535500114215	-0.010038536316472335	-0.0010193420843824796	-0.003432027061875953	-0.021060491866941256	-0.0038727934462496894	0.0005314940489815623
-0.0035531793087661967	-0.0003687396963454326	-0.013408643892576455	-0.003702946265354834	-0.0043681680552378754	-0.040594633928434876	-0.006556397627221822	-0.0004046469443808043
-0.004177273304341034	-0.0010552430914778643	-0.01933753685053774	-0.003952583863584547	-0.00461780565346781	-0.05944227259479651	-0.009739277004654268	0.00021944705119425478
-0.007297743282215441	-0.0014921088883801392	-0.024455107614251848	-0.0035781274662396445	-0.005741174845502295	-0.06624489714656279	-0.012110834187838648	-0.0005294657434955496
-0.007672199679560565	-0.0016169276874953287	-0.028886174982833523	-0.0033284898680092656	-0.005491537247272804	-0.06356129296559065	-0.012235652986953838	3.22188525219147e-05
-0.006798468085755349	-0.0016793370870524793	-0.031070503967345786	-0.004139812062256887	-0.005366718448157615	-0.06474707155718296	-0.011736377790493746	-0.0005918751430533664
-0.006798468085755349	-0.0014921088883801392	-0.030384000572213132	-0.0033908992675668603	-0.005366718448157615	-0.05987913839169878	-0.011049874395361758	0.00015703765163666006
-0.008421112474250592	-0.0014296994888229886	-0.02901099378194849	-0.004451859060044416	-0.0056787654459447	-0.0538878360341799	-0.010238552201113693	-0.0005294657434955496
-0.003490769909209046	-0.0009928336919202696	-0.026951483596551418	-0.003453308667124455	-0.003868892858778006	-0.04677316448462654	-0.008303860814831365	0.0003442658503092222
-0.0034283605096514513	-0.0006807866941329621	-0.021646684634164748	-0.0020803018768600356	-0.0035568458609902542	-0.038722351941710365	-0.006556397627221822	-0.0002174187457084642
-0.0035531793087661967	-0.0004311490959034714	-0.016279476272220927	-0.002205120675974781	-0.0024958860685131423	-0.029423351407644516	-0.00462170624094016	0.00021944705119425478
-0.0015560785229267182	-0.0006183772945753674	-0.010537811512931983	-0.002017892477302441	-0.0024334766689559917	-0.019375438078889307	-0.003560746448462604	-0.0006542845426109611
0.0008154786602581066	-0.0005559678950177727	-0.00517060315098794	-0.0017058454795149114	-0.001310107476920619	-0.012947269924467708	-0.0020005114595258444	3.22188525219147e-05
-0.0027418571145190196	-0.0005559678950177727	-0.0018629049744407489	-0.0012065702830548197	-0.0022462484702834296	-0.002462490798810002	-0.0013140080643929686	-0.0007791033417257065
-0.0013064409246970055	-0.00030633029678828194	0.001319974402990809	-0.0010817514839400744	-0.0018717920729383053	0.005463502944991427	0.00012140812542948964	9.462825207906533e-05
0.0008154786602581066	5.716700999469637e-06	0.0028802093919280125	-0.0015186172808423493	-0.001310107476920619	0.007210966132601193	0.0012447773174641963	-0.0007791033417257065
0.006182687022202149	0.0006922200961319014	0.004690081979095151	-0.0008945232852677343	0.0002501275120161406	0.0017189389715419612	0.0028050123064014	-3.0190547035680027e-05
0.005621002426184241	0.00044258249790130044	0.0010703368047608741	-2.0791691462740403e-05	4.899137864278202e-07	-0.0020880344014644336	0.0018064619134814386	-0.000903922140840896
0.007056418616006477	0.0008794482948037974	-0.0026118177691312194	0.0010401681010148156	0.0011238591058209124	-0.006269464171816175	0.0019936901121542228	0.00015703765163666006
0.007368465613794228	0.0008170388952466467	-0.005857106546120372	0.0010401681010148156	0.0010614497062637618	-0.013072088723582898	0.001494414915694131	-0.0007166939421685559
0.00593304942397177	0.0008170388952466467	-0.009976126916914518	0.0017266714961468033	0.0008742215075911997	-0.017378337293049162	0.0006206833218893593	9.462825207906533e-05
0.004996908430609848	0.0003801730983445939	-0.01328382509346171	-0.0001456104905777078	0.0002501275120161406	-0.023244820851453296	-0.0008771422674904716	-0.0005918751430533664
0.005808230624856581	0.0006298106965743067	-0.015031288281071031	0.0006033023041118746	0.0003125369115737353	-0.02380650544747076	-0.0006899140688181316	0.00015703765163666006
0.0018140290531778458	0.00019294489967180972	-0.016217066872663333	-0.00020801989013485844	-0.0009356510795759387	-0.02336963965056804	-0.0024373772564276752	-0.0004670563439379549
0.002625351247425023	0.00031776369878699917	-0.014719241283283724	-0.0001456104905777078	-0.00018673828488635635	-0.016567015098801985	-0.0019381020599682497	0.0004066752498668169
-0.0008071657282369138	0.00019294489967180972	-0.012909368696116585	-8.320109102033513e-05	-0.0009980604791335335	-0.009889209346150896	-0.002062920859082551	-0.00027982814526561484
-0.0006199375295650178	5.716700999469637e-06	-0.011099496108949447	-0.0012689796826124145	-0.0011228792782482788	-0.007268014564736136	-0.0019381020599682497	0.00021944705119425478
-0.0008695751277942865	-0.0003687396963454326	-0.010100945716029708	-0.001955483077744846	-0.0018717920729383053	-0.0025873095979245253	-0.0016884644617380928	-0.0007166939421685559
-0.0008695751277942865	-0.0001815114976730925	-0.009102395323109524	-0.0020803018768600356	-0.00212142967116824	0.00302953636224923	-0.0010643704661630338	9.462825207906533e-05
-0.0019305349202718425	-0.00024392089723090926	-0.008603120126649655	-0.002392348874647343	-0.0022462484702834296	0.0012196637750823136	-0.0013140080643929686	-0.0005918751430533664
-0.0010568033264666266	5.716700999469637e-06	-0.009227214122224936	-0.0010817514839400744	-0.001497335675593181	-0.00027816181429773934	-0.001001961066605661	0.00028185645075162746
6.656586556785804e-05	-0.0005559678950177727	-0.010038536316472335	-0.0017682548790725061	-0.0014349262760358084	-0.004147544586862173	-0.0017508738612954655	-0.0007791033417257065
-0.00024548113221944945	-5.669269855812509e-05	-0.011473952506294127	-0.0003952480888076426	-0.0012476980773639124	-0.003897906988631572	-0.001438826863508158	0.00021944705119425478
-0.0016808973220419077	-0.00030633029678828194	-0.012472502899214089	-0.000956932684825329	-0.00174697327382356	-0.004334772785534513	-0.0017508738612954655	-0.0005294657434955496
0.0005658410620277277	-0.00011910209811549777	-0.013096596894788926	-0.0012065702830548197	-0.0011852886778063176	-0.008328974357213248	-0.0017508738612954655	0.00028185645075162746
6.656586556785804e-05	-0.00030633029678828194	-0.013096596894788926	-0.0010193420843824796	-0.0014349262760358084	-0.005770188975356527	-0.0023749678568700805	-0.0004670563439379549
0.0003786128633549435	-0.0001815114976730925	-0.012410093499656938	-0.0005200668879228321	-0.0010604698786911282	-0.0025249001983673747	-0.0021253302586401457	0.00015703765163666006
-0.0009319845273523253	-0.0001815114976730925	-0.01116190550850682	-0.0005200668879228321	-0.0013725168764782136	-0.0004653900129700794	-0.0021877396581977404	-0.0005294657434955496
-0.00018307173266185472	-5.669269855812509e-05	-0.009788898718241956	-0.0005824762874804268	-0.0008108322804607493	-0.003086584794384395	-0.0017508738612954655	0.0003442658503092222
-0.0005575281300065349	-0.0001815114976730925	-0.008166254329747158	-0.001144160883497225	-0.0012476980773639124	-0.0009022558098725764	-0.0019381020599682497	-0.0004046469443808043
-0.0005575281300065349	0.00019294489967180972	-0.007105294537269602	-0.0007072950865951722	-0.0011228792782482788	0.0009700261768523788	-0.0011891892652777791	0.0004066752498668169
-0.002679447714961869	-0.000930424292363341	-0.0074173415350575755	-0.002392348874647343	-0.002558295468070737	-0.0009646652094301711	-0.002936652452887323	-0.0007166939421685559
-0.007110515083543323	-0.0012424712901506485	-0.009476851720454427	-0.0032036710688947423	-0.003182389463645574	-0.0035858599908444866	-0.004684115640497755	9.462825207906533e-05
-0.009045206469825429	-0.0016169276874953287	-0.010163355115587303	-0.0032036710688947423	-0.003993711657892751	-0.0040227257877467615	-0.005245800236514553	-0.0006542845426109611
-0.008171474876021101	-0.0014296994888229886	-0.010537811512931983	-0.003078852269779553	-0.003619255260547849	-0.006144645372701207	-0.004933753238727023	9.462825207906533e-05
-0.008046656076905467	-0.0014921088883801392	-0.011785999504081657	-0.0033284898680092656	-0.003619255260547849	-0.008141746158540908	-0.005370619035629742	-0.00034223754482320956
-0.00742256208133063	-0.0013672900892653939	-0.012285274700541526	-0.0028916240711067687	-0.0034944364614326595	-0.009265115350575615	-0.005183390836957402	0.00021944705119425478
-0.006860877485313388	-0.0014296994888229886	-0.011910818303196624	-0.0027668052719924674	-0.0033072082627607635	-0.009764390547035706	-0.0051209814373998075	-0.0005294657434955496
-0.00492618609903106	-0.0008056054932477075	-0.011411543106736755	-0.0015186172808423493	-0.0020590202716110895	-0.009452343549247955	-0.0040600216449224735	0.0003442658503092222
-0.0031787229114215165	-0.0008056054932477075	-0.010038536316472335	-0.0016434360799573167	-0.0020590202716110895	-0.00882824955367334	-0.0034359276493474145	-0.0004670563439379549
-0.0013064409246970055	-0.0001815114976730925	-0.008103844930189563	-0.000956932684825329	-0.0012476980773639124	-0.007205605165178763	-0.0023749678568700805	0.00046908464942396755
-0.001368850324254156	-0.0004311490959034714	-0.0067932475394825165	-0.0012689796826124145	-0.0015597450751512199	-0.006019826573586906	-0.0024373772564276752	-0.0004670563439379549
-0.0007447563286793191	-0.0001815114976730925	-0.005981925345235339	-0.000956932684825329	-0.0009980604791335335	-0.003897906988631572	-0.0020005114595258444	0.00021944705119425478
-0.0009943939269090318	-0.0006183772945753674	-0.005919515945677523	-0.0017058454795149114	-0.00174697327382356	-0.004209953986419324	-0.0021877396581977404	-0.0007166939421685559
0.0019388478522925912	0.000130535500114215	-0.004109643358510384	-0.00045765748836523734	-0.0004363758831158471	-0.002649718997482564	-0.000565095269702498	0.00028185645075162746
0.0041855862363622265	0.0003801730983445939	-0.002299770771343246	0.00016643650720959968	0.000187718112459212	-0.0010270746089873217	0.0008079115205619214	-0.0005294657434955496
0.006182687022202149	0.0006922200961319014	-0.002050133173113533	0.0010401681010148156	0.000999040306706167	-0.00034057121385489	0.0020560995117109293	9.462825207906533e-05
0.006245096421759078	0.0008794482948037974	-0.0023621801709008405	0.0009153493018996262	0.000999040306706167	-0.0008398464103147596	0.0024305559090562756	-0.0004670563439379549
0.007493284412909418	0.001004267093919431	-0.002923864766918083	0.001164986900129561	0.0012486779049361019	-0.001838396803234943	0.0028674217059585505	0.00015703765163666006
0.0071188280155638495	0.000754629495689052	-0.0034231399633779525	0.0012273962996867116	0.0011238591058209124	-0.0028993565957116108	0.002555374708171465	-0.0007166939421685559
0.006369915220874267	0.0006922200961319014	-0.0044840997558557305	0.001164986900129561	0.0012486779049361019	-0.004896457381551755	0.002118508911268968	9.462825207906533e-05
0.005371364827954084	0.00031776369878699917	-0.004733737354085665	0.000728121103227064	0.0008118121080336049	-0.006019826573586906	0.0011823679179061575	-0.0006542845426109611
0.005246546028839338	0.0006298106965743067	-0.0036727775616083314	0.0014770338979168685	0.001435906103608442	-0.002649718997482564	0.0017440525139238439	0.00028185645075162746
0.0012523444571606035	-0.00030633029678828194	-0.004296871557183168	-8.320109102033513e-05	-0.0004363758831158471	-0.003523450591286892	-0.00012822947280088925	-0.0006542845426109611
0.0001289752651256748	-0.0003687396963454326	-0.004109643358510384	-0.00027042928969245317	-0.0006860134813460039	-0.0006526182116428636	-6.582007324285044e-05	-0.00015500934615086948
-0.0009943939269090318	-0.0003687396963454326	-0.0037975963607232988	-0.0012689796826124145	-0.0014349262760358084	0.0014068919737546537	-0.00012822947280088925	-0.0007166939421685559
0.00031620346379823694	5.716700999469637e-06	-0.003298321164263207	-0.001331389082169565	-0.0009356510795759387	0.0015941201724272158	0.00037104572365898036	0.00021944705119425478
-0.0004327093308922336	-0.00024392089723090926	-0.003735186961165704	-0.0012065702830548197	-0.0011228792782482788	0.0008452073777371893	-3.4106736856998054e-06	-0.0006542845426109611
