Sensor_1	Sensor_2	Sensor_3	Sensor_4	Sensor_5	Sensor_6	Sensor_7	Sensor_8
-0.0005188608261486038	0.0007856728863011586	0.0015405497453264694	0.0005894411215552342	0.002482997066244552	-0.0023720399275777293	3.836413118074589e-06	-0.00041884078533316327
0.0005420989663285081	0.0005984446876288185	0.0017277779439983654	0.00046462232244004475	0.002482997066244552	-0.0018727647311185258	-5.857298643863196e-05	-0.00010679378754607782
0.0006669177654436975	0.0005360352880716679	0.001602959144884064	0.0005270317219971954	0.0022333594680150615	-0.0018727647311185258	6.62458126761134e-05	-0.00023161258666126727
-0.0006436796252633492	0.0006608540871864133	0.0013533215466539072	0.0005270317219971954	0.002108540668899872	-0.0015607177333305522	6.62458126761134e-05	1.8025011568667537e-05
0.0006669177654436975	0.0005984446876288185	0.00141573094621128	0.0006518505211128289	0.0018589030706699372	-0.0014983083337734016	0.00012865521223326404	1.8025011568667537e-05
-0.0007684984243783166	0.0005360352880716679	0.0011036839484239724	0.00021498472420966586	0.001297218474652695	-0.0014358989342158068	-0.00024580118511141613	-0.00010679378754607782
0.0006045083658861028	0.0005984446876288185	0.0011660933479815672	0.0005270317219971954	0.0012348090750955443	-0.0013110801351008394	0.00044070221002057153	0.00039248140891401384
-0.00033163262747626376	0.0008480822858587533	0.00141573094621128	0.0007766693202273522	0.0004858962804055178	-0.0017479459320033364	-0.0003706199842266056	-0.0006060689840059474
0.000354870767656168	9.916949116917095e-05	0.0004795899528491354	0.00021498472420966586	0.0007355338786350085	-0.0015607177333305522	-0.00012098238599667077	-0.00016920318710367255
-0.000706089024821166	0.0003488070893988837	0.0006044087519641028	0.00046462232244004475	0.0005483056799631125	-0.0015607177333305522	-0.00012098238599667077	-0.00035643138577601263
-0.0005812702257057545	0.0003488070893988837	0.0011660933479815672	0.0006518505211128289	0.0014220372737674403	-0.0012486707355430227	0.0001910646117910808	1.8025011568667537e-05
0.0005420989663285081	3.676009161157623e-05	0.0007292275510784041	0.0003398035233248553	0.0011723996755375055	-0.0021848117289058333	-5.857298643863196e-05	-0.0006684783835635422
-0.0006436796252633492	9.916949116917095e-05	0.0006668181515216975	0.00046462232244004475	0.0013596278742102896	-0.0021224023293480165	-0.00012098238599667077	-0.0005436595844483527
0.0008541459641158156	3.676009161157623e-05	0.0008540463501940376	0.0007142599206697575	0.0014220372737674403	-0.0019351741306756765	0.00031588341090582617	-0.0007308877831209148
-0.0007684984243783166	-0.00033769630573310394	0.00035477115373439005	9.016592509536459e-05	0.0007979432781926032	-0.0019351741306756765	6.62458126761134e-05	-0.0006684783835635422
0.0007293271650012922	-2.5649307946018496e-05	0.0004795899528491354	0.00046462232244004475	0.0006731244790774138	-0.0013110801351008394	-0.00024580118511141613	-0.00041884078533316327
-0.0007684984243783166	9.916949116917095e-05	0.00035477115373439005	0.0005270317219971954	0.0007979432781926032	-0.0012486707355430227	6.62458126761134e-05	-0.00041884078533316327
0.0007293271650012922	3.676009161157623e-05	0.0005419993524065081	0.0002773941237672606	0.0009851714768653874	-0.0013734895346584342	-5.857298643863196e-05	-0.00035643138577601263
0.0006669177654436975	0.000286397689841289	0.0007292275510784041	0.0005270317219971954	0.001297218474652695	-0.0016855365324457416	3.836413118074589e-06	-0.0006060689840059474
-0.0003940420270338585	0.0003488070893988837	0.0008540463501940376	0.0005894411215552342	0.0017964936711123425	-0.0015607177333305522	0.0001910646117910808	-0.00041884078533316327
0.0005420989663285081	9.916949116917095e-05	0.0007292275510784041	0.00046462232244004475	0.0017964936711123425	-0.0021224023293480165	3.836413118074589e-06	-0.0007932971826789537
-0.0005188608261486038	0.0003488070893988837	0.0010412745488663777	0.0005270317219971954	0.0020461312693427214	-0.001810355331560931	0.0001910646117910808	-0.0007308877831209148
0.0006045083658861028	0.0001615788907263216	0.000791636950636887	0.0005270317219971954	0.0017340842715549698	-0.0021224023293480165	0.00025347401134867553	-0.00035643138577601263
-0.0004564514265910091	0.0003488070893988837	0.0011660933479815672	0.0005270317219971954	0.0020461312693427214	-0.0025592681262505135	-0.0004954387833413509	-0.001354981778695974
0.000354870767656168	-8.805870750361322e-05	0.0005419993524065081	0.0005270317219971954	0.003169500461376984	-0.0019351741306756765	0.0001910646117910808	-0.0005436595844483527
-0.0004564514265910091	0.0006608540871864133	0.0012909121470963125	0.0005894411215552342	0.003169500461376984	-0.0021224023293480165	3.836413118074589e-06	-0.0007308877831209148
-0.0003940420270338585	0.0007856728863011586	0.0017277779439983654	0.0007142599206697575	0.0036687756578375197	-0.001810355331560931	0.00031588341090582617	-0.00041884078533316327
0.0005420989663285081	0.00022398829028369427	0.0011660933479815672	0.0002773941237672606	0.003169500461376984	-0.0028089057244804483	-0.0001833917855542655	-0.0012925723791383792
-0.000706089024821166	0.0004736258885136291	0.0012909121470963125	0.00046462232244004475	0.003606366258279925	-0.0025592681262505135	-5.857298643863196e-05	-0.001105344180466039
0.0008541459641158156	0.0007232634867435639	0.0019150061426711495	0.0009014881193425417	0.004292869653411913	-0.0023720399275777293	0.00044070221002057153	-0.0010429347809084444
-0.000706089024821166	0.0007232634867435639	0.0015405497453264694	0.0003398035233248553	0.004105641454739795	-0.002871315124038043	-0.0001833917855542655	-0.0011677535800236338
0.00047968956677091334	0.0006608540871864133	0.0016653685444416588	0.00040221292288245003	0.004792144849871782	-0.002496858726693363	0.00044070221002057153	-0.0005436595844483527
-0.00026922322791866904	0.0010353104845310934	0.0023518719395740906	0.0001525753246529593	0.004292869653411913	-0.0034329997200552853	-0.00030821058466901086	-0.0016046193769261308
0.00029246136809901735	0.000286397689841289	0.002039824941785895	0.00040221292288245003	0.004854554249429377	-0.0033705903204976906	3.836413118074589e-06	-0.001105344180466039
0.0005420989663285081	0.0006608540871864133	0.0018525967431135548	0.0005894411215552342	0.004480097852084253	-0.00349540911961288	-5.857298643863196e-05	-0.0012925723791383792
-0.0004564514265910091	0.0005360352880716679	0.002039824941785895	0.0006518505211128289	0.004480097852084253	-0.0031209527222682	0.00031588341090582617	-0.0010429347809084444
0.00047968956677091334	0.0003488070893988837	0.0018525967431135548	0.00040221292288245003	0.004168050854296945	-0.003745046717842815	-0.00012098238599667077	-0.0014173911782533466
-0.0005188608261486038	0.0004736258885136291	0.0021022343413439337	0.00046462232244004475	0.004604916651199886	-0.0034329997200552853	6.62458126761134e-05	-0.001542209977368536
0.0006045083658861028	0.0004736258885136291	0.00179018734355596	0.0005894411215552342	0.004480097852084253	-0.00368263731828522	0.00025347401134867553	-0.0012301629795807845
-0.0005188608261486038	0.0005360352880716679	0.002039824941785895	0.0006518505211128289	0.004729735450314632	-0.004244321914302462	-0.00012098238599667077	-0.0018542569751556215
0.0005420989663285081	0.000286397689841289	0.0018525967431135548	0.00046462232244004475	0.004854554249429377	-0.004057093715630566	-5.857298643863196e-05	-0.0016046193769261308
-0.0005812702257057545	0.00041121648895603435	0.0021646437409015284	0.0008390787197853911	0.005041782448101939	-0.003994684316072972	0.0003782928104634209	-0.0016046193769261308
-0.0007684984243783166	-0.00015046810706120795	0.001602959144884064	0.00021498472420966586	0.0045425072516422915	-0.0048684159098777435	-0.0001833917855542655	-0.002166303972943151
0.00047968956677091334	-0.00033769630573310394	0.0014781403457690967	0.0002773941237672606	0.004604916651199886	-0.005617328704567326	-0.0001833917855542655	-0.002603169769845648
-0.0006436796252633492	9.916949116917095e-05	0.0021022343413439337	0.0005894411215552342	0.005416238845447063	-0.005430100505894986	6.62458126761134e-05	-0.002166303972943151
0.0007293271650012922	-0.00021287750661880267	0.0023518719395740906	0.0006518505211128289	0.005915514041907155	-0.005742147503682515	0.0001910646117910808	-0.0028528073680755828
-0.000706089024821166	-0.00015046810706120795	0.002227053140458457	0.0003398035233248553	0.006289970439251835	-0.006303832099700202	-0.00012098238599667077	-0.0033520825645356744
0.0005420989663285081	-0.00040010570529114275	0.0019150061426711495	0.00046462232244004475	0.006914064434826672	-0.0065534696979296925	0.00025347401134867553	-0.003040035566748145
-0.0004564514265910091	-0.0002752869061763974	0.0022894625400160518	0.0002773941237672606	0.0068516550352690775	-0.007676838889964843	-0.00024580118511141613	-0.004100995359225257
0.0004172801672142068	-0.0005873339039637049	0.0021646437409015284	0.00040221292288245003	0.008162252425976346	-0.008051295287309745	3.836413118074589e-06	-0.0041634047587828515
0.0005420989663285081	-0.0007121527030784502	0.0021022343413439337	0.0005270317219971954	0.008786346421551405	-0.009049845680229263	-0.0001833917855542655	-0.005037136352587623
-0.0004564514265910091	-0.00040010570529114275	0.0027263283369183267	0.0007142599206697575	0.01040899081004576	-0.009237073878901825	0.00025347401134867553	-0.004849908153915283
0.0005420989663285081	-0.0010241997008655357	0.002414281339131241	0.0003398035233248553	0.010596219008718766	-0.010235624271821786	-0.0001833917855542655	-0.005848458546835245
-0.0005812702257057545	-0.0007121527030784502	0.0029759659351484835	0.0007142599206697575	0.012281272796770715	-0.010360443070936531	0.00025347401134867553	-0.006722190140640016
0.0008541459641158156	-0.000961790301308385	0.0032256035333784183	0.0008390787197853911	0.014215964183052598	-0.0116710404616438	3.836413118074589e-06	-0.00803278753134773
-0.0006436796252633492	-0.0015234748973256274	0.0029759659351484835	0.00040221292288245003	0.019395944346323857	-0.015415604435093266	0.00012865521223326404	-0.009530613120726894
0.0006669177654436975	-0.0017731124955560063	0.003288012932936013	0.0006518505211128289	0.022641233123313453	-0.016913430024472875	0.0001910646117910808	-0.01084121051143394
-0.0005188608261486038	-0.0023347970915732486	0.0038496975289536994	0.0006518505211128289	0.025824112500745455	-0.0192849872076577	0.0001910646117910808	-0.012526264299486556
-0.0008309078239363554	-0.0035829850827227006	0.0036624693302811373	0.0002773941237672606	0.029256629476407392	-0.022093410187744356	-0.0001833917855542655	-0.01446095568576844
0.000978964763231005	-0.003458166283607955	0.004785838522316066	0.0011511257175729206	0.03306360284941423	-0.023029551181106722	0.0006903398082509504	-0.015147459080900427
-0.0008309078239363554	-0.004331897877412727	0.004473791524528314	0.0002773941237672606	0.03524793183392627	-0.02527628956517658	-5.857298643863196e-05	-0.01695733166806801
0.0006045083658861028	-0.004144669678740387	0.005222704319218341	0.0007142599206697575	0.03774430781622584	-0.027086162152343496	0.0001910646117910808	-0.017768653862315187
-0.0005188608261486038	-0.004394307276970322	0.005784388915235583	0.0008390787197853911	0.03855563001047346	-0.02746061854968862	0.0003782928104634209	-0.01714455986674035
0.0007293271650012922	-0.004144669678740387	0.006720529908597506	0.0009014881193425417	0.03187782425782193	-0.024090510973584056	0.00025347401134867553	-0.015272277880015617
-0.0005812702257057545	-0.004144669678740387	0.007032576906385701	0.0005894411215552342	0.025636884302073115	-0.01859848381252527	-5.857298643863196e-05	-0.013275177094176138
0.00047968956677091334	-0.004269488477855576	0.007469442703287976	0.0008390787197853911	0.02370219291579101	-0.017662342819162458	0.00044070221002057153	-0.010903619910991758
0.0004172801672142068	-0.0037702132813957068	0.007719080301517689	0.0003398035233248553	0.02407664931313591	-0.020345947000135034	-0.0001833917855542655	-0.012026989103026464
-0.0004564514265910091	-0.0038326226809528574	0.00909208709178233	0.0006518505211128289	0.02688507229322301	-0.02097004099570965	0.0003782928104634209	-0.01277590189771649
0.0005420989663285081	-0.00533044827033291	0.00884244949355284	0.0005270317219971954	0.030504817467557066	-0.021718953790399675	-0.00012098238599667077	-0.01595878127514805
-0.0003940420270338585	-0.00689068325926967	0.008967268292667141	0.0007766693202273522	0.03805635481401315	-0.02265509478376182	0.0005031116095781663	-0.026568379199920944
0.0004172801672142068	-0.00938705924156924	0.007032576906385701	0.0005270317219971954	0.048977999736573796	-0.02696134335322853	0.00031588341090582617	-0.03443196354416478
-0.0005188608261486038	-0.011945844623426405	0.0067829393081551	0.0007142599206697575	0.08061956531222036	-0.034388061900569644	0.0001910646117910808	-0.0441678298751329
0.0006669177654436975	-0.016314502592450486	0.005784388915235583	0.0007142599206697575	0.09172843843345335	-0.026898933953671156	0.00025347401134867553	-0.051906595420261326
-0.0005188608261486038	-0.022493033148641706	-0.0014551014334331924	0.0002773941237672606	0.09048025044230346	-0.00349540911961288	-0.00012098238599667077	-0.05783548837822283
-0.0008309078239363554	-0.03815779243757156	-0.0093810951772344	-0.0002842904722499817	0.08579954547549185	0.02901988804983824	-0.0007450763815715078	-0.06251619334503444
0.0009165553636740764	-0.04321295380172807	-0.012813612152895892	0.0003398035233248553	0.09409999561663795	0.04012876117107145	-5.857298643863196e-05	-0.06807062990565105
-0.0007684984243783166	-0.0532608671304835	-0.017494317119707503	-0.0005963374700375113	0.09141639143566582	0.06016217842902538	-0.0009323045802434038	-0.06844508630299595
0.00023005196854164467	-0.06006349168224978	-0.021925384488289623	-0.001095612666497603	0.08448894808478458	0.07601416591662713	-0.001556398575818685	-0.04747552805167965
-0.00033163262747626376	-0.04664547077739001	-0.012501565155108807	0.0001525753246529593	0.09884310998300716	0.012731034765334215	-0.0007450763815715078	-0.03280931915566998
0.0005420989663285081	-0.047082336574292505	-0.012251927556878428	-0.00034669987180713235	0.10988957370468255	-0.019784262404117348	-0.0009947139798014426	-0.028690298784875834
-0.0007684984243783166	-0.051263766344644246	-0.0131256591506832	-0.0005963374700375113	0.09303903582416062	-0.01797438981695021	-0.0009323045802434038	-0.014835412083113342
0.0005420989663285081	-0.05282400133358145	-0.007571222590066817	-0.00015947167313479227	0.05808977207196708	-0.014853919839075802	-0.00030821058466901086	0.008630522150501863
0.00029246136809901735	-0.037596107841554094	-0.008008088386969536	-0.001095612666497603	0.04554548276091186	-0.020221128201019622	-0.001306760977588528	0.02067553626509766
-0.0007684984243783166	-0.03235371827872524	-0.0033273834201577035	-0.0009083844678245967	0.041114415392330184	-0.020283537600577217	-0.001119532778916188	0.017991932084125528
0.0007293271650012922	-0.025613503126516335	-0.0025160612259103043	-0.0004091092713647271	0.03337564984720154	-0.01834884621429489	-0.0007450763815715078	0.016556515894303514
-0.0005812702257057545	-0.021993757952182058	-0.0045755714113076	-0.0007211562691518125	0.031066502063574752	-0.015415604435093266	-0.0008074857811291025	0.01218785792527921
0.000354870767656168	-0.018561240976520343	-0.005074846607767691	-0.0006587468695946619	0.026573025295435482	-0.01685102062491528	-0.0008698951806866972	0.012063039126164243
-0.0006436796252633492	-0.014941495802185623	-0.0003941416409560805	-0.0004715186709223218	0.02257882372375586	-0.016663792426242496	-0.0004330293837837562	0.01218785792527921
0.0007917365645584429	-0.016439321391565676	-0.0003941416409560805	-0.001095612666497603	0.028632535480832333	-0.015478013834650417	-0.0010571233793585932	0.007195105960679848
-0.000893317223493062	-0.019747019568112423	-0.004513162011750005	-0.0017821160616295906	0.037182623220208155	-0.016289336028898038	-0.0008698951806866972	0.0044490923801507876
-0.0006436796252633492	-0.0253638655282864	-0.00707194739360717	-0.012578942185075048	0.04716812714940666	-0.01616451722978285	-0.0006826669820141351	0.007756790556697091
0.0006669177654436975	-0.022368214349526738	-0.006510262797589705	-0.042535453972669446	0.057902543873294965	-0.01179585926075899	-0.0003706199842266056	0.0140601399120035
-0.000706089024821166	-0.021244845157492476	-0.009193866978561616	-0.052520957901867726	0.060086872857807005	-0.010422852470494126	-0.0004954387833413509	0.020238670468195608
0.0006669177654436975	-0.015940046195105584	-0.008382544784314439	-0.06774885139389464	0.06495480602329096	-0.008113704686866896	-0.00024580118511141613	0.023796006242971846
-0.0005812702257057545	-0.007327549056172389	-0.0018295578307780946	-0.10032655796290357	0.06570371881798076	-0.0009366237377561593	3.836413118074589e-06	0.018179160282797868
0.0006045083658861028	-0.006391408062810022	-0.004887618409094907	-0.06687511980008987	0.03350046864631673	-0.005118053508107678	-0.0001833917855542655	0.00788160935581228
-0.000706089024821166	-0.00782682425263248	-0.011877471159533526	-0.006650049227113541	0.02969349527330989	-0.005617328704567326	-0.00024580118511141613	0.003325723188115637
0.0006669177654436975	-0.009137421643339527	-0.010005189172809237	-0.006462821028441201	0.029943132871539824	-0.003932274916514933	-0.00030821058466901086	0.0019527163978512174
0.0006045083658861028	-0.0091998310428969	-0.011253377163958689	-0.00877196881206821	0.02950626707463755	-0.0025592681262505135	-0.0003706199842266056	0.0009541660049314782
-0.0006436796252633492	-0.007140320857500049	-0.010254826771038728	-0.011330754193925596	0.027197119291010763	-0.0014983083337734016	-0.0001833917855542655	0.0014534412013915698
0.0006669177654436975	-0.005143220071660348	-0.005386893605554333	-0.017384465951001404	0.023639783516233415	-0.0010614425368704605	0.0001910646117910808	0.004074635982805441
-0.0008309078239363554	-0.004581535475642884	-0.004076296214847508	-0.007086915024015816	0.01490246757818503	-0.0034329997200552853	-0.0004330293837837562	0.0067582401637775735
0.0006669177654436975	-0.003083709886262831	-0.002828108223697612	-0.0032799416510094215	0.007538158430401509	-0.003745046717842815	3.836413118074589e-06	0.005884508569972358
-0.0005188608261486038	-0.002209978292458503	-0.0012054638352028135	-0.0024686194567618003	0.004105641454739795	-0.002496858726693363	-0.0001833917855542655	0.004948367576610435
0.0005420989663285081	-0.0027716628884755234	-0.00026932284184089106	-0.0022189818585318655	0.005041782448101939	-0.001997583530233271	-5.857298643863196e-05	0.0050731863757251805
-0.0005188608261486038	-0.002459615890688438	-0.0012054638352028135	-0.004278492043928717	0.005853104642349116	-0.0023720399275777293	-0.0003706199842266056	0.004573911179265533
-0.00033163262747626376	-0.001398656098210882	-0.0022664236276803695	-0.0015948878629570284	0.007600567829959104	-0.0013110801351008394	0.0005031116095781663	0.004636320578823128
0.00010523316942623318	-0.0015858842968836662	-0.004887618409094907	-0.0011580220660543095	0.0068516550352690775	-0.0025592681262505135	-0.0007450763815715078	0.0029512667907711787
-0.0005188608261486038	0.0005360352880716679	-0.0056365312037847115	0.0009014881193425417	0.006602017437039143	-0.001810355331560931	6.62458126761134e-05	0.004698729978380278
0.0007293271650012922	0.0023459078752388063	-0.0065726721971473	0.002274494909607405	0.004230460253854762	-0.0013110801351008394	0.0001910646117910808	0.005946917969529952
-0.0007684984243783166	0.004280599261520468	-0.006198215799802398	0.0014007633158021893	0.0006731244790774138	-0.0008118049386409698	0.00025347401134867553	0.00557246157218505
0.0006669177654436975	0.006215290647802796	-0.004450752612192854	0.0018376291127049083	-0.007377688063838539	0.0005612018516238937	-0.0001833917855542655	0.006383783766432449
-0.0007684984243783166	0.007151431641164718	-0.0035146116188304877	0.0024617231082797453	-0.00968683584746488	0.00112288644764158	0.0005031116095781663	0.006321374366875521
0.0008541459641158156	0.007588297438067659	-0.002204014228122775	0.0034602735011992625	-0.012245621229322046	0.001559752244543855	-0.00024580118511141613	0.004698729978380278
0.0005420989663285081	0.004655055658865148	-0.0016423296321055325	0.0057694212848264925	-0.013056943423569445	0.0018717992423311625	-5.857298643863196e-05	0.0032009043890006694
-0.0003940420270338585	0.0045926462593075534	0.0004171805532910966	0.004209186295889733	-0.012620077626667392	0.0034944436308259608	0.0003782928104634209	0.0035753607863460157
0.0007293271650012922	0.0039061428641755658	0.0017277779439983654	0.004146776896332138	-0.014180312615604596	0.0029327590348082744	0.00031588341090582617	0.003263313788558264
-0.0008309078239363554	0.004218189861963095	0.0025391001382459866	0.0032730453025273665	-0.016551869798788976	0.0019342086418887572	-0.0001833917855542655	0.005447642773070305
0.0007917365645584429	0.0054663778531132134	0.0037872881293961047	0.004209186295889733	-0.01817451418728422	0.0016845710436583783	0.0005031116095781663	0.006258964967317926
-0.0003940420270338585	0.0056536060517851094	0.004536200924085687	0.0034602735011992625	-0.020546071370468155	0.0003739736529511095	-0.0003706199842266056	0.005884508569972358
0.00029246136809901735	0.005279149654440429	0.00428656332585553	0.003522682900756857	-0.021107755966485398	0.00024915485383636415	6.62458126761134e-05	0.007070287161564659
-0.000706089024821166	0.006090471848687606	0.004598610323643282	0.0038971392981017594	-0.02179425936161805	0.00012433605472139675	3.836413118074589e-06	0.007569562358024751
-0.0004564514265910091	0.006776975243820038	0.0046610197232008765	0.004271595695446884	-0.021544621763388117	0.0007484300502966779	0.0003782928104634209	0.00800642815492747
0.00047968956677091334	0.006152881248245201	0.0038496975289536994	0.00502050849013691	-0.021731849962060457	0.00018674545427876943	-0.0001833917855542655	0.006383783766432449
-0.000706089024821166	0.006589747045147698	0.004536200924085687	0.0026489513069525294	-0.019859567975336168	0.0009356582489685739	0.00012865521223326404	0.006446193165990266
0.0005420989663285081	0.0062777000473599465	0.00422415392629838	0.0030858171038545823	-0.019048245781088546	0.00024915485383636415	-0.00012098238599667077	0.006695830764220423
-0.0003940420270338585	0.005903243650015266	0.004785838522316066	0.0030234077042969876	-0.017300782593479447	6.192665516380202e-05	-0.00024580118511141613	0.006258964967317926
0.000354870767656168	0.004967102656653122	0.00441138212497072	0.0022120855100498105	-0.015303681807639302	-0.0014983083337734016	-0.00012098238599667077	0.006945468362449914
-0.000706089024821166	0.004655055658865148	0.004785838522316066	0.0030234077042969876	-0.014242722015161746	-0.0014358989342158068	0.00044070221002057153	0.007444743558910005
0.000978964763231005	0.0045926462593075534	0.00428656332585553	0.0016504009140325682	-0.014492359613392125	-0.001997583530233271	-0.00030821058466901086	0.007070287161564659
0.0007917365645584429	0.004343008661078285	0.004473791524528314	0.0019624479118200977	-0.013805856218259693	-0.0013110801351008394	6.62458126761134e-05	0.007257515360237221
-0.000706089024821166	0.0039061428641755658	0.004161744526741229	0.0034602735011992625	-0.013368990421356974	-0.0007493955390833751	3.836413118074589e-06	0.006883058962892319
0.0009165553636740764	0.0037189146655032257	0.00391210692851085	0.004146776896332138	-0.01199598363109211	0.00012433605472139675	0.00031588341090582617	0.005884508569972358
-0.0007684984243783166	0.002845183071698454	0.00266391893736162	0.004458823894119224	-0.011122252037287783	0.0003115642533939589	3.836413118074589e-06	0.003512951386788421
0.0007293271650012922	0.002595545473468297	0.0021646437409015284	0.005082917889694061	-0.00956201704835058	0.0008108394498538285	0.0001910646117910808	0.0030136761903283293
-0.0005188608261486038	0.002158679676566022	0.00179018734355596	0.005831830684384087	-0.00825141965764331	0.00043638305250870424	-0.00012098238599667077	0.002202353996080708
0.00047968956677091334	0.0018466326787787146	0.0010412745488663777	0.005519783686597002	-0.008189010258085716	0.0005612018516238937	-0.00012098238599667077	0.003138494989443519
-0.0008309078239363554	0.0025331360739107023	0.0014781403457690967	0.0060814682826138	-0.008937923052775743	0.0005612018516238937	0.0001910646117910808	0.004137045382363258
-0.0007684984243783166	0.0039061428641755658	0.0012909121470963125	0.0057694212848264925	-0.00993647344569526	0.0005612018516238937	3.836413118074589e-06	0.004823548777495468
0.0006669177654436975	0.004218189861963095	0.0011036839484239724	0.00626869648128614	-0.010872614439057404	0.000498792452066299	0.00012865521223326404	0.004948367576610435
-0.0006436796252633492	0.004467827460193252	0.0011036839484239724	0.0060814682826138	-0.011059842637730188	0.00112288644764158	0.00012865521223326404	0.005322823973955559
0.0007293271650012922	0.004030961663290755	0.0008540463501940376	0.007579293871993631	-0.010747795639942437	0.0010604770480839854	0.00025347401134867553	0.003700179585460317
-0.0008309078239363554	0.0035316864668308856	0.0005419993524065081	0.004770870891906531	-0.010373339242597757	0.00112288644764158	6.62458126761134e-05	0.003138494989443519
0.0006669177654436975	0.0032820488686002847	0.0005419993524065081	0.005956649483499277	-0.00825141965764331	0.0023086650392334374	0.0009399774064806632	0.0037625889850179117
4.2823769868860495e-05	0.0037189146655032257	0.0010412745488663777	0.004021958097216949	-0.008313829057200461	0.00112288644764158	-0.0003706199842266056	0.0027016291925408
0.000354870767656168	0.002782773672140859	0.0004171805532910966	0.004646052092791786	-0.0072528692647233495	0.0009356582489685739	3.836413118074589e-06	0.0027016291925408
0.0006669177654436975	0.002158679676566022	4.272415594641643e-05	0.005519783686597002	-0.005692634275786146	0.0003115642533939589	3.836413118074589e-06	0.0020775351969659628
-0.0006436796252633492	0.001971451477893682	4.272415594641643e-05	0.004646052092791786	-0.00375794288950404	0.00024915485383636415	0.00012865521223326404	0.0021399445965235575
0.0005420989663285081	0.0015969950805483357	-0.0006437792391855712	0.0045212332936768185	-0.003133848893928981	-0.0002501203426232834	-5.857298643863196e-05	0.0015782600005058711
-0.0005812702257057545	0.0014097668818759956	-0.0007685980383007607	0.003585092300314008	-0.002260117300124209	-6.289214395094334e-05	3.836413118074589e-06	0.000766937806258694
