Sensor_1	Sensor_2	Sensor_3	Sensor_4	Sensor_5	Sensor_6	Sensor_7	Sensor_8
0.0009111558720553692	0.0009727577033082913	0.0019072158285267093	0.000696053541593411	0.0019975592762315753	-0.0014807051413314731	0.0003217430275554989	-0.0011616531397704577
-0.0008987167151117692	0.00047348250684842164	0.001158303033837127	-5.2859253096171344e-05	0.001248646481542437	-0.002167208536463905	-0.00011512276934699806	-0.0009744249410981176
0.0005991088742673956	0.0006607107055212058	0.0012207124333942776	0.00038400654380610355	0.0019351498766744246	-0.001730342739561408	0.0003841524271130936	-0.00028792154596568587
-0.0003994415186525657	0.0006607107055212058	0.001345531232509467	7.19595460190181e-05	0.0013734652806571823	-0.0026664837329237745	-0.00036476036757693286	-0.0012240625393276083
0.00034947127603746075	-0.00027543028784160484	0.0010334842347219375	0.000508825342921293	0.0024344250731342942	-0.0024792555342514344	0.00019692422844075352	-0.0007247873428677387
0.0005366994747098008	-0.0001506114887264154	0.0009086654356067481	0.0004464159433632542	0.0025592438722494837	-0.0032905777284986115	-0.00017753216890459278	-0.001286471938885203
-0.0005242603177673111	-0.0001506114887264154	0.0014079406320668397	0.000508825342921293	0.003370566066496661	-0.0031033495298262714	0.00025933362799834825	-0.0011616531397704577
0.0004742900751522061	-0.0002130208882840101	0.001158303033837127	0.00019677834513331938	0.002746472070922046	-0.003852262324515854	-0.00023994156846174342	-0.001723337735787256
-0.00046185091820971635	0.0003486637077336763	0.001595168830739624	0.00038400654380610355	0.002933700269593942	-0.003165758929383866	0.00013451482888293675	-0.0009744249410981176
0.0005991088742673956	0.00028625430817608155	0.0014079406320668397	0.0004464159433632542	0.0021847874749043594	-0.00279130253203852	0.00019692422844075352	-0.00047514974463847004
-0.0005242603177673111	0.0004110731072908269	0.0015327594311820292	0.000508825342921293	0.00187274047711683	-0.0024792555342514344	-0.00017753216890459278	-0.0011616531397704577
0.0005366994747098008	0.00016143550906111415	0.0009710748351643428	0.0003215971442485088	0.0021847874749043594	-0.002104799136906088	-0.00011512276934699806	-0.0007871967424257775
-0.0006490791168820564	0.0003486637077336763	0.0012831218329518723	0.000696053541593411	0.0028088814704791965	-0.002104799136906088	0.0003217430275554989	-0.0009120155415400788
-0.0007114885164398732	9.902610950396351e-05	0.0010334842347219375	0.00019677834513331938	0.0029961096691515365	-0.002728893132480925	-5.271336978895924e-05	-0.0013488813384427978
0.00041188067559549957	-2.579268961122594e-05	0.0009710748351643428	0.0002591877446909141	0.003120928468266726	-0.0034778059271709516	-0.00030235096801933814	-0.0018481565349024454
-0.0003994415186525657	0.0004110731072908269	0.0018448064289691146	0.000696053541593411	0.004369116459416844	-0.0030409401302686767	0.0003841524271130936	-0.0011616531397704577
0.00041188067559549957	-0.0001506114887264154	0.0012831218329518723	0.00019677834513331938	0.003932250662513903	-0.004226718721860534	-0.00023994156846174342	-0.002160203532689975
-0.0005866697173244617	3.6616709946368786e-05	0.00178239702941152	0.0003215971442485088	0.005242848053221616	-0.0049756315165510046	9.696029767747305e-06	-0.0030339351264949688
0.0005991088742673956	-0.00027543028784160484	0.00178239702941152	0.000508825342921293	0.008987412026670416	-0.007534416898407725	0.0003841524271130936	-0.0035332103229543943
-0.0003994415186525657	-0.0001506114887264154	0.002219262826314017	0.00038400654380610355	0.00948668722313073	-0.008907423688672589	-5.271336978895924e-05	-0.0047813983141045124
0.0005991088742673956	-0.0003378396873983114	0.001969625228084304	0.0004464159433632542	0.009923553020033227	-0.008345739092654902	9.696029767747305e-06	-0.004531760715874578
0.0007863370729397356	-0.0003378396873983114	0.002219262826314017	0.0006336441420358163	0.009923553020033227	-0.008283329693097308	0.00019692422844075352	-0.004406941916759166
-0.0007738979159970238	-0.000649886685186507	0.00178239702941152	7.19595460190181e-05	0.009299459024457946	-0.0087826048895574	-0.00017753216890459278	-0.004718988914547362
0.0007863370729397356	-0.0003378396873983114	0.0024689004245443957	0.0006336441420358163	0.009861143620475188	-0.008969833088230184	0.00025933362799834825	-0.004594170115431728
-0.0005866697173244617	-0.0005250678860708735	0.0024689004245443957	0.000508825342921293	0.009798734220918037	-0.009157061286902524	7.210542932578612e-05	-0.004843807713662107
0.0005991088742673956	-0.0007747054843012524	0.00265612862321718	0.0004464159433632542	0.009549096622688324	-0.009469108284689831	-0.00011512276934699806	-0.004843807713662107
-0.0006490791168820564	-0.000837114883858403	0.0029057662214464486	0.0002591877446909141	0.009673915421802848	-0.010530068077167387	9.696029767747305e-06	-0.004718988914547362
0.0006615182738249903	-0.0005250678860708735	0.003280222618791573	0.000508825342921293	0.009985962419590377	-0.009718745882919766	0.00025933362799834825	-0.004469351316317205
-0.0005242603177673111	-0.000649886685186507	0.0029057662214464486	0.00013436894557572465	0.009611506022245475	-0.010405249278052198	-0.00030235096801933814	-0.005343082910121977
-0.0003994415186525657	-0.0025845780714679467	0.003405041417906318	0.0005712347424788877	0.013293660596137569	-0.008470557891770092	0.0003217430275554989	-0.005655129907909728
0.0006615182738249903	-0.003208672067043228	0.0014079406320668397	0.0004464159433632542	0.01866086895808161	-0.01571004824043909	-5.271336978895924e-05	-0.008962828084456032
-0.0006490791168820564	-0.003832766062618065	0.001345531232509467	0.0004464159433632542	0.026087587505422283	-0.021888578796630087	0.00013451482888293675	-0.01295702965613521
0.0006615182738249903	-0.007015645440049623	0.0025313098241015464	0.0004464159433632542	0.03033142667533162	-0.021202075401497877	9.696029767747305e-06	-0.01720086882604477
-0.0005866697173244617	-0.007390101837394747	0.001345531232509467	0.0004464159433632542	0.03494972224258586	-0.024572182977601997	0.0003841524271130936	-0.021694345594183595
0.0007863370729397356	-0.008513471029429676	0.0017199876298539252	0.0007584629411514499	0.05660578388903392	-0.044668009635113304	9.696029767747305e-06	-0.029495520538869835
-0.0006490791168820564	-0.01100984701172969	0.0014703500316246565	0.0004464159433632542	0.07408041576513069	-0.05658820495059369	-5.271336978895924e-05	-0.03941861506851052
0.0004742900751522061	-0.015191276782081209	0.00390431661436641	0.0007584629411514499	0.08581338288193874	-0.0682587626678437	0.000508971226227839	-0.04590919262248927
0.0005366994747098008	-0.01475441098517849	0.004902867007285927	0.0004464159433632542	0.0744548721624756	-0.05908458093289348	-5.271336978895924e-05	-0.040916440657890574
-0.0005242603177673111	-0.009449612022792042	0.0065255113957811695	0.000508825342921293	0.04237644078992675	-0.022013397595745055	0.00019692422844075352	-0.025376500168075244
0.0005366994747098008	-0.006516370243590419	0.007461652389143536	0.0003215971442485088	0.01585244597799429	0.007568657794504219	-0.00017753216890459278	-0.012208116861445628
-0.0003994415186525657	-0.003395900265716012	0.009271524976310452	0.0004464159433632542	0.006927901841273565	0.005259510010877433	0.00013451482888293675	-0.00690331789905918
0.0004742900751522061	-0.0022101216741237106	0.011455853960822715	0.0002591877446909141	0.010422828216492652	-0.010405249278052198	9.696029767747305e-06	-0.014766902243302793
-0.0005866697173244617	-0.004144813060405594	0.01588692132940439	0.00019677834513331938	0.02153170133772586	-0.014961135445748619	0.00019692422844075352	-0.015765452636222532
0.0007863370729397356	-0.004269631859520784	0.018695344309490824	0.0005712347424788877	0.021469291938168267	-0.01439945084973182	0.00025933362799834825	-0.014704492843745198
-0.00046185091820971635	-0.003770356663060914	0.016011740128519136	7.19595460190181e-05	0.01965941935100113	-0.017270283229376293	-0.00036476036757693286	-0.015141358640647251
-0.00046185091820971635	-2.579268961122594e-05	0.01526282733382911	0.000508825342921293	0.024215305518697994	-0.0135881286554842	0.00013451482888293675	-0.017637734622947265
0.0005991088742673956	-0.002771806270140731	0.01626137772674907	0.00038400654380610355	0.028896010485509604	-0.012964034659908918	-0.00017753216890459278	-0.019447607210114404
-0.0005866697173244617	-0.004207222459963189	0.014201867541351998	0.0002591877446909141	0.029582513880642036	-0.006286228907258273	9.696029767747305e-06	-0.018948332013654534
0.0005991088742673956	-0.005455410451112863	0.009645981373655577	0.0004464159433632542	0.03201648046338357	-0.009656336483362171	-5.271336978895924e-05	-0.023816265179138485
-0.00046185091820971635	-0.009012746225889545	0.007586471188258059	0.0004464159433632542	0.04056656820275961	-0.006473457105930169	-5.271336978895924e-05	-0.027623238552145768
0.0005366994747098008	-0.013069357197126319	0.008023336985160778	0.00038400654380610355	0.05866529407443122	-0.012839215860794173	-0.00017753216890459278	-0.031180574326922228
-0.0007114885164398732	-0.014379954587833588	0.009271524976310452	0.000508825342921293	0.06490623403018003	-0.011591027869644499	9.696029767747305e-06	-0.030993346128249666
0.0007863370729397356	-0.015191276782081209	0.011705491559052872	0.00019677834513331938	0.06459418703239272	0.001452536637870594	-5.271336978895924e-05	-0.030806117929577104
0.0005366994747098008	-0.01856138435818555	0.007586471188258059	7.19595460190181e-05	0.05223712592000984	0.03309410221351694	-0.00030235096801933814	-0.02375385577958089
-0.0006490791168820564	-0.01637705537367351	0.00409154481303875	-5.2859253096171344e-05	0.03657236663108043	0.04401574713607781	-0.0004271697671340835	-0.010585472472951274
0.0008487464724971083	-0.00895033682633195	0.00621346439799364	0.000508825342921293	0.030269017275774024	-0.004913222116992966	7.210542932578612e-05	-0.00047514974463847004
-0.0008363073155550627	-0.007390101837394747	0.005651779801976398	-5.2859253096171344e-05	0.02153170133772586	-0.012964034659908918	-0.0004271697671340835	0.0033942330279264077
0.0005366994747098008	-0.008887927426774356	0.005963826799763483	0.00019677834513331938	0.01903532535542629	-0.011528618470087348	7.210542932578612e-05	0.005016877416421206
-0.0005866697173244617	-0.00882551802721765	0.0060886455988784505	0.00038400654380610355	0.020845197942593652	-0.009281880086017491	0.00025933362799834825	0.004829649217748644
0.0009111558720553692	-0.00895033682633195	0.0050276858064011165	9.550146461423381e-06	0.021906157735070764	-0.008720195489999805	-0.00030235096801933814	0.003082186030138656
-0.0008363073155550627	-0.009886477819694317	0.0020320346276414547	0.00013436894557572465	0.024464943116927484	-0.009344289485575086	-0.00030235096801933814	0.003581461226599192
-0.00046185091820971635	-0.009574430821906788	0.0021568534267570882	0.0005712347424788877	0.029208057483297134	-0.008907423688672589	0.00025933362799834825	0.005079286815978357
0.00041188067559549957	-0.011072256411286396	0.0017199876298539252	9.550146461423381e-06	0.03270298385851644	-0.009593927083804576	-0.00036476036757693286	0.006514703005800815
-0.0006490791168820564	-0.01238285380199411	0.0012831218329518723	0.00019677834513331938	0.036135500834177936	-0.009718745882919766	-0.00011512276934699806	0.008761441389870228
0.0005991088742673956	-0.012320444402436737	-0.0005891601537728608	0.0003215971442485088	0.033327077854090836	-0.0099683834811497	-0.00030235096801933814	0.021805005897385543
-0.0006490791168820564	-0.011633941007304083	-0.0015253011471347833	0.00019677834513331938	0.028209507090377173	-0.009094651887344707	-0.00017753216890459278	0.024551019477915048
0.0006615182738249903	-0.01007370601836688	-0.0023366233413819604	0.0002591877446909141	0.01940978175277075	-0.008283329693097308	-0.00030235096801933814	0.027733898855346828
-0.0007114885164398732	-0.009449612022792042	-0.0020869857431524697	0.0004464159433632542	0.01635172117445438	-0.008283329693097308	-5.271336978895924e-05	0.029730999641186306
0.000723927673382585	-0.009075155625446918	-0.0020869857431524697	0.00013436894557572465	0.014292210989057086	-0.009281880086017491	-0.00017753216890459278	0.029730999641186306
0.0006615182738249903	-0.00676600784181991	-0.0010260259506749136	0.0002591877446909141	0.010672465814722809	-0.008845014289114994	-0.00011512276934699806	0.03010545603853143
-0.0008363073155550627	-0.0043320412590779345	-0.00021470375642773654	-5.2859253096171344e-05	0.005430076251893956	-0.008470557891770092	-0.0004271697671340835	0.033475563614635995
0.000723927673382585	-0.0012115712812035273	0.0008462560360495974	0.0005712347424788877	0.00187274047711683	-0.008033692094867817	0.00013451482888293675	0.033350744815520805
-0.0007114885164398732	9.902610950396351e-05	-0.000526750754214822	9.550146461423381e-06	-0.0017470046972172248	-0.007908873295752628	-0.00017753216890459278	0.031665691027468634
0.0006615182738249903	0.0004110731072908269	-0.0008387977520027956	0.00013436894557572465	-0.002371098692792506	-0.006972732302390261	0.00019692422844075352	0.024363791279242264
-0.00046185091820971635	0.0004110731072908269	-0.001587710546692378	0.0003215971442485088	0.0011862370819843981	-0.006099000708585489	-0.0004895791666916782	0.019183811115971228
0.0002870618764803101	-0.0004626584865137229	-0.0028983079373996468	0.00019677834513331938	0.003932250662513903	-0.005038040916108599	7.210542932578612e-05	0.01568888474075192
-0.00046185091820971635	-0.0007747054843012524	-0.0028983079373996468	0.00019677834513331938	0.005492485651451107	-0.004913222116992966	-0.00017753216890459278	0.013941421553141486
-0.0005866697173244617	-0.0015236182789908348	-0.002648670339169934	0.00019677834513331938	0.006491036044370846	-0.004476356320090913	7.210542932578612e-05	0.01375419335446959
0.0005991088742673956	-0.001710846477663619	-0.0023366233413819604	0.00013436894557572465	0.006116579647025944	-0.004850812717435815	-0.00011512276934699806	0.01412864975181427
-0.0007738979159970238	-0.0012115712812035273	-0.0017749387453651622	-0.00011526865265354402	0.006116579647025944	-0.004850812717435815	-0.00030235096801933814	0.014503106149159617
0.0008487464724971083	-0.0002130208882840101	-0.0007763883524452009	0.00038400654380610355	0.006116579647025944	-0.00460117511920588	0.00019692422844075352	0.014503106149159617
-0.0008363073155550627	-2.579268961122594e-05	-0.000963616551117541	-0.00042731565044107356	0.00486839165587627	-0.005474906713010208	-5.271336978895924e-05	0.014378287350044427
0.0006615182738249903	0.0003486637077336763	-0.000526750754214822	0.00013436894557572465	0.004119478861186687	-0.0032905777284986115	-5.271336978895924e-05	0.013816602754027185
-0.0006490791168820564	0.0007855295046359512	-0.00027711315598533126	7.19595460190181e-05	0.0030585190687095754	-0.0024792555342514344	0.00019692422844075352	0.012193958365532387
0.0007863370729397356	0.0003486637077336763	-0.002399032740939999	-0.00042731565044107356	0.0013734652806571823	-0.0022296179360210555	-0.00017753216890459278	0.010196857579692686
0.0007863370729397356	3.6616709946368786e-05	-0.0021493951427100644	7.19595460190181e-05	0.0011238276824268034	-0.001293476942658911	0.00019692422844075352	0.009073488387657536
-0.0006490791168820564	-0.0002130208882840101	-0.0018373481449225348	-0.0003649062508839229	0.0003749148877374431	-0.001106248743986571	7.210542932578612e-05	0.007762890996950267
0.0005991088742673956	-0.0001506114887264154	-0.001400482348020038	-0.00024008745176873347	-0.0004988167060675508	-0.0013558863422165057	-5.271336978895924e-05	0.006514703005800815
-0.0006490791168820564	0.0003486637077336763	-0.00046434135465811543	-0.0003649062508839229	-0.00012436030872287063	-0.0009190205453142308	7.210542932578612e-05	0.005703380811553638
0.0008487464724971083	0.00028625430817608155	0.0005342090382620679	-0.0001776780522113608	0.0003749148877374431	-0.0012310675431010942	-5.271336978895924e-05	0.004829649217748644
-0.0007114885164398732	-8.820208916882066e-05	0.0007838466364924468	-0.00024008745176873347	0.0008117806846394959	-0.0018551615386765974	-0.00011512276934699806	0.0038310988248286826
0.0005991088742673956	-0.0004626584865137229	0.0007838466364924468	-0.0001776780522113608	0.0013734652806571823	-0.0012310675431010942	9.696029767747305e-06	0.003581461226599192
-0.0005866697173244617	-0.00027543028784160484	0.0010958936342795322	0.00038400654380610355	0.0014982840797723718	-0.001106248743986571	7.210542932578612e-05	0.002707729632793976
-0.0005242603177673111	-0.0005874772856289123	0.0008462560360495974	0.0003215971442485088	0.00187274047711683	-0.0008566111457566361	0.00013451482888293675	0.0019588168381043936
0.0004742900751522061	-0.0012115712812035273	0.00015975264091716568	0.0002591877446909141	0.002059968675789614	-0.000669382947084296	-0.00023994156846174342	0.0005234006482814912
-0.0005242603177673111	-0.001273980680761122	0.0005342090382620679	0.000508825342921293	0.0038698412629563084	-0.00010769835106660963	0.00019692422844075352	-3.828394773530697e-05
0.00041188067559549957	-0.002334940473238456	3.493384180197623e-05	0.00019677834513331938	0.004119478861186687	-0.0007317923466414467	-0.00030235096801933814	-0.0015985189366729546
-0.00046185091820971635	-0.002147712274566116	0.0007214372369339639	0.0004464159433632542	0.005804532649238858	7.952984760573045e-05	-0.00017753216890459278	-0.001972975334017635
0.0005366994747098008	-0.002522168671910352	0.0006590278373772573	0.00038400654380610355	0.006615854843486035	0.0002667580462782926	0.00019692422844075352	-0.0007871967424257775
-0.0005866697173244617	-0.002522168671910352	0.0014703500316246565	0.00038400654380610355	0.006491036044370846	-0.0007317923466414467	-0.00011512276934699806	-0.0011616531397704577
0.0005991088742673956	-0.002771806270140731	0.001595168830739624	0.00038400654380610355	0.006553445443928663	-0.000669382947084296	-5.271336978895924e-05	-0.00041274034507998714
0.0007863370729397356	-0.002522168671910352	0.0019072158285267093	0.000696053541593411	0.00705272064038831	-0.000669382947084296	0.00019692422844075352	8.65348513794384e-05
-0.0008363073155550627	-0.0024597592723536454	0.001158303033837127	0.00019677834513331938	0.006553445443928663	-0.001293476942658911	-0.00023994156846174342	-0.00022551214640809114
0.0006615182738249903	-0.0020228934754509265	0.001158303033837127	0.0004464159433632542	0.006678264243043186	-0.0012310675431010942	9.696029767747305e-06	-0.00022551214640809114
-0.0007114885164398732	-0.001898074676335959	0.0008462560360495974	0.0002591877446909141	0.006366217245256323	-0.001293476942658911	-0.00011512276934699806	0.0008354476460690208
0.0005991088742673956	-0.0016484370781060242	0.0010958936342795322	0.000508825342921293	0.006615854843486035	-0.0011686581435437216	-5.271336978895924e-05	0.0009602664451846543
-0.0005866697173244617	-0.001710846477663619	0.001158303033837127	0.0003215971442485088	0.0068030830421588195	-0.001730342739561408	-0.00023994156846174342	0.0011474946438572164
0.0004742900751522061	-0.0022101216741237106	0.0006590278373772573	0.0005712347424788877	0.007739224035521186	-0.0009190205453142308	0.0003841524271130936	0.0019588168381043936
-0.0003994415186525657	-0.0022725310736808613	0.0007214372369339639	0.0002591877446909141	0.007177539439503056	-0.0014182957417738784	-0.00023994156846174342	0.001646769840316642
-0.0005866697173244617	-0.002709396870583136	0.0007838466364924468	0.0002591877446909141	0.00705272064038831	-0.001293476942658911	9.696029767747305e-06	0.002458092034564263
0.0005991088742673956	-0.002709396870583136	0.0007838466364924468	0.00038400654380610355	0.006366217245256323	-0.0009814299448718256	-0.00017753216890459278	0.0028325484319087213
-0.00046185091820971635	-0.0019604840758935538	0.0010958936342795322	0.000508825342921293	0.006366217245256323	-0.0013558863422165057	0.00019692422844075352	0.0036438706261567866
0.0004742900751522061	-0.001898074676335959	0.0002221620404743163	0.00013436894557572465	0.005180438653663577	-0.0022920273355790943	-0.00030235096801933814	0.003768689425271088
-0.0007738979159970238	-0.001273980680761122	3.493384180197623e-05	0.00019677834513331938	0.004930801055433864	-0.002167208536463905	0.00025933362799834825	0.0038310988248286826
0.0008487464724971083	-0.0008995242834159978	0.00034698083958994985	0.0006336441420358163	0.00486839165587627	-0.0019799803377913427	-5.271336978895924e-05	0.0036438706261567866
-0.0007114885164398732	-0.001273980680761122	-2.7475557755174407e-05	0.0003215971442485088	0.004993210454991237	-0.002167208536463905	-0.00011512276934699806	0.0032694142288114403
0.0005991088742673956	-0.0013363900803184947	3.493384180197623e-05	0.0004464159433632542	0.005492485651451107	-0.001106248743986571	0.00013451482888293675	0.004018327023501467
0.0005366994747098008	-0.001710846477663619	-8.988495731276913e-05	0.00019677834513331938	0.005742123249681486	-0.0009814299448718256	-0.00017753216890459278	0.003768689425271088
-0.0007738979159970238	-0.0017732558772212137	9.734324135957095e-05	9.550146461423381e-06	0.005929351448354048	-0.001293476942658911	-0.00023994156846174342	0.003706280025713493
0.0008487464724971083	-0.0015236182789908348	0.0005342090382620679	0.000696053541593411	0.006491036044370846	-0.0007317923466414467	0.00013451482888293675	0.004330374021288774
-0.00046185091820971635	-0.001898074676335959	0.0005342090382620679	0.0006336441420358163	0.006615854843486035	-0.0008566111457566361	0.0003841524271130936	0.003955917623943428
0.0004742900751522061	-0.0022725310736808613	-0.00015229435687036386	7.19595460190181e-05	0.005804532649238858	-0.0017927521391190027	-0.00011512276934699806	0.004954468016863611
-0.0006490791168820564	-0.0014612088794336842	0.00034698083958994985	0.0002591877446909141	0.006241398446141133	-0.0009190205453142308	0.00025933362799834825	0.0051416962155363954
0.0007863370729397356	-0.001086752482088782	0.0004093902391466564	7.19595460190181e-05	0.005055619854548832	-0.0017927521391190027	-0.00017753216890459278	0.004767239818191049
-0.0007738979159970238	-0.0013987994798760894	-0.000526750754214822	0.00019677834513331938	0.004743572856761524	-0.0014182957417738784	-0.00011512276934699806	0.004580011619518709
-0.00046185091820971635	-0.0013363900803184947	-0.0006515695533300114	0.0004464159433632542	0.004993210454991237	-0.0008566111457566361	9.696029767747305e-06	0.004455192820403964
0.0007863370729397356	-0.001710846477663619	-0.0004019319551005207	0.000696053541593411	0.005804532649238858	-0.0004821547484117339	0.00025933362799834825	0.004205555222173585
-0.0007738979159970238	-0.0022725310736808613	-0.0009012071515599462	9.550146461423381e-06	0.005866942048796009	-0.0008566111457566361	-0.00023994156846174342	0.0033942330279264077
0.0005991088742673956	-0.0022725310736808613	-0.0006515695533300114	0.0003215971442485088	0.006241398446141133	-0.000669382947084296	-0.00011512276934699806	0.0032694142288114403
-0.00046185091820971635	-0.002085302875008521	9.734324135957095e-05	0.000508825342921293	0.006927901841273565	-0.00035733594929654444	9.696029767747305e-06	0.002957367231024355
0.0006615182738249903	-0.0023973498727960507	-2.7475557755174407e-05	0.00038400654380610355	0.006740673642601225	-0.0007942017461990414	-0.00011512276934699806	0.0032694142288114403
-0.0006490791168820564	-0.0024597592723536454	0.0002221620404743163	0.0003215971442485088	0.006615854843486035	-0.0009814299448718256	-0.00017753216890459278	0.0030197766305815055
0.0005366994747098008	-0.0024597592723536454	0.0006590278373772573	0.00038400654380610355	0.007115130039945905	-0.0008566111457566361	0.00019692422844075352	0.0038310988248286826
0.0005991088742673956	-0.0026469874710259855	0.0005342090382620679	0.0003215971442485088	0.0068030830421588195	-0.0014182957417738784	-0.00011512276934699806	0.0032070048292538456
-0.0007114885164398732	-0.002709396870583136	0.0004093902391466564	0.0002591877446909141	0.00686549244171597	-0.001043839344428532	-0.00011512276934699806	0.0033942330279264077
0.0007863370729397356	-0.002709396870583136	0.0005342090382620679	0.0005712347424788877	0.007239948839061094	-0.0009814299448718256	0.00013451482888293675	0.003331823628368813
-0.0008363073155550627	-0.0030838532679280384	0.00015975264091716568	9.550146461423381e-06	0.007239948839061094	-0.001730342739561408	-0.00023994156846174342	0.0023956826350062244
0.0005991088742673956	-0.002959034468813515	0.00015975264091716568	0.0003215971442485088	0.007614405236405997	-0.0016679333400038132	9.696029767747305e-06	0.0030197766305815055
-0.0005242603177673111	-0.0028966250692559203	0.00034698083958994985	0.0003215971442485088	0.007302358238618245	-0.001730342739561408	-5.271336978895924e-05	0.003082186030138656
0.0005991088742673956	-0.0028342156696983256	0.0004093902391466564	0.00019677834513331938	0.0069903112408307155	-0.0020423897373484934	-5.271336978895924e-05	0.003893508224385833
-0.0007738979159970238	-0.0028966250692559203	0.0007838466364924468	0.0004464159433632542	0.007302358238618245	-0.001730342739561408	-5.271336978895924e-05	0.004080736423058617
-0.0005866697173244617	-0.002709396870583136	0.0010958936342795322	0.00038400654380610355	0.007801633435078337	-0.0016055239404462185	7.210542932578612e-05	0.004455192820403964
0.0005366994747098008	-0.0033334908661584173	0.0008462560360495974	0.00019677834513331938	0.007489586437290807	-0.002104799136906088	-0.00023994156846174342	0.0038310988248286826
-0.0005242603177673111	-0.0033334908661584173	0.0009710748351643428	0.00038400654380610355	0.007739224035521186	-0.0015431145408886238	0.00013451482888293675	0.004455192820403964
0.0005366994747098008	-0.004019994261290405	0.0002221620404743163	0.0002591877446909141	0.006740673642601225	-0.0022296179360210555	-0.00023994156846174342	0.004829649217748644
-0.000337032119094971	-0.003395900265716012	0.0009710748351643428	0.0006336441420358163	0.007551995836848402	-0.0014807051413314731	-0.00011512276934699806	0.004642421019076304
0.0005991088742673956	-0.004082403660848	9.734324135957095e-05	0.0002591877446909141	0.006241398446141133	-0.0020423897373484934	-0.0004271697671340835	0.004330374021288774
-0.0007114885164398732	-0.003957584861733698	-0.00021470375642773654	0.0005712347424788877	0.006491036044370846	-0.0014182957417738784	0.00019692422844075352	0.005016877416421206
0.0007863370729397356	-0.003583128464387908	-0.00021470375642773654	0.00013436894557572465	0.005991760847910754	-0.0020423897373484934	-0.00017753216890459278	0.004767239818191049
0.0005366994747098008	-0.0043320412590779345	-0.0012756635489052925	0.00019677834513331938	0.004369116459416844	-0.0028537119315961146	-0.00023994156846174342	0.003893508224385833
