Sensor_1	Sensor_2	Sensor_3	Sensor_4	Sensor_5	Sensor_6	Sensor_7	Sensor_8
-0.0007225949728901782	-0.00012800556589565026	0.0009904139670962042	0.0002065572324878584	0.0026194846252465265	-0.003734687256546243	-0.00012891965818018214	-0.0018757927037933442
0.0005255930182594959	-6.559616633805554e-05	0.0011776421657685443	0.00033137603160304785	0.003305988020378736	-0.0036098684574314976	-4.100859065436779e-06	-0.0016261551055634094
-0.0005977761737747667	0.0001216320323340625	0.0013024609648835117	0.0007058324289479501	0.003742853817280789	-0.003547459057873903	0.0003079461387223148	-0.00150133630644822
0.0007752306164894307	0.0003088602310064026	0.0009280045675386095	-0.000105489765299005	0.0029939410225916507	-0.004296371852563485	-0.0004409666559672676	-0.0022502491011380243
0.0007128212169322801	5.922263277668982e-05	0.0014272797639987012	0.0004561948307177932	0.0036804444177240825	-0.004233962453006779	5.8308540492602035e-05	-0.0020630209024656843
-0.000535366774217616	0.00018404143189165723	0.0016145079626705972	0.000518604230275832	0.004242129013740881	-0.00417155305344874	0.00018312733960756944	-0.0018757927037933442
0.0007752306164894307	5.922263277668982e-05	0.0017393267617857866	0.0006434230293903553	0.004803813609758345	-0.004608418850351237	0.00024553673916516416	-0.0022502491011380243
-0.0006601855733323614	-0.000190414965453245	0.0014896891635562959	0.0002689666320454531	0.005178270007103691	-0.005232512845926296	-6.651025862214333e-05	-0.003186390094500613
0.0005255930182594959	-0.0002528243650108397	0.0014896891635562959	0.00033137603160304785	0.005739954603120934	-0.0057317880423859435	0.0004951743373946549	-0.0034984370922876984
-0.00041054797510287067	-0.00031523376456843444	0.0020513737595737602	0.0007058324289479501	0.009983793773029603	-0.009788399013622717	-0.00019132905773777686	-0.005557947277684994
0.00046318361870190117	-0.001001737159700422	0.0013648703644413285	0.0004561948307177932	0.011918485159311931	-0.010599721207870338	0.00018312733960756944	-0.005869994275472523
-0.0005977761737747667	-0.0006272807623552978	0.0020513737595737602	0.0004561948307177932	0.011980894558869304	-0.009913217812737907	-0.00019132905773777686	-0.00649408827104736
-0.0004729573746600213	-0.000814508961028082	0.0020513737595737602	0.0005810136298334267	0.011793666360196742	-0.009226714417605475	0.00024553673916516416	-0.005620356677242588
0.0004007742191451946	-0.0009393277601428274	0.0016769173622281919	0.0002065572324878584	0.010982344165949565	-0.010474902408755149	-0.0002537384572949275	-0.006119631873702458
-0.0006601855733323614	-0.0007520995614709314	0.0023634207573610677	0.0004561948307177932	0.011169572364622349	-0.009725989614065123	0.00012071794004975267	-0.005433128478570026
0.0007752306164894307	-0.0007520995614709314	0.0028002865542631206	0.0007058324289479501	0.01085752536683482	-0.008914667419817945	0.00018312733960756944	-0.005620356677242588
-0.0007850043724473288	-0.001001737159700422	0.0026130583555905584	0.00014414783293026368	0.010483068969489695	-0.009913217812737907	-0.00012891965818018214	-0.005932403675030118
0.0006504118173746853	-0.0006896901619133367	0.0029875147529354606	0.0003937854311606426	0.011544028761967251	-0.011723090399904823	0.00012071794004975267	-0.0058075848759149284
-0.000535366774217616	-0.0006896901619133367	0.0034867899493953303	0.0005810136298334267	0.012292941556656833	-0.012409593795037255	5.8308540492602035e-05	-0.00630686007237502
0.0007128212169322801	-0.000814508961028082	0.003986065145855422	0.0002689666320454531	0.012792216753116925	-0.013408144187957216	-4.100859065436779e-06	-0.00686854466839204
0.0006504118173746853	-0.001001737159700422	0.004110883944970611	0.0005810136298334267	0.014040404744266821	-0.014094647583089648	0.00012071794004975267	-0.007617457463082067
-0.0004729573746600213	-0.0011889653583732063	0.004360521543200546	0.0007058324289479501	0.015787867931876365	-0.014531513379991479	0.0003079461387223148	-0.007867095061312224
0.0005255930182594959	-0.004371844735805208	0.003798836947183082	0.0002689666320454531	0.017784968717716065	-0.011473452801674666	-0.00019132905773777686	-0.009926605246709297
-0.0007225949728901782	-0.00474630113315011	0.0015520985631138906	0.0003937854311606426	0.02396349927390773	-0.019399446545475874	-4.100859065436779e-06	-0.01866392118475768
0.0007128212169322801	-0.0051207575304947905	0.0014896891635562959	0.0007058324289479501	0.03426105020089287	-0.02832399068219682	-6.651025862214333e-05	-0.022845350955109422
-0.0007225949728901782	-0.009364596700404126	0.0030499241524934995	0.0002689666320454531	0.048989668496459915	-0.032380601653433594	0.00024553673916516416	-0.027276418323690876
0.0007752306164894307	-0.009614234298634061	0.0023634207573610677	0.0003937854311606426	0.05785180323362393	-0.039557682602544775	-4.100859065436779e-06	-0.03226917028829002
-0.0007225949728901782	-0.010987241088898925	0.002488239556476257	0.0007058324289479501	0.06871103875662632	-0.04411356877024164	0.0003703555382799095	-0.038073244447136556
-0.0007850043724473288	-0.01778986564066476	0.0017393267617857866	0.0002689666320454531	0.08431338864599836	-0.05310052230651974	-6.651025862214333e-05	-0.04706019798341443
0.0006504118173746853	-0.01991178522561965	0.002737877154705748	0.0007058324289479501	0.09535985236767441	-0.060090375056958356	0.00024553673916516416	-0.05336354733872084
-0.000535366774217616	-0.017665046841550014	0.004173293344527762	0.0006434230293903553	0.09554708056634653	-0.06258675103925793	0.0003703555382799095	-0.05380041313562334
0.0003383648195871558	-0.019412510029159558	0.006794488125942744	0.0002065572324878584	0.08836999961723557	-0.04361429357378155	-0.00019132905773777686	-0.04699778858385728
-0.000535366774217616	-0.019974194625177244	0.007480991521074731	0.0003937854311606426	0.07857172388670963	-0.019586674744148436	-6.651025862214333e-05	-0.04793392957721965
0.0006504118173746853	-0.016791315247745242	0.00829231371532213	0.0004561948307177932	0.08125532806768154	-0.02152136613043054	0.00024553673916516416	-0.04849561417323689
-0.0004729573746600213	-0.018913234832700132	0.013597112677709022	0.0002689666320454531	0.06727562256680453	0.007249367065571555	-0.00012891965818018214	-0.04331563400996541
0.0006504118173746853	-0.02009901342429199	0.016904810854255325	0.0002689666320454531	0.05167327267743205	0.047066563983249265	-0.00012891965818018214	-0.037886016248464216
0.0007128212169322801	-0.015043852060135254	0.01908913983876781	0.0002065572324878584	0.04805352750309799	0.03920297963900521	-0.0003161478568525222	-0.03364217707855488
-0.0006601855733323614	-0.015543127256595346	0.016967220253813364	1.9329033815962404e-05	0.05666602464203119	0.027594831321312796	-0.0002537384572949275	-0.033579767678997285
0.0006504118173746853	-0.018413959636239596	0.014907710068416291	8.173843337355713e-05	0.0795702742796296	0.018046193189017234	-0.0003161478568525222	-0.046560922786955006
-0.0005977761737747667	-0.023968396196856423	0.017279267251600228	0.00033137603160304785	0.10459644350218245	0.003941668889024363	-0.00019132905773777686	-0.05429968833208343
0.0007128212169322801	-0.024467671393316515	0.02127346882327985	0.0003937854311606426	0.10696800068536683	-0.013907419384417086	-0.00019132905773777686	-0.04730983558164459
-0.0006601855733323614	-0.023406711600838737	0.02033732782991793	1.9329033815962404e-05	0.09754418135218645	-0.01546765437335429	-0.0002537384572949275	-0.04780911077810446
0.0005880024178170906	-0.02203370481057454	0.015032528867530592	0.00033137603160304785	0.09710731555528396	-0.013283325388842249	-4.100859065436779e-06	-0.04412695620421303
-0.000535366774217616	-0.0235939397995113	0.014283616072841454	0.0002689666320454531	0.082690744257504	-0.01503078857645157	-0.0002537384572949275	-0.035576868464836764
-0.0006601855733323614	-0.011548925684915945	0.021710334620182126	1.9329033815962404e-05	0.0712698241384837	-0.013907419384417086	-0.0003161478568525222	-0.03626337185996942
0.0006504118173746853	-0.015543127256595346	0.02676549598433864	0.0002065572324878584	0.06490406538361992	-0.01116140580388758	-0.0002537384572949275	-0.015793088805112987
-0.0004729573746600213	-0.017540228042434824	0.02127346882327985	0.00033137603160304785	0.055979521246898756	-0.007791298227783239	0.00012071794004975267	-0.0076798668626392175
0.0005255930182594959	-0.017228181044647295	0.007480991521074731	0.0002065572324878584	0.055480246050438886	-0.007666479428668049	-0.0003161478568525222	0.014225832382038783
-0.0007850043724473288	-0.019038053631814877	0.0013024609648835117	1.9329033815962404e-05	0.06321901159556753	-0.009663580214507528	-0.00012891965818018214	0.02252628252318467
0.0007752306164894307	-0.018975644232257283	0.008167494916206941	0.00033137603160304785	0.06546574997963672	-0.009164305018047658	-0.0006906042541976465	0.006175019839123053
-0.0009098231715620742	-0.01710336224553255	0.012973018682133741	0.00014414783293026368	0.06584020637698207	-0.007354432430880742	-0.00019132905773777686	0.0036786438568230384
0.0006504118173746853	-0.017040952845974733	0.0020513737595737602	1.9329033815962404e-05	0.06758766956459206	-0.009413942616278037	-0.00037855725641011695	0.006362248037795393
0.0007128212169322801	-0.020161422823849584	-0.005624982385997734	0.00014414783293026368	0.07532643510972004	-0.008103345225570768	-0.00019132905773777686	0.0070487514329278245
-0.000535366774217616	-0.026027906382253718	-0.009431955759004573	1.9329033815962404e-05	0.08106809986900876	-0.00435878125212108	-0.0002537384572949275	0.010918134205492258
0.0004007742191451946	-0.028524282364553066	-0.01386302312758625	-4.308036574163232e-05	0.0826283348579464	-0.0025489086649543857	-0.000565785455082457	0.010730906006819474
-0.00041054797510287067	-0.028524282364553066	-0.01592253331298288	0.0002065572324878584	0.08250351605883166	-0.002424089865838752	-4.100859065436779e-06	0.042122833984236774
0.0004007742191451946	-0.023094664603051207	-0.017233130703690147	-0.00023030856441419445	0.07432788471680052	-0.009476352015835632	-0.0005033760555248623	0.06577599641652432
-0.0006601855733323614	-0.021409610814998814	-0.017669996500592866	-0.00023030856441419445	0.05267182307035201	-0.007292023031323147	-0.0006906042541976465	0.06402853322891433
0.00046318361870190117	-0.019724557026946865	-0.01923023148953007	0.0002065572324878584	0.044621010527436056	-0.005419741044598858	-0.00012891965818018214	0.05192110971476138
-0.0004729573746600213	-0.017540228042434824	-0.011616284743516614	-0.000105489765299005	0.03869211756947477	-0.008602620422030638	-0.0005033760555248623	0.033822383843089776
-0.0007225949728901782	-0.010550375291996428	-0.006873170377146964	-4.308036574163232e-05	0.03407382200222053	-0.007541660629553082	-0.00037855725641011695	0.022214235525397585
0.0007752306164894307	-0.008865321503944035	-0.0036902909997154065	0.0004561948307177932	0.023276995878775297	-0.005294922245483447	-6.651025862214333e-05	0.017096664761683034
-0.0007850043724473288	-0.005807260925626778	-0.004501613193962584	-4.308036574163232e-05	0.01285462615267452	-0.0044836000512360474	-0.0003161478568525222	0.012728006792659174
0.0004007742191451946	-0.0031860661442124627	-0.006373895180687761	0.0002689666320454531	0.006613686196925261	-0.002049633468494294	-0.00019132905773777686	0.007672845428502217
-0.0005977761737747667	-0.002125106351735351	-0.0059994387833421925	0.0004561948307177932	0.0006847932389639766	-0.0003645796804423451	-0.0004409666559672676	0.00661188563602555
0.0003383648195871558	-0.0018130593539480433	-0.0059994387833421925	1.9329033815962404e-05	-0.0005009853526278807	0.00038433311424768135	-6.651025862214333e-05	0.007235979631600387
-0.0005977761737747667	-0.0013137841574879516	-0.005624982385997734	0.0004561948307177932	0.002494665826131559	0.00038433311424768135	0.00012071794004975267	0.007735254828060256
0.0006504118173746853	-0.0019378781530627887	-0.006935579776705447	0.00033137603160304785	0.005864773402236123	-0.0004893984795570905	0.00012071794004975267	0.008796214620537146
0.0005880024178170906	-0.0016258311552752591	-0.006748351578032663	0.0003937854311606426	0.007612236589845223	-0.0012383112742466729	-6.651025862214333e-05	0.011167771803721527
-0.0007225949728901782	-0.0011889653583732063	-0.005874619984227669	0.0002065572324878584	0.007612236589845223	-0.0016751770711491698	-0.00012891965818018214	0.013476919587348979
0.0005880024178170906	-0.0006272807623552978	-0.006561123379359657	0.0002689666320454531	0.006551276797368111	-0.002486499265396791	-0.00019132905773777686	0.014974745176728588
-0.0006601855733323614	0.00018404143189165723	-0.0076844925713945855	0.00033137603160304785	0.006551276797368111	-0.0021744522676090394	-6.651025862214333e-05	0.01653498016566557
0.0007128212169322801	0.0004960884296791868	-0.00805894896873971	0.0005810136298334267	0.006988142594270386	-0.0019248146693795487	-0.00019132905773777686	0.014974745176728588
-0.0007850043724473288	0.0006833166283515268	-0.007934130169624964	1.9329033815962404e-05	0.004991041808430907	-0.0019872240689366993	-0.00012891965818018214	0.014600288779383908
0.0006504118173746853	0.0008081354274662722	-0.006685942178475068	0.0003937854311606426	0.004429357212413221	-0.001862405269821954	5.8308540492602035e-05	0.014725107578498653
-0.000535366774217616	0.0014322294230411092	-0.004626431993077773	0.00033137603160304785	0.0036804444177240825	-0.0021744522676090394	-4.100859065436779e-06	0.014101013582923816
-0.0007225949728901782	0.002305961016845881	-0.0034406534014854717	0.00014414783293026368	0.0023698470270163696	-0.002736136863626726	-0.00019132905773777686	0.014849926377613398
0.0008376400160468034	0.0030548738115363516	-0.0015683714147609606	0.0006434230293903553	0.0009344308371943555	-0.0026113180645115364	0.0003079461387223148	0.01553642977274583
-0.000535366774217616	0.0032421020102086917	-0.0002577740240536919	0.0003937854311606426	-0.0006258041517430701	-0.002736136863626726	0.00012071794004975267	0.01547402037318868
0.0003383648195871558	0.0028052362133059727	0.0006159575697506359	8.173843337355713e-05	-0.0024356767389104306	-0.003297821459643524	-0.0004409666559672676	0.01266559739310158
-0.000535366774217616	0.0028052362133059727	0.002301011357803473	0.0002689666320454531	-0.0023732673393523918	-0.002236861667166856	-0.00012891965818018214	0.010730906006819474
0.0005880024178170906	0.0022435516172891745	0.00329956175072299	0.0003937854311606426	-0.004495186924307282	-0.0008638548769019927	0.0003079461387223148	0.00929548981699746
-0.00041054797510287067	0.002368370416403476	0.004360521543200546	0.00014414783293026368	-0.007678066301739284	-0.0013631300733618623	-0.00037855725641011695	0.006799113834697446
0.00046318361870190117	0.0021811422177311357	0.004610159141430703	0.0003937854311606426	-0.010112032884481259	-0.0007390360777872473	5.8308540492602035e-05	0.006050201040007863
0.0007752306164894307	0.004303061802686026	0.005171843737447723	0.0007058324289479501	-0.012233952469435927	-0.0004893984795570905	0.0003079461387223148	0.005176469446203091
-0.0008474137720053676	0.004053424204455869	0.004610159141430703	-4.308036574163232e-05	-0.014168643855717589	-0.0010510830755747769	-0.0002537384572949275	0.0036162344572654437
0.0008376400160468034	0.004240652403128653	0.00554630013479307	0.000518604230275832	-0.013170093462798294	-0.0006142172786716138	0.00018312733960756944	0.003179368660363391
-0.0007225949728901782	0.0031172832110939463	0.005858347132580155	0.00033137603160304785	-0.010923355078728436	-0.0004893984795570905	-6.651025862214333e-05	0.0003085362807191405
0.0007128212169322801	0.001931504619501201	0.006357622329040247	0.0005810136298334267	-0.007303609904394381	-0.0003021702808843063	5.8308540492602035e-05	-0.00150133630644822
-0.0005977761737747667	0.0005584978292367815	0.00592075653213775	0.0003937854311606426	-0.0013747169464328746	0.000259514315132936	-6.651025862214333e-05	-0.003560846491845293
0.0005880024178170906	-0.00037764316412602916	0.004797387340102599	0.0006434230293903553	0.0013088872345392577	0.0011956553084948585	0.00024553673916516416	-0.004434578085650509
-0.00041054797510287067	-0.0011889653583732063	0.0013648703644413285	-4.308036574163232e-05	0.002494665826131559	0.000696380112035655	-0.0005033760555248623	-0.0064316788714897655
-0.0004729573746600213	-0.0029988379455403447	0.0008655951679810148	0.000518604230275832	0.006239229799580803	0.001944568103184885	0.00018312733960756944	-0.006369269471932615
0.0004007742191451946	-0.004371844735805208	-0.000445002222726254	0.0002065572324878584	0.00861078698276474	0.0017573399045125448	-0.0003161478568525222	-0.007867095061312224
-0.00034813857554527594	-0.0043094353362476134	-0.0003825928231686593	0.0006434230293903553	0.011980894558869304	0.0026934808978749114	0.00043276493783706016	-0.007867095061312224
0.0005255930182594959	-0.004871119932264856	-0.0013187338165305817	0.00033137603160304785	0.01304185435134686	0.001944568103184885	-0.00012891965818018214	-0.0076798668626392175
-0.0005977761737747667	-0.004434254135362359	-0.0013811432160886206	0.000518604230275832	0.014290042342496756	0.0021942057014148197	5.8308540492602035e-05	-0.006681316469719256
0.0007752306164894307	-0.004371844735805208	-0.0012563244169734311	0.0005810136298334267	0.013291491949576795	0.0012580647080524532	-0.0002537384572949275	-0.0058075848759149284
-0.0008474137720053676	-0.004434254135362359	-0.0017555996134333007	0.0004561948307177932	0.012480169755329618	0.0010084271098229625	5.8308540492602035e-05	-0.004621806284322627
0.0005880024178170906	-0.0038725695393453385	-0.0013187338165305817	0.00033137603160304785	0.011793666360196742	0.0010084271098229625	-6.651025862214333e-05	-0.0038728934896328227
