Sensor_1	Sensor_2	Sensor_3	Sensor_4	Sensor_5	Sensor_6	Sensor_7	Sensor_8
0.0012323328831922442	0.00039283908598441997	0.0005403936293582046	0.0004403107957577923	0.00037010958266536775	-0.0011386532539860994	0.00071184785229228	-0.0002434497062633323
0.0018564268787670812	0.0005800672846572041	0.00047798422980060984	0.0007523577935453218	0.0008693847791254594	-0.000826606256199014	0.0010863042496376263	0.0006302818875414395
0.0012323328831922442	0.0005176578850996094	0.0004155748302430151	0.0005027201953158311	0.0004949283817810013	-0.000826606256199014	0.0008990760509650642	-5.6221507590992204e-05
0.001669198680094519	0.0006424766842147989	0.00029075603112782566	0.0008147671931029166	0.0007445659800107141	-0.0009514250553137593	0.0010238948500795875	0.0008175100862137796
0.0007330576867321525	0.0002680202868696746	-0.00014610976577400514	0.00031549199664304695	0.0003077001831082171	-0.0012010626535441382	0.00046221025406278926	-0.00018104030670573756
0.0013571516823074337	0.0005800672846572041	-2.129096665925978e-05	0.0006899483939877271	0.0008069753795683088	-0.0009514250553137593	0.0008366666514074694	0.0006302818875414395
0.0005458294880602566	0.0002680202868696746	-0.000395747364004162	0.0001906731975278575	0.00012047198443543294	-0.0013258814526588836	0.0003373914549475998	-0.00011863090714858693
0.001481970481422179	0.0007048860837715054	4.1118432898334945e-05	0.0008147671931029166	0.0008693847791254594	-0.0007017874570842686	0.0010238948500795875	0.0009423288853289691
0.0006082388876178513	0.0006424766842147989	-2.129096665925978e-05	0.0005027201953158311	0.0005573377813379299	-0.0007017874570842686	0.00071184785229228	0.00025582549019653733
0.0010451046845201262	0.0006424766842147989	-0.00020851916533159986	0.0006275389944305765	0.0007445659800107141	-0.0007017874570842686	0.0007742572518503188	0.0010047382848865638
0.00010896369115775961	0.0001432014877547072	-0.0005829755626765021	0.00012826379797048482	0.00012047198443543294	-0.0010762438544289488	0.0002749820553904492	-0.00011863090714858693
0.0005458294880602566	0.0002680202868696746	-0.0006453849622340968	0.00031549199664304695	0.00037010958266536775	-0.0011386532539860994	0.0003373914549475998	0.0006302818875414395
0.00023378249027250497	0.0002680202868696746	-0.00045815676356131263	0.0001906731975278575	0.00012047198443543294	-0.0008890156557566087	0.0003373914549475998	6.187891966602521e-06
0.0007954670862897473	0.00039283908598441997	-0.00045815676356131263	0.0004403107957577923	0.0004949283817810013	-0.0008890156557566087	0.0005870290531775346	0.0006302818875414395
-1.5855107957429837e-05	8.079208819711248e-05	-0.0006453849622340968	3.444998855739456e-06	-0.00012916561379405778	-0.0012634720531012889	8.775385671744296e-05	-0.00018104030670573756
0.000857876485847342	0.0005176578850996094	-0.000395747364004162	0.0005651295948729818	0.0004949283817810013	-0.000826606256199014	0.0005870290531775346	0.0007551006866561849
0.00042101068894528915	0.00039283908598441997	-0.000395747364004162	0.00031549199664304695	0.00018288138399302767	-0.0010762438544289488	0.0003373914549475998	-5.6221507590992204e-05
-0.0005775397039746721	0.0004552484855420147	-0.0011446601586941885	0.0002530825970854522	0.00018288138399302767	-0.001637928450445747	-9.947434195489713e-05	0.0010047382848865638
-0.006069566865033904	-0.0002936643091475677	-0.0037034455405509092	-0.0013071523918517514	-0.0016269912031741107	-0.0036974386358432643	-0.0027206691233692126	0.00025582549019653733
-0.006880889059281303	-0.0003560737087051624	-0.0047019959334704264	-0.0014319711909667188	-0.0016894006027312614	-0.004259123231860951	-0.0032199443198293043	0.0010671476844437144
-0.007879439452201487	-0.0005433019073775025	-0.005076452330815995	-0.0017440181887542483	-0.0021262663996342024	-0.004633579629205853	-0.003719219516289174	0.0003806442893112827
-0.007941848851758193	-0.0007305301060500646	-0.005575727527275642	-0.0018688369878689937	-0.0022510851987489477	-0.0051328548256657225	-0.003906447714961292	0.0007551006866561849
-0.008191486449988572	-0.0009801677042804435	-0.005575727527275642	-0.00224329338521434	-0.0026879509956512226	-0.005320083024338063	-0.004218494712749266	-5.6221507590992204e-05
-0.006381613862821434	-0.00048089250782035187	-0.004889224132143211	-0.001369561791409124	-0.0017518100022893002	-0.004633579629205853	-0.003095125520714115	0.0009423288853289691
-0.005944748065918715	-0.0006057113069350972	-0.004389948935683341	-0.0014943805905243135	-0.0018142194018464508	-0.004446351430533291	-0.0029703067215995915	6.187891966602521e-06
-0.0034483720836193665	-0.0002936643091475677	-0.003328989143206007	-0.000745467795834287	-0.0009404878080421231	-0.0036974386358432643	-0.001784528130006846	0.0006302818875414395
-0.0026370498893717453	-0.0005433019073775025	-0.002704895147631392	-0.0008078771953918817	-0.0010028972075988296	-0.0031357540398258	-0.001410071732662166	-0.0004306779049363385
-0.0010768149004345418	1.8382688639295708e-05	-0.0019559823529413656	-0.00012137380025944999	-0.0001915750133516525	-0.002698888242923303	-0.000536340138857172	0.0006302818875414395
-0.0008895867017622017	0.0001432014877547072	-0.0015191165560388686	6.585439841333418e-05	-0.00012916561379405778	-0.002262022446021472	-0.00034911194018483194	6.187891966602521e-06
-0.00032790210574540346	0.00033042968642682524	-0.0013942977569241233	0.00031549199664304695	0.00018288138399302767	-0.00207479424734891	-3.70649423973024e-05	0.0008175100862137796
0.0006706482871745578	0.00033042968642682524	-0.0007077943617916915	0.0004403107957577923	0.0002452907835501783	-0.001637928450445747	0.0005246196536199399	6.187891966602521e-06
0.005413762653544207	0.0013289800793467865	0.0017885816205078786	0.002000545784694996	0.002055163370717983	0.00029676293583591473	0.0028961768368047647	0.0009423288853289691
0.006849178843366666	0.0011417518806740024	0.002724722613870245	0.0020629551842525906	0.0021799821698331723	0.0007960381322953403	0.0035202708323796017	-5.6221507590992204e-05
0.007722910437170993	0.0015162082780191266	0.0030991790112155915	0.0025622303807124602	0.002679257366292598	0.0012329039291982813	0.004081955428396844	0.0006926912870990343
0.008159776234073712	0.001453798878461976	0.0035360448081174223	0.0024998209811548655	0.002616847966735003	0.001482541527428216	0.0043940024261839294	-5.6221507590992204e-05
0.008908689028763295	0.0015786176775767213	0.0036608636072323897	0.0027494585793850224	0.0029913043640803494	0.001732179125658151	0.004581230624856714	0.0005678724879838448
0.006599541245136509	0.0012665706797896359	0.002724722613870245	0.002000545784694996	0.002055163370717983	0.0009832663309683465	0.0035826802319371964	-0.00018104030670573756
0.0056009908522165475	0.0010793424811168517	0.0018509910200654733	0.0018133175860228778	0.0018679351720454207	0.0006088099336230002	0.0029585862363623594	0.0004430536888688774
0.00460244045929703	0.0006424766842147989	0.0011644876249325975	0.0012516329900054135	0.0011190223773553942	0.00010953473716313056	0.0024593110399022677	-0.0004930873044934891
0.00210606447699746	0.0005800672846572041	-0.0007702037613488422	0.0005027201953158311	0.0004949283817810013	-0.002262022446021472	0.001148713649195221	0.0004430536888688774
0.001107514084077721	-0.00010643611047522761	-0.001643935355153392	-0.00024619259937463944	-0.00012916561379405778	-0.004695989028763448	0.00021257265583241036	-0.0004930873044934891
0.0024181114747849897	0.0008921142824445116	-0.001019841359579221	0.001126814190890446	0.0010566129777977995	-0.004071895033188611	0.0012111230487523716	0.0007551006866561849
0.0006706482871745578	0.00020561088731207988	-0.002268029350728895	0.00031549199664304695	5.806258487783822e-05	-0.004695989028763448	0.0002749820553904492	-0.0002434497062633323
0.0016067892805378126	0.0005800672846572041	-0.0022056199511713004	0.0005651295948729818	0.0004949283817810013	-0.004945626626992938	0.0006494384527346853	0.0005678724879838448
0.0002961918898300997	0.0001432014877547072	-0.0030169421454184775	-5.896440070185527e-05	-0.0001915750133516525	-0.005569720622568219	-3.70649423973024e-05	-0.00030585910582114906
0.0006082388876178513	0.0004552484855420147	-0.0034538079423209744	0.00012826379797048482	-6.675621423646305e-05	-0.006006586419470272	0.00021257265583241036	0.0005678724879838448
0.00017137309071491025	8.079208819711248e-05	-0.004202720737011001	-0.00030860199893223417	-0.0006908502098117442	-0.007067546211948272	-9.947434195489713e-05	-0.0004306779049363385
0.0006706482871745578	0.0001432014877547072	-0.004951633531700583	-0.00018378319981704472	-0.00037880321202421463	-0.008752600000000221	2.5344457160292322e-05	0.0004430536888688774
-0.00026549270618692056	-0.00016884551003326642	-0.005825365125505355	-0.000745467795834287	-0.0010028972075988296	-0.011373794781414537	-0.0007235683375297342	-0.0004930873044934891
0.0010451046845201262	0.0004552484855420147	-0.005950183924620545	0.0002530825970854522	-0.00012916561379405778	-0.013246076768139048	-9.947434195489713e-05	0.0006926912870990343
-1.5855107957429837e-05	1.8382688639295708e-05	-0.007073553116655251	-0.00012137380025944999	-0.0006284408102541494	-0.014619083558404133	-0.0006611589379723615	-0.0002434497062633323
-0.0009519961013197964	0.0004552484855420147	-0.009008244502937357	0.0003779013962001976	-0.0010028972075988296	-0.013433304966811388	-9.947434195489713e-05	0.0006302818875414395
-0.0038228284809638247	0.0001432014877547072	-0.012815217875944196	-0.0009951053940642218	-0.0029999979934389742	-0.010874519584954667	-0.0006611589379723615	-0.00018104030670573756
-0.000639949103532711	0.0002680202868696746	-0.015311593858243766	-0.0031170249790186677	-0.0029375885938813795	-0.026040003677424206	-0.0012852529335467544	0.0005054630884264721
-0.000639949103532711	8.079208819711248e-05	-0.017995198039215676	-0.0017440181887542483	-0.0028751791943237848	-0.0390835681849393	-0.0017221187304492513	-0.0002434497062633323
-0.00032790210574540346	0.00033042968642682524	-0.023237587602044973	-0.00030860199893223417	-0.00281276979476619	-0.050691716502632156	-0.0016597093308925448	0.0006302818875414395
-0.001451271297779888	-4.402671091807697e-05	-0.03072671554894324	-0.0019312463874265884	-0.0044354141832614324	-0.06997622096589606	-0.002221393926909343	-0.0003682685053787438
0.001294742282750283	1.8382688639295708e-05	-0.03777897769893945	-0.0028049779812313602	-0.003499273189898622	-0.08470483926146333	-0.0015348905317769113	0.0005054630884264721
-0.00232500289158466	-0.0007929395056076594	-0.04002571608300909	-0.0023057027847714906	-0.004123367185473681	-0.06454660320439465	-0.0027830785229268074	-0.00011863090714858693
-0.009190036842908533	-0.0007305301060500646	-0.037154883703364394	-0.0031794343785762624	-0.004872279980163263	-0.059990717036698005	-0.005778729701686025	0.0006302818875414395
-0.014806882803082289	-0.001292214702067529	-0.03883993749141701	-0.0024929309834442748	-0.004809870580606113	-0.047384018326084965	-0.0027830785229268074	-0.0002434497062633323
-0.004634150675211446	-0.0009177583047224047	-0.03802861529716939	-0.004302803570611413	-0.004685051781490923	-0.05830566324864561	-0.002221393926909343	0.0005678724879838448
-0.008004258251315788	-0.0013546241016251237	-0.03490814531929498	-0.005925447959105545	-0.005808420973526074	-0.05749434105439866	-0.002408622125581683	-0.00030585910582114906
-0.010812681231402665	-0.0006057113069350972	-0.029790574555581095	-0.0033666625772490466	-0.005059508178835825	-0.050317260105287254	-0.0006611589379723615	0.0006302818875414395
-0.002512231090257	-0.00041848310826275714	-0.02354963459983228	-0.0025553403830009813	-0.003499273189898622	-0.03409081622034016	0.0008366666514074694	0.00013100669108134788
-7.826450751502456e-05	1.8382688639295708e-05	-0.014749909262226302	-0.0012447429922941566	-0.0014397630045017706	-0.021920983306629838	0.0010863042496376263	0.0008799194857713744
-0.006880889059281303	1.8382688639295708e-05	-0.010069204295414691	-0.00043342079804697953	-0.002625541596093628	-0.0036974386358432643	0.0014607606469827505	6.187891966602521e-06
-0.0034483720836193665	0.0001432014877547072	-0.0070111437170976565	-0.0005582395971615028	-0.0018766288014038235	-0.0005145592584112624	0.001523170046539457	0.0007551006866561849
0.001669198680094519	0.00020561088731207988	-0.005076452330815995	-0.00243052158388668	-0.0004412126115820314	-0.00438394203097614	0.0013983512474251558	-0.00011863090714858693
-0.0016384994964522281	0.0001432014877547072	-0.0047019959334704264	-0.001369561791409124	-0.001564581803616516	0.000858447531852935	0.0010238948500795875	0.0005678724879838448
-0.0022001840924694704	0.00020561088731207988	-0.002892123346303732	-0.0006830583962771364	-0.0016894006027312614	-0.0027612976424808977	0.0020224452429995488	-0.00030585910582114906
0.005101715655756678	0.001016933081559257	-0.002892123346303732	0.0009395859922176619	0.0014934787747007405	-0.009938378591592523	0.004269183627069628	0.0005678724879838448
0.007598091638056248	0.0013289800793467865	-0.005138861730372923	0.0011892235904478188	0.0014310693751427017	-0.014307036560616604	0.005267734019989145	-0.00011863090714858693
0.006911588242923816	0.0015786176775767213	-0.009133063302052102	0.0013764517891201589	0.0007445659800107141	-0.016179318547340893	0.005954237415121133	0.0007551006866561849
0.007473272838941503	0.0017034364766916887	-0.010693298290989528	0.0019381363851378453	0.001181431776912989	-0.017989191134508475	0.006266284412909107	0.0001934160906389426
0.010219286419470563	0.001890664675364473	-0.011941486282139202	0.0018133175860228778	0.002242391569389879	-0.019424607324330267	0.0060790562142363225	0.0008175100862137796
0.006786769443809071	0.0012665706797896359	-0.013189674273289098	0.0018133175860228778	0.0012438411764703616	-0.018550875730525274	0.004706049423971459	6.187891966602521e-06
0.0060378566491186	0.001016933081559257	-0.01406340586709387	0.0021253645838101853	0.0015558881742578912	-0.015680043350881023	0.004081955428396844	0.0005054630884264721
0.0049768968566417104	0.0008297048828869169	-0.012066305081254391	0.0015012705882349042	0.0013062505760279564	-0.015492815152208905	0.003270633234149445	-0.00018104030670573756
0.002792567872129892	0.0008921142824445116	-0.010194023094529658	0.0008147671931029166	0.0006197471808955246	-0.011685841779201844	0.002584129839017235	0.0008175100862137796
-0.0015760900968941893	0.00033042968642682524	-0.009257882101167736	-0.00030860199893223417	-0.0014397630045017706	-0.004134304432745761	0.0020848546425571435	-0.00011863090714858693
-0.00020308330662976992	0.0008921142824445116	-0.007260781315328035	-0.0010575147936213725	-0.0014397630045017706	-0.0020123848477913153	0.003457861432822229	0.0008175100862137796
0.0003586012893874724	0.0006424766842147989	-0.007385600114443003	-0.0017440181887542483	-0.0014397630045017706	-0.0030733446402688713	0.00302099563591951	0.0001934160906389426
0.00042101068894528915	0.0005176578850996094	-0.006886324917982911	-0.0010575147936213725	-0.0010653066071564243	-0.007566821408407698	0.0029585862363623594	0.0006926912870990343
-0.0005775397039746721	0.00039283908598441997	-0.008508969306477265	-0.0003710113984889407	-0.0008780784084845283	-0.010874519584954667	0.0025217204394596404	-0.00011863090714858693
0.0009202858854049367	0.0005800672846572041	-0.009632338498512194	0.0005651295948729818	5.806258487783822e-05	-0.014931130556191441	0.0027089486381319805	0.0007551006866561849
0.0011699234836346495	0.00039283908598441997	-0.011067754688334652	0.0001906731975278575	-0.00012916561379405778	-0.017365097138933416	0.002396901640344229	6.187891966602521e-06
0.00017137309071491025	0.0007048860837715054	-0.012315942679484326	0.0005651295948729818	-0.00037880321202421463	-0.01711545954070326	0.002396901640344229	0.0009423288853289691
-0.00039031150530211	0.00033042968642682524	-0.012627989677271856	-0.0005582395971615028	-0.0010028972075988296	-0.01792678173495088	0.0020224452429995488	-5.6221507590992204e-05
0.0009826952849620874	0.0007672954833295442	-0.012128714480812208	-0.00018378319981704472	-0.0005660314106965547	-0.017677144136720946	0.0024593110399022677	0.0009423288853289691
-1.5855107957429837e-05	0.0002680202868696746	-0.011442211085679777	-0.000745467795834287	-0.0013773536049437318	-0.018176419333181038	0.001772807644769836	6.859729152375316e-05
0.0004834200885026618	0.0007048860837715054	-0.009569929098954821	0.0001906731975278575	-0.00050362201113896	-0.013994989562828852	0.002584129839017235	0.0010047382848865638
-0.0005151303044172995	0.00020561088731207988	-0.007822465911344834	3.444998855739456e-06	-0.0008780784084845283	-0.012809210971236995	0.0020224452429995488	-0.00011863090714858693
0.0011699234836346495	0.0006424766842147989	-0.006199821522850479	6.585439841333418e-05	5.806258487783822e-05	-0.010500063187609765	0.0024593110399022677	0.0009423288853289691
-0.0007023585030894175	0.00039283908598441997	-0.005388499328603302	-0.00012137380025944999	-0.0006284408102541494	-0.005569720622568219	0.0020848546425571435	6.187891966602521e-06
-0.000639949103532711	0.0004552484855420147	-0.005513318127718048	-0.0004958301976043522	-0.0008780784084845283	-0.0035102104371713683	0.0020848546425571435	0.0008175100862137796
-0.0013888618982222933	0.0002680202868696746	-0.005887774525063394	-0.0011199241931794113	-0.0012525348058294306	-0.0038222574349582317	0.0016479888456546465	-5.6221507590992204e-05
-0.0025746404898141506	0.0001432014877547072	-0.006948734317540062	-0.001369561791409124	-0.0015021724040589213	-0.007566821408407698	0.0006494384527346853	0.0007551006866561849
-0.008877989845121004	-0.0007305301060500646	-0.011254982887006992	-0.0028049779812313602	-0.003499273189898622	-0.012309935774776903	-0.002471031525139722	6.859729152375316e-05
-0.007754620653085853	-0.000668120706493136	-0.012752808476386601	-0.00243052158388668	-0.0029999979934389742	-0.013308486167696865	-0.002034165728236781	0.0006926912870990343
-0.008253895849545723	-0.0011049865033951889	-0.013876177668421752	-0.002867387380788955	-0.0038113201876861513	-0.01905015092698581	-0.002595850324254023	-0.00011863090714858693
-0.008378714648660912	-0.0008553489051652541	-0.014437862264438994	-0.00243052158388668	-0.003499273189898622	-0.01992388252079058	-0.002471031525139722	0.0008175100862137796
-0.007879439452201487	-0.0009801677042804435	-0.013751358869306562	-0.0025553403830009813	-0.003499273189898622	-0.019549426123445457	-0.002221393926909343	6.187891966602521e-06
-0.005258244670786283	-0.0002936643091475677	-0.011567029884794522	-0.0017440181887542483	-0.0023134945983060984	-0.018675694529640907	-0.0010980247348748584	0.0009423288853289691
-0.005445472869458623	-0.0007929395056076594	-0.010818117090104717	-0.0021808839856567452	-0.002438313397421732	-0.019362197924772895	-0.0009107965362020742	-0.00011863090714858693
-0.0031987344853894317	0.00020561088731207988	-0.00838415050736252	-0.0006830583962771364	-0.0013149442053865812	-0.015680043350881023	0.001585579446097496	0.0009423288853289691
-0.0028242780880445295	-0.0002936643091475677	-0.006199821522850479	-0.0015567899900814641	-0.0019390382009616403	-0.015180768154420932	0.001585579446097496	-0.00018104030670573756
-0.0018257276951245682	0.0001432014877547072	-0.004951633531700583	-0.0009326959945066271	-0.0011901254062713917	-0.011561022980086877	0.0028961768368047647	0.0005678724879838448
-0.0018257276951245682	-4.402671091807697e-05	-0.003953083138780844	-0.0014943805905243135	-0.0017518100022893002	-0.011124157183185046	0.0022720828412299277	-0.00018104030670573756
-0.00045272090485970473	0.0001432014877547072	-0.0037034455405509092	-0.001182333592736562	-0.0011901254062713917	-0.011685841779201844	0.002584129839017235	0.0006302818875414395
0.001481970481422179	0.0004552484855420147	-0.0028297139467461374	0.0001906731975278575	-0.0003163938124666199	-0.007254774410620168	0.003832317830166687	-0.00011863090714858693
0.005476172053101802	0.0008921142824445116	-0.0018311635538261761	0.0010019953917752566	0.0007445659800107141	-0.006693089814602926	0.00533014341954674	0.0004430536888688774
0.006474722446021763	0.0010793424811168517	-0.0005205661631189074	0.0013764517891201589	0.000994203578241093	-0.004196713832303356	0.005891828015563538	-0.0002434497062633323
0.007473272838941503	0.0012041612802320412	-0.00014610976577400514	0.0018757269855802505	0.0015558881742578912	-0.0018251566491185311	0.00639110321202363	0.0004430536888688774
0.007847729236286183	0.0010793424811168517	-8.370036621641042e-05	0.001563679987792499	0.001181431776912989	-0.002324431845578623	0.00639110321202363	-0.0004930873044934891
0.007660501037613843	0.0011417518806740024	-0.0005829755626765021	0.0016884987869076884	0.0015558881742578912	-0.0026364788433657083	0.0065159220111390415	0.00025582549019653733
0.004664849858854625	0.0005800672846572041	-0.0013942977569241233	0.0005651295948729818	0.0003077001831082171	-0.004633579629205853	0.005267734019989145	-0.0005554967040510839
0.005975447249561894	0.0011417518806740024	4.1118432898334945e-05	0.0011892235904478188	0.0012438411764703616	-0.005008036026550533	0.005704599816891642	0.0005678724879838448
0.0037287088654922584	0.0005800672846572041	-0.0005205661631189074	0.0009395859922176619	0.00043251898222274043	-0.0034478010376133295	0.004456411825741968	-0.00030585910582114906
0.0014195610818650284	0.0006424766842147989	-0.0015815259555960193	0.0005027201953158311	-6.675621423646305e-05	-0.0026364788433657083	0.003457861432822229	0.0006926912870990343
0.0007954670862897473	0.0007048860837715054	-0.001643935355153392	3.444998855739456e-06	-0.0003163938124666199	-0.0021996130464640995	0.0033330426337070396	6.187891966602521e-06
0.0009826952849620874	0.0001432014877547072	-0.002268029350728895	-0.00043342079804697953	-0.0006284408102541494	-0.0032605728389409894	0.0027713580376895752	0.0004430536888688774
0.0006082388876178513	-4.402671091807697e-05	-0.002018391752498516	-0.0006830583962771364	-0.0010028972075988296	-0.0031981634393833946	0.002396901640344229	-0.0004306779049363385
0.0004834200885026618	0.0001432014877547072	-0.0022056199511713004	-0.00012137380025944999	-0.0006908502098117442	-0.004071895033188611	0.0024593110399022677	0.0003806442893112827
0.00017137309071491025	1.8382688639295708e-05	-0.0026424857480733532	-0.00018378319981704472	-0.0008156690089264895	-0.0034478010376133295	0.002147264042114738	-0.0003682685053787438
0.0007330576867321525	0.00033042968642682524	-0.0028297139467461374	6.585439841333418e-05	-0.00037880321202421463	-0.00294852584115346	0.0027713580376895752	0.0005678724879838448
4.655429160016489e-05	0.0001432014877547072	-0.002704895147631392	-0.0004958301976043522	-0.0008780784084845283	-0.0028237070420384924	0.0022720828412299277	-0.00018104030670573756
0.0010451046845201262	0.0002680202868696746	-0.0019559823529413656	-0.00012137380025944999	-0.00050362201113896	-0.004820807827878193	0.0022720828412299277	0.0005678724879838448
0.00017137309071491025	1.8382688639295708e-05	-0.0017063447547116528	-0.00030860199893223417	-0.0007532596093693389	-0.006068995819028089	0.0017103982452120192	-0.0002434497062633323
0.0007330576867321525	0.00039283908598441997	-0.0008950225604640316	0.0002530825970854522	-0.00012916561379405778	-0.006006586419470272	0.0018976264438848034	0.0006926912870990343
-1.5855107957429837e-05	1.8382688639295708e-05	-0.00020851916533159986	-0.0004958301976043522	-0.0005660314106965547	-0.007192365011062574	0.0012735324483099664	-0.00018104030670573756
-0.00032790210574540346	0.0005800672846572041	0.0003531654306858645	0.0010644047913326293	-0.0002539844129092472	-0.0038846668345162705	0.002209673441672333	0.0008175100862137796
-0.00014067390707261929	-0.00010643611047522761	0.00029075603112782566	-0.0013071523918517514	-0.0011901254062713917	-0.005257673624780468	0.0010238948500795875	-0.0003682685053787438
0.0005458294880602566	0.0001432014877547072	0.0010396688258182962	-0.00030860199893223417	-0.00037880321202421463	-0.004695989028763448	0.0013983512474251558	0.0004430536888688774
-0.00045272090485970473	-4.402671091807697e-05	0.0007900312275883614	-0.0003710113984889407	-0.0010653066071564243	-0.004883217227435788	0.0009614854505226589	-0.0002434497062633323
0.00042101068894528915	0.0005176578850996094	0.001102078225375891	6.585439841333418e-05	-6.675621423646305e-05	-0.005008036026550533	0.0014607606469827505	0.0007551006866561849
-0.00039031150530211	8.079208819711248e-05	0.0004155748302430151	-0.00012137380025944999	-0.0008156690089264895	-0.006256224017700651	0.00071184785229228	-0.00018104030670573756
-0.002262593492026621	8.079208819711248e-05	-0.0012694789578089338	-0.0006830583962771364	-0.0008780784084845283	-0.007878868406195005	-0.0002867025406276813	0.0008175100862137796
-0.007692211253528702	-0.0009177583047224047	-0.004452358335240936	-0.00243052158388668	-0.0031248167925541637	-0.010375244388494576	-0.003032716121156964	-0.00011863090714858693
-0.007130526657511016	-0.0009177583047224047	-0.005076452330815995	-0.00224329338521434	-0.0027503603952088174	-0.010188016189822235	-0.0031575349202721537	0.0005678724879838448
-0.008066667650873383	-0.0014170335011822743	-0.005513318127718048	-0.0027425685816737655	-0.0033120449912260597	-0.010999338384069413	-0.0037816289158465466	-0.0004306779049363385
-0.007504983054855696	-0.0010425771038380383	-0.005450908728160897	-0.0021808839856567452	-0.002625541596093628	-0.010063197390707268	-0.0032199443198293043	0.0005054630884264721
-0.007941848851758193	-0.001292214702067529	-0.004889224132143211	-0.00243052158388668	-0.00318722619211087	-0.0096887409933617	-0.0035319913176163897	-0.0004306779049363385
-0.005819929266803747	-0.0007929395056076594	-0.003953083138780844	-0.0018688369878689937	-0.002188675799191353	-0.008502962401769842	-0.0023462127260245325	0.0006302818875414395
-0.0051334258716713155	-0.0009177583047224047	-0.0033913985427636018	-0.001993655786984183	-0.002375903997863693	-0.007317183810177763	-0.0019717563286796302	-0.0003682685053787438
-0.002075365293354281	-0.00016884551003326642	-0.0017687541542688034	-0.0008078771953918817	-0.0010653066071564243	-0.00544490182345303	-0.0002242931410691984	0.0005678724879838448
-0.002075365293354281	-0.0002936643091475677	-0.0012694789578089338	-0.0008078771953918817	-0.0011901254062713917	-0.005195264225222873	-3.70649423973024e-05	-0.0002434497062633323
-0.0005151303044172995	-4.402671091807697e-05	-0.0007077943617916915	-0.00012137380025944999	-0.0004412126115820314	-0.004259123231860951	0.00071184785229228	0.0005054630884264721
-0.0011392242999921365	-0.00016884551003326642	-0.0005829755626765021	-0.0004958301976043522	-0.0008780784084845283	-0.003759848035400859	0.00046221025406278926	-0.0002434497062633323
0.00023378249027250497	0.0005176578850996094	0.0001659372320135244	0.0003779013962001976	-4.346814678868327e-06	-0.0028237070420384924	0.0013983512474251558	0.0007551006866561849
