Sensor_1	Sensor_2	Sensor_3	Sensor_4	Sensor_5	Sensor_6	Sensor_7	Sensor_8
0.006743638307774358	0.001120523323415057	0.0029601870374611483	0.0020548045166701723	0.0021756072709238072	0.00012747119859657374	0.0034709954909588614	0.00034641273365387804
0.004746537521934879	0.0009332951247427168	0.0022736836423282725	0.001493119920653152	0.0014891038757913755	-0.0006214415960938968	0.002534854497596939	-0.00021527186236336426
0.0053082221179519	0.0009332951247427168	0.002211274242771122	0.001680348119325492	0.0017387414740219764	-0.0005590321965363021	0.0027844920958264296	0.0004712315327690675
0.0011892017471584193	0.0001219729304955397	0.0001517640573738266	0.00036975072861822333	0.00017850648508432876	-0.0021192671854735057	0.0006625725108722058	-0.0004649094605932991
0.0010019735484856351	0.0001219729304955397	-0.0004723299382007884	0.000244931929503478	0.00024091588464192348	-0.0023064953841458458	0.0004753443121996437	0.00022159393453913268
0.00025306075379516457	-0.0001276646677343951	-0.0007219675364309452	-0.00012952446784164628	-0.0002583593118181682	-0.0026185423819338194	3.847851529736879e-05	-0.0005897282597080444
0.0010019735484856351	0.00024679172961072915	-0.0005971487373159778	0.0003073413290606286	0.00017850648508432876	-0.0023064953841458458	0.00041293491264204896	0.0002840033340967274
-5.898624399192087e-05	-0.00031489286640695724	-0.0011588333333332201	-0.0003167526665137643	-0.0004455875104900642	-0.0029929987792787216	-0.0002111590829330101	-0.0007769564583810507
0.00025306075379516457	-6.525526817724447e-05	-0.0010964239337760695	5.77037308306938e-05	-0.00013354051270297873	-0.0028057705806063815	-2.3930884260225938e-05	0.00015918453498153795
-0.0004334426413368231	-0.0004397116655221467	-0.001408470931563599	-0.0005039808651865485	-0.0006328157091628483	-0.0034922739757385912	-0.0005232060807203176	-0.0007145470588234559
0.00044028895246794875	-0.0001276646677343951	-0.0012212427328908149	-6.711506828405156e-05	-0.00013354051270297873	-0.0031802269779506176	-2.3930884260225938e-05	0.00015918453498153795
-0.0004334426413368231	-0.0004397116655221467	-0.0014708803311209717	-0.0005039808651865485	-0.0006328157091628483	-0.003991549172198683	-0.0005856154802779123	-0.0007769564583810507
-0.00018380504310688828	-0.0002524834668493625	-0.0016581085297933118	-0.0003167526665137643	-0.00038317811093335763	-0.003991549172198683	-0.0003359778820479775	-2.804366369102418e-05
-0.0008078990386815033	-0.0006269398641940427	-0.0017829273289085013	-0.0006912090638593327	-0.0008200439078354105	-0.0046780525673306705	-0.0007104342793931018	-0.0009641846570533907
-0.000246214442664483	-6.525526817724447e-05	-0.0017829273289085013	-0.0003167526665137643	-0.00038317811093335763	-0.005052508964675573	-0.0003359778820479775	0.0002840033340967274
-0.0011199460364688107	-0.00031489286640695724	-0.002219793125810554	-0.0005039808651865485	-0.0008200439078354105	-0.005551784161135442	-0.0007104342793931018	-0.0005897282597080444
-0.0004334426413368231	-0.0001276646677343951	-0.002719068322270868	-0.0005039808651865485	-0.0006328157091628483	-0.007236837949187391	-0.00039838728160512815	0.00015918453498153795
-0.0004958520408944178	-0.0001276646677343951	-0.002906296520942986	-0.0005663902647441432	-0.0009448627069501558	-0.009858032730601929	-0.0007728436789502524	-0.0005273188601508938
0.000377879552910354	0.0004964293278404419	-0.00328075291828811	0.00018252252994588325	-0.0003207687113757629	-0.011543086518654766	-0.0002735684824903828	0.0005336409323266622
-0.0007454896391247967	-0.0002524834668493625	-0.004591350308995379	-0.0006912090638593327	-0.0012569097047376854	-0.015038012893873853	-0.0012721188754099	-0.0004649094605932991
-0.0004958520408944178	5.9563530937944975e-05	-0.005901947699702426	-6.711506828405156e-05	-0.0010696815060653453	-0.015724516289006285	-0.0009600718776225925	0.00034641273365387804
-0.002992228023193544	-0.0005645304646373361	-0.008023867284657316	-0.0017521688563362225	-0.002380278896772836	-0.02134136224917982	-0.002769944464789953	-0.0005897282597080444
-0.006112698001068395	-0.0006893492637516374	-0.010707471465629226	-0.002251444052796092	-0.003004372892347229	-0.027083027008468985	-0.004579817051957091	0.0005960503318842569
-0.008609073983367965	-0.0011262150606541343	-0.013016619249256234	-0.002313853452353687	-0.004252560883497347	-0.029766631189441117	-0.005578367444877053	-0.00021527186236336426
-0.008421845784695181	-0.0013758526588845132	-0.015512995231555582	-0.003125175646600864	-0.004439789082170131	-0.03201336957351075	-0.005703186243991798	0.00015918453498153795
-0.007610523590448004	-0.001438262058442108	-0.015512995231555582	-0.003562041443503361	-0.004939064278629335	-0.03613238994430468	-0.0060152332417791055	-0.00040250006103570435
-0.005863060402838016	-0.0011262150606541343	-0.015200948233768274	-0.0026259004501414385	-0.003628466887922066	-0.03794226253147159	-0.005328729846646674	0.00034641273365387804
-0.00742329539177522	-0.0013758526588845132	-0.01594986102845808	-0.0019393970550085626	-0.004127742084382158	-0.03351119516289036	-0.005453548645761863	-0.0005897282597080444
-0.006175107400625546	-0.0011262150606541343	-0.016761183222705478	-0.002251444052796092	-0.004065332684825007	-0.030453134584573105	-0.004642226451514686	-2.804366369102418e-05
-0.004115597215228695	-0.001001396261539167	-0.016386726825360576	-0.0028131286488137786	-0.003815695086594628	-0.030453134584573105	-0.003581266659037574	-0.0007769564583810507
-0.00037103324177922836	-0.0004397116655221467	-0.012954209849698639	-0.002251444052796092	-0.0026923258945601436	-0.031451684977493066	-0.002333078667887456	0.0002840033340967274
-0.0008078990386815033	-0.0004397116655221467	-0.01264216285191111	-0.000816027862974078	-0.002005822499427712	-0.02808157740138828	-0.0019586222705423317	-0.0005273188601508938
-0.000870308438239098	-0.0001276646677343951	-0.01245493465323877	-4.7056687269009245e-06	-0.0016937755016406264	-0.02402496643015195	-0.0010224812771801872	0.0002840033340967274
-0.0006830802395663138	-0.0004397116655221467	-0.0119556594567789	-0.0013777124589913203	-0.002193050698100496	-0.023900147631036983	-0.0012721188754099	-0.0005273188601508938
0.0030614837338824863	0.0003716105287254745	-0.00796145788509972	0.00012011313038873261	-0.0002583593118181682	-0.021903046845197505	0.0009122101091021406	0.00040882213321147276
0.005058584519722409	0.0006212481269551873	-0.004840987907225314	0.001056254123750655	0.0004905534828718583	-0.015474878690775906	0.0024100356984813054	-0.0004649094605932991
0.006244363111314488	0.001307751522087619	-0.0032183435187305154	0.0019923951171125776	0.0013642850766766301	-0.008297797741664725	0.004157498886091293	0.0005336409323266622
0.006743638307774358	0.0007460669260699326	-0.0025318401235980836	0.0006193883268481581	0.0007401910811017931	-0.008297797741664725	0.0037206330891890182	-0.0005273188601508938
0.008116645098039221	0.001307751522087619	0.0005262204547187288	0.001929985717555871	0.0018635602731367218	-0.006924790951399862	0.00490641168078132	0.0005336409323266622
0.006556410109102018	0.001120523323415057	0.001961636644541187	0.001929985717555871	0.0016763320744643817	-0.00480287136644586	0.0047191834821089795	-0.00040250006103570435
0.006431591309987272	0.0013701609216454358	0.0009630862516212257	0.0018051669184406816	0.001801150873578683	-0.004740461966887821	0.004219908285648888	0.0007208691309990023
0.005183403318837154	0.000683657526512782	0.0006510392538339183	0.0007442071259633476	0.0009274192797743552	-0.0051149183642331675	0.0030341296940568085	-0.00040250006103570435
0.0038103965285722907	0.0008084763256279714	0.000900676852063631	0.0009938447241930604	0.0008026004806591658	-0.0032426363775082123	0.0030965390936141812	0.00040882213321147276
0.0001282419546808633	0.0003092011291674357	-0.0009091957351032853	-0.000191933867399241	-0.0002583593118181682	-0.007860931944762672	0.001224257106889226	-0.0003400906614785537
0.0007523359502552562	0.00024679172961072915	-0.002469430724040489	-6.711506828405156e-05	0.00024091588464192348	-0.008921891737239562	0.0009746195086597353	0.00034641273365387804
0.0013764299458303153	-0.00019007406729198983	-0.0037800281147479797	-0.000816027862974078	-0.0006952251087204431	-0.008797072938124595	0.00022570671396926478	-0.0004649094605932991
-0.0004334426413368231	0.0003716105287254745	-0.004279303311208071	0.000244931929503478	-0.0002583593118181682	-0.006051059357595534	0.0005377537117572384	0.00040882213321147276
0.000377879552910354	-2.8458686196497496e-06	-0.004528940909437784	-0.0005039808651865485	-0.0005079969100476589	-0.01010767032883142	-8.634028381782066e-05	-0.0005273188601508938
0.0006899265506983276	0.0001219729304955397	-0.005153034905012399	0.00012011313038873261	-0.00013354051270297873	-0.010918992523079485	0.00022570671396926478	0.00034641273365387804
-0.0006830802395663138	-6.525526817724447e-05	-0.005277853704127589	-0.0003167526665137643	-0.0010072721065077506	-0.008859482337682634	3.847851529736879e-05	-0.00040250006103570435
0.0005026983520255435	0.00018438233005313442	-0.0044665315098804115	-0.0002543432669566137	-0.0005704063096052536	-0.008984301136797157	0.00041293491264204896	0.00040882213321147276
-0.0005582614404520125	-0.00031489286640695724	-0.004341712710765222	-0.0005663902647441432	-0.0008824533073932272	-0.009545985732814621	-0.0002735684824903828	-0.0005897282597080444
0.00019065135423845803	0.00024679172961072915	-0.0036552093156327903	-0.0002543432669566137	-0.00019594991226101754	-0.008297797741664725	0.00022570671396926478	0.0005336409323266622
-0.000870308438239098	-2.8458686196497496e-06	-0.0032183435187305154	-0.00037916206607135905	-0.0007576345082778158	-0.006425515754939992	-2.3930884260225938e-05	-0.0003400906614785537
-0.0004958520408944178	0.00018438233005313442	-0.0035927999160751956	-0.00037916206607135905	-0.0005079969100476589	-0.005801421759365377	-2.3930884260225938e-05	0.0005336409323266622
-0.0011199460364688107	-2.8458686196497496e-06	-0.0037800281147479797	-0.0009408466620886013	-0.0008824533073932272	-0.005364555962462658	-0.0002735684824903828	-0.00040250006103570435
-0.0006206708400091632	-2.8458686196497496e-06	-0.004029665712977248	-0.0006912090638593327	-0.0007576345082778158	-0.005489374761578292	-2.3930884260225938e-05	0.0002840033340967274
-0.0009951272373540654	-0.00019007406729198983	-0.004528940909437784	-0.000816027862974078	-0.0010696815060653453	-0.00623828755626743	-0.0003359778820479775	-0.0005273188601508938
6.583255512326858e-05	0.00024679172961072915	-0.004903397306782908	-0.0003167526665137643	-0.0004455875104900642	-0.007112019150072646	0.00022570671396926478	0.0005336409323266622
-0.0006830802395663138	-0.0001276646677343951	-0.005589900701914896	-0.0007536184634160392	-0.0010696815060653453	-0.009421166933699432	-0.0002735684824903828	-0.0005273188601508938
-5.898624399192087e-05	-2.8458686196497496e-06	-0.00577712890058768	-0.0003167526665137643	-0.0006328157091628483	-0.010544536125734583	-0.0002111590829330101	0.00022159393453913268
-0.0036787314183259756	-0.0006269398641940427	-0.007649410887312413	-0.0013153030594337256	-0.002005822499427712	-0.011418267719539132	-0.0018338034714275864	-0.0005897282597080444
-0.008047389387350501	-0.0008765774624244216	-0.010832290264743971	-0.002750719249256184	-0.0030667822919048238	-0.013103321507591525	-0.0038933136568246596	0.0004712315327690675
-0.008172208186465246	-0.001438262058442108	-0.011706021858548965	-0.003749269642176145	-0.003815695086594628	-0.016161382085908782	-0.004642226451514686	-0.0005273188601508938
-0.007048838994430318	-0.0010638056610972058	-0.011393974860761436	-0.0028755380483713733	-0.003004372892347229	-0.018096073472190666	-0.004267770054169784	0.00040882213321147276
-0.008234617586022397	-0.0013758526588845132	-0.01214288765545124	-0.0028755380483713733	-0.00344123868925017	-0.01803366407263307	-0.004704635851072281	-0.0003400906614785537
-0.007860161188677495	-0.0007517586633092321	-0.01226770645456643	-0.002064215854123752	-0.003191601091020013	-0.015287650492103566	-0.0038933136568246596	0.0006584597314414076
-0.006674382597085637	-0.0007517586633092321	-0.012018068856336273	-0.002688309849698589	-0.003004372892347229	-0.015849335088120586	-0.003581266659037574	-9.045306324817481e-05
-0.0035539126192112303	-0.00031489286640695724	-0.010582652666514036	-0.0020018064545666014	-0.002005822499427712	-0.017222341878385894	-0.002333078667887456	0.0008456879301135256
-0.0028674092240787985	-0.000377302265964774	-0.010083377470054167	-0.0015649406576636604	-0.0020682318989853066	-0.016972704280155515	-0.0020210316701003705	-0.00015286246280576954
-0.00030862384222163364	0.0005588387273980366	-0.008710370679789303	-0.000191933867399241	-0.0005704063096052536	-0.015474878690775906	-0.0005232060807203176	0.0010329161287863098
-0.0008078990386815033	-0.0002524834668493625	-0.008398323682001774	-0.0006912090638593327	-0.0013193191042957242	-0.015162831692988599	-0.0009600718776225925	-0.00021527186236336426
-0.0006830802395663138	0.00018438233005313442	-0.007274954489967289	-0.0003167526665137643	-0.0010072721065077506	-0.013415368505378611	-0.0004607966811627229	0.0006584597314414076
-0.0007454896391247967	0.0001219729304955397	-0.006401222896162073	-0.0006912090638593327	-0.0013193191042957242	-0.012229589913786754	-0.00039838728160512815	-9.045306324817481e-05
0.002749436736095179	0.0006212481269551873	-0.004653759708552974	5.77037308306938e-05	-0.00019594991226101754	-0.011293448920424387	0.0010994383077740366	0.0006584597314414076
0.005932316113527181	0.0011829327229726516	-0.0017205179293509065	0.000869025925078315	0.0009274192797743552	-0.010045260929274713	0.0025972638971540896	3.4365735866570546e-05
0.006930866506446698	0.0013701609216454358	-0.0007219675364309452	0.0018051669184406816	0.0016763320744643817	-0.007923341344319823	0.003533404890516456	0.0006584597314414076
0.005620269115739207	0.001120523323415057	-0.0004723299382007884	0.0015555293202107467	0.00117705687800429	-0.007548884946974699	0.0030965390936141812	-0.000277681261920959
0.0074301417029067895	0.0016822079194327433	-0.0006595581368733505	0.0018051669184406816	0.001988379072251467	-0.006924790951399862	0.004032680086976548	0.0007208691309990023
0.00711809470511926	0.0012453421225302463	-0.0009716051346608801	0.001056254123750655	0.0014891038757913755	-0.007673703746089888	0.0036582236896314235	-0.0003400906614785537
0.005932316113527181	0.001120523323415057	-0.0023446119249257436	0.000869025925078315	0.0009274192797743552	-0.008110569542992385	0.0027844920958264296	0.00040882213321147276
0.0038728059281301075	0.0011829327229726516	-0.0035927999160751956	0.0009938447241930604	0.0004905534828718583	-0.010170079728389902	0.0022228074998094094	3.4365735866570546e-05
0.0038728059281301075	0.0011829327229726516	-0.004716169108110568	0.000869025925078315	0.0006777816815441984	-0.012354408712901943	0.0021603981002518147	0.0008456879301135256
0.0005651077515826941	0.0003092011291674357	-0.007649410887312413	-0.0003167526665137643	-0.0008200439078354105	-0.015100422293431004	3.847851529736879e-05	-0.000277681261920959
0.0011892017471584193	0.0005588387273980366	-0.008211095483329212	-0.00012952446784164628	-7.11311131458281e-05	-0.014725965896086324	0.00041293491264204896	0.0005336409323266622
6.583255512326858e-05	0.0001219729304955397	-0.008710370679789303	-0.0005663902647441432	-0.0009448627069501558	-0.015038012893873853	-0.0002111590829330101	-0.00040250006103570435
0.000814745349812851	0.0003092011291674357	-0.008523142481116963	-0.0003167526665137643	-0.0005704063096052536	-0.014226690699626676	0.00016329731441211415	0.00034641273365387804
-0.0005582614404520125	-0.0002524834668493625	-0.008772780079346898	-0.0008784372625314507	-0.0010696815060653453	-0.012666455710689029	-0.0005232060807203176	-0.0005273188601508938
-0.0004334426413368231	0.0001219729304955397	-0.008647961280232153	-0.000628799664301738	-0.0010072721065077506	-0.01010767032883142	-0.0002735684824903828	0.0002840033340967274
-0.0011823554360264055	-0.0001276646677343951	-0.008647961280232153	-0.0011904842603189802	-0.0014441379034100255	-0.010419717326619393	-0.0005856154802779123	-0.0005897282597080444
-0.00012139564354929355	0.00024679172961072915	-0.008335914282444401	-0.0005039808651865485	-0.0009448627069501558	-0.009858032730601929	-2.3930884260225938e-05	0.00034641273365387804
-0.0009327178377966927	-0.00019007406729198983	-0.008710370679789303	-0.001440121858548471	-0.001756184901197777	-0.0107317643244067	-0.0009600718776225925	-0.0005897282597080444
-0.00012139564354929355	0.00024679172961072915	-0.008585551880674558	-0.0007536184634160392	-0.0008824533073932272	-0.009046710536354752	-0.0006480248798346189	0.00040882213321147276
-0.0004334426413368231	-6.525526817724447e-05	-0.008523142481116963	-0.0005663902647441432	-0.0010072721065077506	-0.008921891737239562	-0.001084890676737782	-0.00040250006103570435
-0.000870308438239098	0.0001219729304955397	-0.008897598878461643	-0.0003167526665137643	-0.0008200439078354105	-0.008984301136797157	-0.0005232060807203176	0.00040882213321147276
-0.001307174235141595	-0.0002524834668493625	-0.008647961280232153	-0.0009408466620886013	-0.0015065473029676202	-0.010544536125734583	-0.000835253078507403	-0.0005273188601508938
0.0006899265506983276	0.0004964293278404419	-0.007524592088197224	-0.0005039808651865485	-0.0006328157091628483	-0.010170079728389902	3.847851529736879e-05	0.0004712315327690675
-0.0011199460364688107	-0.00019007406729198983	-0.007649410887312413	-0.0009408466620886013	-0.001568956702525215	-0.009858032730601929	-0.0005232060807203176	-0.0005273188601508938
-0.0007454896391247967	-2.8458686196497496e-06	-0.007462182688639629	-0.0008784372625314507	-0.0011945003051805347	-0.008859482337682634	-0.0007728436789502524	0.00040882213321147276
-0.00030862384222163364	-6.525526817724447e-05	-0.006900498092622165	-0.0009408466620886013	-0.0010072721065077506	-0.009795623331044778	-0.000835253078507403	-0.0004649094605932991
