Sensor_1	Sensor_2	Sensor_3	Sensor_4	Sensor_5	Sensor_6	Sensor_7	Sensor_8
-0.0006772605630578354	-0.0002953524834061749	-0.000887839238575161	-0.00038579306477459774	-0.000532689188982749	-0.0018607050431060923	-0.0004431410620280296	-0.0005800017547876735
-0.00024039476615556055	-0.00017053368429098548	-0.0010126580376899064	-0.00019856486610181356	-0.0002830515907523701	-0.0018607050431060923	-0.00031832226291284016	0.000168911039902353
-0.000989307560845143	-0.0005449900816356656	-0.001324705035477658	-0.0006978400625619052	-0.0007823267872124617	-0.0024847990386818175	-0.0007551880598155591	-0.0008920487525743148
-0.00017798536659796582	-0.00023294308384880225	-0.0010126580376899064	-0.00019856486610181356	-0.0002830515907523701	-0.002172752040894066	-0.00013109406424050007	4.409224078760765e-05
-0.0008644887617308417	-0.0006073994811932604	-0.0015743426337075928	-0.00094747766079184	-0.0010319643854428406	-0.0043570810254061065	-0.0008175974593727098	-0.0009544581521323536
0.00038369922941972057	-0.00023294308384880225	-0.001075067437247501	-0.0002609742656594083	-0.00022064219119566353	-0.004606718623636485	-0.0001935034637980948	0.00010650164034520238
-0.0010517169604031817	-0.0007322182803084498	-0.0016991614328223381	-0.0006354306630045325	-0.0009695549858852459	-0.005105993820096133	-0.0008800068589303045	-0.0008296393530176083
-0.00017798536659796582	1.6694514381576653e-05	-0.0014495238345924033	5.10727321278992e-05	-0.00022064219119566353	-0.0047939468223088255	-0.00031832226291284016	0.00023132043945994774
-0.00448423393606423	-0.0007946276798656005	-0.003633852819104444	-0.0015091622568093044	-0.0019056959792476125	-0.006666228809033337	-0.0025026512474248808	-0.0005800017547876735
-0.007791932112611644	-0.0012314934767685415	-0.005880591203174079	-0.0023828938506142983	-0.002841836972609535	-0.00841369199664288	-0.004374933234149614	0.00023132043945994774
-0.008603254306859043	-0.001730768673228411	-0.006442275799191544	-0.0029445784466313185	-0.0035283403677419667	-0.009100195391775312	-0.0048742084306092615	-0.0008296393530176083
-0.008478435507743853	-0.0017931780727857838	-0.007191188593881126	-0.002882169047074168	-0.003465930968184372	-0.008912967193102528	-0.005061436629282046	-0.0002679547569999219
-0.009913851697566312	-0.002354862668802804	-0.007877691989014002	-0.0036310818417641944	-0.004339662561989588	-0.010535611581597326	-0.005872758823529223	-0.0012040957503622884
-0.006606153521019564	-0.0012314934767685415	-0.006379866399633949	-0.0023204844510567035	-0.0027170181734952337	-0.010285973983367613	-0.00418770503547683	4.409224078760765e-05
-0.007292656916151552	-0.001543540474555627	-0.006691913397421256	-0.0023828938506142983	-0.0033411121690696266	-0.01059802098115492	-0.004437342633707209	-0.0007672299534600135
-0.004359415136949929	-0.0007322182803084498	-0.005943000602731674	-0.001571571656366677	-0.0021553335774773252	-0.010161155184252868	-0.0030019264438847504	0.000168911039902353
-0.004172186938277145	-0.0006698088807508551	-0.006192638200961165	-0.001571571656366677	-0.0027170181734952337	-0.011159705577172607	-0.0025650606469824755	-0.0005175923552300787
-0.003922549340047432	-0.00017053368429098548	-0.007440826192111505	-0.0006978400625619052	-0.0027170181734952337	-0.01209584657053453	-0.0018785572518504878	0.00035613923857491514
-0.005357965529869446	-0.00023294308384880225	-0.010935752567330592	-0.002694940848401828	-0.004589300160219523	-0.023329538490882484	-0.0025650606469824755	-0.0003303641565575166
-0.0011141263599603324	-4.571488517601807e-05	-0.01255839695582539	-0.0030069878461889132	-0.0040276155642025024	-0.04642101632715323	-0.0027522888456552597	0.00035613923857491514
0.0020687530174716695	-0.00010812428473339075	-0.014181041344319967	-0.0023828938506142983	-0.003465930968184372	-0.067952259174487	-0.00312674524299994	-0.00039277355611466724
0.005314041794460822	0.00020392271305391674	-0.018300061715114335	0.00042552912947302346	-0.0014688301823448935	-0.0765023469138626	-0.0013792820553903962	0.00010650164034520238
0.006187773388266038	0.000578379110398819	-0.021295712893873553	0.0017985359197374429	-0.0014688301823448935	-0.07531656832227052	0.0001809529335472515	-0.0006424111543452682
0.007186323781185333	0.0008280167086287538	-0.023792088876173123	0.0006127573281453635	-0.001593648981460083	-0.07581584351873061	0.001117093926909618	0.00010650164034520238
0.00849692117189238	0.0010776543068586886	-0.025165095666437987	0.00023830093080023929	-0.0010319643854428406	-0.07375633333333331	0.0020532349202719846	-0.00045518295567226197
0.008933786968795765	0.0011400637064158392	-0.02260631028458082	0.0005503479285877688	-0.0007823267872124617	-0.06520624559395727	0.0024901007171740375	4.409224078760765e-05
0.0050019947966732925	0.0006407885099564137	-0.02260631028458082	0.0006751667277025142	-0.001780877180132423	-0.05559519806210411	0.00217805371938673	-0.0008920487525743148
0.00462753839932839	0.0005159697108414463	-0.022169444487678547	-0.0005730212634464937	-0.0017184677805752724	-0.0505400366979476	0.00199082552071439	-1.8317158769987074e-05
0.003004894010833592	0.0003287415121691062	-0.014555497741664869	0.00017589153124264456	-0.0020929241779199526	-0.039618391775387396	0.0022404631189441027	-0.0008296393530176083
-0.0029239989471274708	0.00045356031128340746	-0.016677417326619537	-0.0017587998550390171	-0.003091474570839692	-0.03194203562981612	0.0016163691233692656	0.00010650164034520238
-0.001613401556420424	7.910391393872729e-05	-0.013494537949187535	-0.003880719439993907	-0.0035283403677419667	-0.0401176669718466	0.0010546845273520233	-0.0005175923552300787
0.00462753839932839	0.00020392271305391674	-0.010498886770428317	-0.0023828938506142983	-0.0014688301823448935	-0.04404945914396885	0.00217805371938673	0.00029372983901754246
0.0002588804303045311	-0.00023294308384880225	-0.010810933768215625	-0.0013219340581369643	-0.0024673805752648548	-0.033002995422293235	0.0010546845273520233	-0.0006424111543452682
-0.0021750861524374443	0.00026633211261151146	-0.011122980766002932	-0.0010722964599065854	-0.0020929241779199526	-0.028696746852826527	0.0006178187304495264	0.00041854863813250986
-0.0011141263599603324	-4.571488517601807e-05	-0.011747074761577991	-0.0008850682612346894	-0.0017184677805752724	-0.02794783405813739	5.6134134432062055e-05	-0.0005800017547876735
0.0009453838254365188	-0.00017053368429098548	-0.013494537949187535	-0.0021332562523841414	-0.001593648981460083	-0.029570478446631743	-0.0004431410620280296	-1.8317158769987074e-05
-0.0019254485542075095	-0.00023294308384880225	-0.015928504531929732	-0.0025701220492866383	-0.0031538839703972865	-0.025638686274509714	-0.0008800068589303045	-0.0006424111543452682
-0.0027367707484551307	-0.00035776188296332556	-0.017363920721751747	-0.002195665651941736	-0.0035907497672995614	-0.025201820477607217	-0.001004825658045272	-1.8317158769987074e-05
9.242832074374263e-06	-0.0005449900816356656	-0.016490189127946975	-0.003069397245746508	-0.0022801523765925147	-0.030319391241321325	-0.0014416914549479909	-0.0008296393530176083
-0.0006772605630578354	-0.0004825806820780709	-0.016677417326619537	-0.00044820246433219246	-0.001968105378804763	-0.026824464866102016	-0.0015041008545046974	-0.00014313595788517652
-0.0018630391546503589	-0.0007322182803084498	-0.015803685732814543	-0.0008850682612346894	-0.0025297899748224495	-0.02819747165636688	-0.0019409666514080826	-0.0010168675516895043
-0.00030280416571315527	-0.0006073994811932604	-0.014305860143434934	-0.00094747766079184	-0.001593648981460083	-0.026512417868314042	-0.0014416914549479909	-0.00014313595788517652
-0.001176535759517927	-0.0007322182803084498	-0.011934302960250331	-0.0014467528572517097	-0.0025297899748224495	-0.022268578698405372	-0.0015665102540622922	-0.001079276951247099
-0.0013013545586326725	-0.0006073994811932604	-0.009999611573968448	-0.0020708468528265467	-0.002217742977035142	-0.01552836354619691	-0.0011296444571600173	-0.0003303641565575166
-0.0036105023422594584	-0.0007322182803084498	-0.007940101388571597	-0.0018836186541542066	-0.0027170181734952337	-0.007976826199740827	-0.001816147852292449	-0.0010168675516895043
-0.0006772605630578354	-0.0002953524834061749	-0.006005410002288825	-0.002008437453269396	-0.0015312395819029323	-0.0077271886015104485	-0.0010672350576024225	4.409224078760765e-05
-0.0022999049515524117	-0.0005449900816356656	-0.006005410002288825	-0.0016963904554818665	-0.0022801523765925147	-0.005168403219653284	-0.001192053856717612	-0.0008296393530176083
-0.001987857953765104	-0.0005449900816356656	-0.006130228801404014	-0.001821209254597056	-0.002217742977035142	-0.007602369802395703	-0.0013168726558328014	-0.00014313595788517652
-0.006481334721904375	-0.001543540474555627	-0.009625155176623545	-0.002882169047074168	-0.003465930968184372	-0.00610454421301565	-0.003938067437247561	-0.0011416863508046937
-0.007916750911726833	-0.001543540474555627	-0.011934302960250331	-0.0029445784466313185	-0.003715568566414751	-0.011471752574959693	-0.0048742084306092615	-0.00014313595788517652
-0.008166388509956324	-0.00216763447013002	-0.01318249095140045	-0.0037559006408784956	-0.004277253162432437	-0.014467403753719354	-0.005373483627069131	-0.0012665051499196611
-0.008790482505531605	-0.0019179968719005291	-0.01355694734874513	-0.002882169047074168	-0.004090024963759653	-0.01452981315327695	-0.0053110742275119804	-0.00039277355611466724
-0.008041569710841134	-0.0014811310749980322	-0.013120081551842855	-0.003069397245746508	-0.003653159166856934	-0.0145922225528341	-0.005248664827954386	-0.0007672299534600135
-0.007479885114824336	-0.0018555874723433785	-0.012808034554055325	-0.002819759647516129	-0.0035283403677419667	-0.011971027771419784	-0.0049366178301673	-0.0002679547569999219
-0.007043019317921839	-0.0017931780727857838	-0.011497437163348057	-0.003069397245746508	-0.003715568566414751	-0.009537061188677809	-0.004624570832379993	-0.001079276951247099
-0.004546643335622269	-0.0012314934767685415	-0.009001061181048264	-0.002195665651941736	-0.002404971175707704	-0.006541410009918147	-0.0033763828412296526	-0.00014313595788517652
-0.003548092942702308	-0.001106674677653352	-0.006754322796979073	-0.0019460280537118013	-0.002404971175707704	-0.0037953964293893083	-0.00262747004654007	-0.0010168675516895043
-0.00180062975509232	-0.0006073994811932604	-0.005506134805829177	-0.0014467528572517097	-0.0017184677805752724	-0.000674926451514013	-0.001628919653620331	-1.8317158769987074e-05
-0.001426173357747862	-0.0004201712825213644	-0.004694812611582	-0.001384343457694115	-0.0016560583810172336	-0.0014862486457616342	-0.0011296444571600173	-0.0005800017547876735
-0.0004900323643850513	-0.00017053368429098548	-0.004632403212024405	-0.0008226588616770947	-0.0012191925841156248	-0.0022975708400092554	-0.0008175974593727098	0.00023132043945994774
-0.0013013545586326725	-0.0006698088807508551	-0.005568544205386772	-0.0011971152590217748	-0.001780877180132423	-0.004107443427176616	-0.001192053856717612	-0.0008296393530176083
0.003004894010833592	0.000141513313496322	-0.004757222011139595	-7.37460669870682e-05	-0.0001582327916380688	-0.005168403219653284	0.0008674563286796833	-8.07265583275818e-05
0.006000545189593254	0.0003911509117267009	-0.0035090340199894765	0.0007375761272601089	0.000528270603494807	-0.006978275806820866	0.0020532349202719846	-0.0008296393530176083
0.006624639185168535	0.0008904261081859044	-0.0039458998168919734	0.001548898321507508	0.0012771833981843894	-0.007415141603722919	0.0026773289158468216	0.000168911039902353
0.006375001586938378	0.0007031979095140084	-0.00450758441290966	0.0011120325246054552	0.0009651364003968599	-0.009225014190890057	0.0023028725185016974	-0.0007048205539024188
0.00849692117189238	0.0012648825055310287	-0.003009758823529607	0.002172992317082123	0.0020885055924315665	-0.008476101396200475	0.003613469909208744	0.00029372983901754246
0.00706150498207081	0.001015244907301538	-0.0025104836270699593	0.0016737171206226975	0.0014644115968567295	-0.009474651789120436	0.002989375913633907	-0.0006424111543452682
0.0050019947966732925	0.0006407885099564137	-0.0026353024261842606	0.0011120325246054552	0.0010899551995120493	-0.009037785992218161	0.0018660067215992004	-1.8317158769987074e-05
0.003816216205080769	0.0003911509117267009	-0.0018863896314951223	0.0007375761272601089	0.00021622360570749954	-0.00791441680018301	0.0014915503242542982	-0.0007048205539024188
0.0024432094148165717	0.0003287415121691062	-0.0021984366292819857	-1.1336667429695524e-05	-3.3413992523323444e-05	-0.007415141603722919	0.0009298657282368339	0.00010650164034520238
0.0002588804303045311	0.000141513313496322	-0.00238566482795477	-0.0006978400625619052	-0.0008447361867700565	-0.007539960402838108	-6.2752651250885805e-06	-0.00039277355611466724
0.00038369922941972057	0.000141513313496322	-0.00257289302662711	-0.0005106118638897872	-0.0005950985885401217	-0.006791047608148082	0.00011854353398965678	0.00023132043945994774
-0.0006148511635002407	-0.00023294308384880225	-0.003633852819104444	-0.0010722964599065854	-0.0012816019836723314	-0.0077271886015104485	-0.0004431410620280296	-0.0006424111543452682
9.242832074374263e-06	1.6694514381576653e-05	-0.005006859609369085	-0.0007602494621190559	-0.0009071455863276512	-0.009537061188677809	-0.0001935034637980948	0.000168911039902353
-0.0006148511635002407	-0.0005449900816356656	-0.006567094598306733	-0.0015091622568093044	-0.0015312395819029323	-0.012969578164339746	-0.0010672350576024225	-0.0009544581521323536
0.0006333368276492113	-4.571488517601807e-05	-0.007378416792553466	-0.0005730212634464937	-0.0005950985885401217	-0.01471704135194929	-0.0007551880598155591	0.00023132043945994774
-0.00017798536659796582	-0.0002953524834061749	-0.008689014183260735	-0.0005106118638897872	-0.0009695549858852459	-0.0157780011444264	-0.0013168726558328014	-0.0007048205539024188
-5.316656748322046e-05	-0.0004201712825213644	-0.00956274577706595	-0.0005730212634464937	-0.0009071455863276512	-0.013468853360799393	-0.0013792820553903962	-8.07265583275818e-05
0.0004461086289764271	-0.00017053368429098548	-0.008751423582818774	-0.0006354306630045325	-0.0007199173876555331	-0.01434258495460461	-0.0010672350576024225	-0.0006424111543452682
-0.00030280416571315527	-4.571488517601807e-05	-0.008127329587243493	-0.00019856486610181356	-0.0010319643854428406	-0.01228307476920687	-0.0008175974593727098	0.00023132043945994774
-0.0013637639581902672	-0.0002953524834061749	-0.007690463790341218	-0.0010722964599065854	-0.0015312395819029323	-0.0108476585793853	-0.0010672350576024225	-0.0005800017547876735
7.165223163196899e-05	0.000141513313496322	-0.006192638200961165	-0.0005106118638897872	-0.0008447361867700565	-0.008226463797970096	-6.2752651250885805e-06	0.00035613923857491514
-0.0006148511635002407	-0.00017053368429098548	-0.005131678408484053	-0.0010722964599065854	-0.0012816019836723314	-0.007227913405050579	-0.0005679598611432191	-0.00045518295567226197
-0.00017798536659796582	0.00026633211261151146	-0.0038834904173343787	-7.37460669870682e-05	-0.000532689188982749	-0.004419490424963701	0.00030577173266199686	0.0005433674372472552
-0.0012389451590755218	-4.571488517601807e-05	-0.0035714434195470712	-0.0006354306630045325	-0.0012191925841156248	-0.003982624628061204	5.6134134432062055e-05	-0.0003303641565575166
0.00013406163118934167	0.00020392271305391674	-0.0033218058213166923	-0.0006978400625619052	-0.0007823267872124617	-0.004107443427176616	0.000492999931334781	0.0004809580376901046
-0.0011141263599603324	-0.0002953524834061749	-0.004195537415121908	-0.0011347058594641801	-0.0014064207827875208	-0.004731537422751009	-0.0001935034637980948	-0.0005800017547876735
-0.0016758109559780188	-0.0002953524834061749	-0.005443725406271582	-0.0010098870603494348	-0.001344011383229926	-0.0060421348134580555	-0.0004431410620280296	0.000168911039902353
-0.006169287724116845	-0.0010442652780957573	-0.008876242381933519	-0.0023828938506142983	-0.0029042463721671297	-0.008725738994430188	-0.003064335843442345	-0.0005175923552300787
-0.007355066315709147	-0.0009818558785381626	-0.010935752567330592	-0.002445303250171893	-0.003091474570839692	-0.009973926985580528	-0.003750839238574777	0.0004809580376901046
-0.007979160311283984	-0.0014187216754408816	-0.011871893560692959	-0.0031318066453041027	-0.003653159166856934	-0.012532712367437249	-0.004374933234149614	-0.0005175923552300787
-0.008166388509956324	-0.001543540474555627	-0.012371168757152828	-0.0027573502479585343	-0.0035283403677419667	-0.013468853360799393	-0.004562161432822398	0.00010650164034520238
-0.008166388509956324	-0.0016059498741132217	-0.01255839695582539	-0.0029445784466313185	-0.003653159166856934	-0.012844759365225	-0.004562161432822398	-0.0005800017547876735
-0.0063565159227896295	-0.0009818558785381626	-0.011435027763790462	-0.002195665651941736	-0.0027794275730523843	-0.011409343175402098	-0.0031891546425570905	0.0005433674372472552
-0.005982059525444283	-0.0014187216754408816	-0.010810933768215625	-0.0029445784466313185	-0.003278702769512476	-0.011097296177615013	-0.0032515640421151293	-0.0007048205539024188
-0.0037977305409322426	-0.0008570370794231952	-0.009001061181048264	-0.002008437453269396	-0.002404971175707704	-0.008975376592660567	-0.002253013649195168	0.00023132043945994774
-0.0027991801480122813	-0.0007946276798656005	-0.007628054390784067	-0.0018836186541542066	-0.0021553335774773252	-0.007415141603722919	-0.0015665102540622922	-0.0005800017547876735
-0.001987857953765104	-0.0005449900816356656	-0.007253597993438721	-0.0015091622568093044	-0.001780877180132423	-0.005043584420538538	-0.0008800068589303045	-1.8317158769987074e-05
-0.001987857953765104	-0.0007946276798656005	-0.007003960395208342	-0.0019460280537118013	-0.002030514778362802	-0.007165504005493206	-0.001192053856717612	-0.0007672299534600135
-0.0007396699626154302	-0.0002953524834061749	-0.007128779194323531	-0.0013219340581369643	-0.0012191925841156248	-0.007477551003280514	-0.0004431410620280296	4.409224078760765e-05
