Sensor_1	Sensor_2	Sensor_3	Sensor_4	Sensor_5	Sensor_6	Sensor_7	Sensor_8
-0.00999922151522048	-0.0012621552147704662	-0.006260052834363483	-0.0023577803082324156	-0.0028752946517129896	-0.0065669073701080105	-0.004272135591667947	-0.00029985844205415724
-0.008251758327611158	-0.001324564614328061	-0.006072824635691143	-0.0021705521095596314	-0.0026880664530404275	-0.0065669073701080105	-0.003960088593880862	7.459795529118907e-05
-0.007065979736018857	-0.0011997458152128715	-0.005511140039673679	-0.002045733310444886	-0.0025008382543676433	-0.0065669073701080105	-0.0035856321965359594	-0.0006743148393988374
-0.004756831952391627	-0.0010125176165409755	-0.005011864843213587	-0.001608867513542389	-0.0018767442587932504	-0.0061300415732052915	-0.0027119006027311876	0.0001370073548483397
-0.003071778164339678	-0.0010125176165409755	-0.004138133249409259	-0.0014840487144276437	-0.0018143348592354336	-0.005880403974975135	-0.0020878066071561285	-0.000736724238955988
-0.0004505833829249184	-0.00032601422140809966	-0.002952354657816292	-0.00042308892194964365	-0.0005661468680857595	-0.0050690817807279576	-0.0007772092164488598	0.00026182615396352915
-0.0005754021820396638	-0.0005756518196380345	-0.0030147640573738865	-0.0007351359197371732	-0.0010030126649880344	-0.0056307663767452	-0.0009020280155640492	-0.0006119054398407986
0.0003607388113222587	-0.00013878602273620366	-0.0027651264591439517	-0.00023586072327708152	-0.0004413280689705701	-0.00581799457541754	-0.0004651622186615523	0.0003866449530787186
0.00017351061264991863	-0.0003884236209656944	-0.0027651264591439517	-0.0005479077210652772	-0.0008781938658737332	-0.006379679171435226	-0.0004651622186615523	-0.000549496040284092
0.004854215579461529	0.00023567037460914264	-0.001454529068436461	0.0005754614709696515	0.00043240352483375766	-0.00581799457541754	0.0012823009689484355	0.0003242355535211239
0.007662638559548407	0.00023567037460914264	-0.0003311598764019763	0.000887508468757181	0.0006820411230639145	-0.005755585175859945	0.0023432607614255474	-0.000736724238955988
0.007974685557335937	0.000797354970626607	-0.0005807974746319111	0.001511602464332018	0.000994088120851444	-0.006067632173647697	0.003029764156557979	0.00019941675440593443
0.008099504356451126	0.0007349455710685682	-0.0010800726710920028	0.0012619648661023053	0.0003075847257185682	-0.008439189356832077	0.003216992355229875	-0.000549496040284092
0.009909376943618042	0.0010469925688563197	-0.002141032463569559	0.0015740118638896128	0.00043240352483375766	-0.011871706332494458	0.004028314549477496	0.00026182615396352915
0.007662638559548407	0.0008597643701839797	-0.004637408445868685	0.0006378708705276903	-0.000690965667200949	-0.01961047187762288	0.0033418111543450646	-0.0004870866407264973
0.005291081376364026	0.0007349455710685682	-0.009130885214007955	1.3776874952409202e-05	-0.0018767442587932504	-0.031343438994430706	0.002405670160983142	0.0003866449530787186
0.005415900175479216	0.00023567037460914264	-0.013312314984359475	-0.00048549832150768246	-0.0030625228503857738	-0.043700500106813145	0.0009078445716035333	-0.0006743148393988374
0.004729396780346784	0.0007349455710685682	-0.020114939536125753	-0.0008599547188523626	-0.0025008382543676433	-0.055683104821850904	-0.0004651622186615523	0.00044905435263586924
0.002170611398489175	-0.00013878602273620366	-0.024982872701609926	-0.001608867513542389	-0.003873845044632507	-0.065543789951934	-0.0033984039978631753	-0.0006119054398407986
0.004479759182116405	-0.0002011954222929102	-0.029164302471961667	-0.0013592299153124543	-0.003374569848172859	-0.07084858891432089	-0.004771410788128039	7.459795529118907e-05
0.0005479670099950429	-0.00032601422140809966	-0.03540524242771026	-0.0006727265201800225	-0.004310710841535004	-0.060051762790874985	-0.006331645777065686	-0.0007991336385135828
0.001109651606011841	-1.3967223621014213e-05	-0.03665343041886038	-0.0025450085069047557	-0.004809986037994873	-0.05998935339131761	-0.007330196169985204	7.459795529118907e-05
4.869181353472918e-05	-0.00032601422140809966	-0.037776799610895084	-0.0026074179064619063	-0.0049972142366674355	-0.06335946096742195	-0.00807910896467523	-0.0006743148393988374
0.002420248996719554	-0.00013878602273620366	-0.036466202220187816	-0.0027322367055770957	-0.0037490262455177614	-0.06660474974441111	-0.00839115596246276	1.2188555733594342e-05
0.0017961550011442728	-0.0005756518196380345	-0.03540524242771026	-0.001858505111772324	-0.004248301441977631	-0.06042621918821989	-0.00914006875715212	-0.0009239524376287722
-0.0008874491798276374	-0.00026360482185050493	-0.03409464503700321	-0.0006103171206224278	-0.004185892042420036	-0.050003849462119554	-0.008515974761577727	7.459795529118907e-05
0.0003607388113222587	-7.637662317816485e-05	-0.02972598706797913	-0.0021081427100024808	-0.003811435645074912	-0.03471354657053527	-0.008016699565117635	-0.0004870866407264973
0.0012968798046844032	-1.3967223621014213e-05	-0.02467082570382284	-0.0021705521095596314	-0.0030625228503857738	-0.025851411833371696	-0.006706102174410367	0.0003242355535211239
-0.0010746773784999775	-0.00032601422140809966	-0.02336022831311535	-0.0013592299153124543	-0.0035617980468454213	-0.021857210261692073	-0.006144417578393346	-0.0006743148393988374
-0.0017611807736324092	-0.00013878602273620366	-0.022299268520638016	-0.0023577803082324156	-0.0028752946517129896	-0.02048420347142721	-0.005645142381932811	0.00019941675440593443
4.869181353472918e-05	-0.0003884236209656944	-0.01818024814984387	-0.0023577803082324156	-0.0029377040512705843	-0.020983478667887523	-0.005520323582818065	-0.0006743148393988374
-7.612698558001618e-05	-1.3967223621014213e-05	-0.016432784962233882	-0.0016712769130999838	-0.0020639724574658125	-0.01761337109178318	-0.004584182589456143	0.00026182615396352915
-0.0033838251621272075	-0.0003884236209656944	-0.016994469558251346	-0.0017960957122147292	-0.003187341649500075	-0.01492976691081127	-0.0043969543907831365	-0.0006119054398407986
0.00023592001220751335	-0.00013878602273620366	-0.01637037556267673	-0.002045733310444886	-0.0024384288548104927	-0.017550961692225586	-0.003648041596093332	0.00019941675440593443
-0.00020094578469564972	-0.00032601422140809966	-0.017743382352941373	-0.0011720017166398922	-0.002126381857022963	-0.01711409589532309	-0.0031487663996336845	-0.000549496040284092
-0.001573952574959625	-0.00013878602273620366	-0.018617113946746144	-0.001421639314869605	-0.0025008382543676433	-0.018986377882048044	-0.00346081339742077	0.00026182615396352915
-0.00594261054398415	-0.0007004706187530019	-0.019802892538338446	-0.002295370908674821	-0.003436979247730232	-0.02291817005416963	-0.005520323582818065	-0.00036226784161175196
-0.00862621472495606	-0.0010125176165409755	-0.021987221522850264	-0.0021081427100024808	-0.003624207446402572	-0.020921069268329928	-0.007018149172198118	0.0003866449530787186
-0.009250308720530898	-0.0011997458152128715	-0.021300718127718277	-0.003106693102921998	-0.004061073243305291	-0.020234565873197496	-0.007205377370870458	-0.00029985844205415724
-0.010373677912565604	-0.0011373364156557209	-0.020489395933470878	-0.0027322367055770957	-0.0043731202410930425	-0.01667723009842037	-0.007330196169985204	0.0003242355535211239
-0.00993681211566333	-0.001511792813000623	-0.019303617341878576	-0.0036683776989396844	-0.004622757839322533	-0.011684478133821674	-0.007642243167772511	-0.0004870866407264973
-0.008875852323185995	-0.0011997458152128715	-0.018305066948958615	-0.003481149500266678	-0.004497939040207344	-0.006629316769665161	-0.0071429679713124195	0.00026182615396352915
-0.008688624124513211	-0.0010749270160981261	-0.017119288357366536	-0.003918015297169175	-0.005059623636225252	-0.004195350186923186	-0.0071429679713124195	-0.000549496040284092
-0.004257556755931757	-0.0007628800183105966	-0.01786820115205634	-0.0036683776989396844	-0.0034993886472878266	-0.007128591966124809	-0.006269236377508092	0.00044905435263586924
-0.0016987713740748145	-0.0004508330205232891	-0.018242657549401242	-0.0021705521095596314	-0.0030625228503857738	-0.011247612336919177	-0.00595718937972034	-0.00036226784161175196
-0.0008250397802700427	0.00017326097505176996	-0.018804342145418707	-0.0010471829175247027	-0.0022512006561377085	-0.010061833745327098	-0.005208276585030758	0.0006362825513084314
-0.0018859995727471546	-0.00026360482185050493	-0.019740483138781073	-0.0013592299153124543	-0.0030625228503857738	-0.01180929693293642	-0.005707551781490849	-0.00029985844205415724
0.0014841080033571874	-1.3967223621014213e-05	-0.019990120737011008	-0.0017336863126571345	-0.002188791256580558	-0.015865907904173637	-0.004958638986800379	0.0005738731517510587
0.0012344704051274746	-0.0005132424200804397	-0.020551805333028472	-0.0014840487144276437	-0.0027504758525978	-0.01767578049134033	-0.004646591989013293	-0.000736724238955988
0.005353490775921177	0.00048530797283907745	-0.017743382352941373	0.0003258238727397167	-0.0013774690623333807	-0.012932666124971126	-0.0024622630045008087	0.0003866449530787186
0.008286732555123466	0.000797354970626607	-0.014997368772411868	0.000700280270084841	-0.0003165092698558247	-0.009375330350194444	-0.0012140750133515787	-0.00029985844205415724
0.008411551354238433	0.0009845831692991691	-0.013437133783474664	0.0005754614709696515	0.00012035652704622812	-0.007690276562142717	-0.0005899810177765197	0.000511463752193464
0.008536370153353179	0.0011094019684139145	-0.010004616807812727	0.000700280270084841	-4.462272068073148e-06	0.012343140695811217	-0.0005899810177765197	-0.00011263024338115102
0.010970336736095598	0.0012966301670866986	-0.008943657015335171	0.000700280270084841	0.0012437257190813789	0.0006101735790040586	0.000533388174258409	0.0003866449530787186
0.005852765972381047	0.000797354970626607	-0.008631610017547864	0.0005130520714120568	0.00012035652704622812	0.013279281689173583	-0.0004651622186615523	-0.000549496040284092
0.005727947173266301	0.0010469925688563197	-0.009006066414892766	-0.0010471829175247027	-4.462272068073148e-06	0.006663885336080089	-0.0013388938124665462	0.0005738731517510587
0.004854215579461529	0.0004228985732814827	-0.009130885214007955	-0.0007975453192947679	-4.462272068073148e-06	0.0022328179674984128	-0.0015261220111393303	-0.0004246772411689026
0.002233020798047214	0.00017326097505176996	-0.010566301403830192	-0.000360679522392493	-0.000690965667200949	-0.00020114861524400673	-0.0019005784084835664	0.00026182615396352915
-0.0003881739833675457	0.00011085157549417524	-0.010815939002060126	-0.0007975453192947679	-0.001315059662775342	-0.002510296398871237	-0.0022750348058284686	-0.0004246772411689026
0.0009848328068970957	0.00029807977416673737	-0.010129435606927917	-0.000360679522392493	-0.0005661468680857595	-0.004008121988250846	-0.0015261220111393303	0.000511463752193464
0.000735195208667605	-0.0002011954222929102	-0.010878348401617721	-0.001421639314869605	-0.0014398784618905314	-0.0055059475776304545	-0.0022750348058284686	-0.000549496040284092
-0.0005754021820396638	-7.637662317816485e-05	-0.010441482604715224	-0.0007351359197371732	-0.0014398784618905314	-0.004132940787365591	-0.0022750348058284686	0.00026182615396352915
-0.0007002209811552973	-0.0003884236209656944	-0.010379073205158074	-0.001421639314869605	-0.0013774690623333807	-0.0031343903944456297	-0.0023374442053865074	-0.0006743148393988374
0.0001111012130923239	-0.0003884236209656944	-0.010566301403830192	-0.0012344111161972648	-0.0012526502632181913	-0.0031343903944456297	-0.0015261220111393303	1.2188555733594342e-05
0.00042314821087985344	-0.0004508330205232891	-0.007695469024185497	-0.0017960957122147292	-0.0011278314641030018	-0.004195350186923186	-0.0019005784084835664	-0.0007991336385135828
-0.0005129927824829572	-0.0002011954222929102	-0.007695469024185497	-0.00029827012283512033	-0.0005661468680857595	-0.002510296398871237	-0.0012140750133515787	7.459795529118907e-05
-0.0016363619745172198	-0.0004508330205232891	-0.00688414682993832	-0.0010471829175247027	-0.0011278314641030018	-0.0013245178072787134	-0.000714799816891265	-0.000736724238955988
-0.000325764583809951	-0.00026360482185050493	-0.0055735494392312734	-0.0015464581139847944	-0.0012526502632181913	-0.0007004238117036543	3.4112977798317345e-05	7.459795529118907e-05
-0.0011370867780573501	-0.00026360482185050493	-0.004138133249409259	-0.0017960957122147292	-0.0014398784618905314	-0.001199699008163524	-0.00040275281910395755	-0.000549496040284092
-0.000949858579384788	-0.0004508330205232891	-0.004387770847639194	-0.0014840487144276437	-0.0010654220645456292	-0.0016989742046236156	-0.0006523904173336703	1.2188555733594342e-05
-0.0011370867780573501	-0.0005132424200804397	-0.004637408445868685	-0.0013592299153124543	-0.0013774690623333807	-0.0020734306019680737	-0.000714799816891265	-0.0007991336385135828
0.0003607388113222587	-0.0003884236209656944	-0.005011864843213587	-0.000984773517967552	-0.0006285562676433543	-0.003071980994888035	9.652237735591207e-05	7.459795529118907e-05
-0.0011370867780573501	-0.000887698817425342	-0.006260052834363483	-0.0013592299153124543	-0.0016895160601209103	-0.003696074990463094	-0.0008396186160064545	-0.000986361837186145
-0.00013853638513716682	-0.0005132424200804397	-0.006260052834363483	-0.0012344111161972648	-0.0008157844663161384	-0.004257759586480336	-0.0007772092164488598	1.2188555733594342e-05
4.869181353472918e-05	-0.0005756518196380345	-0.0061976434348063325	-0.0010471829175247027	-0.0010030126649880344	-0.004257759586480336	-0.000714799816891265	-0.0008615430380711775
