Sensor_1	Sensor_2	Sensor_3	Sensor_4	Sensor_5	Sensor_6	Sensor_7	Sensor_8
0.0007657515290211414	-0.00033094014735390864	0.000627216706732936	1.1806039553752257e-05	0.00025337289865823287	-0.0012091565918728175	5.656489948746568e-05	-0.0002223798659037879
-0.0007944834599165063	-0.0001437119486817906	0.0003775791085034452	0.0001366248386689417	0.00012855409954304342	-0.0008971095940857321	-6.825389962727968e-05	-0.0002223798659037879
-0.0005448458616859053	0.00041797264733567374	0.0007520355058481254	0.000261443637783465	0.0009398762937902205	-0.0003354249980684898	0.00030620249771717845	0.00015207653144089228
0.0005785233303483572	-0.0001437119486817906	0.00012794151027306633	-0.00023783155867662664	0.00025337289865823287	-0.0015212035896607912	-0.0003178914978576586	-0.0009712926605933703
-0.0008568928594732128	-1.8893149567045242e-05	0.0005023979076177465	-0.00017542215911903192	0.0008774668942332919	-0.0018332505874480987	-0.0001306632991853185	-0.0009088832610366637
0.0011402079263660436	0.00023074444866333366	0.0008768543049628708	0.000261443637783465	0.0014391514902500901	-0.002145297585235628	0.00018138369860243309	-0.001033702060150965
-0.0006696646608013168	-0.0001437119486817906	0.000814444905405276	7.421543911090289e-05	0.001688789088480247	-0.0027069821812528705	-0.00019307269874291322	-0.0017826148548409915
0.000828160928578292	-0.0007678059442561835	0.0005023979076177465	-0.00011301275956143719	0.0019384266867101818	-0.0037679419737299824	5.656489948746568e-05	-0.0014081584574963113
-0.0006072552612435	-0.0006429871451418823	0.0007520355058481254	0.00019903423822653643	0.0020632454858253713	-0.004017579571960139	0.00011897429904461632	-0.001657796055725802
0.0012026173259231943	-0.000892624743371595	0.0006896261062905307	7.421543911090289e-05	0.0022504736844977113	-0.0042048077706329234	5.656489948746568e-05	-0.0017826148548409915
0.0009529797276939256	-0.0009550341429287457	0.0005023979076177465	7.421543911090289e-05	0.0022504736844977113	-0.004641673567535198	-0.0001306632991853185	-0.0023442994508582338
-0.00042002706257115996	-0.0005181683460266928	0.0011264919031930276	0.0001366248386689417	0.0030617958787453325	-0.003892760772845172	0.0002437930981600278	-0.0018450242543983641
0.000640932729905952	-0.0007678059442561835	0.0003775791085034452	-0.00023783155867662664	0.002312883084054862	-0.004454445368862414	-0.0003178914978576586	-0.002718755848203358
-0.0006072552612435	-0.00033094014735390864	0.0009392637045204655	-5.060336000384247e-05	0.002749748880957359	-0.003830351373287577	0.00011897429904461632	-0.0023442994508582338
0.0008905703281356647	-0.00033094014735390864	0.0006896261062905307	7.421543911090289e-05	0.002500111282727868	-0.0042048077706329234	0.0004934306963895185	-0.0017826148548409915
-0.0002952082634564146	-8.130254912419588e-05	0.001438538900980113	0.00038626243689909856	0.002125654885382522	-0.0054529957617823754	-0.0003803008974152533	-0.00290598404687592
0.0007033421294635467	-0.0010798529420443792	0.0005648073071753412	7.421543911090289e-05	0.002749748880957359	-0.00532817696266763	5.656489948746568e-05	-0.0022194806517434884
-0.0004824364621287547	-0.0006429871451418823	0.001438538900980113	0.00032385303734105975	0.002936977079630143	-0.005827452159127278	0.00018138369860243309	-0.0024067088504158285
-0.0006072552612435	-0.0012046717411591246	0.001251310702308217	-5.060336000384247e-05	0.0029993864791872937	-0.0065139555542601535	-5.844500070573133e-06	-0.0027811652477607307
0.0009529797276939256	-0.0014543093393886153	0.0010016731040778382	-0.00011301275956143719	0.002936977079630143	-0.007262868348949736	-0.00025548209830006385	-0.0034676686428931625
-0.00023279886389881987	-0.0008302153438142224	0.0018129952983250153	0.000261443637783465	0.004185165070780261	-0.00657636495381686	0.00036861189727477317	-0.0027811652477607307
0.000828160928578292	-0.0014543093393886153	0.0011264919031930276	-0.00017542215911903192	0.0036858898743197255	-0.007574915346736821	-0.00025548209830006385	-0.004341400236697934
-0.0007320740603584674	-0.0013918999398314646	0.0011889013027506223	-0.0003626503577909279	0.004434802669010196	-0.007886962344524573	0.00030620249771717845	-0.004653447234485464
0.001265026725481233	-0.00132949054027387	0.0017505858987680867	0.00038626243689909856	0.010176467428298919	-0.008448646940541593	0.00030620249771717845	-0.0070250044176694
-0.0013561680559335265	-0.004075504120803597	0.0026243174925726365	-0.00017542215911903192	0.020598837154399474	-0.025923278816638584	-0.0001306632991853185	-0.017384964744213027
0.0026380335157460966	-0.007757658694695468	0.0006896261062905307	-0.00017542215911903192	0.034516133255718895	-0.046455971271052166	-0.0001306632991853185	-0.029305160059693414
0.0028876711139755873	-0.016931840429645906	0.00418455248150984	0.00019903423822653643	0.04805897295969408	-0.05563015300600327	0.0002437930981600278	-0.039165845189776505
0.0020139395201708155	-0.0217997735951303	0.0026243174925726365	-5.060336000384247e-05	0.061414584464996924	-0.07297996608298485	-0.0001306632991853185	-0.05058676530879658
0.007131510283884701	-0.028040713550879115	0.0025619080930150417	-5.060336000384247e-05	0.0839443777052502	-0.11005114942013305	-0.0001306632991853185	-0.07043295436807817
0.008691745272821905	-0.03228455272078823	0.005495149872216887	0.0001366248386689417	0.10578766755037061	-0.14718474215683863	0.00011897429904461632	-0.08915577423532461
0.007818013679017577	-0.030973955330081182	0.01129922403106387	-5.060336000384247e-05	0.10510116415523862	-0.1468726951590511	0.00030620249771717845	-0.06650116219595636
0.0012026173259231943	-0.021737364195572262	0.014981378604955298	0.00019903423822653643	0.04843342935703898	-0.06480433474095393	-0.0001306632991853185	-0.04715424833313486
0.002325986517958345	-0.015496424239823892	0.011174405231948459	7.421543911090289e-05	0.04743487896411902	-0.0777854898489112	5.656489948746568e-05	-0.04671738253623259
0.003574174509108463	-0.014248236248674218	0.017103298189909744	0.00019903423822653643	0.06004157767473184	-0.10655622304491374	0.00011897429904461632	-0.058013483856137915
0.005009590698930477	-0.025294699970349388	0.022720144150084165	-0.00017542215911903192	0.07470778657074173	-0.13676237243073808	-0.0001306632991853185	-0.07143150476099791
0.005446456495832752	-0.02379687438097	0.02771289611468286	1.1806039553752257e-05	0.07539428996587416	-0.14175512439533677	-0.0001306632991853185	-0.0726796927521478
0.0007657515290211414	-0.016619793431859042	0.0303340908960974	0.00032385303734105975	0.048121382359251674	-0.0975692695086352	0.0004310212968319238	-0.04908893971941697
0.003137308712205966	-0.011939088465047432	0.027088802119108246	-0.00017542215911903192	0.04656114737031447	-0.09501048412677826	-0.00025548209830006385	-0.06618911519816906
0.0017643019219408806	-0.0149971490433638	0.031332641289016916	-5.060336000384247e-05	0.07414610197472449	-0.12509181471348763	-0.00019307269874291322	-0.08846927084019218
0.004135859105125483	-0.020738813802652745	0.03719912484742105	-5.060336000384247e-05	0.10797199653488287	-0.1575447024833816	0.0004934306963895185	-0.09333720400567636
0.003823812107337954	-0.018492075418583553	0.0416926016155601	1.1806039553752257e-05	0.0924944654446258	-0.12296989512853318	-5.844500070573133e-06	-0.08060568649594857
0.0013898455245959784	-0.015496424239823892	0.04269115200848006	1.1806039553752257e-05	0.1075351307379806	-0.1286491504882643	-5.844500070573133e-06	-0.09339961340523395
0.005196818897602817	-0.021674954796015555	0.04699740057794699	0.00032385303734105975	0.12045387644638095	-0.13875947321657778	0.00030620249771717845	-0.11012533248664069
-0.003353268841773227	-0.023547236782739844	0.05261424653812097	-0.00017542215911903192	0.09037254585967136	-0.08989291336306415	-5.844500070573133e-06	-0.09726899617779816
0.0017643019219408806	-0.019053760014600796	0.04918172956245859	-5.060336000384247e-05	0.0905597740583437	-0.0661149321316612	-0.0001306632991853185	-0.09364925100346366
0.00026647633256149383	-0.02111327019999787	0.055734716515995375	0.00019903423822653643	0.11521148688355187	-0.04083912531087841	0.0002437930981600278	-0.07099463896409541
-0.00890770540238961	-0.026917344358844186	0.06428480425537098	0.00032385303734105975	0.08912435786852146	0.04066755051120152	0.00011897429904461632	-0.056640477065873274
-0.0032908594422156323	-0.01711906862831869	0.05710772330626024	7.421543911090289e-05	0.1102811443185101	0.13403201224920402	-5.844500070573133e-06	-0.07380306194418251
-0.0026043560470832006	-0.013312095255311851	0.06359830086023854	7.421543911090289e-05	0.10216792237603656	0.14745003315406402	5.656489948746568e-05	-0.06082190683622457
-0.017520202541322805	-0.016682202831416193	0.06596985804342337	7.421543911090289e-05	0.09680071401409296	-0.019183063664429678	-5.844500070573133e-06	-0.05127326870392901
-0.003166040643100887	-0.022299048791590392	0.048432816767769005	0.00019903423822653643	0.07926367273843815	-0.014190311699830982	0.00018138369860243309	-0.03429791202429233
-0.0003576176630140093	-0.021050860800440274	0.03869695043680088	0.00038626243689909856	0.059417483679157446	-0.01743560047682058	0.0004310212968319238	-0.007524279614129492
-0.007409879813010001	-0.023235189784952315	0.03782321884299611	-0.00011301275956143719	0.05554810090659301	-0.012505257911778589	-6.825389962727968e-05	0.018313211802670537
-0.002479537247968455	-0.021238088999112614	0.03501479586290901	1.1806039553752257e-05	0.057357973493759706	-0.002769391580810465	-6.825389962727968e-05	0.011697815449576598
-0.005225550828497516	-0.026168431564154382	0.03925863503281857	0.000261443637783465	0.06010398707428943	0.005531058560335422	0.00018138369860243309	0.0196862185929354
-0.004539047433365528	-0.028103122950436488	0.03663744025140425	0.000261443637783465	0.05791965808977739	0.006279971355025227	-5.844500070573133e-06	0.05594607973583532
-0.003914953437790469	-0.026418069162384317	0.031582278887247295	1.1806039553752257e-05	0.040694663811910115	0.010274172926704406	-0.0001306632991853185	0.08309416854334328
-0.0003576176630140093	-0.021737364195572262	0.026464708123532965	0.000261443637783465	0.02278316613891107	0.013706689902366787	0.00030620249771717845	0.133146506988449
-0.008470839605487113	-0.01250077306106423	0.026901573920435684	-0.00011301275956143719	0.012298387013253365	0.009774897730244758	-0.00019307269874291322	0.04333938102522339
-0.004539047433365528	-0.01293763885796717	0.01866353317884739	-0.00011301275956143719	-0.0034287816752338607	0.009587669531571974	-0.0001306632991853185	0.001275445723475821
0.0010153891272508542	-0.016182927634956323	0.013670781214248251	0.0001366248386689417	-0.00105722449204948	0.012271273712543884	-6.825389962727968e-05	-0.008834877004836983
-0.0023547184488532658	-0.016744612230973566	0.017103298189909744	0.00019903423822653643	-0.002555050081429089	0.012271273712543884	0.00030620249771717845	-0.051023631105699074
-0.0031036312435432922	-0.016245337034513918	0.022096050154508884	7.421543911090289e-05	-0.013726332602219005	0.009213213134227072	-0.0001306632991853185	-0.040164395582696244
-0.0036653158395607566	-0.011814269665931798	0.02290737234875606	1.1806039553752257e-05	-0.01591066158673149	0.007528159346175123	-5.844500070573133e-06	-0.04078848957827108
-0.0017930338528360235	-0.00962994068141998	0.024093150940348584	-0.00011301275956143719	-0.023587017732302318	-0.0009595189936433268	-5.844500070573133e-06	-0.03492200601986717
-0.0047262756320380905	-0.007133564699120187	0.017727392185485025	-5.060336000384247e-05	-0.05154642873405724	-0.008199009342312102	-0.00025548209830006385	-0.04309763736189831
0.0017643019219408806	0.014023221750868009	0.010113445439471347	7.421543911090289e-05	-0.08150294052165163	-0.019058244865315377	0.00011897429904461632	-0.054393738681803416
-0.006224101221417699	-0.002390450332751426	0.021284727960261263	-0.0003002409582333332	-0.013975970200449384	-0.00901033153655928	-0.00044271029697240394	-0.02256494490748473
-0.0032908594422156323	0.0014789324398130077	0.01766498278592743	-0.00011301275956143719	0.007804910245114094	-0.011257069920628915	-6.825389962727968e-05	-0.011331252987136775
-0.0026043560470832006	0.0008548384442381707	0.016604022993449652	0.0001366248386689417	0.007243225649097074	-0.0028942103799252106	-6.825389962727968e-05	0.027737031135851353
-0.008158792607699583	0.003975308422112578	0.013858009412920147	0.0001366248386689417	0.007555272646884603	-0.002394935183465341	-0.00044271029697240394	0.05276320035840376
-0.0026043560470832006	0.009030469786268869	0.007492250658057031	-0.0003626503577909279	0.010800561423873312	-0.011631526317973373	-6.825389962727968e-05	0.07167324842432254
-0.0049135038307099865	0.0072205971991021745	0.00455900887885452	0.0001366248386689417	0.015356447591570177	-0.008074190543196913	0.00011897429904461632	0.054448254146456154
-0.001231349256818337	0.007345415998216476	0.005619968671332076	-0.00023783155867662664	0.01623017918537495	-0.005203358163552885	-0.00019307269874291322	0.03585025307832446
-0.0022298996497382984	0.0037880802234400157	0.0068057472629241555	-0.00017542215911903192	0.02677736771059025	-0.0030190291790404	-0.00025548209830006385	0.014443829030106103
-0.004102181636462809	0.002851939230077205	0.00686815666248175	7.421543911090289e-05	0.027588689904838093	-0.005827452159127278	5.656489948746568e-05	-0.005277541230060301
7.924813388870966e-05	0.002664711031404865	0.002499498693457447	7.421543911090289e-05	0.02122293114997409	-0.005827452159127278	5.656489948746568e-05	-0.0026563464486455413
-0.0017306244532779846	0.00522349641326203	-0.0011202464808766077	-0.0003002409582333332	0.01710391077917972	-0.010632975925054078	-0.00025548209830006385	0.020185493789394826
-0.004539047433365528	0.004536993018130042	0.0028115456912449766	1.1806039553752257e-05	0.017665595375197407	-0.012193210913991281	0.00030620249771717845	0.02873558152877087
-0.005849644824073241	0.004536993018130042	0.002936364490360166	0.00019903423822653643	0.019849924359709448	-0.009634425532134117	-0.0003803008974152533	0.022806688570809808
-0.001044121058145997	0.0046618118172445655	-0.0038662600614063347	1.1806039553752257e-05	0.01797764237298538	-0.008635875139214377	5.656489948746568e-05	0.02349319196594224
-0.0007320740603584674	0.007095778399986985	-0.007922871032643108	1.1806039553752257e-05	0.013047299807943391	-0.009634425532134117	-6.825389962727968e-05	0.02393005776284407
-0.0026043560470832006	0.008905650987154123	-0.005551313849458284	1.1806039553752257e-05	0.01223597761369577	-0.010071291329036391	5.656489948746568e-05	0.021932956977004592
0.0008905703281356647	0.0097169731814013	-0.005239266851670976	-5.060336000384247e-05	0.015169219392897837	-0.008947922137001685	-0.0001306632991853185	0.0165033392155034
-0.001044121058145997	0.008343966391136437	-0.00417830705919342	-0.00011301275956143719	0.02190943454510652	-0.00514094876399529	-0.0001306632991853185	0.016316111016830837
0.00026647633256149383	0.010029020179188608	-0.004802401054768257	1.1806039553752257e-05	0.018289689370772244	-0.007013230750720023	5.656489948746568e-05	0.02155850057965969
-0.00023279886389881987	0.01140202696945325	-0.006674683041493434	-5.060336000384247e-05	0.00636949405529208	-0.009259969134788992	-5.844500070573133e-06	0.02349319196594224
0.0020139395201708155	0.010840342373436007	-0.006737092441050585	-5.060336000384247e-05	0.0028121582805149536	-0.007387687148064481	0.00011897429904461632	0.024991017555321626
-0.002479537247968455	0.008968060386711718	-0.0011826558804342024	0.000261443637783465	0.005745400059717465	-0.006326727355587591	0.00030620249771717845	0.027050527740718477
-0.001231349256818337	0.0063468656052969585	0.004371780680182624	-5.060336000384247e-05	0.006806359852194133	-0.004766492366650166	0.00011897429904461632	0.027300165338948634
0.0005785233303483572	0.0021030264353876227	0.004246961881067435	-0.00011301275956143719	0.006681541053079387	-0.0024573445830233798	-0.0003178914978576586	0.02592715854868377
-0.0017930338528360235	0.0026023016318477143	0.00487105587664205	0.00032385303734105975	0.004871668465912249	-0.0015212035896607912	0.00036861189727477317	0.02767462173629376
0.00026647633256149383	0.003975308422112578	0.002499498693457447	0.0001366248386689417	-0.0028046876796585796	-0.002145297585235628	5.656489948746568e-05	0.029858950720806243
7.924813388870966e-05	0.005161087013704435	-0.0009954276817618624	-0.0003002409582333332	-0.011292366019477473	-0.0010219283932009215	-0.00019307269874291322	0.024741379957091247
0.0015146643237107238	0.004412174219014853	-0.0028677096684865955	-5.060336000384247e-05	-0.017346077776553726	0.00035107839706394195	0.0004934306963895185	0.021932956977004592
-0.0002952082634564146	0.003101576828307806	-0.001057837081319013	0.00038626243689909856	-0.023524608332744945	0.0006007159952943208	-0.0003178914978576586	0.01906212459736012
0.0012026173259231943	0.0002931538482204843	-0.001057837081319013	0.0001366248386689417	-0.023961474129647442	0.0018489039864435508	-5.844500070573133e-06	0.0165033392155034
0.0013898455245959784	0.00023074444866333366	-0.0005585618848593654	0.00019903423822653643	-0.02321256133495786	0.0029098637789206627	5.656489948746568e-05	0.012321909445151435
-0.001668215053721278	-0.0036386383239011	0.002936364490360166	1.1806039553752257e-05	-0.023274970734514566	0.0032219107767084143	-6.825389962727968e-05	0.009950352261966833
0.0003288857321188665	-0.003825866522573884	0.002686726892129787	0.0001366248386689417	-0.02277569553805514	0.0019113133860015896	-6.825389962727968e-05	0.007391566880110112
0.0005785233303483572	-0.003888275922131035	0.0015009483005377078	-5.060336000384247e-05	-0.019155950363720642	0.0019737227855591843	-5.844500070573133e-06	0.004520734500465418
0.001701892522383286	-0.004325141719033088	0.0032484114881476955	7.421543911090289e-05	-0.013227057405759135	0.002223360383788675	-5.844500070573133e-06	0.003210137109758593
-0.0011689398572611864	-0.00401309472124578	0.006306472066464064	0.00032385303734105975	-0.007173345648682661	0.0032219107767084143	5.656489948746568e-05	0.0005889423283433892
0.00039129513167601715	-0.0045747793172634665	0.005807196870004638	0.000261443637783465	0.002500111282727868	0.004282870569185526	-0.00025548209830006385	-0.0040917626384682215
-0.0002952082634564146	-0.004762007515935807	0.0018129952983250153	-5.060336000384247e-05	0.007804910245114094	0.004844555165203213	-0.00019307269874291322	-0.0076490984132446815
0.0022011677188427115	-0.004886826315050996	-0.00012169608795664644	0.00032385303734105975	0.014045850200862908	0.004532508167415905	0.00018138369860243309	-0.015512682757488738
0.001701892522383286	-0.00576055790885599	0.0028115456912449766	0.000261443637783465	0.019662696161036886	0.0052814209621054875	0.00011897429904461632	-0.01882038093403504
-0.0013561680559335265	-0.006883927100890697	0.006244062666906913	7.421543911090289e-05	0.02278316613891107	0.005967924357237919	-6.825389962727968e-05	-0.020006159525627787
-0.001044121058145997	-0.007820068094252619	0.007617069457171777	1.1806039553752257e-05	0.02371930713227366	0.004906964564760363	-0.00019307269874291322	-0.022377716708812168
-0.0020426714510659583	-0.00813211509204037	0.007367431858941398	0.00032385303734105975	0.02359448833315847	0.004719736366088023	0.0002437930981600278	-0.02861865666456076
-0.0005448458616859053	-0.009130665484960332	0.005245512273987396	-0.0003626503577909279	0.019662696161036886	0.003721185973168284	0.00011897429904461632	-0.02749528747252583
-0.0017306244532779846	-0.00813211509204037	0.0059944250686769784	0.00019903423822653643	0.008491413640246082	0.003284320176266009	-5.844500070573133e-06	-0.03286249583447032
-0.0011065304577035917	-0.006759108301775507	0.006680928463808966	7.421543911090289e-05	0.0013143326911357889	0.0014744475890990927	5.656489948746568e-05	-0.03579573761367216
-0.002292309049296115	-0.004137913520361192	0.0043093712806250295	0.0001366248386689417	-0.005613110659745901	-0.0023325257839081903	-5.844500070573133e-06	-0.0320511736402227
-0.0006072552612435	0.0006676102455653865	0.002749136291687826	0.0001366248386689417	-0.01210368821372465	-0.003830351373287577	-5.844500070573133e-06	-0.02874347546367617
0.0010153891272508542	0.0021030264353876227	0.0017505858987680867	1.1806039553752257e-05	-0.015348976990713803	-0.0045792641679773816	-0.0001306632991853185	-0.02630950888093353
-0.001480986855048716	0.0029767580291926166	0.001251310702308217	-0.00023783155867662664	-0.015661023988501777	-0.004891311165764911	-0.00025548209830006385	-0.017010508346868347
-4.55706652260357e-05	0.003975308422112578	0.0011889013027506223	0.000261443637783465	-0.010917909622132127	-0.004704082967092571	0.00018138369860243309	0.0004641235292288659
-0.0017930338528360235	0.003975308422112578	0.0010016731040778382	0.0001366248386689417	-0.006736479851780164	-0.003830351373287577	-0.0005675290960875934	0.007828432677012165
-0.0008568928594732128	0.0021030264353876227	3.122711157654834e-06	-0.00042505975734852264	0.0024377018831702735	-0.0012091565918728175	0.00011897429904461632	0.014631057228778444
-0.0021674902501807036	0.0015413418393706024	0.0005023979076177465	0.000261443637783465	0.00605744705750455	-0.0010219283932009215	0.00030620249771717845	0.0165033392155034
-0.0006072552612435	0.0006052008460080138	-0.0021812062733541637	-0.0003002409582333332	0.006931178651309322	-0.0010219283932009215	-0.0003178914978576586	0.014943104226566195
-0.00010798006478363043	-0.000892624743371595	-0.0034918036640614325	1.1806039553752257e-05	0.008803460638033833	-0.001333975390988007	-5.844500070573133e-06	0.013195641038956207
-0.001480986855048716	-0.000892624743371595	-0.004427944657423355	0.00019903423822653643	0.01005164862918373	-0.0012715659914308564	0.00011897429904461632	0.014818285427451006
7.924813388870966e-05	-0.0011422623416015298	-0.0038662600614063347	0.0001366248386689417	0.010925380222988945	-0.0010843377927585163	0.00011897429904461632	0.0165033392155034
-0.0021674902501807036	-0.0012670811407162752	-0.0033045754653886483	-0.0003626503577909279	0.009926829830069428	-0.001146747192316111	-0.0003803008974152533	0.018188393003555348
0.00014165753344608234	-0.000268530747796758	-0.0030549378671589356	0.0001366248386689417	0.009302735834494147	-0.0014587941901031964	0.00036861189727477317	0.01993585619116489
-0.0012937586563759318	0.0014789324398130077	-0.0020563874742389743	0.000261443637783465	0.005058896664585033	-0.0029566197794828053	-0.00025548209830006385	0.02436692355974701
-0.00042002706257115996	0.002914348629635244	-0.000870608882647117	7.421543911090289e-05	0.004372393269452601	-0.0035183043755000476	0.00018138369860243309	0.02886040032788606
-0.001855443252393174	0.0061596374066246184	0.002749136291687826	-0.00023783155867662664	0.003810708673434471	-0.003830351373287577	-0.0003178914978576586	0.02723775593939126
-0.0017306244532779846	0.0067837314021996775	0.0030611832894753555	0.00038626243689909856	0.0033114334769750453	-0.002207706984792779	0.0004934306963895185	0.027861849934966543
1.6838734331114935e-05	0.0057227716097221215	6.553211071569365e-05	-0.0003002409582333332	0.0005030104968877236	-0.003206257377712962	-0.00025548209830006385	0.023742829564171286
-0.0003576176630140093	0.005847590408836867	-0.0013074746795489478	0.0001366248386689417	-0.0002459022978018588	-0.0029566197794828053	0.00018138369860243309	0.021995366376562187
0.0015146643237107238	0.004412174219014853	-0.0018691592755666342	7.421543911090289e-05	-0.0006827680947041337	-0.0018956599870056934	0.00011897429904461632	0.013757325634973672
-0.0007944834599165063	0.002851939230077205	-0.0019315686751237848	-0.0003626503577909279	-0.001681318487624317	-0.0007098813954129479	5.656489948746568e-05	0.009825533462852087
0.001265026725481233	0.0021654358349452174	-0.001681931076894294	1.1806039553752257e-05	-0.002679868880543834	0.00035107839706394195	-0.00025548209830006385	0.006580244685862491
1.6838734331114935e-05	0.0011668854420252561	-0.0019939780746813796	0.00032385303734105975	-0.002555050081429089	0.0006007159952943208	0.00030620249771717845	0.004832781498252947
0.0020139395201708155	0.000979657243352916	-0.00012169608795664644	-0.00017542215911903192	-0.0036160098739057567	0.0002262595979487525	-5.844500070573133e-06	0.0036470029066604237
0.0007033421294635467	0.0006052008460080138	0.001438538900980113	-5.060336000384247e-05	-0.004801788465498724	0.00016385019839160186	-0.0003178914978576586	0.003334955908872894
-0.0006072552612435	0.000979657243352916	0.0030611832894753555	0.00038626243689909856	-0.0044897414677105285	0.0009127629930816283	0.0004934306963895185	0.0036470029066604237
0.000640932729905952	0.0001059256495485883	0.0019378140974406488	-0.00023783155867662664	-0.006112385856205771	-0.0003354249980684898	-0.0003178914978576586	0.0018371303194937294
-0.0006696646608013168	0.0002931538482204843	0.0017505858987680867	-0.00011301275956143719	-0.0059875670570905815	0.00016385019839160186	-6.825389962727968e-05	-0.0014081584574963113
0.001265026725481233	-0.00020612134823938533	0.0009392637045204655	0.0001366248386689417	-0.006299614054878333	0.0004134877966215367	0.00018138369860243309	-0.004029353238910627
-0.0002952082634564146	-0.0010798529420443792	0.00043998850806059586	0.0001366248386689417	-0.005425882461073339	0.0008503535935238116	-0.00025548209830006385	-0.007586689013687087
0.0011402079263660436	-0.0025152691318663933	-0.0006833806839743328	0.0001366248386689417	-0.003366372275676266	0.0014744475890990927	5.656489948746568e-05	-0.010083064995987101
0.00014165753344608234	-0.0027024973305387334	-0.0007457900835319276	0.00032385303734105975	-0.0009948150924914412	0.0016616757877712107	0.0002437930981600278	-0.012704259777401417
-0.0005448458616859053	-0.003888275922131035	-0.00037133368618702534	-0.00042505975734852264	0.000627829296002913	0.0009751723926392231	-0.0003803008974152533	-0.01563750155660304
0.0010153891272508542	-0.0035762289243435053	0.001251310702308217	7.421543911090289e-05	0.0026873394814002083	0.001162400591311119	5.656489948746568e-05	-0.016885689547753158
-0.001044121058145997	-0.0035138195247859105	0.0018129952983250153	-5.060336000384247e-05	0.0036234804747621308	0.0007879441939662168	-0.00019307269874291322	-0.018133877538903054
0.0008905703281356647	-0.0030769537278838577	0.0024370892939000743	0.000261443637783465	0.004122755671222222	0.0004758971961791314	0.00018138369860243309	-0.02006856892518516
