Sensor_1	Sensor_2	Sensor_3	Sensor_4	Sensor_5	Sensor_6	Sensor_7	Sensor_8
2.9064057374572627e-05	-5.988181887550681e-05	-0.00030575300984225784	2.2798153658021292e-05	-4.303128099403253e-06	-0.0007369645151444892	-0.00011132588693008039	0.00020317692072957527
-0.0010318957351032054	-0.0006839758144498997	-0.0007426188067447548	-0.0006637052414739664	-0.0008780347219041751	-0.0012986491111621756	-0.0007978292820629562	-0.0009826016708629481
-0.00022057354085580627	-0.0002471100175474028	-0.0005553906080721926	-0.00022683944457169147	-0.000253940726329116	-0.000986602113374424	-0.00029855408560286456	-4.646067750058158e-05
-0.0007198487373158979	-0.0004343382162197429	-0.0006178000076295653	-0.00041406764324447565	-0.0006283971236746844	-0.0011114209124896135	-0.0005481916838325773	-0.0007329640726327913
-3.3345342183910276e-05	-0.00037192881666259225	-0.0005553906080721926	-0.0002892488441288421	-0.00031635012588671074	-0.000986602113374424	-0.00029855408560286456	-0.0001088700770581763
-0.0008446675364306433	-0.0004967476157773376	-0.0006178000076295653	-0.000538886442359221	-0.0006283971236746844	-0.001236239711604581	-0.0005481916838325773	-0.0009201922713053534
-0.002342493125810252	-0.0004967476157773376	-0.0016787598001066772	-0.0007261146410315611	-0.0008156253223465804	-0.0019851525062946074	-0.0011098762798502637	7.835812161482991e-05
-0.008521023682001472	-0.0013704792095825535	-0.004549592179751372	-0.0024735778286411048	-0.0027503167086291302	-0.004294300289921615	-0.003918299259937363	-0.0006705546730751966
-0.007896929686427079	-0.0015577074082546716	-0.005048867376211463	-0.0025359872281986995	-0.0026879073090715355	-0.004606347287708923	-0.004167936858167298	-4.646067750058158e-05
-0.008396204882886726	-0.0015577074082546716	-0.005173686175326209	-0.0027232154268714837	-0.002999954306858621	-0.004793575486381707	-0.004479983855954606	-0.0008577828717479807
-0.007709701487754295	-0.0013080698100245147	-0.005548142572671555	-0.0022863496299683206	-0.0026879073090715355	-0.004419119089036583	-0.0042927556572818215	7.835812161482991e-05
-0.00746006388952436	-0.001495298008697521	-0.005298504974440954	-0.0025359872281986995	-0.002999954306858621	-0.004419119089036583	-0.0042927556572818215	-0.0006705546730751966
-0.005338144304569914	-0.0011832510109097694	-0.004799229777981084	-0.00203671203173883	-0.0023134509117261892	-0.0037950250934617458	-0.003543842862592461	-4.646067750058158e-05
-0.005587781902799849	-0.001682526207369861	-0.004736820378424156	-0.0023487590295259153	-0.0027503167086291302	-0.003982253292134086	-0.003731071061264579	-0.0010450110704200988
-0.0026545401235980037	-0.0009336134126802786	-0.0034886323872738156	-0.0014126180361639928	-0.0016893569161517963	-0.002858884100098935	-0.00235806427100016	-0.0001088700770581763
-0.0014687615320054803	-0.0008087946135646451	-0.002427672594797148	-0.0009757522392614959	-0.0012524911192490773	-0.0021723807049669475	-0.0017339702754248787	-0.0009201922713053534
-9.575474174061682e-05	-0.00030951941710499753	-0.0018035785992218667	-0.0004764770428016263	-0.0006283971236746844	-0.001610696108949261	-0.000860238681620551	0.00020317692072957527
-0.0007198487373158979	-0.0004967476157773376	-0.0018035785992218667	-0.0007261146410315611	-0.0009404441214615478	-0.0017355149080644505	-0.0011098762798502637	-0.0006705546730751966
0.0004035204547192528	-5.988181887550681e-05	-0.0013667128023198138	-0.00010202064545627998	-0.000253940726329116	-0.0011738303120469862	-0.00042337288471783197	0.00026558632028717
0.0023382118410009145	-0.00030951941710499753	-0.00024334361028466311	-3.961124589957343e-05	-6.671252765677593e-05	-0.0007369645151444892	0.0003255399099721945	-0.000795373472190164
0.005645910017548106	0.00043939337758458485	0.0013793007782101352	0.0010837579461355773	0.0011814754634928981	0.0005736328755627795	0.0020105936980239214	0.00014076752117198055
0.006082775814450825	0.0005642121766997743	0.0021906229724573123	0.0012709861448079174	0.0013687036621652382	0.0009480892729074597	0.0024474594949266404	-0.0006081452735176018
0.007705420202944957	0.001063487373159866	0.0031891733653772736	0.002019898939497722	0.0021800258564124153	0.0018218208667126756	0.003383600488288563	0.00039040511940191536
0.008516742397192578	0.0011883061722746113	0.004187723758297013	0.0023319459372852513	0.0023672540550854215	0.0024459148622875126	0.0040076944838634	-0.0002960982757305164
0.008267104798962865	0.0013131249713898008	0.004187723758297013	0.002394355336842846	0.0026168916533149122	0.0024459148622875126	0.004132513282978589	0.0004528145189595101
0.004522540825513177	0.0003769839780274342	0.0026274887693598092	0.0010837579461355773	0.001243884863050937	0.001072908072022205	0.0024474594949266404	-0.0006081452735176018
0.004522540825513177	0.0005018027771421796	0.002440260570687247	0.0012085767452503227	0.0014935224612802056	0.0009480892729074597	0.0023850500953690457	0.00014076752117198055
0.0037736280308233727	0.0005642121766997743	0.0023778511711296524	0.0010213485465779826	0.0010566566643781528	0.000698451674677969	0.002073003097581738	-0.0004833264744028565
0.000777976852064155	0.00012734637979705532	0.0006927973830777034	0.00039725455100314555	0.0004949720683600223	-0.00036250811779980907	0.0008248151064318421	0.00032799571984432063
-3.3345342183910276e-05	-5.988181887550681e-05	0.00019352218661783382	-3.961124589957343e-05	-0.00012912192721437066	-0.000986602113374424	0.00013831171129941033	-0.0006081452735176018
0.0010276144502936457	0.0003145745784698395	0.0005055691844053634	0.000522073350118113	0.0004949720683600223	-0.0006745551155868945	0.0006999963073170967	0.0004528145189595101
2.9064057374572627e-05	-5.988181887550681e-05	6.293987945271695e-06	-3.961124589957343e-05	-0.00019153132677218743	-0.001236239711604581	1.3492912184220884e-05	-0.0005457358739600071
0.0004035204547192528	0.00012734637979705532	-0.00030575300984225784	0.00021002635233080547	5.810627145819147e-05	-0.0013610585107188822	0.00020072111085700506	0.00032799571984432063
-0.0005326205386435579	-0.0004967476157773376	-0.0008050282063023495	-0.000538886442359221	-0.0007532159227889856	-0.002234790104524542	-0.0005481916838325773	-0.0008577828717479807
0.00021629225604646862	-0.00018470061798980808	-0.0008050282063023495	-0.00010202064545627998	-0.00031635012588671074	-0.002109971305409797	-0.00011132588693008039	-0.0001088700770581763
-0.0009694863355456107	-0.0006839758144498997	-0.001304303402761553	-0.0007261146410315611	-0.0010028535210195866	-0.0027340653009841898	-0.0007354198825053615	-0.0009826016708629481
-9.575474174061682e-05	-0.00018470061798980808	-0.0011794846036470297	-0.00010202064545627998	-0.0005035783245594949	-0.0026092465018692224	-0.00023614468604526984	0.00014076752117198055
-0.00047021113908551904	-5.988181887550681e-05	-0.0012418940032041803	-0.0001644300450143188	-0.0005659877241166456	-0.0026092465018692224	-0.0003609634851604593	-0.0005457358739600071
0.0001538828564888739	0.0002521651789124668	-0.0014291222018769645	0.00014761695277321074	-0.00037875952544430547	-0.00292129349965653	1.3492912184220884e-05	0.0005152239185171048
-0.0008446675364306433	-0.00037192881666259225	-0.0023028537956815143	-0.0006012958419163716	-0.0012524911192490773	-0.004543937888151328	-0.0007354198825053615	-0.0006081452735176018
-3.3345342183910276e-05	2.5275806825320046e-06	-0.002552491393911893	8.520755321561602e-05	-0.0007532159227889856	-0.0046687566872660735	-0.0003609634851604593	0.00014076752117198055
-0.0017808085297927878	-0.00037192881666259225	-0.004237545181964286	-0.0006012958419163716	-0.0020014039139391038	-0.006041763477530937	-0.0011098762798502637	-0.0006705546730751966
0.00046592985427640343	2.5275806825320046e-06	-0.004237545181964286	-0.0007261146410315611	-0.001314900518806672	-0.010285602647440495	-0.0007978292820629562	0.00032799571984432063
0.001402070847639214	-0.00037192881666259225	-0.004861639177538679	-0.0006012958419163716	-0.0011276723201338879	-0.01303161622797	-0.0016091514763101333	-0.0006705546730751966
0.001402070847639214	0.00012734637979705532	-0.004736820378424156	0.0009589391470203878	-4.303128099403253e-06	-0.011159334241245267	-0.000860238681620551	0.00039040511940191536
-0.0008446675364306433	-0.00037192881666259225	-0.00586018957045864	0.00014761695277321074	-0.0008156253223465804	-0.009099824055848194	-0.0013595138780806426	-0.000795373472190164
-0.0026545401235980037	-0.00037192881666259225	-0.006858739963378158	-0.0006012958419163716	-0.0018141757152667637	-0.008787777058060442	-0.0024204736705573104	0.00026558632028717
-0.008396204882886726	-0.0016201168078122663	-0.009043068947890642	-0.0034097188220036934	-0.003873685900663837	-0.01140897183947498	-0.0051664872510870374	-0.0007329640726327913
-0.0073352450904096145	-0.0009960228122374293	-0.008418974952315805	-0.0024735778286411048	-0.0033120013046463725	-0.009099824055848194	-0.004230346257724449	0.00026558632028717
-0.00889548007934704	-0.0013080698100245147	-0.00947993474479314	-0.002598396627756294	-0.0039360953002209875	-0.007289951468680833	-0.004916849652856881	-0.0006081452735176018
-0.00746006388952436	-0.0016201168078122663	-0.008918250148775897	-0.0029728530251011964	-0.0035616389028763074	-0.008600548859388102	-0.00504166845197207	1.5948722057235187e-05
-0.0062742852979322805	-0.0011208416113521746	-0.006858739963378158	-0.00203671203173883	-0.0026879073090715355	-0.007165132669566088	-0.004417574456397455	-0.0005457358739600071
-0.00515091610589713	-0.0008087946135646451	-0.005735370771343895	-0.0011005710383764633	-0.0018765851148243584	-0.0046687566872660735	-0.0034814334630346444	0.00032799571984432063
-0.00515091610589713	-0.001245660410467364	-0.006047417769131425	-0.0022863496299683206	-0.002375860311283784	-0.003545387495231367	-0.0036062522621493898	-0.0006081452735176018
-0.0018432179293506046	-0.0002471100175474028	-0.004050316983291502	-0.0009757522392614959	-0.0012524911192490773	-0.000986602113374424	-0.0018587890745400681	0.0004528145189595101
-0.0015935803311206698	-0.0002471100175474028	-0.0033014041886010315	-0.0010381616388190906	-0.001314900518806672	-0.00048732691691455443	-0.001671560875867728	-0.0003585076752881111
-0.0007198487373158979	-0.00012229121843221336	-0.002989357190814168	-0.0004764770428016263	-0.0008780347219041751	-0.0006745551155868945	-0.001047466880292891	0.00039040511940191536
-0.0005950299382007085	-0.00037192881666259225	-0.0033638135881590703	-0.0008509334401467505	-0.0011900817196919267	-0.002858884100098935	-0.0012971044785230479	-0.0005457358739600071
0.0005907486533915929	-0.0002471100175474028	-0.003863088784619162	-0.0004764770428016263	-0.0008780347219041751	-0.0046687566872660735	-0.0009850574807348522	0.00014076752117198055
0.0031495340352485357	-0.00012229121843221336	-0.0022404443961243636	0.0002724357518884002	-0.000253940726329116	-0.004606347287708923	0.00013831171129941033	-0.0006081452735176018
0.006769279209583257	0.0008762591744873038	-0.00036816240939985256	0.001770261341267565	0.001431113061722833	-0.0033581592965588047	0.002073003097581738	0.00020317692072957527
0.006020366414892786	0.0003145745784698395	-0.0006178000076295653	0.0010837579461355773	0.0008694284657053686	-0.0036077968947894057	0.001698546700237058	-0.0006705546730751966
0.008703970595864918	0.0013131249713898008	0.0008800255817500435	0.0023319459372852513	0.0021176164568552647	-0.001423467910276921	0.0032587816891742616	0.0004528145189595101
0.008267104798962865	0.0009386685740446765	0.0013793007782101352	0.0018950801403831985	0.0017431600595105845	-0.0003000987182419923	0.003196372289616667	-0.0006081452735176018
0.007268554406042904	0.0007514403753725585	0.0011296631799802004	0.0017078519417104143	0.0018679788586253299	0.0005112234760051848	0.003133962890058628	7.835812161482991e-05
0.004272903227283242	0.000626621576257369	0.0005055691844053634	0.0010213485465779826	0.000994247264820558	0.0008232704737931584	0.002073003097581738	-0.0006705546730751966
0.004148084428168053	0.0003769839780274342	6.870338750286642e-05	0.0007717109483484919	0.0008070190661477739	0.0005736328755627795	0.001885774898909398	7.835812161482991e-05
0.0025254400396736987	6.493698023968264e-05	-0.0005553906080721926	0.0002724357518884002	-4.303128099403253e-06	-0.0001128705195700963	0.0013240903028914897	-0.0007329640726327913
0.0010276144502936457	0.00043939337758458485	-0.0014915316014343372	0.00045966395056051823	0.0003077438696876822	-0.000986602113374424	0.0008872245059894368	0.00026558632028717
9.147345693172326e-05	2.5275806825320046e-06	-0.0019283973983370561	2.2798153658021292e-05	-0.00037875952544430547	-0.002109971305409797	7.590231174270379e-05	-0.0005457358739600071
0.0009027956511793445	2.5275806825320046e-06	-0.002365263195239553	0.0002724357518884002	-4.303128099403253e-06	-0.0027964747005420065	0.00013831171129941033	0.00020317692072957527
0.0005907486533915929	0.0001897557793548721	-0.002365263195239553	0.0003348451514459949	-4.303128099403253e-06	-0.00292129349965653	1.3492912184220884e-05	-0.0004833264744028565
9.147345693172326e-05	-0.00012229121843221336	-0.0031141759899291355	2.2798153658021292e-05	-0.000253940726329116	-0.0033581592965588047	-0.0004857822842749826	0.00014076752117198055
-0.00047021113908551904	-0.00018470061798980808	-0.003238994789044325	-0.00041406764324447565	-0.0006908065232322791	-0.003295749897002098	-0.0007354198825053615	-0.0005457358739600071
0.0005283392538339982	0.0001897557793548721	-0.0031141759899291355	2.2798153658021292e-05	-0.00019153132677218743	-0.0029837028992141246	-0.0001737352864881192	0.00026558632028717
2.9064057374572627e-05	-5.988181887550681e-05	-0.0031141759899291355	-0.00022683944457169147	-0.0005659877241166456	-0.0030461122987717193	-0.0004857822842749826	-0.00042091707484481766
0.0004035204547192528	0.0002521651789124668	-0.0028645383916989786	0.0002724357518884002	-0.00012912192721437066	-0.0027340653009841898	1.3492912184220884e-05	0.0005776333180746995
-0.00022057354085580627	2.5275806825320046e-06	-0.0026773101930266385	-0.00010202064545627998	-0.0004411689250019002	-0.00292129349965653	-0.0004857822842749826	-0.00042091707484481766
0.0007155674525067823	0.0003145745784698395	-0.002115625597008952	0.00045966395056051823	0.00018292507057338092	-0.002047561905851758	0.00013831171129941033	0.0004528145189595101
-0.0005950299382007085	-0.00012229121843221336	-0.0023028537956815143	-0.0001644300450143188	-0.0005659877241166456	-0.0018603337071789738	-0.0004857822842749826	-0.00042091707484481766
-9.575474174061682e-05	-0.00012229121843221336	-0.0024900819943542984	-0.00022683944457169147	-0.0005035783245594949	-0.001236239711604581	-0.0003609634851604593	7.835812161482991e-05
-0.0009694863355456107	-0.0004343382162197429	-0.0024900819943542984	-0.0008509334401467505	-0.0010028535210195866	-0.0011114209124896135	-0.0007354198825053615	-0.0007329640726327913
-0.00015816414129821155	-5.988181887550681e-05	-0.0023028537956815143	-0.0002892488441288421	-0.00031635012588671074	-0.0007369645151444892	-0.00023614468604526984	0.00026558632028717
-0.0005950299382007085	-0.00037192881666259225	-0.002365263195239553	-0.0007261146410315611	-0.0007532159227889856	-0.0017355149080644505	-0.0005481916838325773	-0.0007329640726327913
0.00034111105516165807	-0.00012229121843221336	-0.002427672594797148	-0.00022683944457169147	-0.00031635012588671074	-0.0025468371023116276	-0.00029855408560286456	0.00020317692072957527
-0.0007822581368730486	-0.0002471100175474028	-0.002802128992141384	-0.0003516582436868809	-0.0008156253223465804	-0.003545387495231367	-0.0007978292820629562	-0.0006081452735176018
-0.003216224719615468	-0.00037192881666259225	-0.004487182780193777	-0.0007885240405887117	-0.0011276723201338879	-0.004918394285496008	-0.0019211984740974408	0.0004528145189595101
-0.008021748485541824	-0.0011208416113521746	-0.006858739963378158	-0.0021615308308540193	-0.0028751355077443197	-0.006665857473105996	-0.0042927556572818215	-0.00042091707484481766
-0.00746006388952436	-0.001058432211795024	-0.007295605760281099	-0.00203671203173883	-0.0027503167086291302	-0.006416219874876061	-0.0042927556572818215	0.00032799571984432063
-0.00877066128023185	-0.0016201168078122663	-0.008044518554970681	-0.0029104436255436017	-0.0035616389028763074	-0.006541038673990807	-0.00504166845197207	-0.0006081452735176018
-0.007148016891736608	-0.0007463852140074945	-0.007420424559396288	-0.00203671203173883	-0.0026879073090715355	-0.005292850682841355	-0.004167936858167298	0.0005776333180746995
-0.006523922896162215	-0.0011208416113521746	-0.006983558762493125	-0.002411168429083954	-0.0028751355077443197	-0.005168031883726165	-0.004230346257724449	-0.0003585076752881111
-0.004714050308995077	-0.0007463852140074945	-0.006421874166476327	-0.0015374368352791823	-0.002126222713053849	-0.004356709689478988	-0.0034190240634772717	0.00039040511940191536
-0.005275734905012319	-0.0013080698100245147	-0.006609102365148223	-0.0021615308308540193	-0.002812726108186281	-0.004855984885938858	-0.0038558898603797687	-0.0007329640726327913
-0.0019056273289079773	-0.0008087946135646451	-0.005298504974440954	-0.0012877992370488034	-0.0015645381170366068	-0.0037950250934617458	-0.002295654871442121	-0.0001088700770581763
-0.0014063521324478856	-0.0008087946135646451	-0.004612001579308744	-0.0012253898374916528	-0.0016893569161517963	-0.0037950250934617458	-0.002108426672769781	-0.000795373472190164
2.9064057374572627e-05	-0.0002471100175474028	-0.004050316983291502	-0.00041406764324447565	-0.0006908065232322791	-0.00292129349965653	-0.0011098762798502637	0.00026558632028717
-0.00047021113908551904	-0.0004343382162197429	-0.0041751357824066915	-0.0007885240405887117	-0.0010028535210195866	-0.003108521698329314	-0.0012971044785230479	-0.0006081452735176018
0.0008403862516217497	-0.00030951941710499753	-0.003863088784619162	-0.0003516582436868809	-0.0006283971236746844	-0.0027964747005420065	-0.0007354198825053615	7.835812161482991e-05
0.0031495340352485357	-0.0002471100175474028	-0.002552491393911893	-0.00010202064545627998	-0.000253940726329116	-0.0023596089036388435	0.00020072111085700506	-0.000795373472190164
0.0063324134126800935	0.000813849774929265	-0.0008050282063023495	0.0013958049439231068	0.0011814754634928981	-0.0006121457160297439	0.002135412497139333	0.00026558632028717
0.0063324134126800935	0.0008762591744873038	-0.0006178000076295653	0.0013958049439231068	0.001243884863050937	-0.0005497363164721492	0.0023850500953690457	-0.0004833264744028565
0.008142285999847676	0.000626621576257369	-0.00024334361028466311	0.0014582143434804795	0.0013687036621652382	-0.0013610585107188822	0.002697097093156131	-4.646067750058158e-05
0.008516742397192578	0.000813849774929265	0.0005679785839629581	0.0018326707408251597	0.0017431600595105845	-0.0009241927138172734	0.003133962890058628	-0.0006705546730751966
0.007330963805600055	0.0008762591744873038	0.0001311127870602391	0.0021447177386129113	0.0017431600595105845	-0.0004249175173574038	0.0028843252918291373	1.5948722057235187e-05
0.004085675028611346	0.0003145745784698395	-0.0010546658045322843	0.0009589391470203878	0.0006822002670325844	-0.000986602113374424	0.0015737279011218686	-0.0007329640726327913
0.004584950225070994	0.000626621576257369	-0.0009922564049746896	0.001146167345692728	0.000994247264820558	-0.00036250811779980907	0.0018233654993513593	0.00020317692072957527
0.002650258838788444	0.00043939337758458485	-0.0016163504005495266	0.00045966395056051823	0.00024533447013097565	-0.0009241927138172734	0.0010120433051041822	-0.00042091707484481766
0.0005907486533915929	0.0003145745784698395	-0.0028645383916989786	0.0002724357518884002	-6.671252765677593e-05	-0.0012986491111621756	0.0002631305104145998	0.00026558632028717
0.00034111105516165807	0.0003145745784698395	-0.0028645383916989786	8.520755321561602e-05	-0.000253940726329116	-0.001610696108949261	1.3492912184220884e-05	-0.0003585076752881111
0.0008403862516217497	2.5275806825320046e-06	-0.0031141759899291355	2.2798153658021292e-05	-0.00012912192721437066	-0.0026092465018692224	-0.0001737352864881192	0.00026558632028717
0.00034111105516165807	0.00012734637979705532	-0.002802128992141384	0.00021002635233080547	-0.00012912192721437066	-0.0026092465018692224	-0.0001737352864881192	-0.0003585076752881111
0.0006531580529489656	0.0001897557793548721	-0.002989357190814168	0.0003348451514459949	5.810627145819147e-05	-0.0023596089036388435	-0.00011132588693008039	0.00026558632028717
-0.0004078017395279243	-0.0002471100175474028	-0.0034886323872738156	-0.00041406764324447565	-0.0007532159227889856	-0.0027964747005420065	-0.0007354198825053615	-0.0006081452735176018
0.000777976852064155	0.0001897557793548721	-0.003238994789044325	2.2798153658021292e-05	-0.00019153132677218743	-0.002234790104524542	-0.00023614468604526984	0.00020317692072957527
-0.0010943051346608001	-0.0009336134126802786	-0.004299954581520993	-0.0011005710383764633	-0.0013773099183642667	-0.003295749897002098	-0.0014219232776373492	-0.0010450110704200988
9.147345693172326e-05	2.5275806825320046e-06	-0.003925498184176757	-0.00022683944457169147	-0.0005035783245594949	-0.0027964747005420065	-0.000610601083390172	0.00026558632028717
-0.00047021113908551904	-0.0002471100175474028	-0.0043623639810785875	-0.0004764770428016263	-0.0008780347219041751	-0.003295749897002098	-0.001047466880292891	-0.0006081452735176018
0.0001538828564888739	-0.00012229121843221336	-0.004487182780193777	-0.0001644300450143188	-0.0004411689250019002	-0.003732615693903707	-0.000860238681620551	0.00020317692072957527
-0.00047021113908551904	2.5275806825320046e-06	-0.004549592179751372	-0.00022683944457169147	-0.0005659877241166456	-0.003482978095673994	-0.0009850574807348522	-0.0004833264744028565
0.00034111105516165807	0.00012734637979705532	-0.004549592179751372	0.00014761695277321074	-0.00037875952544430547	-0.002858884100098935	-0.0005481916838325773	0.0004528145189595101
-0.0007198487373158979	-0.0002471100175474028	-0.005048867376211463	-0.000538886442359221	-0.0009404441214615478	-0.003295749897002098	-0.0011098762798502637	-0.00042091707484481766
0.0006531580529489656	0.00012734637979705532	-0.004612001579308744	-0.00010202064545627998	-0.00031635012588671074	-0.0032333404974445035	-0.0005481916838325773	0.00032799571984432063
9.147345693172326e-05	0.0001897557793548721	-0.0043623639810785875	8.520755321561602e-05	-0.00037875952544430547	-0.002671655901426595	-0.0005481916838325773	-0.00017127947661577103
0.00027870165560406335	0.0001897557793548721	-0.004612001579308744	0.0002724357518884002	-0.000253940726329116	-0.0019227431067372347	-0.0003609634851604593	0.0005152239185171048
-0.0010943051346608001	-5.988181887550681e-05	-0.005173686175326209	-0.0006012958419163716	-0.0010028535210195866	-0.0029837028992141246	-0.001234695078965009	-0.0003585076752881111
-0.004089956313420018	-0.0004967476157773376	-0.0071083775616087586	-0.0012253898374916528	-0.0016269475165939795	-0.004294300289921615	-0.0025452924696725	0.00039040511940191536
-0.008458614282444321	-0.0011832510109097694	-0.009230297146562982	-0.0023487590295259153	-0.0030623637064162157	-0.005355260082398949	-0.0045423932555122	-0.0004833264744028565
-0.00795933908598423	-0.0013080698100245147	-0.00966716294346548	-0.0025359872281986995	-0.0030623637064162157	-0.005168031883726165	-0.004479983855954606	0.00014076752117198055
-0.00877066128023185	-0.0018697544060426452	-0.010104028740367754	-0.003284900022888282	-0.003873685900663837	-0.006228991676203277	-0.005416124849316528	-0.0009201922713053534
-0.007085607492179458	-0.001495298008697521	-0.009604753543907885	-0.002660806027313889	-0.002999954306858621	-0.006228991676203277	-0.00485444025329973	7.835812161482991e-05
-0.006773560494391928	-0.0014328886091399262	-0.00935511594567795	-0.0025359872281986995	-0.003187182505531405	-0.005792125879301224	-0.00485444025329973	-0.0006705546730751966
-0.004651640909437038	-0.0009960228122374293	-0.008855840749217858	-0.0017246650339515224	-0.002188632112611888	-0.004606347287708923	-0.003731071061264579	0.00014076752117198055
-0.004651640909437038	-0.0009336134126802786	-0.008668612550545518	-0.0019118932326240845	-0.0025006791103989734	-0.005043213084611198	-0.003793480460822174	-0.0005457358739600071
-0.0014063521324478856	-0.000621566414892305	-0.007045968162051164	-0.0011005710383764633	-0.0015645381170366068	-0.0038574344930188964	-0.0024204736705573104	0.00020317692072957527
-0.0010943051346608001	-0.00037192881666259225	-0.006172236568245948	-0.0009133428397039012	-0.0013773099183642667	-0.00292129349965653	-0.0019836078736550355	-0.0006081452735176018
0.0004035204547192528	2.5275806825320046e-06	-0.005985008369573386	-0.0002892488441288421	-0.0006908065232322791	-0.0025468371023116276	-0.0011722856794078584	0.00039040511940191536
-0.0006574393377583032	-0.0005591570153353764	-0.006234645967803765	-0.0009757522392614959	-0.0013773099183642667	-0.0034205686961163995	-0.0018587890745400681	-0.0006081452735176018
0.0019013460440993057	0.0005642121766997743	-0.0043623639810785875	0.00045966395056051823	5.810627145819147e-05	-0.0017355149080644505	-0.00029855408560286456	0.0007024521171894449
0.0034615810330360652	0.00012734637979705532	-0.0034886323872738156	0.0003348451514459949	-6.671252765677593e-05	-0.0012986491111621756	0.00020072111085700506	-0.0005457358739600071
0.006644460410468067	0.0009386685740446765	-0.0018035785992218667	0.0015206237430380742	0.0013062942626076435	0.0007608610742351196	0.002073003097581738	0.00039040511940191536
0.005895547615778041	0.0006890309758149638	-0.0019283973983370561	0.0010837579461355773	0.0008070190661477739	0.0007608610742351196	0.001885774898909398	-0.0005457358739600071
0.008329514198520016	0.001250715571831762	-0.0006802094071873821	0.0020823083390555386	0.0019303882581829246	0.001509773868925146	0.003133962890058628	0.0004528145189595101
0.008079876600290525	0.0009386685740446765	-0.0006178000076295653	0.001583033142595669	0.0016807506599525457	0.0006360422751203743	0.0028843252918291373	-0.0006705546730751966
0.007455782604715244	0.001250715571831762	-0.001117075204089435	0.0020823083390555386	0.00205520705729767	0.00038640467688999536	0.002946734691386732	0.0004528145189595101
0.0044601314259560265	0.0008762591744873038	-0.0026773101930266385	0.00133339554436529	0.0011190660639353034	-0.0008617833142592346	0.0016361373006794633	-0.00023368887617292167
0.0048969972228585235	0.000626621576257369	-0.0034886323872738156	0.0010837579461355773	0.0010566566643781528	-0.0019227431067372347	0.0014489091020071232	0.00026558632028717
0.0024006212405589533	0.00043939337758458485	-0.0043623639810785875	0.000709301548790453	0.0003077438696876822	-0.002422018303196438	0.0005127681086443125	-0.0004833264744028565
0.0010900238498512405	0.0005642121766997743	-0.0054233237735563655	0.0005844827496757077	0.00024533447013097565	-0.002422018303196438	0.0003255399099721945	0.0005776333180746995
0.0001538828564888739	0.0001897557793548721	-0.006172236568245948	-3.961124589957343e-05	-0.0005659877241166456	-0.0026092465018692224	-0.00042337288471783197	-0.00023368887617292167
0.0010900238498512405	0.000626621576257369	-0.005735370771343895	0.0003348451514459949	-6.671252765677593e-05	-0.002484427702754033	-0.00011132588693008039	0.0005776333180746995
0.00046592985427640343	0.0003145745784698395	-0.005985008369573386	-3.961124589957343e-05	-0.00037875952544430547	-0.0027340653009841898	-0.0004857822842749826	-0.0003585076752881111
0.00027870165560406335	0.0002521651789124668	-0.006421874166476327	0.00014761695277321074	-0.00012912192721437066	-0.002858884100098935	-0.0005481916838325773	0.0005152239185171048
-9.575474174061682e-05	2.5275806825320046e-06	-0.006421874166476327	-3.961124589957343e-05	-0.0005659877241166456	-0.002422018303196438	-0.0007354198825053615	-0.00042091707484481766
0.00046592985427640343	0.0001897557793548721	-0.006546692965591072	2.2798153658021292e-05	-0.00031635012588671074	-0.0021723807049669475	-0.0004857822842749826	0.00032799571984432063
-0.00015816414129821155	2.5275806825320046e-06	-0.006359464766918732	-0.0003516582436868809	-0.0006283971236746844	-0.002484427702754033	-0.0006730104829477668	-0.00042091707484481766
-3.3345342183910276e-05	2.5275806825320046e-06	-0.006609102365148223	-0.00022683944457169147	-0.0005035783245594949	-0.002671655901426595	-0.0007978292820629562	0.00032799571984432063
-0.0007198487373158979	-0.00018470061798980808	-0.006858739963378158	-0.000538886442359221	-0.0010028535210195866	-0.002484427702754033	-0.0009850574807348522	-0.0005457358739600071
-0.00034539233997121777	0.00012734637979705532	-0.006921149362936196	-0.00010202064545627998	-0.0006908065232322791	-0.0021723807049669475	-0.0007354198825053615	0.00032799571984432063
-0.000907076935988238	-0.00037192881666259225	-0.007045968162051164	-0.0008509334401467505	-0.0012524911192490773	-0.00292129349965653	-0.0013595138780806426	-0.0006081452735176018
0.000965205050736051	0.0005642121766997743	-0.006109827168688575	0.00039725455100314555	5.810627145819147e-05	-0.002234790104524542	-0.0003609634851604593	0.0005776333180746995
-0.00015816414129821155	-5.988181887550681e-05	-0.006858739963378158	-0.0003516582436868809	-0.0005659877241166456	-0.0030461122987717193	-0.0009850574807348522	-0.0003585076752881111
0.00046592985427640343	2.5275806825320046e-06	-0.006733921164263412	-0.00010202064545627998	-0.00031635012588671074	-0.002858884100098935	-0.0007354198825053615	0.00020317692072957527
-0.0005950299382007085	-0.0005591570153353764	-0.007170786961165909	-0.0007885240405887117	-0.0010652629205767372	-0.0033581592965588047	-0.0014219232776373492	-0.0007329640726327913
0.00021629225604646862	-0.0002471100175474028	-0.006421874166476327	-0.00041406764324447565	-0.0006908065232322791	-0.0029837028992141246	-0.0009850574807348522	7.835812161482991e-05
-0.0016559897306778204	-0.00037192881666259225	-0.006921149362936196	-0.0007885240405887117	-0.0012524911192490773	-0.0026092465018692224	-0.0014843326771949439	-0.0006705546730751966
-0.005213325505455169	-0.0006839758144498997	-0.008980659548333048	-0.001599846234836333	-0.002126222713053849	-0.003732615693903707	-0.003106977065689742	0.00026558632028717
-0.008521023682001472	-0.0013080698100245147	-0.010852941535057559	-0.0027856248264284122	-0.0033120013046463725	-0.004793575486381707	-0.004792030853741691	-0.0004833264744028565
-0.007772110887311889	-0.0011832510109097694	-0.010603303936827624	-0.0025359872281986995	-0.0031247731059735884	-0.004793575486381707	-0.004604802655069351	0.00026558632028717
-0.008333795483329132	-0.0013080698100245147	-0.010665713336385219	-0.0027856248264284122	-0.0033744107042039673	-0.004918394285496008	-0.005104077851529443	-0.0004833264744028565
-0.007085607492179458	-0.0011832510109097694	-0.010603303936827624	-0.0022863496299683206	-0.0029375449073010262	-0.005043213084611198	-0.004667212054626946	0.00026558632028717
-0.006399104097047026	-0.001058432211795024	-0.00985439114213782	-0.0023487590295259153	-0.0028751355077443197	-0.005043213084611198	-0.0045423932555122	-0.0003585076752881111
-0.004277184512092802	-0.000621566414892305	-0.00966716294346548	-0.001599846234836333	-0.002126222713053849	-0.0044815284885941775	-0.0036062522621493898	0.0004528145189595101
-0.004089956313420018	-0.0008087946135646451	-0.009729572343022852	-0.0017246650339515224	-0.0023134509117261892	-0.004419119089036583	-0.0036686616617069845	-0.0002960982757305164
-0.0009694863355456107	-0.00018470061798980808	-0.00835656555275821	-0.0007261146410315611	-0.0011276723201338879	-0.003295749897002098	-0.0021708360723278197	0.00032799571984432063
-0.0016559897306778204	-0.0009336134126802786	-0.008793431349660263	-0.0016622556343939277	-0.0020638133134962544	-0.004356709689478988	-0.0028573394674602515	-0.000795373472190164
0.0007155674525067823	6.493698023968264e-05	-0.007482833958952995	-0.00010202064545627998	-0.0005035783245594949	-0.00292129349965653	-0.0012971044785230479	0.00032799571984432063
-0.0011567145342183949	-0.0006839758144498997	-0.008294156153200616	-0.0010381616388190906	-0.001751766315709169	-0.003482978095673994	-0.002108426672769781	-0.0006705546730751966
0.0013396614480816194	-0.00030951941710499753	-0.007233196360723504	-0.00041406764324447565	-0.0006908065232322791	-0.0025468371023116276	-0.0009850574807348522	-0.0001088700770581763
0.003960856229496157	0.00012734637979705532	-0.004986457976653869	0.0002724357518884002	5.810627145819147e-05	-0.001423467910276921	0.00038794930952934514	-0.0007329640726327913
0.0063324134126800935	0.0003145745784698395	-0.0037382699855041945	0.0008341203479056425	0.000994247264820558	-0.0005497363164721492	0.0015113185015642738	-0.0001088700770581763
0.0057083194171057006	2.5275806825320046e-06	-0.0033638135881590703	0.0006468921492328583	0.0005573814679180611	-0.00036250811779980907	0.0014489091020071232	-0.0009201922713053534
0.008579151796750173	0.0013755343709473955	-0.001304303402761553	0.0022695365377276566	0.002304844655527827	0.0016345926680398914	0.003570828686961347	0.00020317692072957527
0.007580601403830434	0.0008762591744873038	-0.0010546658045322843	0.001770261341267565	0.001618341260395395	0.0016970020675974862	0.003196372289616667	-0.0006081452735176018
0.006831688609140185	0.001063487373159866	-0.0012418940032041803	0.0017078519417104143	0.0017431600595105845	0.0014473644693675514	0.003133962890058628	0.00032799571984432063
0.0037736280308233727	0.0007514403753725585	-0.002802128992141384	0.0010213485465779826	0.0007446096665908453	0.0006360422751203743	0.002073003097581738	-0.0002960982757305164
0.0044601314259560265	0.000626621576257369	-0.002802128992141384	0.0010213485465779826	0.0010566566643781528	0.0005736328755627795	0.0021978218966967056	0.00020317692072957527
0.0017765272449836722	0.0003145745784698395	-0.003863088784619162	0.0002724357518884002	0.00018292507057338092	-0.0008617833142592346	0.0008872245059894368	-0.0004833264744028565
0.0008403862516217497	0.0002521651789124668	-0.005048867376211463	0.0003348451514459949	-4.303128099403253e-06	-0.001610696108949261	0.0002631305104145998	0.00020317692072957527
-0.00015816414129821155	-0.0002471100175474028	-0.005610551972228706	-0.0003516582436868809	-0.0006283971236746844	-0.002109971305409797	-0.0004857822842749826	-0.000795373472190164
0.0007155674525067823	0.00012734637979705532	-0.005298504974440954	0.00014761695277321074	-0.00019153132677218743	-0.0018603337071789738	-0.00023614468604526984	0.00020317692072957527
9.147345693172326e-05	-0.00018470061798980808	-0.005485733173113516	-0.0003516582436868809	-0.0006283971236746844	-0.002047561905851758	-0.000610601083390172	-0.0007329640726327913
-9.575474174061682e-05	-0.0002471100175474028	-0.006109827168688575	-0.0002892488441288421	-0.0006908065232322791	-0.0017979243076220452	-0.0007978292820629562	1.5948722057235187e-05
-0.000907076935988238	-0.0002471100175474028	-0.00586018957045864	-0.0006012958419163716	-0.0010028535210195866	-0.0016731055085068558	-0.0011722856794078584	-0.0007329640726327913
0.00027870165560406335	-0.00018470061798980808	-0.005548142572671555	-0.0003516582436868809	-0.0005035783245594949	-0.0013610585107188822	-0.0007354198825053615	1.5948722057235187e-05
-0.0006574393377583032	-0.0004343382162197429	-0.005610551972228706	-0.0006637052414739664	-0.0008780347219041751	-0.0016731055085068558	-0.0009850574807348522	-0.0007329640726327913
-3.3345342183910276e-05	-0.00018470061798980808	-0.005735370771343895	-0.00041406764324447565	-0.0004411689250019002	-0.001236239711604581	-0.0004857822842749826	7.835812161482991e-05
-0.0012815333333326961	-0.0007463852140074945	-0.006359464766918732	-0.0010381616388190906	-0.001314900518806672	-0.002047561905851758	-0.0014219232776373492	-0.0010450110704200988
-0.00028298294041317895	-0.0005591570153353764	-0.006484283566033033	-0.0009757522392614959	-0.0009404441214615478	-0.002671655901426595	-0.0011722856794078584	-0.0002960982757305164
-0.0011567145342183949	-0.0005591570153353764	-0.006858739963378158	-0.0007261146410315611	-0.0012524911192490773	-0.002297199504082137	-0.001047466880292891	-0.0009826016708629481
-0.00028298294041317895	-0.00030951941710499753	-0.006733921164263412	-0.0004764770428016263	-0.0008780347219041751	-0.002047561905851758	-0.0007978292820629562	-4.646067750058158e-05
-0.0007822581368730486	-0.0004967476157773376	-0.006921149362936196	-0.0009133428397039012	-0.0011900817196919267	-0.0026092465018692224	-0.0014219232776373492	-0.0008577828717479807
-3.3345342183910276e-05	-0.0002471100175474028	-0.006921149362936196	-0.00041406764324447565	-0.0008780347219041751	-0.002234790104524542	-0.0011098762798502637	7.835812161482991e-05
-0.0009694863355456107	-0.0005591570153353764	-0.007607652758068184	-0.0011005710383764633	-0.0014397193179214174	-0.002671655901426595	-0.0015467420767525386	-0.0009201922713053534
-3.3345342183910276e-05	-0.00030951941710499753	-0.007607652758068184	-0.000538886442359221	-0.0008156253223465804	-0.0023596089036388435	-0.001047466880292891	1.5948722057235187e-05
-0.0017808085297927878	-0.0004343382162197429	-0.008106927954528276	-0.0009757522392614959	-0.001314900518806672	-0.0031709310978864647	-0.0017963796749824734	-0.0007329640726327913
-0.0062742852979322805	-0.001245660410467364	-0.011289807331960056	-0.0020991214312964246	-0.002625497909513941	-0.004731166086823668	-0.0036686616617069845	-4.646067750058158e-05
-0.008521023682001472	-0.0014328886091399262	-0.01235076712443739	-0.0027856248264284122	-0.0034992295033191567	-0.0051056224841687925	-0.00435516505683986	-0.0007329640726327913
-0.0076472920881967	-0.001245660410467364	-0.012288357724880017	-0.0025359872281986995	-0.0030623637064162157	-0.004793575486381707	-0.004230346257724449	7.835812161482991e-05
-0.00858343308155951	-0.0017449356069274558	-0.012725223521782292	-0.003284900022888282	-0.0037488671015490915	-0.0054176694819561	-0.0051664872510870374	-0.000795373472190164
-0.007397654489967209	-0.001495298008697521	-0.012600404722667546	-0.0029728530251011964	-0.003249591905088778	-0.005043213084611198	-0.0045423932555122	1.5948722057235187e-05
-0.006648741695276739	-0.001682526207369861	-0.012038720126650082	-0.0029728530251011964	-0.0033744107042039673	-0.004918394285496008	-0.004479983855954606	-0.0009826016708629481
-0.004714050308995077	-0.001058432211795024	-0.010977760334172748	-0.0019118932326240845	-0.002375860311283784	-0.003732615693903707	-0.003106977065689742	1.5948722057235187e-05
-0.004464412710764698	-0.001245660410467364	-0.010416075738155284	-0.0022863496299683206	-0.002812726108186281	-0.0038574344930188964	-0.003356614663920121	-0.0008577828717479807
-0.0014063521324478856	-0.0009960228122374293	-0.008606203150988367	-0.001599846234836333	-0.0016893569161517963	-0.002858884100098935	-0.002108426672769781	-0.00023368887617292167
-0.0012191239337759896	-0.0008712040131226839	-0.008044518554970681	-0.0014126180361639928	-0.0016269475165939795	-0.002484427702754033	-0.001671560875867728	-0.0009201922713053534
-9.575474174061682e-05	-0.00012229121843221336	-0.007420424559396288	-0.0006012958419163716	-0.0008780347219041751	-0.0019851525062946074	-0.001047466880292891	1.5948722057235187e-05
-0.0009694863355456107	-0.0008712040131226839	-0.008481384351872956	-0.0012253898374916528	-0.0015645381170366068	-0.0026092465018692224	-0.0016091514763101333	-0.0009201922713053534
0.0017765272449836722	2.5275806825320046e-06	-0.006484283566033033	2.2798153658021292e-05	-0.000253940726329116	-0.001236239711604581	-0.00011132588693008039	0.00026558632028717
0.003711218631266	0.0001897557793548721	-0.004549592179751372	0.0003348451514459949	0.0001205156710157862	-0.00023768931868439758	0.0010120433051041822	-0.0006705546730751966
0.006519641611352878	0.0008762591744873038	-0.002989357190814168	0.00133339554436529	0.0011814754634928981	0.001072908072022205	0.0024474594949266404	0.00026558632028717
0.005645910017548106	2.5275806825320046e-06	-0.0031141759899291355	0.00045966395056051823	0.00043256266880287164	0.0003239952773326227	0.0020105936980239214	-0.0010450110704200988
0.008142285999847676	0.0008762591744873038	-0.0016163504005495266	0.0016454425421528196	0.0016807506599525457	0.0015721832684822967	0.0034460098878466017	-0.0001088700770581763
0.007455782604715244	0.000813849774929265	-0.0018659879987794614	0.0016454425421528196	0.001431113061722833	0.001759411467155081	0.003383600488288563	-0.000795373472190164
0.005895547615778041	0.0005642121766997743	-0.002989357190814168	0.001146167345692728	0.0011814754634928981	0.0006360422751203743	0.0026346876935994246	-4.646067750058158e-05
0.003336762233920876	-5.988181887550681e-05	-0.004424773380636182	0.0002724357518884002	5.810627145819147e-05	-0.00023768931868439758	0.0011368621042193716	-0.0010450110704200988
0.004522540825513177	0.0005018027771421796	-0.0034886323872738156	0.0009589391470203878	0.0009318378652629633	0.0003239952773326227	0.001885774898909398	7.835812161482991e-05
0.0007155674525067823	-5.988181887550681e-05	-0.0054233237735563655	-0.00010202064545627998	-0.00037875952544430547	-0.00023768931868439758	0.00038794930952934514	-0.000795373472190164
0.00027870165560406335	2.5275806825320046e-06	-0.006359464766918732	-0.00022683944457169147	-0.0004411689250019002	-0.0006745551155868945	-4.891648737292975e-05	1.5948722057235187e-05
-0.0005950299382007085	-0.0007463852140074945	-0.007045968162051164	-0.0011005710383764633	-0.001314900518806672	-0.001610696108949261	-0.0006730104829477668	-0.0011074204699776935
0.00027870165560406335	-0.00012229121843221336	-0.006609102365148223	-0.0001644300450143188	-0.0004411689250019002	-0.000799373914702084	0.0002631305104145998	1.5948722057235187e-05
-3.3345342183910276e-05	0.00012734637979705532	-0.006796330563821007	-0.0003516582436868809	-0.0005035783245594949	-0.0008617833142592346	0.00013831171129941033	-0.0005457358739600071
2.9064057374572627e-05	-0.00030951941710499753	-0.007295605760281099	-0.0006637052414739664	-0.0007532159227889856	-0.001610696108949261	-0.00029855408560286456	1.5948722057235187e-05
-0.00015816414129821155	-0.00012229121843221336	-0.007358015159838693	-0.000538886442359221	-0.0006283971236746844	-0.0015482867093916663	-0.0005481916838325773	-0.0006081452735176018
2.9064057374572627e-05	-0.00012229121843221336	-0.007919699755855936	-0.00022683944457169147	-0.0004411689250019002	-0.0008617833142592346	-0.00029855408560286456	7.835812161482991e-05
-0.0011567145342183949	-0.0006839758144498997	-0.008918250148775897	-0.001162980437934058	-0.0014397193179214174	-0.0017355149080644505	-0.0012971044785230479	-0.0008577828717479807
2.9064057374572627e-05	-0.00030951941710499753	-0.008731021950103557	-0.0006637052414739664	-0.0007532159227889856	-0.001610696108949261	-0.0007978292820629562	-0.00017127947661577103
-0.001343942732890735	-0.0005591570153353764	-0.00935511594567795	-0.0008509334401467505	-0.0016269475165939795	-0.0011114209124896135	-0.0012971044785230479	-0.0008577828717479807
-0.0012815333333326961	-0.0005591570153353764	-0.010728122735942813	-0.001162980437934058	-0.0016893569161517963	-0.0012986491111621756	-0.0012971044785230479	-0.00023368887617292167
-0.0014063521324478856	-0.0005591570153353764	-0.011227397932402683	-0.0014126180361639928	-0.0018765851148243584	-0.0018603337071789738	-0.0012971044785230479	-0.0009826016708629481
-0.00022057354085580627	-0.00037192881666259225	-0.011414626131075023	-0.0010381616388190906	-0.0011900817196919267	-0.0023596089036388435	-0.0006730104829477668	-4.646067750058158e-05
-0.0009694863355456107	-0.00030951941710499753	-0.012163538925764827	-0.0008509334401467505	-0.0014397193179214174	-0.002422018303196438	-0.000610601083390172	-0.0006705546730751966
-0.00015816414129821155	-0.00030951941710499753	-0.012600404722667546	-0.0004764770428016263	-0.0011276723201338879	-0.0027340653009841898	-0.00011132588693008039	7.835812161482991e-05
-0.0007822581368730486	-0.000621566414892305	-0.013224498718242161	-0.0010381616388190906	-0.0018141757152667637	-0.002858884100098935	-0.0011722856794078584	-0.0009201922713053534
-0.00028298294041317895	-0.00012229121843221336	-0.013286908117799756	-0.0007261146410315611	-0.0013773099183642667	-0.0025468371023116276	-4.891648737292975e-05	-4.646067750058158e-05
-0.0033410435187302134	-0.0006839758144498997	-0.015408827702754424	-0.0018494838330664898	-0.0026879073090715355	-0.0033581592965588047	-0.00042337288471783197	-0.0009201922713053534
-0.0073352450904096145	-0.0013080698100245147	-0.01971507627222091	-0.003035262424658791	-0.0039360953002209875	-0.0046687566872660735	-0.001671560875867728	1.5948722057235187e-05
-0.009269936476691942	-0.0016201168078122663	-0.02133772066071593	-0.003721765819791667	-0.0049970550926983215	-0.005792125879301224	-0.003543842862592461	-0.0009201922713053534
-0.00877066128023185	-0.0017449356069274558	-0.02333482144655541	-0.003908994018463563	-0.004622598695353419	-0.006228991676203277	-0.004043118059052553	-0.00017127947661577103
-0.008458614282444321	-0.001682526207369861	-0.02389650604257265	-0.0037841752193483735	-0.004497779896238674	-0.006541038673990807	-0.004604802655069351	-0.0007329640726327913
-0.005962238300144751	-0.0013080698100245147	-0.021961814656290768	-0.0027856248264284122	-0.0030623637064162157	-0.006291401075760872	-0.003731071061264579	7.835812161482991e-05
-0.005213325505455169	-0.0011832510109097694	-0.019902304470893473	-0.0021615308308540193	-0.002812726108186281	-0.00753958906691099	-0.003731071061264579	-0.0006081452735176018
-0.003590681116959926	-0.0008087946135646451	-0.018903754077973955	-0.0014126180361639928	-0.0020014039139391038	-0.006541038673990807	-0.003106977065689742	0.00026558632028717
-0.0035282717174023315	-0.0011832510109097694	-0.016282559296558974	-0.0019118932326240845	-0.0026879073090715355	-0.0057297164797434075	-0.002732520668345062	-0.0007329640726327913
-0.0011567145342183949	-0.0005591570153353764	-0.012600404722667546	-0.0012253898374916528	-0.0015645381170366068	-0.0038574344930188964	-0.0006730104829477668	0.00014076752117198055
-0.0017183991302354151	-0.0006839758144498997	-0.010852941535057559	-0.0017246650339515224	-0.002188632112611888	-0.0030461122987717193	-0.0004857822842749826	-0.0005457358739600071
0.0007155674525067823	0.00012734637979705532	-0.007170786961165909	-0.0009133428397039012	-0.0007532159227889856	-0.002109971305409797	0.0008872245059894368	0.00032799571984432063
-0.00034539233997121777	-0.0004343382162197429	-0.005485733173113516	-0.0009757522392614959	-0.0011276723201338879	-0.001423467910276921	0.001074452704662221	-0.0006081452735176018
0.0007155674525067823	-0.00018470061798980808	-0.0038006793850615672	0.00014761695277321074	-0.0005035783245594949	0.0011353174715797998	0.0018233654993513593	1.5948722057235187e-05
0.003898446829938562	0.0006890309758149638	-0.00024334361028466311	0.000522073350118113	0.0008070190661477739	0.0020090490653850157	0.0028219158922715426	-0.00042091707484481766
0.006582051010910472	0.00043939337758458485	0.0005679785839629581	0.000709301548790453	0.001431113061722833	0.002321096063172323	0.003758056885634131	-4.646067750058158e-05
0.005458681818875766	0.0003145745784698395	6.870338750286642e-05	0.0007717109483484919	0.0008070190661477739	0.0026955524605170034	0.0033211910887314122	-0.0008577828717479807
0.007767829602502996	0.0011883061722746113	0.0011296631799802004	0.001770261341267565	0.0021800258564124153	0.0037565122529943373	0.0047566072785538704	0.00026558632028717
0.007018916807812525	0.0005018027771421796	0.0005055691844053634	0.0013958049439231068	0.0015559318608378003	0.0015721832684822967	0.0036332380865189418	-0.0008577828717479807
0.006831688609140185	0.0009386685740446765	-0.0008674376058595001	0.001770261341267565	0.00205520705729767	0.00038640467688999536	0.002697097093156131	0.00026558632028717
0.004023265629053752	0.0003769839780274342	-0.0018659879987794614	0.001146167345692728	0.0007446096665908453	-0.0006121457160297439	0.0008872245059894368	-0.0006081452735176018
0.005396272419318171	0.0008762591744873038	-0.0009922564049746896	0.0016454425421528196	0.0013687036621652382	-0.0001128705195700963	0.0028219158922715426	0.00026558632028717
0.000777976852064155	-0.0005591570153353764	-0.0033638135881590703	-0.00041406764324447565	-0.0004411689250019002	-0.0023596089036388435	0.0005127681086443125	-0.0009826016708629481
0.0010276144502936457	-5.988181887550681e-05	-0.0041751357824066915	-0.0001644300450143188	-0.00012912192721437066	-0.0019227431067372347	0.001074452704662221	1.5948722057235187e-05
2.9064057374572627e-05	6.493698023968264e-05	-0.003426222987716665	-3.961124589957343e-05	-0.000253940726329116	-0.0005497363164721492	0.001074452704662221	-0.0006081452735176018
0.00034111105516165807	-5.988181887550681e-05	-0.003051766590371763	-0.00010202064545627998	-0.00012912192721437066	-0.00023768931868439758	0.0008248151064318421	7.835812161482991e-05
-0.0006574393377583032	-0.000621566414892305	-0.0035510417868318545	-0.0009133428397039012	-0.0007532159227889856	-0.0004249175173574038	0.00013831171129941033	-0.0009826016708629481
-0.0005950299382007085	-0.0002471100175474028	-0.003987907583734351	-0.0004764770428016263	-0.00037875952544430547	0.0003239952773326227	0.00045035870908693987	-0.0001088700770581763
-0.0017183991302354151	-0.0007463852140074945	-0.0043623639810785875	-0.0012253898374916528	-0.0011900817196919267	-0.0001128705195700963	-0.00011132588693008039	-0.0011074204699776935
-9.575474174061682e-05	-0.00018470061798980808	-0.003987907583734351	-0.0004764770428016263	-0.0005035783245594949	1.1948279545093143e-05	0.00045035870908693987	-4.646067750058158e-05
-0.0006574393377583032	-0.0005591570153353764	-0.0041751357824066915	-0.0009757522392614959	-0.0010028535210195866	-0.000799373914702084	1.3492912184220884e-05	-0.0008577828717479807
2.9064057374572627e-05	6.493698023968264e-05	-0.004487182780193777	-3.961124589957343e-05	-0.00037875952544430547	-0.00048732691691455443	0.0005751775082023514	0.00020317692072957527
-0.0005326205386435579	-0.0002471100175474028	-0.0043623639810785875	-0.0004764770428016263	-0.0008780347219041751	-0.001423467910276921	-0.00011132588693008039	-0.0005457358739600071
0.000777976852064155	6.493698023968264e-05	-0.004050316983291502	-3.961124589957343e-05	-0.00012912192721437066	-0.001423467910276921	0.00038794930952934514	0.00026558632028717
-0.00028298294041317895	-0.0005591570153353764	-0.004549592179751372	-0.0006012958419163716	-0.0008156253223465804	-0.002047561905851758	-0.00011132588693008039	-0.0007329640726327913
0.00034111105516165807	0.0001897557793548721	-0.004424773380636182	0.0002724357518884002	-6.671252765677593e-05	-0.00048732691691455443	0.0006999963073170967	0.00026558632028717
-0.001968036728465128	-0.0008712040131226839	-0.005610551972228706	-0.0013502086366068422	-0.0015645381170366068	-0.0011738303120469862	-0.0007978292820629562	-0.0010450110704200988
2.9064057374572627e-05	-0.00037192881666259225	-0.004924048577096274	-0.0010381616388190906	-0.0005659877241166456	-0.0008617833142592346	-0.00023614468604526984	-4.646067750058158e-05
-0.0007822581368730486	-0.000621566414892305	-0.004487182780193777	-0.001162980437934058	-0.0009404441214615478	-0.0008617833142592346	-0.000610601083390172	-0.0008577828717479807
-0.00022057354085580627	-5.988181887550681e-05	-0.004612001579308744	-0.00022683944457169147	-0.00019153132677218743	-0.0003000987182419923	7.590231174270379e-05	7.835812161482991e-05
-0.0022800837262526574	-0.0002471100175474028	-0.005236095574883803	-0.0006637052414739664	-0.0006908065232322791	-0.0011114209124896135	-0.0007978292820629562	-0.0003585076752881111
-0.006461513496604621	-0.0009960228122374293	-0.008418974952315805	-0.0019743026321816792	-0.0020014039139391038	-0.003295749897002098	-0.003106977065689742	0.00032799571984432063
-0.007210426291294203	-0.001058432211795024	-0.008731021950103557	-0.002411168429083954	-0.0026879073090715355	-0.0036077968947894057	-0.0034190240634772717	-0.0003585076752881111
-0.008021748485541824	-0.0013704792095825535	-0.009417525345235767	-0.0024735778286411048	-0.0033120013046463725	-0.0036077968947894057	-0.003543842862592461	0.00014076752117198055
-0.00795933908598423	-0.0011832510109097694	-0.009542344144350734	-0.0029728530251011964	-0.003436820103761118	-0.0036702062943465563	-0.003793480460822174	-0.0003585076752881111
-0.006711151094834333	-0.0013080698100245147	-0.008918250148775897	-0.002848034225986007	-0.002999954306858621	-0.003732615693903707	-0.003543842862592461	0.00020317692072957527
-0.006211875898374242	-0.0014328886091399262	-0.008169337354085426	-0.002660806027313889	-0.0030623637064162157	-0.0037950250934617458	-0.0036062522621493898	-0.0007329640726327913
-0.004776459708552228	-0.0009960228122374293	-0.00835656555275821	-0.0019743026321816792	-0.002188632112611888	-0.003482978095673994	-0.0030445676661325916	0.00014076752117198055
-0.003465862317845181	-0.001058432211795024	-0.007482833958952995	-0.0017246650339515224	-0.0020014039139391038	-0.003108521698329314	-0.002732520668345062	-0.000795373472190164
-0.0008446675364306433	-0.00037192881666259225	-0.006047417769131425	-0.0007261146410315611	-0.0008156253223465804	-0.0016731055085068558	-0.001234695078965009	0.00026558632028717
-0.000907076935988238	-0.0002471100175474028	-0.005236095574883803	-0.0007885240405887117	-0.0008780347219041751	-0.001236239711604581	-0.0007978292820629562	-0.0003585076752881111
0.0004035204547192528	-5.988181887550681e-05	-0.0043623639810785875	-0.0006012958419163716	-0.00031635012588671074	-0.000799373914702084	-0.0001737352864881192	0.00039040511940191536
-0.00028298294041317895	-0.0004967476157773376	-0.0043623639810785875	-0.0010381616388190906	-0.0010028535210195866	-0.0009241927138172734	-0.00042337288471783197	-0.0006081452735176018
0.002837487037460784	0.0003769839780274342	-0.0022404443961243636	0.00021002635233080547	0.0003077438696876822	0.0005736328755627795	0.0016361373006794633	0.00032799571984432063
0.004522540825513177	6.493698023968264e-05	-0.0010546658045322843	0.000522073350118113	0.0005573814679180611	0.0011977268711373945	0.0026346876935994246	-0.0005457358739600071
