Sensor_1	Sensor_2	Sensor_3	Sensor_4	Sensor_5	Sensor_6	Sensor_7	Sensor_8
-0.0008339628117361997	0.0003566827708558762	0.0030688642572676006	0.00040533185949698236	0.00790254629892817	-0.00852448788725324	1.2591712542198152e-05	-0.003486129354054457
0.0006638627776438533	0.0003566827708558762	0.00319368305638279	0.0005925600581697665	0.007652908700697791	-0.008462078487695646	-4.9817687014508394e-05	-0.0033613105549397115
-0.0006467346130631935	0.00023186397174090878	0.0030688642572676006	0.0007797882568425507	0.008214593296715478	-0.00921099128238545	0.0001374105116573876	-0.003735766952284836
-0.0005843252135055987	4.4635773068568696e-05	0.0032560924559399407	0.0006549694577269172	0.008901096691847687	-0.009647857079287725	7.500111210023697e-05	-0.0039854045505145486
0.0005390439785286638	-0.00039223002383392824	0.0030688642572676006	0.0005925600581697665	0.00940037188830778	-0.010396769873977751	-0.00011222708657254721	-0.00460949854608983
-0.00039709701483370274	0.00010704517262616342	0.0035057300541703196	0.0007797882568425507	0.010024465883882172	-0.010334360474420157	0.00019981991121520437	-0.0039854045505145486
0.00041422517941436254	-0.00032982062427655556	0.0028192266590374437	0.0004677412590545771	0.0091507342900774	-0.010771226271322654	-0.00023704588568729257	-0.0042350421487449275
-0.0006467346130631935	-0.00014259242560421548	0.002944045458152411	0.0006549694577269172	0.00927555308919259	-0.010271951074862562	0.0001374105116573876	-0.0044222703474172675
0.0007886815767585986	-0.00026741122471851675	0.002944045458152411	0.0008421976563994793	0.009337962488750184	-0.010646407472207686	-0.0002994552852448873	-0.004921545543876915
-0.0008963722112929062	-0.0005170488229491177	0.0025071796612503583	0.000717378857284956	0.010024465883882172	-0.011145682668667778	0.0001374105116573876	-0.00479672674476217
0.000726272177201448	-0.00026741122471851675	0.003006454857710006	0.000717378857284956	0.010523741080342264	-0.011457729666454641	1.2591712542198152e-05	-0.004734317345204575
0.0007886815767585986	-0.00039223002383392824	0.00338091125505513	0.0008421976563994793	0.010898197477687388	-0.011332910867340118	0.00032463871032994973	-0.00485913614431932
-0.0006467346130631935	-0.00032982062427655556	0.0033185018554975354	0.0005301506586121718	0.010835788078129793	-0.011520139066012902	1.2591712542198152e-05	-0.00479672674476217
0.0005390439785286638	-0.00032982062427655556	0.00338091125505513	0.000717378857284956	0.010648559879457453	-0.011707367264685242	-0.00011222708657254721	-0.00479672674476217
-0.0005219158139484481	-0.00026741122471851675	0.0036929582528426597	0.0008421976563994793	0.011210244475474918	-0.011520139066012902	0.0002622293107727991	-0.005358411340779412
0.0004766345789710691	-0.0005170488229491177	0.0034433206546122808	0.0005301506586121718	0.011459882073705074	-0.012768327057162132	7.500111210023697e-05	-0.005670458338566942
-0.0006467346130631935	-0.00039223002383392824	0.003817777051957627	0.0005301506586121718	0.013519392259101704	-0.013579649251409753	0.0001374105116573876	-0.005982505336354471
0.0006638627776438533	-0.00026741122471851675	0.003817777051957627	0.000904607055957074	0.013519392259101704	-0.012705917657604981	0.00038704810988754446	-0.005608048939009791
-0.0005219158139484481	-0.00032982062427655556	0.003817777051957627	0.0005925600581697665	0.012895298263527089	-0.012955555255834472	-0.00011222708657254721	-0.005982505336354471
-0.0007091440126210102	-0.00026741122471851675	0.003942595851072372	0.0005925600581697665	0.013519392259101704	-0.012830736456719727	1.2591712542198152e-05	-0.005608048939009791
0.000726272177201448	-0.0005170488229491177	0.004317052248417053	0.0008421976563994793	0.014455533252464292	-0.012705917657604981	0.00019981991121520437	-0.005857686537239282
-0.0007091440126210102	-0.002326921410116256	0.004192233449302751	0.0005925600581697665	0.015703721243613744	-0.01083363567088047	1.2591712542198152e-05	-0.006481780532814563
0.0006638627776438533	-0.0051977537897609505	0.0031312736568247512	0.000717378857284956	0.02381694318608729	-0.013766877450082093	0.0001374105116573876	-0.014844640073518045
-0.00039709701483370274	-0.004199203396840989	0.003006454857710006	0.0012166540537450476	0.039668930673689484	-0.02737212655361465	0.000699095107675074	-0.02426845940669864
0.000726272177201448	-0.007319673374714952	0.005065965043107079	0.0012790634533026424	0.08110877197986133	-0.055643584553156655	0.00019981991121520437	-0.03531492312837403
-0.0008963722112929062	-0.011501103145066693	0.007624750424964022	0.0017159292502042511	0.10582289420462732	-0.07680037100314552	0.0009487327059047868	-0.04698548084562404
0.0007886815767585986	-0.010564962151704549	0.014614603175403085	0.00196556684843463	0.12117560649576942	-0.08890779451729824	0.0013855985028070616	-0.055036293388540436
0.0004766345789710691	-0.016306626910993716	0.01405291857938562	0.0010294258550722635	0.11637008272984262	-0.07761169319739247	0.00038704810988754446	-0.05765748816995475
-0.0005219158139484481	-0.016805902107453363	0.011494133197528678	0.0010294258550722635	0.09845858505684335	-0.05327202736997205	0.0005118669090022898	-0.05335123960048804
0.0006638627776438533	-0.014434344924268983	0.008872938416114362	0.0009670164555151128	0.0870376649378235	-0.042287973047854255	0.00032463871032994973	-0.05066763541951613
-0.00039709701483370274	-0.015120848319401414	0.011494133197528678	0.0008421976563994793	0.07018712705730135	-0.035610167295202944	0.00038704810988754446	-0.028200251578820223
0.0005390439785286638	-0.008318223767634914	0.014677012574960235	0.00021810366082508637	0.04023061526970695	-0.026061529162907382	-0.0004866834839172274	-0.026702425989440615
-0.0007091440126210102	-0.005634619586662559	0.020980361930266644	3.087546215230219e-05	0.01208397606927969	-0.004155829918229381	-0.0005490928834748221	-0.01447018367617292
0.0006638627776438533	-0.012187606540199125	0.019669764539559598	-0.00015635273652025994	-0.0024574140276154566	0.0053928082140666245	-0.0007363210821473842	-0.00485913614431932
-0.0007091440126210102	-0.008692680164979816	0.007375112826734309	3.087546215230219e-05	0.0011623311467190423	-0.006964252898315815	-0.0006115022830324168	-0.0023003507624625996
-0.0005843252135055987	-0.008755089564537855	0.012929549387351136	3.087546215230219e-05	0.0022232909391965983	-0.00315727952530942	-0.00042427408435963265	-0.0014266191686578278
0.000726272177201448	-0.012312425339314315	0.012991958786907842	3.087546215230219e-05	-2.344744487303707e-05	0.007764365397251005	-0.0006115022830324168	-0.0029868541575950314
-0.0007091440126210102	-0.009691230557899777	0.008061616221866741	-3.153393740507049e-05	0.004844485720610914	0.004456667220704258	-0.0004866834839172274	-0.005670458338566942
0.000726272177201448	-0.011438693745509765	0.0009469446723127106	0.00021810366082508637	0.015703721243613744	0.0011489690441579548	-0.0002994552852448873	-0.013596452082367705
-0.0007715534121781609	-0.015869761114090997	-0.004794720086976012	-3.153393740507049e-05	0.023504896188300206	0.009324600386188209	-0.00011222708657254721	-0.014532593075730516
0.0008510909763159713	-0.018054090098602593	-0.005231585883878509	0.0004677412590545771	0.028185601155111817	0.006765815004331488	-0.0006115022830324168	-0.014782230673960228
-0.0008339628117361997	-0.018054090098602593	-0.0027352099015784948	0.00034292245993938764	0.03448895051041778	-0.006527387101413318	-0.00017463648613014193	-0.012972358086792868
0.000726272177201448	-0.01867818409417832	-0.0008629279148539837	0.00015569426126749164	0.03324076251926855	-0.00989749467751766	-0.000361864684802482	-0.007043465128831361
0.0006638627776438533	-0.018803002893293064	-0.0023607535042340366	0.0002805130603826811	0.028996923349358994	-0.015077474840789362	-0.000361864684802482	0.00156903201010139
-0.0005843252135055987	-0.017554814902142946	-0.0026103911024639714	3.087546215230219e-05	0.02568922517281269	-0.020507092602290777	-0.0005490928834748221	0.009307797555230257
0.0006638627776438533	-0.019551915687982646	-0.0010501561135267679	0.00034292245993938764	0.01776323142901104	-0.020819139600078307	-0.0002994552852448873	0.02147763046894058
-0.0006467346130631935	-0.01886541229285066	-0.0013622031113140753	-9.394333696266521e-05	0.009774828285652681	-0.01919649521158373	-0.0005490928834748221	0.031775181395925944
0.0005390439785286638	-0.016681083308338618	-0.004545082488746077	-3.153393740507049e-05	0.003908344727248547	-0.015701568836364643	-0.000361864684802482	0.029778080610086244
-0.0006467346130631935	-0.013186156933119086	-0.007540733667505295	0.00015569426126749164	0.0034714789303462723	-0.00821244088946571	-0.000361864684802482	0.024223644049469417
0.0006014533780862585	-0.011750740743297072	-0.008788921658655191	0.0005301506586121718	0.0061550831113181825	-0.005591246108050951	-0.00011222708657254721	0.017920294694163896
-0.0005219158139484481	-0.010440143352589804	-0.0061677268772408755	0.0002805130603826811	0.007028814705122954	-0.005653655507608546	-0.00023704588568729257	0.011554535939299893
-0.0007091440126210102	-0.007007626376927867	-0.005169176484320914	0.0004677412590545771	0.006779177106893464	-0.005216789710706049	-0.00011222708657254721	0.011117670142397396
0.0007886815767585986	-0.004823297392415382	-0.004545082488746077	0.000717378857284956	0.00571821731441613	-0.00602811190495367	7.500111210023697e-05	0.011367307740627552
-0.0007715534121781609	-0.003387881202593368	-0.0038585790936132014	0.00021810366082508637	0.004719666921496168	-0.007775575092563436	-0.0002994552852448873	0.011429717140185147
0.0006638627776438533	-0.002576559008346191	-0.00142461251087167	0.00034292245993938764	0.004844485720610914	-0.008961353684155737	-0.00017463648613014193	0.011429717140185147
-0.0006467346130631935	-0.0026389684079033415	0.00019803187762312824	0.00021810366082508637	0.004719666921496168	-0.009835085277960509	1.2591712542198152e-05	0.013551636725139371
0.000726272177201448	-0.002763787207018531	0.00088453527275556	0.0005301506586121718	0.0028473849347714353	-0.009398219481058234	-0.0004866834839172274	0.014924643515404235
-0.0007715534121781609	-0.003200653003921028	-0.000800518515296833	0.00034292245993938764	0.0015367875440646106	-0.007525937494333279	-0.00042427408435963265	0.015299099912749137
0.0005390439785286638	-0.0026389684079033415	-0.002111115906004102	0.0006549694577269172	0.0011623311467190423	-0.004842333313361369	0.0001374105116573876	0.015486328111421477
0.0004766345789710691	-0.0010163240194089873	-0.0025479817029063767	0.00021810366082508637	-0.0007723602395626195	-0.004031011119114192	-0.000361864684802482	0.014238140120271803
-0.0005219158139484481	0.00016945457218375815	-0.002111115906004102	0.0004677412590545771	-0.0020829576302701103	-0.0029700513266368578	-0.00017463648613014193	0.014675005917173856
0.0004766345789710691	0.0010431861659880859	-0.0021735253055612525	0.00034292245993938764	-0.0034559644205345297	-0.0032196889248661265	-0.00023704588568729257	0.014987052914961385
-0.0007715534121781609	0.0021665553580230146	-0.002048706506446507	0.00015569426126749164	-0.0047665618112422425	-0.003344507723981316	-0.0002994552852448873	0.015673556310093817
0.0007886815767585986	0.002915468152713041	-0.0011749749126412912	0.0005301506586121718	-0.0053906558068170796	-0.0036565547217688454	-0.000361864684802482	0.01486223411584664
-0.0007715534121781609	0.002915468152713041	-0.0004260621179521529	0.00021810366082508637	-0.0052034276081445174	-0.004655105114689029	1.2591712542198152e-05	0.014113321321156613
0.0008510909763159713	0.0025410117553676947	0.0005100788754106578	0.00040533185949698236	-0.004891380610356988	-0.004655105114689029	-0.00011222708657254721	0.013551636725139371
-0.0005843252135055987	0.0017296895611209617	-0.0002388339192793687	0.00040533185949698236	-0.004828971210799393	-0.0038437829204414076	-0.00023704588568729257	0.012241039334432324
-0.0005219158139484481	0.0006063203690862551	-0.0004884715175088594	0.0005925600581697665	-0.0041424678156674055	-0.002096319732831642	7.500111210023697e-05	0.011304898341069514
0.00041422517941436254	-1.777362648902603e-05	-0.0011749749126412912	0.00040533185949698236	-0.004267286614782595	-0.0012849975385844647	-0.00023704588568729257	0.008933341157885133
-0.0007715534121781609	0.00010704517262616342	-0.00123738431219933	0.0005301506586121718	-0.003830420817879876	0.00015041865123777143	-0.00011222708657254721	0.0075603343676207135
0.0006014533780862585	4.4635773068568696e-05	-0.0009253373144115784	0.0007797882568425507	-0.0037056020187649086	0.0008369220463702032	1.2591712542198152e-05	0.005063958385321143
-0.0008339628117361997	0.00010704517262616342	-0.0011125655130841405	0.0002805130603826811	-0.0041424678156674055	0.0009617408454849485	7.500111210023697e-05	0.004502273789303901
0.0007886815767585986	0.0006687297686434057	-0.000800518515296833	0.0008421976563994793	-0.0038928302174370266	0.001273787843272256	0.0002622293107727991	0.0037533609946134305
-0.0006467346130631935	0.0006687297686434057	-0.0004884715175088594	0.00040533185949698236	-0.003955239616994621	-9.921894699216338e-05	-0.00023704588568729257	0.0018810790078891415
0.0005390439785286638	0.00016945457218375815	0.0006348976745256252	0.0005301506586121718	-0.0022701858289426724	-0.00047367534433728764	7.500111210023697e-05	0.000944938014526997
0.0005390439785286638	-0.0008915052202937979	0.00088453527275556	0.0005925600581697665	-0.0010219978377929984	-0.0014098163376994322	-4.9817687014508394e-05	-0.0008649345726401414
-0.0004595064143908534	-0.0011411428185237327	0.0016334480674455865	0.0008421976563994793	0.0010999217471614475	-0.0010977693399121247	0.00038704810988754446	-0.001364209769100233
0.0006638627776438533	-0.0018900556132137591	0.0013214010696578349	0.0006549694577269172	0.0017864251422938793	-0.0015970445363717722	0.0001374105116573876	-0.002862035358479842
-0.0007091440126210102	-0.002139693211443916	0.0010093540718703053	0.0006549694577269172	0.002098472140081409	-0.0014098163376994322	-4.9817687014508394e-05	-0.004047813950072143
0.0007886815767585986	-0.0022645120105586614	0.0015710386678879917	0.000904607055957074	0.0029722037338861806	-0.0013474069381420595	-0.00023704588568729257	-0.00485913614431932
-0.0008339628117361997	-0.002576559008346191	0.0013214010696578349	0.0002805130603826811	0.003970754126805698	-0.0019715009337168965	0.0002622293107727991	-0.004734317345204575
0.0009135003758742322	-0.0019524650127711318	0.0020079044647902666	0.0007797882568425507	0.004282801124593449	-0.0023459573310613546	7.500111210023697e-05	-0.0044222703474172675
-0.0005219158139484481	-0.0017652368140985697	0.0020079044647902666	0.0006549694577269172	0.004532438722823828	-0.002907641927079263	-4.9817687014508394e-05	-0.004359860947859229
-0.0007715534121781609	-0.0016404180149838243	0.001945495065232672	0.00034292245993938764	0.004594848122381423	-0.0034693265230965054	-0.0002994552852448873	-0.0042350421487449275
0.0006014533780862585	-0.001515599215869079	0.002319951462577574	0.0005925600581697665	0.005156532718398221	-0.0036565547217688454	-0.00011222708657254721	-0.003922995150956954
-0.0002722782157185133	-0.0015780086154262296	0.0028816360585950385	0.000904607055957074	0.006279901910433372	-0.0032820983244241653	0.00038704810988754446	-0.0034237199544973063
0.0004766345789710691	-0.0022645120105586614	0.0020079044647902666	0.00040533185949698236	0.006030264312202993	-0.004031011119114192	-0.00023704588568729257	-0.0033613105549397115
-0.0006467346130631935	-0.002139693211443916	0.0018206762661174825	0.00034292245993938764	0.0065919489082206795	-0.0034069171235389106	-4.9817687014508394e-05	-0.003111672956710221
0.000726272177201448	-0.002139693211443916	0.001508629268330619	0.0006549694577269172	0.00771531810025583	-0.002533185529734139	0.00019981991121520437	-0.0027372165593648745
-0.0004595064143908534	-0.0020148744123287265	0.0013838104692154296	0.00040533185949698236	0.007652908700697791	-0.0027828231279640736	-0.00017463648613014193	-0.002862035358479842
0.0006014533780862585	-0.002326921410116256	0.0008221258731984094	0.00034292245993938764	0.00771531810025583	-0.002533185529734139	-0.0002994552852448873	-0.001988303764675292
0.0006638627776438533	-0.0017652368140985697	0.00088453527275556	0.0005925600581697665	0.007652908700697791	-0.002096319732831642	-4.9817687014508394e-05	-0.0010521627713129256
-0.0005843252135055987	-0.0015780086154262296	0.0005724882749680305	0.0005301506586121718	0.006716767707335869	-0.0018466821346021511	-4.9817687014508394e-05	0.00032084401895215997
0.0006014533780862585	-0.001702827414541419	0.00013562247806553351	0.0004677412590545771	0.005655807914858091	-0.002096319732831642	-0.00017463648613014193	0.000944938014526997
-0.0006467346130631935	-0.001515599215869079	1.0803678950788154e-05	0.0005301506586121718	0.005343760917071005	-0.0018466821346021511	-0.00011222708657254721	0.0019434884074462921
0.0006014533780862585	-0.0017652368140985697	-0.0001140151201644013	0.0005301506586121718	0.005281351517513411	-0.0019090915341593018	-4.9817687014508394e-05	0.0025675824030215733
-0.0005843252135055987	-0.001515599215869079	-5.160572060680657e-05	0.0004677412590545771	0.004719666921496168	-0.0015970445363717722	-0.00011222708657254721	0.0024427636039061618
0.0004766345789710691	-0.001515599215869079	-0.0004260621179521529	0.0007797882568425507	0.004719666921496168	-0.0008481317416821899	0.0002622293107727991	0.0033789045972687504
-0.00039709701483370274	-0.0011411428185237327	-0.0008629279148539837	0.00021810366082508637	0.0032218413321165595	-0.0014098163376994322	-0.000361864684802482	0.0028796294008086587
-0.0006467346130631935	-0.0008915052202937979	-0.0004884715175088594	0.0005925600581697665	0.00309702253300137	-0.0009105411412397846	-4.9817687014508394e-05	0.00387817979372862
