Sensor_1	Sensor_2	Sensor_3	Sensor_4	Sensor_5	Sensor_6	Sensor_7	Sensor_8
-0.0046186606622415916	-0.001219691859311478	-0.00359145187304466	-0.0017782310215914698	-0.0020682755855649937	-0.004217127946898769	-0.002770471824215859	-0.0009265736324099993
-0.0018726470817123086	-0.0005331884641790463	-0.0022184450827806845	-0.0007172712291139138	-0.0006952687953001302	-0.0029689399557488727	-0.0012102368352782111	9.56736095236721e-06
-0.0018726470817123086	-0.0006580072632946798	-0.002093626283665495	-0.0009669088273438486	-0.001132134592202405	-0.0028441211566339053	-0.0012726462348358059	-0.0007393454337372152
-0.0006868684901195632	-9.632266727677141e-05	-0.0014071228885330633	-9.317723353907681e-05	-0.0001335841992824438	-0.002032798962386728	-0.000398914641031034	0.000259204959182302
-0.0011237342870222822	-0.00022114146639151677	-0.0014071228885330633	-0.00034281483176856753	-0.0005704499961849407	-0.0022200271610592903	-0.0006485522392614129	-0.00042729843595012973
0.0016846886930643734	0.0004653619287404709	-9.652549782579456e-05	0.0006557355611509497	0.0006777379949647333	-0.0009094297703515775	0.0007868639505612673	0.0004464331578546421
0.004617930472266885	0.0006525901274132551	0.001650937689783749	0.001217420157168192	0.0011146037918670082	0.0003387582207980966	0.0021598707408256868	-0.0004897078355077245
0.007114306454566011	0.0010270465247577132	0.00296153508049124	0.002028742351415369	0.002237972983901493	0.0013373086137176138	0.0035328775310905502	0.0001967955596247073
0.006677440657663736	0.0008398183260853731	0.0030863538796062073	0.0017791047531854343	0.00180110718699944	0.0011500804150452737	0.0032208305333027987	-0.0006145266346220257
0.007988038048371227	0.0009646371252005626	0.003523219676508038	0.002028742351415369	0.0023003823834595316	0.0016493556115051433	0.0038449245288776357	-5.2842038605227515e-05
0.008175266247043567	0.001089455924315308	0.0040849042725257245	0.0022159705500881532	0.0023003823834595316	0.0018365838101777054	0.00403215272755042	-0.0006145266346220257
0.0069270782558936705	0.001276684122988092	0.003335991477836142	0.0021535611505305585	0.0021755635843447862	0.0013373086137176138	0.0035328775310905502	0.0004464331578546421
0.00492997747005397	0.0006525901274132551	0.0023998504844737756	0.0013422389562833814	0.001364241390097165	0.0005259864194704367	0.0024095083390551775	-0.0004897078355077245
0.005366843266956467	0.0008398183260853731	0.002337441084916181	0.0014670577553981268	0.0016138789883270999	0.0005259864194704367	0.002721555336842929	0.000259204959182302
0.0016222792935076669	0.0002781337300681308	0.0006523872968640099	0.00040609796292057077	0.0004281003967343544	-0.001034248569466767	0.000849273350118418	-0.0003648890363929791
0.0018719168917369355	0.00034054312962528144	0.0004651590981912257	0.0005933261615933549	0.0006153285954071386	-0.0012838861676967017	0.000849273350118418	0.00032161435873989674
0.0003740913023573267	-0.00047077906462189567	-0.00040857249561310205	-0.00034281483176856753	-0.00038322179751260066	-0.0022200271610592903	-8.686764324394858e-05	-0.0009265736324099993
0.0012478228961620985	2.8496131837751904e-05	-0.0002837536964983567	0.000156460364690858	0.00011605339894704692	-0.0020952083619436568	0.00034999815365854836	7.197676050996193e-05
0.00018686310368476455	-0.0003459602655067062	-0.0005333912947282915	-0.000280405432211861	-0.00032081239795500593	-0.00253207415884682	-0.0001492770428015433	-0.0007393454337372152
0.0006237289005877056	-0.00022114146639151677	-0.000658210093843481	-9.317723353907681e-05	-0.0001335841992824438	-0.00253207415884682	-2.4458243686353853e-05	-5.2842038605227515e-05
6.204430457001919e-05	-9.632266727677141e-05	-0.000658210093843481	-0.00015558663309667153	-0.00025840299839763325	-0.002719302357518716	-0.0001492770428015433	-0.0006145266346220257
0.0010605946974899805	0.00021572433051053608	-0.0003461630960559514	0.0002812791638058254	0.00024087219806179228	-0.0024072553597316304	0.00034999815365854836	0.00038402375829749147
-3.650949875755316e-07	-3.3913267719620777e-05	-0.0007206194934006316	-9.317723353907681e-05	-0.00032081239795500593	-0.0030313493553066895	-0.0001492770428015433	-0.00042729843595012973
0.0006237289005877056	0.0001533149309531634	-0.0007830288929582263	0.000156460364690858	-8.765400167254356e-06	-0.0029689399557488727	-2.4458243686353853e-05	0.00038402375829749147
-0.00012518389410276498	2.8496131837751904e-05	-0.000845438292515821	-9.317723353907681e-05	-0.00025840299839763325	-0.0032185775539788075	-0.00021168644235824985	-0.0003648890363929791
6.204430457001919e-05	-9.632266727677141e-05	-0.0012198946898607232	-9.317723353907681e-05	-0.0001335841992824438	-0.0035930339513234877	-0.0003365052414738834	0.000259204959182302
-0.0004996402914474452	-0.00022114146639151677	-0.0013447134889759127	-0.00034281483176856753	-0.0005704499961849407	-0.0035930339513234877	-0.0005237334401462235	-0.0005521172350653192
0.0004989101014725161	9.090553139556867e-05	-0.0010950758907459779	0.000156460364690858	-8.765400167254356e-06	-0.0032809869535364022	3.795115587124087e-05	0.00038402375829749147
-0.0007492778896771579	-0.00047077906462189567	-0.0017815792858779655	-0.0005924524299991685	-0.0008200875944148756	-0.0039050809491112393	-0.0007733710383759362	-0.0007393454337372152
0.0002492725032423593	-3.3913267719620777e-05	-0.0015319416876478087	-9.317723353907681e-05	-0.00019599359884003853	-0.0036554433508810824	-0.00021168644235824985	0.00032161435873989674
-0.0005620496910048178	-0.00022114146639151677	-0.0018439886854357823	-0.00040522423132660634	-0.0005704499961849407	-0.004029899748226429	-0.0005237334401462235	-0.0005521172350653192
-6.277449454517026e-05	-3.3913267719620777e-05	-0.002093626283665495	-0.00015558663309667153	-0.00044563119707041743	-0.004154718547341174	-0.0003365052414738834	7.197676050996193e-05
-0.002808788075074675	-0.000595597863736641	-0.00359145187304466	-0.0012165464255737835	-0.0015065909895473073	-0.006526275730525555	-0.0018343308308534922	-0.0006145266346220257
-0.007239855443656351	-0.0011572824597543274	-0.006587103051804766	-0.0022775062180511174	-0.002629960181582014	-0.009397108110170027	-0.004081069214923128	0.00013438616006711257
-0.00842563403524843	-0.0014069200579838181	-0.007273606446936753	-0.002589553215838203	-0.0031292353780425497	-0.010021202105745086	-0.004705163210498409	-0.0005521172350653192
-0.008113587037461123	-0.001469329457541857	-0.007772881643396623	-0.002589553215838203	-0.0030044165789273602	-0.010707705500877074	-0.004705163210498409	7.197676050996193e-05
-0.009424184428168392	-0.0019686046540019486	-0.008646613237201839	-0.0030888284122982945	-0.0037533293736173867	-0.011331799496452355	-0.005391666605630396	-0.0009265736324099993
-0.007614311841001253	-0.0012821012588690728	-0.008209747440299564	-0.002527143816280608	-0.0030044165789273602	-0.011893484092470041	-0.004580344411382775	0.0001967955596247073
-0.007302264843213946	-0.0013445106584266675	-0.007960109842069185	-0.002527143816280608	-0.0029420071793697655	-0.012642396887159624	-0.004393116212710213	-0.0006145266346220257
-0.005180345258259056	-0.0010948730601967327	-0.007585653444724727	-0.0019030498207062152	-0.0023179131837944844	-0.01295444388494671	-0.003581794018463036	0.00013438616006711257
-0.004056976066224349	-0.0007828260624092032	-0.006711921850919955	-0.0014037746242463456	-0.0019434567864500263	-0.012704806286717218	-0.002770471824215859	-0.0006145266346220257
-0.0023719222781724003	-0.0002835508659491115	-0.006150237254902269	-0.0005300430304411297	-0.0012569533913178166	-0.012455168688487284	-0.0015846932326240015	0.00032161435873989674
-0.0027463786755168584	-0.00040836966506430095	-0.007023968848707041	-0.0012165464255737835	-0.0020682755855649937	-0.015201182269016345	-0.001896740230411087	-0.0005521172350653192
-0.0012485530861372496	-0.0005331884641790463	-0.007897700442511812	-0.0012789558251313782	-0.0018186379873348368	-0.01956984023804087	-0.001896740230411087	9.56736095236721e-06
-0.0017478282825971192	-0.0006580072632946798	-0.008958660234989146	-0.0016534122224762804	-0.002193094384679739	-0.025311504997330037	-0.0023960154268707345	-0.0008641642328524046
0.0015598698939500721	9.090553139556867e-05	-0.008958660234989146	-3.0767833981482084e-05	-0.0009449063935305091	-0.028182337376974287	-0.0007733710383759362	0.00013438616006711257
0.004493111673151695	0.00040295252918287616	-0.008646613237201839	0.0005309167620362043	-0.00032081239795500593	-0.03242617654688362	0.00034999815365854836	-0.0008017548332948099
0.007613581651026102	0.0010270465247577132	-0.008646613237201839	0.0012798295567257867	0.0006777379949647333	-0.03760615671015488	0.0017854143434807845	0.0001967955596247073
0.006365393659876428	0.0007149995269699616	-0.01001962002746648	0.0008429637598232897	5.364399938945219e-05	-0.041787586480506844	0.0013485485465785096	-0.0007393454337372152
0.008924179041733149	0.001276684122988092	-0.010394076424811383	0.001654285954070911	0.000989784992752707	-0.04347264026855879	0.0024095083390551775	0.00032161435873989674
0.007488762851911357	0.0009022277256429678	-0.012141539612421148	0.0010301919584956298	5.364399938945219e-05	-0.04540733165484068	0.0019726425421533467	-0.0007393454337372152
0.006552621858548546	0.0007774089265280004	-0.01351454640268579	3.164156557611264e-05	-0.0001335841992824438	-0.05002562722209514	0.0012237297474633202	7.197676050996193e-05
0.005491662066071656	0.0007149995269699616	-0.013576955802243384	0.0004685073624781655	-0.00032081239795500593	-0.051523452811474746	0.0009116827496760127	-0.00042729843595012973
0.00492997747005397	0.0005277713282980656	-0.014076230998703254	0.0008429637598232897	-0.00019599359884003853	-0.04740443244068038	0.0009740921492336074	7.197676050996193e-05
6.204430457001919e-05	-9.632266727677141e-05	-0.015199600190738183	-0.0007796806286715086	-0.0018186379873348368	-0.04596901625085881	-0.0007109616388187856	-0.0007393454337372152
0.0015598698939500721	-9.632266727677141e-05	-0.014076230998703254	-0.0010293182269009993	-0.0016314097886624968	-0.04484564705882366	-0.0001492770428015433	7.197676050996193e-05
0.0011230040970475752	-0.00015873206683481023	-0.012890452407111175	-0.0010293182269009993	-0.0016314097886624968	-0.04160035828183428	0.00010036055542839151	-0.0006145266346220257
0.0005613195010301109	0.0001533149309531634	-0.011517445616846311	-0.000467633630883979	-0.0013193627908749672	-0.033674364538033075	0.0006620451514456338	0.000259204959182302
-0.0025591504768442963	2.8496131837751904e-05	-0.011455036217288717	-0.0008420900282286592	-0.0025675507820244192	-0.027995109178301947	0.0005996357518884832	-0.0004897078355077245
-0.0018726470817123086	0.0002781337300681308	-0.012203949011978521	-0.0017158216220338751	-0.002380322583352079	-0.02861920317387634	0.0007868639505612673	0.00038402375829749147
0.0008733664988171963	-3.3913267719620777e-05	-0.01282804300755358	-0.003400875410086268	-0.0019434567864500263	-0.04110108308537441	0.00010036055542839151	-0.00030247963683538437
0.002620829686427184	0.0004653619287404709	-0.012640814808881018	-0.000280405432211861	-0.0008824969939729144	-0.04584419745174362	0.0011613203479061696	0.000696070756084799
-0.00025000269321706625	2.8496131837751904e-05	-0.015137190791180588	0.00021886976424823068	-0.0013193627908749672	-0.04128831128404675	0.00016276995498598623	-0.0003648890363929791
0.000935775898374791	0.0002781337300681308	-0.015386828389410745	0.00021886976424823068	-0.0007576781948577249	-0.0402273514915692	0.0002251793545433589	0.0005712519569698316
0.00012445370412761392	-0.00022114146639151677	-0.015574056588082863	-0.0007796806286715086	-0.0015065909895473073	-0.03885434470130478	3.795115587124087e-05	-0.0006145266346220257
-0.0005620496910048178	2.8496131837751904e-05	-0.015636465987640458	-0.0007796806286715086	-0.0016314097886624968	-0.035484237125200435	-0.00027409584191673275	0.00032161435873989674
-0.0013109624856948443	-0.00015873206683481023	-0.015449237788968118	-0.0017158216220338751	-0.0023179131837944844	-0.03136521675440629	-0.0003365052414738834	-0.0004897078355077245
0.0004989101014725161	9.090553139556867e-05	-0.01401382159914566	-0.0009669088273438486	-0.0016314097886624968	-0.02992980056458361	0.00034999815365854836	0.00032161435873989674
6.204430457001919e-05	-0.0002835508659491115	-0.012266358411536116	-0.0013413652246887509	-0.0016314097886624968	-0.030741122758830786	-0.00021168644235824985	-0.0005521172350653192
0.00012445370412761392	0.00021572433051053608	-0.009894801228351513	0.00021886976424823068	-0.0006328593957425355	-0.02705896818493958	0.0005372263523308884	0.0004464331578546421
-0.0008116872892351967	-0.00022114146639151677	-0.009021069634547185	-0.000280405432211861	-0.0012569533913178166	-0.02275271961547287	0.0006620451514456338	-0.0005521172350653192
-0.00031241209277554916	9.090553139556867e-05	-0.008084928641184375	-0.00040522423132660634	-0.0010073157930872156	-0.016761417257953992	0.0009740921492336074	0.0004464331578546421
-0.0031832444724195774	-0.0006580072632946798	-0.008022519241627002	-0.002339915617608712	-0.002629960181582014	-0.015950095063706815	-0.0010230086366063151	-0.00042729843595012973
-0.00855045283436362	-0.0009076448615239485	-0.009894801228351513	-0.0029016002136261765	-0.003690919974059348	-0.014889135271229259	-0.0032697470206759505	0.0004464331578546421
-0.009299365629053202	-0.0015941482566568244	-0.011392626817731566	-0.0035256942092005694	-0.004065376371404472	-0.015513229266803874	-0.004393116212710213	-0.0006769360341800645
-0.00842563403524843	-0.0012821012588690728	-0.011954311413748586	-0.0030264190127407	-0.0033788729762718184	-0.016948645456626332	-0.0045179350118254025	0.00032161435873989674
-0.00886249983215115	-0.0014069200579838181	-0.01232876781109371	-0.0027143720149533923	-0.0038157387731745374	-0.017759967650873953	-0.004829982009613154	-0.00042729843595012973
-0.008238405836575868	-0.001219691859311478	-0.01282804300755358	-0.0024647344167239016	-0.0033164635767144457	-0.018009605249103666	-0.004205888014038317	0.00038402375829749147
-0.007239855443656351	-0.0014069200579838181	-0.012765633607995985	-0.0029016002136261765	-0.003503691775387008	-0.021504531624322754	-0.004018659815365533	-0.0006769360341800645
-0.004056976066224349	-0.0009076448615239485	-0.011704673815518651	-0.002152687418936372	-0.0022555037842373338	-0.02219103501945563	-0.0026456530251011134	0.00013438616006711257
-0.0031832444724195774	-0.000595597863736641	-0.010518895223926794	-0.0010293182269009993	-0.0020682755855649937	-0.01844647104600594	-0.0015846932326240015	-0.0004897078355077245
-0.003058425673304388	-0.00040836966506430095	-0.010394076424811383	-0.0009044994277862539	-0.0018186379873348368	-0.017135873655298672	-0.000835780437933531	0.00013438616006711257
-0.0014357812848100338	-0.00047077906462189567	-0.009582754230563983	-0.0016534122224762804	-0.0014441815899901567	-0.019632249637598465	-0.0008981898374911257	-0.0004897078355077245
-0.00031241209277554916	-0.00015873206683481023	-0.008584203837644244	-0.0006548618295567632	-0.0007576781948577249	-0.017697558251315915	-0.00046132404058907284	0.000259204959182302
-0.0017478282825971192	-0.0002835508659491115	-0.009021069634547185	-0.0007796806286715086	-0.0013193627908749672	-0.014639497672999102	-0.0007109616388187856	-0.0005521172350653192
0.0014350510948348827	0.00021572433051053608	-0.007835291042954218	-0.00015558663309667153	-0.00038322179751260066	-0.012018302891584343	0.000849273350118418	0.0001967955596247073
0.005866118463416559	0.0008398183260853731	-0.004902049263752373	0.0007181449607081003	0.0009273755931946681	-0.012579987487602473	0.0030336023346304586	-0.00042729843595012973
0.007239125253680756	0.0011518653238724585	-0.003965908270390228	0.001654285954070911	0.0015514695887695051	-0.011519027695124695	0.00403215272755042	0.0005088425574122368
0.006677440657663736	0.0014015029221023934	-0.0034666330739303586	0.0019039235523006237	0.0012394225909819756	-0.009459517509727622	0.004281790325780577	-0.00017766083771997287
0.008674541443503658	0.0014639123216604322	-0.0030297672770278616	0.0021535611505305585	0.00180110718699944	-0.010208430304417204	0.004781065522240002	0.00038402375829749147
0.0078008098496988865	0.0007774089265280004	-0.003154586076142607	0.001404648355840532	0.0012394225909819756	-0.013391309681849206	0.003969743327992825	-0.0006769360341800645
0.005866118463416559	0.001089455924315308	-0.0037162706721602934	0.0015294671549552774	0.0013018319905395703	-0.014265041275654422	0.0034704681315331776	0.00032161435873989674
0.004493111673151695	0.0005277713282980656	-0.004028317669947823	0.0009053731593804404	0.0004281003967343544	-0.014577088273441952	0.002347098939498471	-0.0006769360341800645
0.004305883474479355	0.0005277713282980656	-0.004402774067292725	0.0007181449607081003	0.0006777379949647333	-0.012892034485389559	0.0022222801403832815	7.197676050996193e-05
0.00018686310368476455	-0.0002835508659491115	-0.0062126466544598635	-0.0005924524299991685	-0.0010697251926448104	-0.011831074692912003	0.0002875887541013977	-0.0008641642328524046
0.0002492725032423593	2.8496131837751904e-05	-0.0060254184557875234	-0.0005924524299991685	-0.0008200875944148756	-0.011955893492027192	0.0004748169527737378	7.197676050996193e-05
0.000311681902799954	-9.632266727677141e-05	-0.005463733859769837	-0.0007796806286715086	-0.0010697251926448104	-0.0134537190814068	0.0002875887541013977	-0.0006769360341800645
0.0013102322957201373	-9.632266727677141e-05	-0.005713371457999994	-0.0005300430304411297	-0.0006952687953001302	-0.014951544670786854	0.0002875887541013977	0.00013438616006711257
0.0003740913023573267	-0.00015873206683481023	-0.005713371457999994	-0.00040522423132660634	-0.0008200875944148756	-0.015326001068131534	0.00010036055542839151	-0.0006145266346220257
0.0008109570992596016	0.0002781337300681308	-0.005338915060655092	0.00034368856336342013	-0.00044563119707041743	-0.014327450675211573	0.0006620451514456338	0.0004464331578546421
-0.0006244590905628566	-0.00022114146639151677	-0.005900599656672334	-0.00034281483176856753	-0.0012569533913178166	-0.014452269474326762	3.795115587124087e-05	-0.0004897078355077245
0.0014350510948348827	0.0005901807278556603	-0.005089277462424713	-0.00021799603265426626	-0.00019599359884003853	-0.015450819867246723	0.0009116827496760127	0.0005712519569698316
-0.0004372308918898504	-0.0002835508659491115	-0.006399874853132204	-0.0009044994277862539	-0.0013193627908749672	-0.01563804806591884	-2.4458243686353853e-05	-0.00042729843595012973
0.00012445370412761392	0.00034054312962528144	-0.006524693652247393	-0.00021799603265426626	-0.0006328593957425355	-0.014951544670786854	0.0007244545510032285	0.0004464331578546421
-0.0006868684901195632	-0.00022114146639151677	-0.007523244045167132	-0.0010293182269009993	-0.0012569533913178166	-0.016636598458838803	-2.4458243686353853e-05	-0.0006145266346220257
0.00018686310368476455	2.8496131837751904e-05	-0.007772881643396623	-0.00034281483176856753	-0.0006952687953001302	-0.0178847864499887	0.0002875887541013977	0.00038402375829749147
-0.00012518389410276498	2.8496131837751904e-05	-0.0077104722438399165	-0.0005300430304411297	-0.0006952687953001302	-0.017385511253528385	0.0002251793545433589	-0.00030247963683538437
0.0002492725032423593	0.00040295252918287616	-0.008209747440299564	0.00040609796292057077	-0.00032081239795500593	-0.01389058487830952	0.0009116827496760127	0.0006336613565272042
-0.0020598752803844267	-0.0002835508659491115	-0.009707573029679395	-0.0008420900282286592	-0.0018186379873348368	-0.012579987487602473	-8.686764324394858e-05	-0.00042729843595012973
0.0008109570992596016	0.0004653619287404709	-0.008958660234989146	-0.0011541370260161887	-0.0006952687953001302	-0.01513877286945875	0.000849273350118418	0.000696070756084799
0.0002492725032423593	-3.3913267719620777e-05	-0.009395526031891865	-0.0009669088273438486	-0.0013817721904321179	-0.01807201464866126	0.0002875887541013977	-0.0003648890363929791
0.00012445370412761392	0.0001533149309531634	-0.010269257625696637	-0.00021799603265426626	-0.0010073157930872156	-0.016074913862821116	0.0002875887541013977	0.00038402375829749147
-0.004244204264896245	-0.00040836966506430095	-0.012640814808881018	-0.0013413652246887509	-0.002380322583352079	-0.015762866865034475	-0.0015222838330659627	-0.00024007023727778964
-0.007801540039673149	-0.0009076448615239485	-0.015636465987640458	-0.002339915617608712	-0.003254054177156851	-0.019257793240253118	-0.003394565819790696	0.0005088425574122368
-0.008175996437018718	-0.0013445106584266675	-0.015199600190738183	-0.0033384660105286734	-0.0037533293736173867	-0.020505981231402792	-0.004143478614480722	-0.00042729843595012973
-0.008488043434806025	-0.0007828260624092032	-0.015262009590295555	-0.0024647344167239016	-0.003503691775387008	-0.017635148851758764	-0.003519384618905441	0.0006336613565272042
-0.009361775028610797	-0.001469329457541857	-0.016385378782330262	-0.0034632848096434188	-0.004252604570076812	-0.017073464255741078	-0.004205888014038317	-0.00042729843595012973
-0.006678170847638665	-0.0007204166628516084	-0.014388277996490784	-0.0027143720149533923	-0.002817188380254576	-0.017323101853971234	-0.0030825188220031663	0.000696070756084799
-0.007177446044098756	-0.0012821012588690728	-0.012578405409323645	-0.002402325017166307	-0.003254054177156851	-0.017260692454414084	-0.0030825188220031663	-0.0005521172350653192
-0.0050555264591438664	-0.0006580072632946798	-0.010581304623483945	-0.0014037746242463456	-0.002193094384679739	-0.013765766079194774	-0.0015846932326240015	0.00038402375829749147
-0.0038073384679939704	-0.0007828260624092032	-0.009083479034103892	-0.0016534122224762804	-0.0023179131837944844	-0.01158143709468229	-0.0005861428397038182	-0.0004897078355077245
-0.0010613248874646874	2.8496131837751904e-05	-0.006399874853132204	-0.0009044994277862539	-0.001132134592202405	-0.009646745708399518	0.001286139147020915	0.0005712519569698316
-0.0023719222781724003	-0.000595597863736641	-0.005838190257115183	-0.0013413652246887509	-0.0017562285877776862	-0.006588685130083594	0.001660595544365595	-0.0006145266346220257
-0.0016230094834823738	0.0001533149309531634	-0.004839639864195	-0.0005924524299991685	-0.0010073157930872156	-0.006713503929198339	0.0007244545510032285	0.0006336613565272042
-0.00025000269321706625	-0.00022114146639151677	-0.00415313646906279	-0.0011541370260161887	-0.0009449063935305091	-0.007275188525215581	0.00034999815365854836	-0.00042729843595012973
0.0027456484855421515	0.00034054312962528144	-0.0024056732814525805	0.0005309167620362043	0.00017846279850464164	-0.006900732127870679	0.0022222801403832815	0.00013438616006711257
0.004555521072708846	0.0007149995269699616	-0.0007206194934006316	0.0010926013580530025	0.0008649661936370734	-0.005902181734950718	0.003595286930648145	-0.0005521172350653192
0.006552621858548546	0.0009022277256429678	-0.0005958006942858862	0.0013422389562833814	0.0014266507896543157	-0.006588685130083594	0.004281790325780577	7.197676050996193e-05
0.007176715854123605	0.0009022277256429678	-0.0004709818951706968	0.001404648355840532	0.0015514695887695051	-0.007524826123445516	0.004469018524452917	-0.0006145266346220257
0.008112856847485972	0.0008398183260853731	-0.0002837536964983567	0.001404648355840532	0.0017386977874418452	-0.007899282520790862	0.0047186561226824075	7.197676050996193e-05
0.007051897055008416	0.0009022277256429678	-0.0004709818951706968	0.0015918765545128721	0.0013018319905395703	-0.008148920119020353	0.004469018524452917	-0.0006145266346220257
0.005928527862973709	0.0007149995269699616	-0.0013447134889759127	0.0011550107576108193	0.0013018319905395703	-0.009584336308842811	0.0034704681315331776	7.197676050996193e-05
0.00492997747005397	0.0007149995269699616	-0.0013447134889759127	0.0010926013580530025	0.000989784992752707	-0.008523376516365255	0.0032208305333027987	-0.00042729843595012973
0.003432151880674361	0.0005277713282980656	-0.0019688074845503056	0.000780554360265695	0.0005529191958495439	-0.007899282520790862	0.002347098939498471	0.0001967955596247073
0.000935775898374791	-9.632266727677141e-05	-0.002904948477912672	-0.0005924524299991685	-0.0005704499961849407	-0.00908506111238272	0.0005372263523308884	-0.0006145266346220257
0.0010605946974899805	2.8496131837751904e-05	-0.002780129678797927	-0.00015558663309667153	-0.00044563119707041743	-0.0072127791256579865	0.0007868639505612673	7.197676050996193e-05
-0.00025000269321706625	-0.0002835508659491115	-0.0025929014801251427	-0.0007796806286715086	-0.0010697251926448104	-0.005839772335393123	0.00034999815365854836	-0.0007393454337372152
0.0011230040970475752	0.00034054312962528144	-0.00234326388189543	-0.00015558663309667153	-0.00032081239795500593	-0.005839772335393123	0.0009116827496760127	0.00038402375829749147
0.00018686310368476455	-0.00015873206683481023	-0.002717720279240776	-0.0006548618295567632	-0.0008200875944148756	-0.006651094529640744	0.0004748169527737378	-0.0004897078355077245
0.0005613195010301109	0.00021572433051053608	-0.002780129678797927	3.164156557611264e-05	-0.00025840299839763325	-0.006214228732738469	0.0007868639505612673	0.00038402375829749147
0.000311681902799954	0.0001533149309531634	-0.002717720279240776	-0.00021799603265426626	-0.000508040596627346	-0.006588685130083594	0.0005372263523308884	-0.00017766083771997287
0.0009981852979319417	0.0001533149309531634	-0.002780129678797927	3.164156557611264e-05	-7.117479972484908e-05	-0.00646386633096796	0.0007868639505612673	0.00038402375829749147
-0.0003748214923322557	-9.632266727677141e-05	-0.003154586076142607	-0.00034281483176856753	-0.0007576781948577249	-0.006401456931410809	0.0002875887541013977	-0.0003648890363929791
-3.650949875755316e-07	9.090553139556867e-05	-0.0030921766765850123	-9.317723353907681e-05	-0.0005704499961849407	-0.005090859540703541	0.0006620451514456338	0.00038402375829749147
-0.0006868684901195632	-0.00015873206683481023	-0.0035290424734879533	-0.0007796806286715086	-0.0011945439917597778	-0.005278087739375881	0.00010036055542839151	-0.0003648890363929791
0.0002492725032423593	9.090553139556867e-05	-0.0030297672770278616	-0.00040522423132660634	-0.0006328593957425355	-0.00502845014114639	0.0004748169527737378	0.0004464331578546421
-0.0003748214923322557	-9.632266727677141e-05	-0.0032169954757002017	-0.0006548618295567632	-0.0010073157930872156	-0.006151819333180875	3.795115587124087e-05	-0.0004897078355077245
0.0002492725032423593	-9.632266727677141e-05	-0.0032794048752577964	-0.000280405432211861	-0.00044563119707041743	-0.00677591332875549	0.00034999815365854836	0.0001967955596247073
6.204430457001919e-05	-9.632266727677141e-05	-0.0030921766765850123	-0.00034281483176856753	-0.0006328593957425355	-0.006339047531853659	0.00034999815365854836	-0.00042729843595012973
0.00012445370412761392	-3.3913267719620777e-05	-0.0034666330739303586	-0.00021799603265426626	-0.00044563119707041743	-0.005590134737163632	0.0004748169527737378	0.000259204959182302
-0.00031241209277554916	-3.3913267719620777e-05	-0.003341814274815391	-0.000467633630883979	-0.0006952687953001302	-0.005278087739375881	0.0005996357518884832	-0.00030247963683538437
-0.0005620496910048178	9.090553139556867e-05	-0.003778680071717444	-0.0005924524299991685	-0.0006328593957425355	-0.005590134737163632	0.0006620451514456338	0.0005712519569698316
-0.004681070061799186	-0.0007828260624092032	-0.0062126466544598635	-0.0020278686198211826	-0.0023179131837944844	-0.008024101319905164	-0.0018343308308534922	-0.00042729843595012973
-0.007614311841001253	-0.001032463660639582	-0.008272156839856715	-0.0024647344167239016	-0.0029420071793697655	-0.009584336308842811	-0.003144928221561205	0.0004464331578546421
-0.00880009043259311	-0.0017189670557715697	-0.008958660234989146	-0.0032760566109710787	-0.0037533293736173867	-0.010832524299992485	-0.003956250415807938	-0.0006769360341800645
-0.008175996437018718	-0.0014069200579838181	-0.009021069634547185	-0.0028391908140685818	-0.0033164635767144457	-0.01126939009689476	-0.004018659815365533	7.197676050996193e-05
-0.008675271633478365	-0.0017189670557715697	-0.008958660234989146	-0.0032760566109710787	-0.0037533293736173867	-0.012205531090257127	-0.0045179350118254025	-0.0006769360341800645
-0.006802989646753854	-0.0008452354619667979	-0.007585653444724727	-0.0019030498207062152	-0.002442731982910118	-0.010021202105745086	-0.002895290623330604	0.0005088425574122368
-0.007052627244983567	-0.0011572824597543274	-0.007523244045167132	-0.0022775062180511174	-0.003066825978484511	-0.00896024231326753	-0.0030201094224460157	-0.00042729843595012973
-0.005242754657816429	-0.0007828260624092032	-0.006587103051804766	-0.0020278686198211826	-0.002442731982910118	-0.008211329518577948	-0.0020215590295258323	0.00032161435873989674
-0.0036201102693218523	-0.0009700542610819873	-0.005588552658884582	-0.0020902780193787773	-0.002442731982910118	-0.008835423514152785	-0.001459874433508812	-0.0008017548332948099
-0.0017478282825971192	-0.0003459602655067062	-0.004527592866407915	-0.001091727626459038	-0.0013193627908749672	-0.00871060471503804	-0.00021168644235824985	0.000259204959182302
-0.001810237682154714	-0.00040836966506430095	-0.004652411665522216	-0.0008420900282286592	-0.0014441815899901567	-0.00846096711680766	0.00010036055542839151	-0.0004897078355077245
-0.0006868684901195632	-0.00022114146639151677	-0.004652411665522216	-0.0007172712291139138	-0.0009449063935305091	-0.010707705500877074	0.00010036055542839151	0.00032161435873989674
-0.0008116872892351967	-0.00022114146639151677	-0.00427795526817798	-0.0005924524299991685	-0.0010697251926448104	-0.009709155107958	0.00010036055542839151	-0.0005521172350653192
0.0036193800793469233	0.00034054312962528144	-0.0026553108796831815	0.0004685073624781655	0.0003656909971769817	-0.009771564507515151	0.002284689539940876	0.000259204959182302
0.005179615068284127	0.0006525901274132551	-0.0010950758907459779	0.001217420157168192	0.0008649661936370734	-0.007462416723887921	0.00390733392843523	-0.00042729843595012973
0.006615031258106363	0.0011518653238724585	-0.0007830288929582263	0.0015294671549552774	0.0013018319905395703	-0.005902181734950718	0.004843474921797597	0.00032161435873989674
0.0069270782558936705	0.0009646371252005626	9.070270084654553e-05	0.001217420157168192	0.001177013191424603	-0.006401456931410809	0.00490588432135497	-0.0003648890363929791
0.008612132043946064	0.001276684122988092	0.001276481292438847	0.0019663329518582184	0.0019259259861141853	-0.00596459113450809	0.006278891111620055	0.00038402375829749147
0.006615031258106363	0.001089455924315308	0.001026843694208912	0.0017166953536280616	0.001364241390097165	-0.005714953536278822	0.006091662912947271	-0.00024007023727778964
0.005803709063859186	0.0007774089265280004	-0.00022134429694076196	0.0011550107576108193	0.000989784992752707	-0.008148920119020353	0.0040945621271077925	0.000259204959182302
0.004493111673151695	0.0005277713282980656	0.00034034029907603625	0.0010301919584956298	0.0004905097962926153	-0.007961691920347569	0.0037201057297624462	-0.0006145266346220257
0.0027456484855421515	0.00040295252918287616	-0.0005958006942858862	0.0005309167620362043	0.00017846279850464164	-0.006900732127870679	0.002971192935073308	0.00013438616006711257
0.00018686310368476455	-3.3913267719620777e-05	-0.0015943510872051814	-0.00034281483176856753	-0.0010073157930872156	-0.007899282520790862	0.002347098939498471	-0.0004897078355077245
0.0014974604943920333	0.0002781337300681308	-0.001282304089418318	-0.00015558663309667153	-0.00032081239795500593	-0.007899282520790862	0.003408058731975361	0.0004464331578546421
0.0002492725032423593	9.090553139556867e-05	-0.0018439886854357823	-0.0005924524299991685	-0.0009449063935305091	-0.008336148317692693	0.0030960117341876092	-0.00042729843595012973
0.0007485476997020069	0.0001533149309531634	-0.0022184450827806845	-0.000280405432211861	-0.000508040596627346	-0.009833973907072302	0.003595286930648145	0.0004464331578546421
0.00012445370412761392	2.8496131837751904e-05	-0.0022808544823382793	-0.00034281483176856753	-0.0009449063935305091	-0.011206980697337166	0.002721555336842929	-0.0003648890363929791
0.000935775898374791	-0.00022114146639151677	-0.0032794048752577964	-0.00015558663309667153	-0.0008824969939729144	-0.011768665293354852	0.0026591459372857784	7.197676050996193e-05
-0.00018759329365991562	-0.00040836966506430095	-0.0037162706721602934	-0.0007796806286715086	-0.0014441815899901567	-0.0134537190814068	0.002721555336842929	-0.0008017548332948099
-0.0007492778896771579	-3.3913267719620777e-05	-0.00415313646906279	-0.00015558663309667153	-0.0012569533913178166	-0.010021202105745086	0.0027839647364005238	0.000259204959182302
-0.0007492778896771579	-0.00040836966506430095	-0.004402774067292725	-0.001091727626459038	-0.001569000389104902	-0.01095734309910723	0.002097461341268092	-0.0007393454337372152
0.0011230040970475752	2.8496131837751904e-05	-0.003778680071717444	-0.0007172712291139138	-0.0008824969939729144	-0.014140222476539677	0.0024095083390551775	0.00032161435873989674
-0.0006868684901195632	-0.0002835508659491115	-0.003404223674372764	-0.000467633630883979	-0.0014441815899901567	-0.01370335667963718	0.0017230049439229678	-0.0005521172350653192
-0.0010613248874646874	-9.632266727677141e-05	-0.0036538612726026987	-0.000280405432211861	-0.0011945439917597778	-0.01114457129777957	0.0018478237430383793	0.00032161435873989674
-0.00031241209277554916	-0.00015873206683481023	-0.0035290424734879533	-0.0009044994277862539	-0.0012569533913178166	-0.01126939009689476	0.001473367345693699	-0.0005521172350653192
0.0006237289005877056	-9.632266727677141e-05	-0.003154586076142607	-0.0007796806286715086	-0.0009449063935305091	-0.011206980697337166	0.0018478237430383793	0.0001967955596247073
-0.001373371885252439	-0.0003459602655067062	-0.002904948477912672	-0.0009669088273438486	-0.001569000389104902	-0.01114457129777957	0.0014109579461361044	-0.0006145266346220257
0.0002492725032423593	2.8496131837751904e-05	-0.003154586076142607	-0.000467633630883979	-0.0010073157930872156	-0.010083611505302681	0.002097461341268092	0.000259204959182302
-3.650949875755316e-07	2.8496131837751904e-05	-0.002967357877470267	-0.0006548618295567632	-0.0011945439917597778	-0.011082161898222864	0.0018478237430383793	-0.00017766083771997287
-0.00018759329365991562	9.090553139556867e-05	-0.002780129678797927	-0.0005300430304411297	-0.0008200875944148756	-0.010582886701762773	0.001660595544365595	0.0005088425574122368
-0.006178895651178795	-0.0009076448615239485	-0.005463733859769837	-0.0015910028229191298	-0.002879597779812171	-0.010520477302205178	-0.0007109616388187856	-0.00042729843595012973
-0.008300815236133463	-0.0010948730601967327	-0.007023968848707041	-0.002527143816280608	-0.0035661011749446025	-0.011706255893797257	-0.0020215590295258323	0.00038402375829749147
-0.007926358838788339	-0.0011572824597543274	-0.006899150049591851	-0.0031512378118558892	-0.003690919974059348	-0.012455168688487284	-0.0021463778286410218	-0.00017766083771997287
-0.00861286223392077	-0.001469329457541857	-0.0077104722438399165	-0.003213647211413484	-0.0040029669718473215	-0.011955893492027192	-0.0024584248264287734	7.197676050996193e-05
-0.009112137430380418	-0.0015941482566568244	-0.007460834645609538	-0.003400875410086268	-0.004065376371404472	-0.012330349889371872	-0.002708062424658264	-0.0006145266346220257
-0.006802989646753854	-0.0011572824597543274	-0.006774331250476662	-0.002339915617608712	-0.0030044165789273602	-0.011831074692912003	-0.0016471026321815962	0.000259204959182302
-0.0056796204547191476	-0.001219691859311478	-0.0057757808575571445	-0.0022150968184939668	-0.002817188380254576	-0.011955893492027192	-0.0013974650339512174	-0.0005521172350653192
-0.003682519668879447	-0.00047077906462189567	-0.00427795526817798	-0.0010293182269009993	-0.0016314097886624968	-0.010520477302205178	0.00010036055542839151	0.00038402375829749147
