Sensor_1	Sensor_2	Sensor_3	Sensor_4	Sensor_5	Sensor_6	Sensor_7	Sensor_8
-0.009062986907759196	-0.001494911070420768	-0.006559268459600975	-0.0029077600213631705	-0.00319618194094784	-0.005942931952391817	-0.004957740291447799	-0.0005093480735482991
-0.00812684591439683	-0.0014325016708627292	-0.006434449660486008	-0.0025333036240182683	-0.0026344973449301534	-0.005693294354161438	-0.00452087449454508	0.00023956472114128324
-0.007814798916609744	-0.0015573204699779186	-0.006059993263140884	-0.002595713023575863	-0.002884134943159866	-0.005693294354161438	-0.004458465094987707	-0.0006965762722210833
-0.005692879331655298	-0.0008084076752883362	-0.0050614428702213665	-0.0015971626306559017	-0.0016983563515677869	-0.004694743961241921	-0.003147867704280216	0.000489202319371218
-0.004694328938735337	-0.0007459982757302974	-0.004312530075532006	-0.0014723438315411563	-0.0016359469520106362	-0.004195468764781829	-0.002586183108262974	-0.0003221198748761811
-0.00194831535820561	-0.0003091324788284666	-0.0030019326848245154	-0.0005986122377359404	-0.0005749871595326361	-0.003134508972304717	-0.001275585717555705	0.00042679291981362333
-0.0013866307621881457	2.9145189588408726e-06	-0.0023154292896920836	-0.00028656523994818883	-0.00038775896086029604	-0.002697643175402664	-0.0007763105210962795	-0.00019730107576099165
-0.0006377179674985634	0.0001277333180744744	-0.002253019890134489	-9.933704127584875e-05	-1.3302563515393828e-05	-0.0026352337758446254	-0.00046426352330852794	0.0005516117189290348
-0.0013866307621881457	-0.00037154187838606134	-0.002627476287479613	-0.0005986122377359404	-0.0007622153582054203	-0.003134508972304717	-0.0010259481193257702	-0.0004469386739911485
0.0007976982223238949	0.00025255211718921977	-0.0016289258945596519	0.0002751193560688314	0.0002987444342721357	-0.0022607773785001672	9.74210727093805e-05	0.0003643835202560286
0.0036061212024107725	0.0003149615167468145	0.0001185372930498918	0.0008368039520865178	0.0008604290302889339	-0.0011374081864650165	0.0014704278629738	-0.0003845292744335538
0.006726591180284736	0.0010014649118788022	0.0016163628824295007	0.0018977637445636297	0.0020462076218814573	0.00011077980468443549	0.003155481651026193	0.00030197412069887797
0.00678900057984233	0.0008142367132066841	0.0020532286793319976	0.0017729449454484403	0.00192138882276649	0.0002980080033574417	0.003280300450140494	-0.0004469386739911485
0.008723691966124658	0.0016255589074540833	0.002989369672694586	0.0027714953383681795	0.0030447580148009745	0.0012341489967198083	0.004403669642175867	0.0007388399176013749
0.008598873167009469	0.0011886931105515863	0.003051779072251959	0.0022098107423509372	0.0024206640192265816	0.0007972831998168672	0.004091622644388115	-0.0004469386739911485
0.007787550972762292	0.0013135119096667758	0.0024276850766766778	0.002272220141908088	0.0024830734187841763	0.0004852362020297818	0.0038419850461586247	0.000489202319371218
0.004916718593117819	0.0006270085145338999	0.000929859487297513	0.0011488509498733812	0.0012348854276338361	-0.0009501799877926764	0.0021569312581062317	-0.0005717574731058939
0.005790450186922813	0.0009390555123216515	0.0009922688868551077	0.0015857167467761002	0.0017341606240941498	-0.0006381329900051469	0.0025937970550082845	0.0003643835202560286
0.0019210674143583795	6.532391851687969e-05	-0.0010672412985421875	8.789115739604725e-05	-1.3302563515393828e-05	-0.0025728243762874747	0.0005342868696114333	-0.0006965762722210833
0.0017962486152438562	0.00025255211718921977	-0.0016289258945596519	0.0002751193560688314	0.0002987444342721357	-0.00288487137407456	0.0004094680704962439	0.00042679291981362333
0.0008601076218810455	-0.00012190428015568244	-0.002190610490576894	-0.0002241558403910382	-0.00032534956130292336	-0.003758602967879776	-0.00021462592507859313	-0.0005717574731058939
0.001359382818340693	2.9145189588408726e-06	-0.0023154292896920836	8.789115739604725e-05	-1.3302563515393828e-05	-0.0038834217669947435	-2.7397726405808953e-05	0.00017715532158368852
0.0004232418249792147	-0.0003091324788284666	-0.002689885687036986	-0.0004113840390633783	-0.0005125777599754855	-0.0045075157625693585	-0.0005266729228659006	-0.0006965762722210833
0.0009225170214386402	6.532391851687969e-05	-0.0027522950865945806	8.789115739604725e-05	-0.00013812136263102737	-0.004320287563897018	-8.980712596340368e-05	0.00023956472114128324
0.00011119482719146312	-0.0002467230792704278	-0.0030019326848245154	-0.0004113840390633783	-0.0006373965590906749	-0.00481956276035711	-0.0007139011215386848	-0.0006965762722210833
0.000984926420996235	6.532391851687969e-05	-0.0029395232852669206	2.5481757838896613e-05	-7.571196307343264e-05	-0.004569925162126953	-0.00021462592507859313	0.0003643835202560286
-1.3623971923282241e-05	-0.000433951277943212	-0.003313979682612045	-0.0005362028381785677	-0.0006998059586478256	-0.0051316097581441955	-0.0007139011215386848	-0.0006965762722210833
0.0006104700236511107	-5.949488059808772e-05	-0.003313979682612045	-0.00028656523994818883	-0.0002005307621877339	-0.005256428557259385	-0.0004018541237504891	0.00017715532158368852
-0.00020085217059606641	-0.0006211794766155521	-0.0038132548790721366	-0.0006610216372935351	-0.000824624757763015	-0.0055684755550471365	-0.0009011293202105808	-0.0008213950713362728
0.00023601362630643052	-0.00018431367971327717	-0.004062892477301627	-0.0004113840390633783	-0.0005125777599754855	-0.005818113153277071	-0.0007139011215386848	0.00023956472114128324
-0.0005753085679409686	-0.00037154187838606134	-0.004624577073319314	-0.0007234310368511299	-0.000824624757763015	-0.006317388349736275	-0.0010259481193257702	-0.0006341668726634886
0.0004232418249792147	-0.00012190428015568244	-0.004874214671548804	-0.00028656523994818883	-0.00038775896086029604	-0.006567025947966654	-0.0005890823224234953	0.00017715532158368852
-7.603337148087697e-05	-0.00012190428015568244	-0.005373489868008896	-0.0005986122377359404	-0.0006373965590906749	-0.007503166941328576	-0.0009635387197681755	-0.0005717574731058939
0.00029842302586402525	2.9145189588408726e-06	-0.006059993263140884	-0.0002241558403910382	-0.00045016836041833486	-0.007565576340886171	-0.0007763105210962795	0.00023956472114128324
-0.0005753085679409686	-0.00012190428015568244	-0.007058543656060845	-0.0005362028381785677	-0.0008870341573201657	-0.008127260936903857	-0.0012131763179981103	-0.0003845292744335538
-0.0005753085679409686	6.532391851687969e-05	-0.008993235042343617	-0.00034897463950622765	-0.0008870341573201657	-0.007752804539558733	-0.001088357518883365	0.00023956472114128324
-0.0033213221484704736	-0.0004963606775008067	-0.012675389616235266	-0.0019092096284434312	-0.0024472691462573692	-0.01137254971389301	-0.0028358207064929086	-0.0006341668726634886
-0.006192154528115168	-0.0009332264744033036	-0.01810500737773668	-0.0030949882200355106	-0.0035082289387349253	-0.018861677660791942	-0.0053946060883502955	0.00030197412069887797
-0.0088757587090873	-0.0011204546730756437	-0.023097759342335822	-0.0032822164187078506	-0.004381960532539919	-0.024104067223620573	-0.0070796598764018	-0.00025971047531836433
-0.01012394670023653	-0.0008708170748457089	-0.02996279329365925	-0.00340703521782304	-0.004818826329442194	-0.02972091318379455	-0.007828572671092271	0.0007388399176013749
-0.010872859494926779	-0.001307682871748428	-0.03894974682993779	-0.004780042008087904	-0.006628698916609332	-0.044948806675821906	-0.009576035858701815	-0.00025971047531836433
-0.005193604135195207	-0.0009956358739604543	-0.047687062767985955	-0.00590341120012261	-0.0057549673228041165	-0.07222171428244417	-0.009825673456932194	0.0006764305180437802
-0.00194831535820561	-0.0009332264744033036	-0.050807532745860584	-0.004343176211185407	-0.003945094735637422	-0.07864988243686577	-0.007641344472419709	-0.00013489167620339693
0.0018586580148007847	-0.0006211794766155521	-0.0436304517967494	-0.0016595720302134964	-0.0023848597466997745	-0.07484290906385871	-0.00839025726710907	0.0006140211184866295
-0.00812684591439683	-0.0006835888761731468	-0.04656369357595125	-9.933704127584875e-05	-0.003133772541389801	-0.06236102915236108	-0.006580384679942153	-0.0003845292744335538
-0.005630469932097704	-5.949488059808772e-05	-0.05024584814984312	-0.0018468002288853924	-0.0040699135347521675	-0.0567441831921871	-0.004271236896315367	0.0005516117189290348
0.006040087785152748	-0.000433951277943212	-0.04506586798657142	-0.007338827389944624	-0.005006054528114978	-0.07902433883421045	-0.004645693293660269	-0.0005093480735482991
0.00011119482719146312	-0.00012190428015568244	-0.0424446732051571	-0.0018468002288853924	-0.0026344973449301534	-0.05911574037537193	-0.002773411306935758	0.00042679291981362333
-0.0007625367666137528	-0.0002467230792704278	-0.035142773456930954	-0.0008482498359663193	-0.0030713631418322063	-0.053935760212100226	-0.0035223241016248963	-0.0003845292744335538
0.0023579332112606544	0.0003773709163044092	-0.03108616248569418	-9.933704127584875e-05	-0.0005125777599754855	-0.04800686725413916	-0.0010259481193257702	0.0006140211184866295
0.0023579332112606544	0.0005645991149767493	-0.025843772922865105	0.0013360791485461654	-0.0005749871595326361	-0.03290379256122655	0.0006591056687270669	-0.0003221198748761811
0.00891092016479722	0.001251102510109181	-0.01872910137331152	-0.0013475250324259669	-1.3302563515393828e-05	-0.038271000923170595	0.002905844052795814	0.0005516117189290348
0.006164906584267937	0.0008142367132066841	-0.015109356198977242	0.001211260349430976	0.00011151623559935153	-0.02922163798733468	0.003093072251468598	-0.0005093480735482991
0.010408745754176829	0.001251102510109181	-0.010303832433050664	0.0013984885481037601	0.0018589794232088952	-0.017863127267872203	0.004653307240405802	0.00042679291981362333
0.009971879957274332	0.0010638743114363969	-0.004562167673761719	0.0011488509498733812	0.0016093418249794045	-0.010561227519645833	0.004341260242618494	-0.0005093480735482991
0.0031692554055082756	0.001251102510109181	-0.0035636172808422018	0.0028339047379257742	0.001484523025864215	-0.004070649965667084	0.0036547568474858405	0.000489202319371218
0.003231664805065426	0.0005021897154187105	-0.004374939475088935	-3.692764171869811e-05	0.0009228384298465286	-0.005693294354161438	0.0025937970550082845	-0.0005093480735482991
0.005852859586480408	0.0007518273136490894	-0.0040004830777440326	0.0002751193560688314	-1.3302563515393828e-05	-0.0026352337758446254	0.0027810252536810687	0.0003643835202560286
0.00023601362630643052	0.0001277333180744744	-0.008431550446325708	-0.0011602968337534048	-0.001448718753337852	-0.0032593277714199065	0.0004094680704962439	-0.0003845292744335538
0.0008601076218810455	0.00019014271763162505	-0.010116604234378102	-0.0009730686350810647	-0.0005749871595326361	-0.010686046318760578	0.00015983047226653113	0.00030197412069887797
0.0018586580148007847	-5.949488059808772e-05	-0.011302382825970403	0.0003375287556262041	-0.0002005307621877339	-0.013931335095750175	-0.0005266729228659006	-0.0005093480735482991
0.0021082956130311636	0.00019014271763162505	-0.013299483611809881	0.0007743945525289231	0.0007356102311746326	-0.01592843588158943	-0.00046426352330852794	0.0003643835202560286
-0.00020085217059606641	-0.00037154187838606134	-0.015671040794994484	-3.692764171869811e-05	-0.0010118529564353551	-0.014929885488670358	-0.0014004045166706725	-0.0006965762722210833
0.000548060624093516	0.0003149615167468145	-0.015983087792782014	-0.000473793438620973	-0.00038775896086029604	-0.01592843588158943	-0.0007139011215386848	0.000489202319371218
-0.0008249461661713475	-0.000433951277943212	-0.017168866384374315	-0.0015971626306559017	-0.001448718753337852	-0.015054704287785103	-0.0013379951171130777	-0.0006965762722210833
-1.3623971923282241e-05	0.0001277333180744744	-0.017480913382161622	-0.0009106592355234699	-0.001261490554665512	-0.01374410689707739	-0.0003394447241928944	0.00042679291981362333
-0.0011994025635160277	-0.00018431367971327717	-0.01960283296711629	-0.0017219814297710911	-0.0019479939497977217	-0.016053254680705065	-0.0007763105210962795	-0.0005093480735482991
4.8785427633424305e-05	0.0001277333180744744	-0.019478014168001323	-0.0009106592355234699	-0.0010118529564353551	-0.018362402464332295	-0.0003394447241928944	0.00042679291981362333
0.00023601362630643052	-0.0003091324788284666	-0.01960283296711629	-0.0011602968337534048	-0.001261490554665512	-0.01998504685282665	-0.0007763105210962795	-0.0005717574731058939
4.8785427633424305e-05	0.0001277333180744744	-0.019478014168001323	-3.692764171869811e-05	-0.0005125777599754855	-0.017239033272297144	-0.0003394447241928944	0.00042679291981362333
4.8785427633424305e-05	-0.00012190428015568244	-0.01910355777065642	-0.0009106592355234699	-0.0010742623559927278	-0.01773830846875657	-0.0008387199206529861	-0.0003221198748761811
0.00029842302586402525	2.9145189588408726e-06	-0.01822982617685165	-0.0005362028381785677	-0.0006998059586478256	-0.014617838490882162	-0.00046426352330852794	0.0003643835202560286
-0.0008249461661713475	-5.949488059808772e-05	-0.016919228786144602	-0.0007234310368511299	-0.0010742623559927278	-0.012995194102388252	-0.0005890823224234953	-0.0003221198748761811
0.00023601362630643052	-0.00012190428015568244	-0.015483812596322144	-0.0009730686350810647	-0.0008870341573201657	-0.011871824910353102	-0.00046426352330852794	0.00030197412069887797
-0.0004504897688260012	2.9145189588408726e-06	-0.013861168207827346	-0.0006610216372935351	-0.0010742623559927278	-0.010311589921416342	-0.00027703532463618785	-0.0003845292744335538
-0.00013844277103891578	2.9145189588408726e-06	-0.012800208415350012	-0.0007234310368511299	-0.0008870341573201657	-0.009125811329823819	-8.980712596340368e-05	0.00023956472114128324
-0.0026972281528951925	-0.0007459982757302974	-0.013361893011367476	-0.0018468002288853924	-0.002135222148470284	-0.008876173731592996	-0.0014628139162282672	-0.0006965762722210833
-0.007377933119707247	-0.0008084076752883362	-0.015546221995879517	-0.0022836660257878894	-0.0028217255436027155	-0.008127260936903857	-0.003397505302510595	0.00042679291981362333
-0.009437443305104098	-0.0013700922713055785	-0.017356094583046877	-0.0037190822156105696	-0.0040699135347521675	-0.009437858327610682	-0.004458465094987707	-0.0004469386739911485
-0.008813349309529706	-0.0009956358739604543	-0.01860428257419655	-0.003469444617380635	-0.0035082289387349253	-0.010748455718318173	-0.003959189898527837	0.0006140211184866295
-0.009624671503776883	-0.001682139269093108	-0.021163067956053494	-0.004093538612955472	-0.00425714173342473	-0.013432059899290305	-0.00489533089188976	-0.0005093480735482991
-0.00875093990997211	-0.001245273472189945	-0.023035349942778005	-0.003219807019151144	-0.003570638338292298	-0.015616388883802346	-0.004146418097200177	0.00023956472114128324
-0.007565161318379587	-0.0013700922713055785	-0.024158719134812934	-0.00340703521782304	-0.0036954571374070433	-0.020609140848401042	-0.003959189898527837	-0.0005717574731058939
-0.004756738338292488	-0.0009332264744033036	-0.025219678927290268	-0.0024708942244606735	-0.0026344973449301534	-0.024104067223620573	-0.002960639505608098	0.00030197412069887797
-0.003633369146258003	-0.0006211794766155521	-0.025344497726405235	-0.0018468002288853924	-0.002322450347143068	-0.024977798817425567	-0.001962089112688137	-0.00019730107576099165
-0.0013866307621881457	-5.949488059808772e-05	-0.02440835673304287	-0.0012227062333109995	-0.0013238999542231067	-0.021794919439993565	-0.00027703532463618785	0.0005516117189290348
-0.0008873555657280541	-0.00018431367971327717	-0.02128788675516846	-0.00109788743419581	-0.0016359469520106362	-0.019485771656366557	-0.00027703532463618785	-0.00013489167620339693
0.00011119482719146312	0.0001277333180744744	-0.019228376569771388	-0.0008482498359663193	-0.000824624757763015	-0.017863127267872203	0.00015983047226653113	0.0006140211184866295
-0.0031340939497976894	-5.949488059808772e-05	-0.01910355777065642	-0.0007858404364082805	-0.0017607657511249375	-0.011934234309910696	-0.0001522165255209984	-0.00013489167620339693
0.0014842016174558825	0.00025255211718921977	-0.016732000587471818	-0.0010354780346386594	-0.0007622153582054203	-0.012059053109025442	0.001220790264743865	0.0005516117189290348
0.0036061212024107725	0.0005645991149767493	-0.013486711810482443	-3.692764171869811e-05	0.00011151623559935153	-0.01137254971389301	0.0026562064545661013	-0.0003845292744335538
0.005977678385595597	0.0009390555123216515	-0.010803107629510533	0.0007119851529713284	0.001047657228961274	-0.009749905325398656	0.0038419850461586247	0.0003643835202560286
0.0069762287785151145	0.0006894179140912726	-0.010116604234378102	0.0005247569542985442	0.0007356102311746326	-0.011747006111237912	0.0036547568474858405	-0.0006341668726634886
0.007350685175860017	0.0011262837109939916	-0.010241423033493069	0.002022582543678597	0.0013597042267490256	-0.008813764332036289	0.004840535439078142	0.00030197412069887797
0.007225866376744827	0.0009390555123216515	-0.011864067421987867	0.0003999381551842429	0.0006107914320594432	-0.01386892569619258	0.004466079041733462	-0.0006341668726634886
0.005728040787365218	0.0007518273136490894	-0.01542140319676455	0.0002127099565116808	0.00017392563515694626	-0.019048905859464282	0.0028434346532386634	0.00017715532158368852
0.004854309193560669	0.0003149615167468145	-0.01829223557640902	-0.0007858404364082805	-7.571196307343264e-05	-0.021420463042649107	0.002344159456779016	-0.0006965762722210833
0.0059152689860375585	0.0006270085145338999	-0.018853920172426486	-9.933704127584875e-05	0.0002987444342721357	-0.022731060433356154	0.002718615854123696	0.00017715532158368852
0.0019834768139164183	-5.949488059808772e-05	-0.02072620215915122	-0.0005362028381785677	-0.0005125777599754855	-0.024416114221408325	0.0008463338673989629	-0.0005717574731058939
0.0023579332112606544	2.9145189588408726e-06	-0.020164517563133755	-9.933704127584875e-05	-1.3302563515393828e-05	-0.021794919439993565	0.0004718774700542827	5.233652246894316e-05
0.0015466110170134773	-0.0002467230792704278	-0.01872910137331152	-0.0005986122377359404	-0.0010118529564353551	-0.020109865651941394	3.501167315178577e-05	-0.0006965762722210833
0.0008601076218810455	-5.949488059808772e-05	-0.016981638185701753	-0.0007234310368511299	-0.0009494435568782045	-0.01592843588158943	0.00015983047226653113	0.00017715532158368852
0.00048565122453636533	-0.0003091324788284666	-0.015109356198977242	-0.0015971626306559017	-0.0015111281528950027	-0.013432059899290305	0.0009087432669565576	-0.0006965762722210833
0.0008601076218810455	-0.0002467230792704278	-0.012363342618447737	-0.0014099344319835616	-0.0011990811551079172	-0.010623636919203427	0.0014704278629738	-1.0072877088207477e-05
-0.00026326157015366114	-0.00012190428015568244	-0.01142720162508537	-0.0013475250324259669	-0.0011366717555505446	-0.006941482345311778	0.001657656061646584	-0.0004469386739911485
-0.00013844277103891578	0.00025255211718921977	-0.011052745227740468	-0.0010354780346386594	-0.0008870341573201657	-0.006317388349736275	0.002281750057221421	0.00042679291981362333
-0.00026326157015366114	-0.0003091324788284666	-0.012238523819332991	-0.0017843908293277977	-0.0013863093537802573	-0.007565576340886171	0.0014080184634162052	-0.0005717574731058939
-0.000512899168383596	2.9145189588408726e-06	-0.014360443404287215	-0.0012227062333109995	-0.0010742623559927278	-0.007752804539558733	0.0013456090638590545	0.00030197412069887797
-0.0006377179674985634	-0.00012190428015568244	-0.016170315991454354	-0.0017843908293277977	-0.001448718753337852	-0.010186771122300708	0.0009711526665137082	-0.0004469386739911485
0.0008601076218810455	-0.00012190428015568244	-0.017855369779506747	-0.0013475250324259669	-0.0011366717555505446	-0.014992294888227953	0.0007215150682837734	0.00030197412069887797
0.0007352888227663001	-0.00018431367971327717	-0.018853920172426486	-0.0009730686350810647	-0.0009494435568782045	-0.0166773486762799	0.0004718774700542827	-0.0004469386739911485
0.0017962486152438562	0.00019014271763162505	-0.01841705437552421	-0.0002241558403910382	-0.0005125777599754855	-0.017363852071412333	0.0009087432669565576	0.000489202319371218
0.000548060624093516	-5.949488059808772e-05	-0.018541873174638956	-0.00034897463950622765	-0.0010118529564353551	-0.01767589906919942	0.0008463338673989629	-0.0003221198748761811
0.000984926420996235	-0.00012190428015568244	-0.01791777917906412	-0.0007858404364082805	-0.000824624757763015	-0.015491570084687378	0.0010959714656286756	0.00030197412069887797
0.0016714298161282226	-0.00012190428015568244	-0.01592067839322442	-0.0012227062333109995	-0.0011366717555505446	-0.016427711078049523	0.0011583808651867145	-0.0004469386739911485
-7.603337148087697e-05	0.00019014271763162505	-0.01429803400472962	-0.000473793438620973	-0.0008870341573201657	-0.01124773091477782	0.0017824748607613294	0.000489202319371218
-0.0029468657511255714	-0.00018431367971327717	-0.01429803400472962	-0.0017843908293277977	-0.0020104033493550943	-0.009874724124512957	0.000596696269168584	-0.00013489167620339693
-0.0065042015259024755	-0.0008708170748457089	-0.015858268993666824	-0.0032822164187078506	-0.003133772541389801	-0.011622187312123389	-0.0018372703135729473	0.0006140211184866295
-0.007565161318379587	-0.0011828640726332385	-0.01542140319676455	-0.0032822164187078506	-0.0034458195391773305	-0.010810865117875768	-0.0023989549095906337	-0.00019730107576099165
-0.00856371171129977	-0.0009332264744033036	-0.01542140319676455	-0.0027205318226906083	-0.0035082289387349253	-0.010436408720530643	-0.002523773708705379	0.0006764305180437802
-0.00875093990997211	-0.001245273472189945	-0.016669591187914445	-0.003469444617380635	-0.003945094735637422	-0.013432059899290305	-0.003210277103837811	-0.00019730107576099165
-0.0065042015259024755	-0.0007459982757302974	-0.016482362989241883	-0.002595713023575863	-0.002884134943159866	-0.015117113687342698	-0.0026485925078201245	0.0007388399176013749
-0.0058801075303276384	-0.0011828640726332385	-0.01604549719233961	-0.0029077600213631705	-0.0032585913405049904	-0.017613489669641824	-0.002960639505608098	-0.0003221198748761811
-0.004569510139620148	-0.0008708170748457089	-0.01542140319676455	-0.0014099344319835616	-0.0025720879453723366	-0.015117113687342698	-0.0020244985122452874	0.0003643835202560286
-0.004756738338292488	-0.0006211794766155521	-0.01523417499809221	-0.0014099344319835616	-0.002509678545814964	-0.012995194102388252	-0.001275585717555705	-0.0003221198748761811
-0.0005753085679409686	-5.949488059808772e-05	-0.0137363494087126	-0.0014723438315411563	-0.0010742623559927278	-0.01486747608911232	0.00015983047226653113	0.0006764305180437802
-0.000512899168383596	-5.949488059808772e-05	-0.013798758808270195	-0.0009730686350810647	-0.0011366717555505446	-0.01380651629663543	0.00028464927138149854	-0.00013489167620339693
-0.0008873555657280541	0.00025255211718921977	-0.014485262203402405	-0.0005362028381785677	-0.0006373965590906749	-0.011996643709468291	0.0006591056687270669	0.0007388399176013749
-0.0010121743648432435	6.532391851687969e-05	-0.014173215205614875	-0.0009730686350810647	-0.0008870341573201657	-0.012433509506370344	0.000596696269168584	-1.0072877088207477e-05
0.003231664805065426	0.0005645991149767493	-0.011739248622872678	0.0002751193560688314	0.0006107914320594432	-0.011684596711680761	0.0024065688563357224	0.0007388399176013749
0.005415993789577911	0.0008142367132066841	-0.00924287264057333	0.0007119851529713284	0.001047657228961274	-0.009874724124512957	0.0038419850461586247	-0.00019730107576099165
0.00653936298161284	0.0011886931105515863	-0.008057094048980806	0.0017105355458908456	0.0016093418249794045	-0.006504616548409059	0.005214991836423044	0.0005516117189290348
0.006851409979399925	0.0011262837109939916	-0.007682637651636126	0.0010864415503162306	0.001297294827192097	-0.006567025947966654	0.005214991836423044	-0.00025971047531836433
0.009784651758602436	0.0013759213092234823	-0.006059993263140884	0.0015857167467761002	0.0022958452201118362	-0.006879072945753961	0.006088723430227816	0.00042679291981362333
0.008536463767452318	0.0014383307087815211	-0.005373489868008896	0.0018977637445636297	0.0020462076218814573	-0.005318837956816758	0.0059639046311126265	-0.00013489167620339693
0.006227315983825088	0.0011262837109939916	-0.007620228252078531	0.0014608979476609107	0.0016093418249794045	-0.007191119943541047	0.004965354238193109	0.0005516117189290348
0.0052911749904631655	0.0008766461127640568	-0.008556369245440898	0.0007743945525289231	0.0008604290302889339	-0.008314489135576197	0.00415403204394571	-0.00019730107576099165
0.005228765590905127	0.0008766461127640568	-0.00961732903791801	0.0007743945525289231	0.001047657228961274	-0.00712871054398434	0.0042788508430606775	0.0006140211184866295
0.0019834768139164183	0.0006270085145338999	-0.010740698229952939	-0.00028656523994818883	-0.00013812136263102737	-0.010124361722743558	0.002468978255893761	-7.24822766458022e-05
0.0031692554055082756	0.0005645991149767493	-0.009180463241015735	0.00015030055695364197	0.0005483820325018485	-0.01106050271610548	0.0022193406576638264	0.0006764305180437802
0.0017962486152438562	0.0005021897154187105	-0.008993235042343617	0.0006495757534137336	0.00011151623559935153	-0.00900099253070863	0.0019072936598758528	5.233652246894316e-05
0.0010473358205536076	0.0007518273136490894	-0.00905564444190099	0.0003999381551842429	0.00017392563515694626	-0.007815213939116328	0.0025937970550082845	0.0009884775158313097
0.002045886213473569	0.0003773709163044092	-0.008681188044556087	-0.0005362028381785677	-7.571196307343264e-05	-0.008002442137789112	0.0022193406576638264	-7.24822766458022e-05
0.0012345640192263918	0.00043978031586200395	-0.008993235042343617	8.789115739604725e-05	-0.00026294016174532864	-0.007066301144426301	0.002094521858548637	0.0007388399176013749
-0.0004504897688260012	0.0003149615167468145	-0.010303832433050664	-0.0009106592355234699	-0.0008870341573201657	-0.006879072945753961	0.0017824748607613294	-7.24822766458022e-05
0.001359382818340693	0.0008142367132066841	-0.009742147837033421	-3.692764171869811e-05	-7.571196307343264e-05	-0.0063797977492938696	0.0025937970550082845	0.0009884775158313097
0.0011097452201114244	0.0003149615167468145	-0.010428651232165409	-0.0005362028381785677	-0.00026294016174532864	-0.008751354932478694	0.0019072936598758528	-1.0072877088207477e-05
0.0007976982223238949	0.0005645991149767493	-0.011177564026855213	2.5481757838896613e-05	0.00011151623559935153	-0.007940032738231517	0.0021569312581062317	0.0008636587167161203
0.0001736042267488358	0.00025255211718921977	-0.011052745227740468	-0.00016174644083344347	-0.0005749871595326361	-0.00850171733424876	0.0017200654612037347	5.233652246894316e-05
0.0017962486152438562	0.0005645991149767493	-0.010803107629510533	2.5481757838896613e-05	0.00017392563515694626	-0.008314489135576197	0.0019697030594338916	0.0008636587167161203
