Sensor_1	Sensor_2	Sensor_3	Sensor_4	Sensor_5	Sensor_6	Sensor_7	Sensor_8
0.006448279583428862	0.0010686392690926194	0.0023274555809871256	0.0017093435263602075	0.0017072777752349388	0.0008689697566182097	0.0028375088807506277	1.436976424828984e-05
0.007509239375905752	0.0015055050659953384	0.0029515495765621846	0.0022710281223774498	0.0023937811703673706	0.0013058355535211508	0.003586421675440876	0.0007008731593807216
0.00713478297856085	0.0010062298695354688	0.0030139589761197794	0.0018341623254747308	0.0017696871747925336	0.0009937885557333992	0.0032743746776533467	-0.00036008663309705646
0.008819836766612799	0.0013182768673225542	0.0037628717708093617	0.0023958469214926392	0.002705828168154456	0.0014930637521934909	0.004335334470130681	0.00045123556115056473
0.007696467574578536	0.0015055050659953384	0.003887690569924551	0.0023958469214926392	0.0023937811703673706	0.0013058355535211508	0.004085696871900524	-0.00011044903486645552
0.004950453994048809	0.000756592271305534	0.0019529991836422234	0.0014597059281298286	0.0013952307774474093	-0.0003168088349740916	0.002775099481193477	0.0003264167620358194
0.004763225795376913	0.0012558674677654036	0.0025146837796599097	0.001584524727244574	0.0015200495765621547	-0.0007536746318761445	0.0028375088807506277	-4.8039635309304884e-05
0.003889494201572141	0.0006317734721901225	0.001204086388952641	0.0010228401312273316	0.001083183779660546	-0.0019394532234684458	0.0020885960860610453	0.0003888261615934141
0.0005817960250249499	0.00031972647440303703	-0.0001065110017546278	0.00039874613565271666	8.463338674058463e-05	-0.0028755942168305904	0.0007155892957961818	-0.00029767723353946174
0.0010186618219272248	0.0005693640726334159	-0.00041855799954215733	0.0005859743343255008	0.00039668038452767007	-0.0028755942168305904	0.0008404080949109272	0.0005760543602657542
0.00020733962768004766	0.00019490767528829167	-0.000917833196002249	0.0001491085374230039	-0.0002898230106047617	-0.0035620976119628	0.00027872349889368486	-0.00036008663309705646
0.0008314336232544406	0.0005069546730758212	-0.000917833196002249	0.0004611555352098673	0.00014704278629729117	-0.0035620976119628	0.0006531798962385871	0.0005136449607081595
-0.00016711676966463251	0.00013249827573069695	-0.001541927191577308	-0.00016293846036496973	-0.0006018700083922912	-0.004435829205767794	9.149530022134478e-05	-0.0004224960326542071
0.00020733962768004766	7.008887617332427e-05	-0.0020412023880369556	2.4289738307814446e-05	-0.00035223241016257845	-0.005059923201342853	0.00021631409933609014	0.00026400736247822465
-0.00029193556877982196	-5.472992294208723e-05	-0.002602886984054642	-0.0003501666590373098	-0.0009139170061793767	-0.005808835996032435	-9.573289845055122e-05	-0.0004224960326542071
0.0002697490272371983	0.00031972647440303703	-0.0029149339818417275	0.00021151793698015453	-0.0005394606088346965	-0.005684017196918134	0.0005283610971238417	0.00026400736247822465
-0.002351445754177117	-0.0006164145189588854	-0.005473719363698448	-0.0009742606546117027	-0.0025989707942317697	-0.0070570239871821094	-0.0006574174944682376	-0.000859361829556482
-0.0031003585488671437	0.0002573170748454423	-0.008219732944228175	-0.00022534785992256445	-0.003410292988479169	-0.007181842786297299	0.00040354229800909636	0.0003264167620358194
-0.003849271343556726	7.008887617332427e-05	-0.012463572114137511	-0.0026593144426640958	-0.005594621972990987	-0.020724682490272484	-0.00015814229800903412	-0.0004224960326542071
0.0008314336232544406	0.0002573170748454423	-0.01614572668802916	-0.003220999038681782	-0.005032937376974189	-0.04181905954070286	-0.00022055169756618476	0.0005136449607081595
0.0025164874113072777	0.00019490767528829167	-0.022636304242008132	-0.000724623056382212	-0.004159205783168973	-0.05149251647211406	-0.0009694644922562112	-0.00023526783398186701
0.0017675746166168071	0.0004445452735182265	-0.03149843897917126	0.00033633673609512194	-0.003347883588921796	-0.05848236922255268	-0.002030424284733323	0.0005760543602657542
0.004388769398031789	0.00019490767528829167	-0.03599191574731053	-0.00016293846036496973	-0.002973427191576672	-0.06441126218051418	-0.0028417464789809443	-0.00029767723353946174
0.00557454798962409	0.00019490767528829167	-0.037739378934920076	0.0009604307316697369	-0.0020996955977719	-0.059418510215915266	-0.003341021675440592	0.0003888261615934141
0.0016427558175025059	0.00013249827573069695	-0.03967407032120218	-0.000100529060807375	-0.0035351117875943583	-0.048621684092469586	-0.004214753269245808	-0.0004224960326542071
0.0002697490272371983	0.0005069546730758212	-0.03967407032120218	-0.0014735358510717944	-0.003971977584496633	-0.044565073121233256	-0.0036530686732278994	0.0005760543602657542
-0.003474814946211824	-0.000741233318074519	-0.03904997632562757	-0.0023472674448770103	-0.005469803173876242	-0.03851136136415656	-0.005712578858625417	-0.0006721336308841419
-0.0067201037232014205	-0.0009908709163037877	-0.03661600974288559	-0.003720274235141874	-0.005844259571221144	-0.037263173373006886	-0.006835948050659901	0.0003264167620358194
-0.008280338712138624	-0.0010532803158618265	-0.03137362018005607	-0.0026593144426640958	-0.005719440772106621	-0.027776944640268475	-0.005837397657739718	-0.0005473148317693965
-0.0079058823147935	-0.0010532803158618265	-0.025070270824750107	-0.001972811047531886	-0.00478329977874381	-0.01922685690089243	-0.004714028465705455	0.00026400736247822465
-0.006595284924086231	-0.0014277367132065066	-0.019578243663690875	-0.003033770840008998	-0.004159205783168973	-0.011550500755321602	-0.00458920966659071	-0.0006097242313261031
-0.007718654116120716	-0.0006164145189588854	-0.01446067289997699	-0.0019104016479745134	-0.004159205783168973	0.0011810167544059613	-0.003528249874113376	0.00045123556115056473
-0.009154070305943618	-0.0011780991149765718	-0.01315007550926972	-0.003845093034256175	-0.004408843381398686	0.005175218326085584	-0.004214753269245808	-0.0005473148317693965
-0.004785412336919093	-0.0004915957198441401	-0.011714659319447707	-0.003720274235141874	-0.0032230647898066067	0.0033029363393606292	-0.003278612275882997	0.0005136449607081595
-0.003037949149309549	-5.472992294208723e-05	-0.015084766895552049	-0.0025344956435489063	-0.0024117425955594296	0.001056197955291216	-0.002904155878538317	-0.00011044903486645552
-0.0029755397497519542	7.679476615729541e-06	-0.019515834264133725	-0.0015359452506298332	-0.0024741519951165802	-0.0026259566186004335	-0.0027793370794229055	0.0005760543602657542
-0.0021018081559471824	-0.00024195812161464936	-0.024383767429617675	-0.0016607640497445786	-0.002973427191576672	-0.009927856366826804	-0.003153793476768252	-0.0004849054322118018
0.0004569772259097604	7.008887617332427e-05	-0.02831555960173926	-0.0010366700541697416	-0.0025989707942317697	-0.020475044892042105	-0.003091384077210657	0.0003888261615934141
0.0032029908064397095	0.00031972647440303703	-0.030063022789349025	-0.0010366700541697416	-0.002162104997329495	-0.029087542030975744	-0.0028417464789809443	-4.8039635309304884e-05
0.00682273598077332	0.000756592271305534	-0.031186391981383954	0.0016469341268021687	-0.001038735805294566	-0.027901763439383664	-0.0015311490882738976	0.0005136449607081595
0.008008514572365621	0.0006941828717481613	-0.03112398258182636	0.0021462093232622603	-0.0007266888075070366	-0.026466347249561206	-0.00047018929579611957	-0.0006721336308841419
0.008944655565728432	0.0009438204699778741	-0.029563747592889156	0.0014597059281298286	0.0002094521858548859	-0.025967072053101337	-0.0003453704966813742	0.0003264167620358194
0.010567299954222786	0.0010062298695354688	-0.024383767429617675	0.0015221153276874233	0.000833546181430167	-0.0167928903181509	0.00034113289845105754	-0.0004224960326542071
0.008882246166170393	0.0014430956664377437	-0.021512935049973425	0.0023958469214926392	0.0015824589761201935	-0.005434379598687755	0.0013396832913710188	0.0003888261615934141
0.0035774472037841676	0.001193458068208253	-0.021263297451743268	0.0008980213321125863	-0.0002898230106047617	0.004176667933165401	0.0005283610971238417	-0.0004224960326542071
0.00289094380865218	0.000756592271305534	-0.01926619666590379	-0.001348717051957049	-0.0009139170061793767	0.0070475003128098734	-9.573289845055122e-05	0.00026400736247822465
0.0027661250095369905	0.0006941828717481613	-0.017019458281833932	-0.0014735358510717944	-0.0007266888075070366	0.006298587518120291	-0.0012815114900435187	-0.0005473148317693965
0.000332158426794793	0.0006941828717481613	-0.01745632407873665	-0.0005373948577098719	-0.0008515076066226701	0.006048949919889912	-0.0015935584878306042	0.00045123556115056473
-0.00154012355992994	0.0005693640726334159	-0.01895414966811626	-0.0009118512550545521	-0.0016004204013118084	0.0005569227588311243	-0.0022176524834058853	-4.8039635309304884e-05
0.0018923934157319966	0.0006941828717481613	-0.018517283871213763	-3.811966124978028e-05	-0.00047705120927710176	-0.005746426596474841	-0.0019056054856181337	0.0005760543602657542
0.002017212214846964	0.00019490767528829167	-0.019328606065461162	-0.0004125760585946825	-0.0009139170061793767	-0.010427131563286895	-0.00265451828030816	-0.0004849054322118018
0.0011434806210424142	0.00038213587396063176	-0.020826431654840993	0.0008980213321125863	-0.0006642794079498859	-0.00936617177080934	-0.002467290081635376	0.0003888261615934141
8.25208285648582e-05	7.679476615729541e-06	-0.022137029045548262	-0.000100529060807375	-0.0020996955977719	-0.008991715373464437	-0.003153793476768252	-0.0006097242313261031
0.00326540020599686	0.00038213587396063176	-0.022074619645990445	-0.0005998042572674667	-0.0008515076066226701	-0.010801587960631798	-0.002529699481193415	0.0005760543602657542
0.0016427558175025059	0.0004445452735182265	-0.019328606065461162	0.0001491085374230039	-0.0011011452048519388	-0.006807386388952397	-0.002467290081635376	-0.00011044903486645552
0.0007066148241401393	0.00013249827573069695	-0.01764355227740899	-0.00022534785992256445	-0.0007890982070650754	-0.00587124539559003	-0.0027793370794229055	0.0003264167620358194
-0.0006039825665671295	0.00031972647440303703	-0.016520183085374063	0.0001491085374230039	-0.0006642794079498859	-0.0017522250247956617	-0.002030424284733323	-0.00029767723353946174
0.0007690242236968459	0.00019490767528829167	-0.014647901098649552	-0.0007870324559393627	-0.0006018700083922912	0.00012005696192862736	-0.0009694644922562112	0.0003888261615934141
-0.0016025329594870907	-0.00011713932249945991	-0.013898988303959525	-0.0012238982528420816	-0.0016628298008698472	0.0018051107499810204	-0.00047018929579611957	-0.0004224960326542071
-0.002351445754177117	0.00031972647440303703	-0.01327489430838491	-0.0010366700541697416	-0.0017876485999843705	0.0034901645380331914	-0.0006574174944682376	0.0006384637598231269
-0.0016025329594870907	7.008887617332427e-05	-0.01315007550926972	-0.0018479922484169187	-0.0017876485999843705	0.002741251743343165	-0.001468739688716303	-0.0004849054322118018
-0.0004791637674523841	0.00031972647440303703	-0.014585491699091957	-0.0010990794537268922	-0.0015380110017546578	5.7647562371032635e-05	-0.001031873891813806	0.00045123556115056473
-0.0003543449683374167	-0.00011713932249945991	-0.017206686480506495	-0.0014735358510717944	-0.0017876485999843705	-0.003749325810635362	-0.0007198268940258323	-0.0004849054322118018
0.0007066148241401393	0.00038213587396063176	-0.017893189875638926	0.0001491085374230039	-0.0011011452048519388	-0.005933654795147403	-0.00015814229800903412	0.0005760543602657542
0.001393118219272571	0.00019490767528829167	-0.01895414966811626	-0.00016293846036496973	-0.0007890982070650754	-0.008117983779659665	-0.0011566926909281072	-0.00017285843442405024
0.0011434806210424142	7.008887617332427e-05	-0.018891740268558666	-3.811966124978028e-05	-0.00047705120927710176	-0.008617258976119313	-0.00265451828030816	0.0003888261615934141
-0.004473365339132007	-0.000928461516746637	-0.021325706851300863	-0.0018479922484169187	-0.002723789593346737	-0.010427131563286895	-0.0055253506599526325	-0.0006721336308841419
-0.0069073319218735385	-0.0011780991149765718	-0.021824982047760733	-0.002596905043106945	-0.003347883588921796	-0.01048954096284449	-0.0065863104524297444	0.0001391885633630352
-0.007219378919661512	-0.0012405085145341666	-0.020888841054398366	-0.003033770840008998	-0.0035351117875943583	-0.008929305973906843	-0.006835948050659901	-0.0005473148317693965
-0.007968291714351095	-0.0012405085145341666	-0.019515834264133725	-0.0030961802395665927	-0.003784749385823849	-0.0070570239871821094	-0.0065863104524297444	0.00020159796292062993
-0.008654795109483526	-0.0014277367132065066	-0.01814282747386886	-0.0034082272373541223	-0.0039095681849394825	-0.005184742000457598	-0.005837397657739718	-0.0005473148317693965
-0.006595284924086231	-0.0005540051194017348	-0.01527199509422461	-0.0025344956435489063	-0.0030982459906914173	-0.003624507011520395	-0.0039027062714578342	0.0005136449607081595
-0.005721553330281459	-0.0010532803158618265	-0.013212484908827316	-0.003033770840008998	-0.0032854741893639794	-0.0032500506141757146	-0.0037778874723426448	-0.0004224960326542071
-0.004348546540016374	-0.0004915957198441401	-0.012089115716792387	-0.0019104016479745134	-0.0024117425955594296	-0.0025635472190428388	-0.003091384077210657	0.0005136449607081595
-0.0021018081559471824	-0.00042918632028654535	-0.010591290127412778	-0.0015983546501869839	-0.0017876485999843705	-0.0018770438239108511	-0.0015935584878306042	-0.00036008663309705646
-0.00154012355992994	-0.00024195812161464936	-0.011090565323872648	-0.0006622136568246173	-0.0017252392004269979	-0.0014401780270085762	-0.001219102090486146	0.0003888261615934141
-0.0011656671625848158	-0.00017954872205661054	-0.011527431120775145	-0.0014111264515146438	-0.0017876485999843705	-0.0030628224155029304	-0.0016559678873881989	-0.0004849054322118018
0.0008938430228120353	0.0002573170748454423	-0.012525981513694884	-0.0005998042572674667	-0.0007266888075070366	-0.003811735210193401	-0.001406330289158264	0.0006384637598231269
0.0012682994201569375	0.00013249827573069695	-0.012151525116349982	-0.0003501666590373098	-0.0009139170061793767	-0.004560648004882983	-0.0017183772869457936	-0.00029767723353946174
0.005200091592278966	0.0010062298695354688	-0.009842377332722974	0.0014597059281298286	0.0008959555809877617	-0.002313909620813792	0.0007155892957961818	0.0007008731593807216
0.006510688982986457	0.0008814110704207234	-0.007533229549096188	0.0014597059281298286	0.0008959555809877617	-0.00212668142214123	0.0012772738918138682	-0.00029767723353946174
0.00807092397192366	0.001193458068208253	-0.006721907354848566	0.0017093435263602075	0.0016448683756773441	-0.0011281310292212687	0.0022134148851757907	0.0005136449607081595
0.00807092397192366	0.0010062298695354688	-0.004849625368123833	0.0014597059281298286	0.001270411978332442	-4.761837186118001e-06	0.0024630524834061696	-0.00036008663309705646
0.008882246166170393	0.0015679144655529331	-0.004724806569008866	0.002208618722819855	0.001894505973907279	0.0021795671473259226	0.0035240122758830594	0.00045123556115056473
0.005512138590066495	0.0008814110704207234	-0.005473719363698448	0.0010852495307849264	0.0007711367818725723	0.0021795671473259226	0.0020885960860610453	-0.0004849054322118018
0.0046384069962612795	0.0006941828717481613	-0.006784316754405717	0.0002739273365375272	0.0004590897840848207	0.001680291950865831	0.0013396832913710188	0.0003264167620358194
0.003078172007324076	0.0005693640726334159	-0.007658048348210489	0.00033633673609512194	-0.00035223241016257845	0.0015554731517510856	0.0007155892957961818	-0.0006097242313261031
0.0015179370183873164	0.0006317734721901225	-0.00946792093537785	8.669913786540917e-05	-0.00047705120927710176	0.0011810167544059613	0.00034113289845105754	0.0003888261615934141
-0.0006663919661247242	-5.472992294208723e-05	-0.012463572114137511	-0.0010990794537268922	-0.0013507828030823177	-0.0011905404287784194	-0.0015311490882738976	-0.0005473148317693965
0.0011434806210424142	0.0006317734721901225	-0.01315007550926972	-0.000100529060807375	-0.00047705120927710176	-0.0018146344243532564	-0.001031873891813806	0.0005760543602657542
0.00039456782635238774	0.00013249827573069695	-0.014086216502632087	-0.0003501666590373098	-0.001038735805294566	-0.003125231815060525	-0.001843196086060983	-0.0004849054322118018
0.0017675746166168071	0.00031972647440303703	-0.013087666109712348	2.4289738307814446e-05	-0.00022741361104716695	-0.003811735210193401	-0.001468739688716303	0.0003888261615934141
2.011142900726348e-05	-0.0003043675211713559	-0.013586941306172218	-0.0007870324559393627	-0.001038735805294566	-0.003811735210193401	-0.0019056054856181337	-0.0006721336308841419
0.0005193866254675772	0.00031972647440303703	-0.012276343915464949	-0.000100529060807375	-0.0006018700083922912	-0.0019394532234684458	-0.0013439208896011134	0.0003888261615934141
-0.00010470737010748188	-0.00017954872205661054	-0.010840927725642713	-0.0012238982528420816	-0.0012883734035242789	-0.0024387284199285375	-0.0016559678873881989	-0.0006097242313261031
0.0007066148241401393	0.0005069546730758212	-0.00946792093537785	-0.00016293846036496973	-0.00047705120927710176	-0.0013777686274509815	0.0007155892957961818	0.0006384637598231269
-0.002788311551079614	-0.00024195812161464936	-0.01040406192874066	-0.001348717051957049	-0.0020996955977719	-0.0007536746318761445	-0.0005325986953537143	-0.0004849054322118018
-0.000728801365682763	0.000756592271305534	-0.009155873937590542	-0.0010366700541697416	-0.0011011452048519388	0.00018246636148600004	-0.00015814229800903412	0.000825691958495467
-0.0003543449683374167	7.679476615729541e-06	-0.011402612321660177	-0.0015359452506298332	-0.0012883734035242789	-0.0014401780270085762	-0.001031873891813806	-0.00036008663309705646
-0.0004791637674523841	0.00038213587396063176	-0.011402612321660177	-0.0003501666590373098	-0.0007890982070650754	-0.0017522250247956617	-0.0008446456931410218	0.0005760543602657542
-0.0011032577630274432	0.00019490767528829167	-0.012213934515907576	-0.0005998042572674667	-0.0011011452048519388	-0.0020018626230260406	-0.0010942832913705125	-0.00029767723353946174
-4.229797055033124e-05	0.0002573170748454423	-0.011839478118562452	-0.00016293846036496973	-0.0007890982070650754	-0.0026883660181580282	-0.0007822362935834271	0.0005760543602657542
0.0006442054245825446	7.679476615729541e-06	-0.011964296917677864	-0.0012238982528420816	-0.0009139170061793767	-0.0038741446097505516	-0.0010942832913705125	-0.00036008663309705646
0.00095625242236963	0.0004445452735182265	-0.010341652529183065	-0.000100529060807375	-0.0005394606088346965	-0.003125231815060525	-0.0007822362935834271	0.0006384637598231269
-0.0004167543678950114	0.00038213587396063176	-0.010279243129625248	-0.00016293846036496973	-0.0007266888075070366	-0.0023763190203709428	-0.0011566926909281072	-0.00011044903486645552
-0.0011656671625848158	0.00019490767528829167	-0.011152974723430242	-0.0008494418554969574	-0.0009763264057369714	-0.0024387284199285375	-0.0007198268940258323	0.0005760543602657542
-0.005783962729839054	-0.0006788239185164802	-0.01315007550926972	-0.0027217238422216905	-0.0030358365911347107	-0.004498238605325611	-0.001406330289158264	-0.0004224960326542071
-0.007094560120546323	-0.0009908709163037877	-0.013711760105287407	-0.0031585896391241874	-0.003160655390249012	-0.005434379598687755	0.0010276362935837113	0.00045123556115056473
-0.008342748111695997	-0.000928461516746637	-0.014398263500419839	-0.0026593144426640958	-0.003410292988479169	-0.0041237822079804864	-0.0023424712825210747	-0.00017285843442405024
-0.00821792931258103	-0.0006164145189588854	-0.01577127029068426	-0.0025344956435489063	-0.003160655390249012	-0.0028131848172732177	-0.002092833684290696	0.0007008731593807216
-0.00821792931258103	-0.001552555512321696	-0.015896089089799448	-0.003845093034256175	-0.004284024582283941	-0.003811735210193401	-0.0032162028763258466	-0.0006721336308841419
-0.006220828526741551	-0.0006788239185164802	-0.013586941306172218	-0.002596905043106945	-0.002973427191576672	-0.00106572162966323	-0.00265451828030816	0.0003888261615934141
-0.006782513122759015	-0.0014277367132065066	-0.013524531906614845	-0.003470636636911273	-0.0039095681849394825	5.7647562371032635e-05	-0.004651619066147861	-0.0006721336308841419
-0.0025386739528494573	-0.00024195812161464936	-0.012900437911039786	-0.0022848580453194156	-0.00191246739909956	-0.0011905404287784194	-0.002030424284733323	0.0005136449607081595
-0.000728801365682763	-0.0003043675211713559	-0.010528880727855183	-0.0015359452506298332	-0.0012259640039671282	-0.0019394532234684458	-0.00047018929579611957	-0.00036008663309705646
-0.000728801365682763	-0.00017954872205661054	-0.010341652529183065	-0.000287757259479271	-0.0011635546044099776	-0.0016274062256809163	0.000902817494468966	0.0003264167620358194
-0.002164217555504333	-0.00036677692072895063	-0.010591290127412778	-0.0012238982528420816	-0.00191246739909956	-0.001689815625238511	0.0005283610971238417	-0.0004849054322118018
0.0008938430228120353	0.00013249827573069695	-0.01046647132829781	-0.0016607640497445786	-0.0007890982070650754	-0.00019199003585890217	0.0007779986953533324	0.00045123556115056473
0.0007690242236968459	-0.00017954872205661054	-0.009343102136262882	-0.001348717051957049	-0.0015380110017546578	-0.00106572162966323	0.0006531798962385871	-0.0006721336308841419
0.003515037804226795	0.0009438204699778741	-0.007096363752193691	0.000523564934767462	0.0004590897840848207	0.0018051107499810204	0.003211965278095308	0.0005136449607081595
0.004451178797588939	0.0008814110704207234	-0.006035403959716135	0.0007107931334402462	0.0007711367818725723	0.002491614145113008	0.003211965278095308	-0.00029767723353946174
0.008008514572365621	0.0011310486686506582	-0.004599987769893676	0.0008356119325549916	0.0018320965743496842	0.0013682449530783014	0.004023287472342929	0.0005136449607081595
0.007758876974136131	0.0011310486686506582	-0.0031021621805140676	0.001397296528572678	0.0017696871747925336	0.0025540235446703807	0.004709790867475361	-0.0004849054322118018
0.007197192378118444	0.0010686392690926194	-0.002166021187152145	0.0017093435263602075	0.001457640177005004	0.0026788423437860143	0.006519663454642277	7.677916380588456e-05
0.005636957389181241	0.0010686392690926194	-0.0031021621805140676	0.0009604307316697369	0.001083183779660546	0.0022419765468835173	0.008953630037384475	-0.0005473148317693965
