Sensor_1	Sensor_2	Sensor_3	Sensor_4	Sensor_5	Sensor_6	Sensor_7	Sensor_8
0.0005886315699694666	0.00024468735855975865	0.001743484806016049	0.0005025467721782029	0.003342804600664051	-0.004012323866408929	0.0004304525730145503	-0.0010747554997785347
-0.0003475094233928999	0.0005567343563472882	0.0021179412033616174	0.000689774970850765	0.002718710605089436	-0.004199552065081713	-0.00044327902078977743	-0.0020108964931409012
0.00033899397173953183	-0.0001921784383427383	0.0013066190091139962	0.0006273655712938364	0.0037172609980093974	-0.0034506392703912425	0.0003680431734573997	-0.0010747554997785347
-0.00040991882295049464	0.0005567343563472882	0.001556256607344153	0.00044013737262105224	0.003530032799336613	-0.004074733265966524	-0.000131232023002692	-0.0019484870935833065
-0.0004723282225076453	0.00043191555723209873	0.0021179412033616174	0.0006273655712938364	0.004778220790486065	-0.0038875050672937395	0.0003680431734573997	-0.0015116212966810316
0.0005886315699694666	5.745915988764061e-05	0.001743484806016049	0.0003153185735058628	0.004778220790486065	-0.005073283658886485	-0.000131232023002692	-0.002447762290042954
-0.0008467846198529916	-4.950239669954115e-06	0.001743484806016049	0.00025290917394826806	0.005027858388716222	-0.0051356930584436356	-0.0001936414225602867	-0.0025725810891585876
0.0009006785677574403	0.000369506157674504	0.00236757880159133	0.0008770031695235492	0.005901589982521438	-0.004823646060656106	0.0003680431734573997	-0.002697399888273333
-0.0007219658207378021	-4.950239669954115e-06	0.001993122404245984	0.00025290917394826806	0.005714361783848876	-0.005759787054018473	-6.882262344465317e-05	-0.00350872208252051
0.0005886315699694666	-0.000254587837900333	0.0019307130046888332	0.0003777279730634575	0.008959650560837806	-0.007756887839858173	0.00011840557522724282	-0.004444863075882433
-0.0005971470216223906	-0.0005042254361300458	0.0022427600024761407	0.0008145937699663985	0.010769523148005389	-0.009816398025255246	0.0003680431734573997	-0.005381004069245243
0.0007758597686418067	-0.000254587837900333	0.0023051694020341795	0.00025290917394826806	0.01101916074623488	-0.010190854422600149	-6.4132238879466286e-06	-0.0059426886652624855
0.0005262221704118719	-0.00069145363480283	0.00236757880159133	0.0005025467721782029	0.009521335156855715	-0.008068934837645703	-0.000131232023002692	-0.005256185270130054
-0.0004723282225076453	0.00011986855944479125	0.002617216399821709	0.0007521843704083597	0.008897241161280434	-0.007132793844283336	0.00030563377389980495	-0.003945587879423007
0.00033899397173953183	-0.0003794066370146343	0.0018683036051312385	0.0001280903748339668	0.0076490531701305375	-0.008256163036318043	-0.0003184602216750321	-0.004569681874997844
-0.0004723282225076453	-4.950239669954115e-06	0.0025548070002641143	0.00044013737262105224	0.008397965964820564	-0.007569659641185611	0.0001808149747850596	-0.004632091274554995
0.0004638127708542772	-0.0004418160365726731	0.002429988201148925	0.0005025467721782029	0.00833555656526297	-0.0076944784403008	5.5996175670092185e-05	-0.004819319473227779
-0.0005971470216223906	-0.0006290442352452352	0.0027420351989360103	0.00044013737262105224	0.00908446935995344	-0.010690129619060018	-0.000131232023002692	-0.005693051067032995
0.0004638127708542772	-0.000878681833474726	0.002617216399821709	0.0005649561717362417	0.010769523148005389	-0.011251814215077705	0.0001808149747850596	-0.005693051067032995
-0.0004723282225076453	-0.00069145363480283	0.0037405855918561937	0.00044013737262105224	0.01145602654313782	-0.012874458603572059	-6.4132238879466286e-06	-0.006816420259067257
-0.0007219658207378021	-0.0011283194317051048	0.0038029949914137884	0.0003777279730634575	0.01176807354092535	-0.013311324400474556	-6.4132238879466286e-06	-0.006878829658624852
0.0007134503690846561	-0.0015651852286071577	0.003990223190085684	0.0005025467721782029	0.012704214534286828	-0.012936868003129653	5.5996175670092185e-05	-0.007502923654200133
-0.0007219658207378021	-0.0018148228268375366	0.0033037197949536967	0.0003777279730634575	0.013265899130304959	-0.012687230404899719	-6.882262344465317e-05	-0.007877380051545035
0.0007758597686418067	-0.0022516886237400335	0.003054082196723318	0.000689774970850765	0.015075771717471653	-0.012500002206226934	0.0001808149747850596	-0.010373756033844161
-0.0005971470216223906	-0.0029381920188722432	0.00236757880159133	0.0003777279730634575	0.0171976913024261	-0.013748190197377275	-0.000131232023002692	-0.011996400422338516
0.0005262221704118719	-0.003936742411791538	0.001743484806016049	0.0003777279730634575	0.023438631258175358	-0.014996378188526505	0.0003680431734573997	-0.013993501208178438
-0.00040991882295049464	-0.004810474005596754	0.0018058942055736438	0.0003777279730634575	0.029305114816579048	-0.02036358655047099	-6.882262344465317e-05	-0.018299749777645813
0.0005262221704118719	-0.006433118394091553	0.0012442096095564015	0.0005025467721782029	0.03816724955374262	-0.025918023111087374	0.0003680431734573997	-0.022730817146227045
0.0005886315699694666	-0.010676957564000666	0.0013690284086713689	0.0005649561717362417	0.04965057907232051	-0.033095104060198555	-6.4132238879466286e-06	-0.0295334416979931
-0.00040991882295049464	-0.01192514555515034	0.0024923976007060755	0.0008145937699663985	0.06456642556656012	-0.04526493697390843	0.0004304525730145503	-0.037147388444007
0.0005262221704118719	-0.01236201135205306	0.0036157667927412263	0.0005649561717362417	0.07317892270549331	-0.05400225291195704	5.5996175670092185e-05	-0.042889053203295724
-0.0005971470216223906	-0.011301051559575503	0.006112142775040574	0.0006273655712938364	0.070557727924079	-0.04807335995399575	0.0001808149747850596	-0.03315318687232782
0.0006510409695270614	-0.00967840717108115	0.007672377763977778	0.0005649561717362417	0.05639079422452942	-0.031472459671703756	0.00011840557522724282	-0.024041414536934536
-0.00053473762206524	-0.008055762782585907	0.007859605962650562	0.00044013737262105224	0.030116437010826447	-0.00426196146463842	-6.882262344465317e-05	-0.01961034716835286
0.0005262221704118719	-0.006308299594976363	0.006861055569730601	0.00044013737262105224	0.033424135187373416	-0.004698827261541361	5.5996175670092185e-05	-0.02067130696082975
-0.00053473762206524	-0.0073068499878963244	0.010668028942737218	0.0006273655712938364	0.04166217592896215	-0.00888025703189288	0.00011840557522724282	-0.025788877724543635
-0.0006595564211799854	-0.014234293338778015	0.011416941737427244	0.00025290917394826806	0.054518512237804906	-0.00644629044915046	-6.882262344465317e-05	-0.034588603062149836
0.0006510409695270614	-0.021536193087003497	0.009482250351144916	0.0003777279730634575	0.06955917753115903	0.011340388424733616	-6.4132238879466286e-06	-0.04551024798471004
-0.0006595564211799854	-0.029462186830804704	0.004926364183448051	6.568097527637207e-05	0.07829649346920764	0.04628965217692671	-0.00025605082211743735	-0.05412274512364368
0.0007758597686418067	-0.03682649597858845	5.843101796410011e-05	0.0003153185735058628	0.07954468146035731	0.09390802403929022	-0.000131232023002692	-0.06236078586523197
-0.0005971470216223906	-0.034954213991863714	-0.0012521663727427246	6.568097527637207e-05	0.09352438696123455	0.06551174724063347	-0.0001936414225602867	-0.07652771956478222
0.0005886315699694666	-0.03732577117504832	-0.002874810761237523	0.0003777279730634575	0.14950561836430176	0.021013845356143923	0.00011840557522724282	-0.08632599529530771
-0.0004723282225076453	-0.03838673096752565	-0.002001079167433195	3.271575718777342e-06	0.1374606042497062	-0.001453538484551764	-0.0005056884203473722	-0.08326793471699045
0.0005262221704118719	-0.016481031722847206	0.027893023220604052	6.568097527637207e-05	0.1458234637904101	-0.024981882117724785	-0.0001936414225602867	-0.07515471277451735
0.0004638127708542772	-0.02490630066310784	0.027393748024144182	0.00025290917394826806	0.12585245593201377	-0.019240217358436063	-0.0003184602216750321	-0.061736691869657134
-0.0006595564211799854	-0.010240091767098392	0.015348733909548828	0.00019049977439067334	0.09945327991919606	-0.028102352095599192	-0.0001936414225602867	-0.04332591900019822
0.0008382691681991794	-0.008991903775948273	0.011167304139197753	0.0003777279730634575	0.0918393331731826	-0.026292479508432054	-6.4132238879466286e-06	-0.036211247450644635
-0.0007219658207378021	-0.016418622323289833	0.023649184050694494	0.0001280903748339668	0.056078747226741665	-0.01736793537171133	-0.0003184602216750321	0.022203950535164996
0.0007758597686418067	-0.0015651852286071577	0.030077352205116092	0.00044013737262105224	0.023625859456847698	-0.02105008994560298	-0.0003184602216750321	0.023951413722774317
-0.0007219658207378021	-0.001315547630377445	0.02820507021839136	3.271575718777342e-06	0.012392167536499743	-0.012437592806669784	-0.0003808696212326268	0.02557405811126956
0.0004638127708542772	-0.007743715784798821	0.019467754280342975	0.00019049977439067334	0.015262999916144437	-0.009691579226140057	-0.0003184602216750321	0.02557405811126956
-0.0005971470216223906	-0.010739366963558261	0.009232612752914982	0.0005649561717362417	0.022939356061715044	-0.006134243451363375	5.5996175670092185e-05	0.01515168838516856
-0.0005971470216223906	-0.012486830151168027	0.00698587436884579	0.00025290917394826806	0.03017884641038404	-0.004698827261541361	-6.882262344465317e-05	0.009597251824551956
0.0004638127708542772	-0.018478132508686684	0.005800095777253267	0.0001280903748339668	0.04141253833073222	-0.00026775989295924063	-0.0003808696212326268	-0.006566782660837767
-0.0006595564211799854	-0.02072487089275632	0.0010569814108840614	0.00019049977439067334	0.05439369343868927	-8.053169428690055e-05	-0.0001936414225602867	-0.010873031230304031
0.0005886315699694666	-0.02203546828346359	-0.004497455149732765	0.0003153185735058628	0.06469124436567486	-0.0019528136810116337	-0.00025605082211743735	-0.009063158643137337
-0.0006595564211799854	-0.023096428075941144	-0.006931421732474297	6.568097527637207e-05	0.0764866208820405	-0.004324370864196014	-0.0006305072194625616	-0.002073305892698496
0.00033899397173953183	-0.025280757060452963	-0.007118649931147081	-5.913782383859534e-05	0.0968320851377813	-0.0045115990628687985	-6.4132238879466286e-06	0.006851238244022229
-0.0003475094233928999	-0.029462186830804704	-0.007056240531589486	-0.0001839566229537848	0.08790754100106102	-0.0074448408420704215	-0.000755326018577529	0.02226635993472237
0.00040140337129757064	-0.029462186830804704	-0.01741620085813267	0.00019049977439067334	0.076923486678943	-0.008630619433662945	-0.0001936414225602867	0.03949135421258898
0.0004638127708542772	-0.025904851056028022	-0.022221724624059025	-0.0002463660225113795	0.06668834515151412	-0.00900507583100807	-0.0006929166190201563	0.05983681846832978
-0.0007219658207378021	-0.022097877683021183	-0.02066148963512182	-5.913782383859534e-05	0.05695247882054644	-0.006508699848708055	-0.00044327902078977743	0.047417347956389966
0.0007134503690846561	-0.019102226504261965	-0.02047426143644948	0.00025290917394826806	0.04628047149621617	-0.00519810245800123	-0.00025605082211743735	0.04829107955019474
-0.0007219658207378021	-0.012861286548513151	-0.01747861025768982	-0.00012154722339641211	0.038229658953300216	-0.007632069040742984	-0.0003808696212326268	0.01952034635419264
0.0005262221704118719	-0.00942876957285077	-0.011050442103268665	6.568097527637207e-05	0.029367524216136864	-0.005947015252690591	-6.882262344465317e-05	0.013965909793576259
-0.0004723282225076453	-0.006183480795861618	-0.007680334527164323	0.0003153185735058628	0.01176807354092535	-0.003575458069506432	-6.4132238879466286e-06	0.011531943210834283
0.0007134503690846561	-0.003936742411791538	-0.004497455149732765	0.00019049977439067334	0.007961100167918067	-0.003325820471276497	-0.0001936414225602867	0.009722070623666701
-0.0007219658207378021	-0.0026261450210842696	-0.0023755355647774312	0.0005025467721782029	0.005714361783848876	-0.0020152230805692284	-6.4132238879466286e-06	0.00903556722853427
-0.0003475094233928999	-0.0016275946281651965	-0.002687582562565405	0.0005649561717362417	0.006026408781635739	-0.000829444488976927	0.00024322437434265431	0.009347614226322243
0.0004638127708542772	-0.001502775829050007	-0.005183958544864753	0.0001280903748339668	0.006088818181193334	-0.0017031760827816989	-0.0003808696212326268	0.009410023625879838
-0.0006595564211799854	-0.002126869824624844	-0.004996730346192413	0.00019049977439067334	0.0057767711834062485	-0.0010166726876497112	-6.4132238879466286e-06	0.01171917140950618
0.0005262221704118719	-0.001315547630377445	-0.004996730346192413	0.0003153185735058628	0.005277495986946157	-0.0015159478841093588	-0.00025605082211743735	0.014340366190921161
-0.00040991882295049464	-0.0003794066370146343	-0.004747092747962256	0.0005025467721782029	0.007524234371015792	-0.0009542632880921165	-6.882262344465317e-05	0.014527594389593501
0.0005886315699694666	-0.00069145363480283	-0.0048719115470774454	0.0003777279730634575	0.007898690768360916	-0.0013287196854367966	-6.882262344465317e-05	0.015650963581628652
-0.0007843752202949528	0.00024468735855975865	-0.005558414942209877	0.0005649561717362417	0.006338455779423713	-0.0013911290849943914	5.5996175670092185e-05	0.01608782937853026
0.0007758597686418067	0.0015552847492668054	-0.007430696928934388	-0.0001839566229537848	0.004216536194469045	-0.0019528136810116337	-0.0005056884203473722	0.015838191780300992
0.0007134503690846561	0.0019921505461693023	-0.005496005542651838	0.00044013737262105224	0.004029307995796039	-0.0015159478841093588	-6.4132238879466286e-06	0.016524695175433424
-0.0004723282225076453	0.0018049223474971843	-0.004185408151945014	0.0005649561717362417	0.004029307995796039	-0.0010790820872064177	0.00011840557522724282	0.016774332773663136
0.0007134503690846561	0.00143046595015206	-0.0038109517545998894	0.0005025467721782029	0.0037172609980093974	-0.0009542632880921165	0.00011840557522724282	0.015650963581628652
-0.0007843752202949528	0.0010560095528069358	-0.003935770553714635	3.271575718777342e-06	0.0030307576028769656	-0.0015159478841093588	-0.0003184602216750321	0.015214097784725933
0.0007134503690846561	0.00124323775147972	-0.0025627637634502154	0.0005649561717362417	0.002968348203318927	-0.0015159478841093588	0.0001808149747850596	0.014964460186495776
-0.0004723282225076453	0.0013680565505944653	-0.0010649381740703845	0.00044013737262105224	-0.0005265781719001605	-0.0022024512792417905	-0.0003184602216750321	0.013653862795788951
0.0004638127708542772	0.0014928753497092107	-0.0005032535780535863	0.00019049977439067334	-0.002710907156412201	-0.0019528136810116337	-6.882262344465317e-05	0.013029768800213448
-0.0006595564211799854	0.002678653941301734	0.000308068616194479	0.0005649561717362417	-0.005207283138711771	-0.0019528136810116337	-6.882262344465317e-05	0.012218446605966271
-0.0004723282225076453	0.0036147949346645447	0.000682525013538493	0.0006273655712938364	-0.006393061730304295	-0.0010166726876497112	0.0003680431734573997	0.010970258614817041
0.0006510409695270614	0.003115519738204453	0.00018324981707884547	0.00044013737262105224	-0.0077036591210115635	-0.0008918538885345217	-6.4132238879466286e-06	0.00784978863694219
-0.0006595564211799854	0.0026162445417443614	0.0006201156139817865	0.0003777279730634575	-0.007391612123224256	-0.00014294109384449527	-6.882262344465317e-05	0.005228593855527874
0.0006510409695270614	0.0016176941488248442	0.0019307130046888332	0.0005649561717362417	-0.0063306523307467	0.00010669650438543954	-6.4132238879466286e-06	0.0011719828842911006
-0.0006595564211799854	0.0003070967581173534	0.0027420351989360103	0.0003153185735058628	-0.005082464339597026	0.00016910590394281222	-0.000131232023002692	-0.000575480303318443
0.0005262221704118719	-0.0006290442352452352	0.002804444598493605	0.0003777279730634575	-0.0018371755626074293	0.00029392470305800167	5.5996175670092185e-05	-0.000825117901549044
-0.0004723282225076453	-0.0009410912330323207	0.0033661291945108474	0.0005025467721782029	-0.0009010345692455068	4.4287104827844814e-05	5.5996175670092185e-05	-0.001449211897123437
0.0006510409695270614	-0.0016900040277223471	0.003865404390970939	0.0003777279730634575	0.0002223346227896439	0.00016910590394281222	-6.4132238879466286e-06	-0.0018860776940257118
0.00033899397173953183	-0.0025013262219699683	0.0031789009958385073	0.00025290917394826806	0.0007840192188068862	-8.053169428690055e-05	-0.00044327902078977743	-0.00332149388384817
-0.0004723282225076453	-0.0026261450210842696	0.0033037197949536967	0.0006273655712938364	0.002718710605089436	0.0009804280981902114	0.00030563377389980495	-0.0033839032834057647
0.0005262221704118719	-0.0034998766148894855	0.001743484806016049	0.0003153185735058628	0.003155576401991267	0.0005435623012879365	-0.0001936414225602867	-0.005006547671900119
-0.0006595564211799854	-0.0037495142131196424	0.0010569814108840614	0.0003153185735058628	0.005090267788273817	0.0012300656964199241	-6.882262344465317e-05	-0.006691601459952068
0.0005886315699694666	-0.004311198809137107	0.00018324981707884547	0.0005025467721782029	0.00677532157632621	0.0014172938950927083	0.0001808149747850596	-0.0070036484577400415
-0.00053473762206524	-0.004685655206482009	-0.00012879718070823998	0.0005025467721782029	0.011955301739597246	0.001666931493322421	5.5996175670092185e-05	-0.007378104855084944
0.0007758597686418067	-0.0049977022042695385	-0.0010025287745130118	0.0003153185735058628	0.014451677721897038	0.001479703294650303	-0.000131232023002692	-0.006504373261280172
-0.0006595564211799854	-0.005060111603826689	-0.0014393945714155088	0.000689774970850765	0.016448778507736517	0.0014172938950927083	0.00024322437434265431	-0.005443413468802616
-0.0005971470216223906	-0.00474806460603916	-0.0020634885669903458	0.0003153185735058628	0.01732251010154129	0.0007931998995178713	-6.882262344465317e-05	-0.004632091274554995
0.0004638127708542772	-0.0045608364073668195	-0.00262517316300781	0.00025290917394826806	0.01782178529800138	0.00029392470305800167	-0.0003184602216750321	-0.0038207690803080396
-0.0002851000238353052	-0.003999151811350021	-0.0021883073661055352	0.0008145937699663985	0.01944442968649618	0.0010428374977480281	0.0004304525730145503	-0.002073305892698496
0.0002765845721823812	-0.004872883405154349	-0.0036237235559275494	6.568097527637207e-05	0.018757926291363747	-0.00020535049340209	-0.0005056884203473722	-0.0010747554997785347
-0.00053473762206524	-0.004311198809137107	-0.003436495357254765	0.0003153185735058628	0.01950683908605333	0.00041874350217274703	-0.000131232023002692	-0.00038825210464610294
0.0005262221704118719	-0.004373608208694257	-0.0037485423550422947	0.00044013737262105224	0.01882033569092134	0.0006059717008455312	0.00030563377389980495	0.0008599358865037932
-0.00053473762206524	-0.0038743330122343878	-0.0031868577590254965	0.0003153185735058628	0.016760825505524046	-0.00020535049340209	-0.0001936414225602867	0.0018584862794230883
0.0005262221704118719	-0.003437467215332335	-0.0025627637634502154	0.0001280903748339668	0.014701315320126529	-0.0007046256898621817	-0.0003184602216750321	0.003169083670130579
0.0009006785677574403	-0.001502775829050007	-0.0012521663727427246	0.0008145937699663985	0.01339071792941926	-0.0007670350894193323	0.00030563377389980495	0.00516618445597028
-0.0005971470216223906	-0.001315547630377445	-0.0008153005758406717	0.0003777279730634575	0.011705664141367755	-0.0012663102858789799	-6.4132238879466286e-06	0.006164734848890241
0.0005262221704118719	-0.0011907288312622555	-0.0006280723771683316	0.00025290917394826806	0.010457476150217637	-0.0017031760827816989	-0.0001936414225602867	0.006414372447120176
-0.0005971470216223906	-0.0006290442352452352	-3.978381593494618e-06	0.0003777279730634575	0.010145429152430108	-0.001453538484551764	-6.4132238879466286e-06	0.00735051344048232
0.0007758597686418067	-0.00069145363480283	0.000495296814866597	0.0006273655712938364	0.009708563355527833	-0.001453538484551764	-0.0003808696212326268	0.006664010045350333
-0.0008467846198529916	-0.001065910032147066	5.843101796410011e-05	6.568097527637207e-05	0.007898690768360916	-0.0013911290849943914	-0.000131232023002692	0.006539191246234699
0.0005886315699694666	-0.00069145363480283	0.00012084041752169483	0.0006273655712938364	0.007274596772785635	-0.000829444488976927	0.00024322437434265431	0.007038466442694569
-0.00040991882295049464	-0.00031699723745792774	-0.0006280723771683316	0.0003153185735058628	0.005714361783848876	-0.0013287196854367966	-0.0001936414225602867	0.0060399160497750515
-0.0006595564211799854	-0.000254587837900333	-0.0008153005758406717	0.00019049977439067334	0.005339905386503752	-0.0010790820872064177	-6.882262344465317e-05	0.005915097250659862
0.0005262221704118719	-0.0001921784383427383	-0.0010649381740703845	0.00044013737262105224	0.00484063019004366	-0.0010790820872064177	-0.0001936414225602867	0.005478231453757365
-0.00040991882295049464	0.00011986855944479125	-0.0005656629776102928	0.0006273655712938364	0.005090267788273817	-0.00033016929251727944	0.0003680431734573997	0.005790278451545561
0.00033899397173953183	-0.0004418160365726731	-0.0013145757723007634	6.568097527637207e-05	0.0038420797971236986	-0.0011414914867644566	-0.0003184602216750321	0.004729318659067783
-0.0005971470216223906	-6.735963922754884e-05	-0.0010025287745130118	0.0003777279730634575	0.003779670397566104	-0.0004549880916320248	0.0001808149747850596	0.004417271661280697
0.0007134503690846561	-6.735963922754884e-05	-0.0006904817767254823	0.0005649561717362417	0.0025938918059742466	-0.0005798068907465481	-0.00025605082211743735	0.003793177665705416
-0.0009091940194096981	-0.0005042254361300458	-0.001189756973185574	0.00044013737262105224	0.002531482406416874	-0.0004549880916320248	-6.882262344465317e-05	0.0030442648710153897
0.0006510409695270614	-0.0005666348356871964	-0.0010649381740703845	0.0003777279730634575	0.002469073006858835	-0.00014294109384449527	-6.882262344465317e-05	0.0027322178732283042
0.0007758597686418067	-0.0007538630343599806	-0.0008153005758406717	0.000689774970850765	0.0025938918059742466	0.00029392470305800167	0.0003680431734573997	0.0020457144780958725
-0.0006595564211799854	-0.0010035006325899154	-0.001189756973185574	0.00025290917394826806	0.0020322072099570043	0.00016910590394281222	-0.0001936414225602867	0.0012343922838486954
0.0005262221704118719	-0.001065910032147066	-0.001189756973185574	0.00044013737262105224	0.0017825696117266254	0.00023151530350040694	-0.000131232023002692	0.0006102982882734143
-0.00053473762206524	-0.0007538630343599806	-0.000752891176283077	0.0005649561717362417	0.0019697978103989655	0.0006683811004022377	0.0001808149747850596	-0.00013861450641616813
0.0002765845721823812	-0.0012531382308198502	-0.0012521663727427246	0.0001280903748339668	0.001033656817037265	-8.053169428690055e-05	0.00011840557522724282	0.00023584189092895613
-0.00053473762206524	-0.0005666348356871964	-0.0006280723771683316	0.0005025467721782029	0.001470522613939762	0.00029392470305800167	5.5996175670092185e-05	4.861369225617196e-05
0.0006510409695270614	-0.0005666348356871964	-0.0005656629776102928	0.0005649561717362417	0.0021570260090717497	0.0005435623012879365	0.00030563377389980495	0.00036066069004392354
-0.0004723282225076453	-0.0005042254361300458	-0.0005032535780535863	0.00019049977439067334	0.0017201602121692527	-0.00033016929251727944	-0.0003808696212326268	-0.00038825210464610294
-0.0006595564211799854	-0.00069145363480283	-0.00012879718070823998	0.0003153185735058628	0.0024066636073016845	0.00010669650438543954	-0.000131232023002692	4.861369225617196e-05
0.0007134503690846561	-0.0006290442352452352	0.00037047801575118555	0.0005025467721782029	0.0027811200046465867	0.00023151530350040694	0.00011840557522724282	-1.3795707301422766e-05
-0.0008467846198529916	-0.0010035006325899154	5.843101796410011e-05	-0.00030877542206897424	0.0026563012055318413	-1.812229472974991e-05	-0.0003808696212326268	-0.0002634333055313576
0.0006510409695270614	-0.0005042254361300458	0.0006201156139817865	-0.0028051514043685444	0.0032803952011064563	0.00016910590394281222	-6.4132238879466286e-06	0.0014216204825214795
-0.0004723282225076453	0.0005567343563472882	0.001556256607344153	-0.013102702331354132	0.0045285831922565745	0.0013548844955351136	0.00011840557522724282	0.004417271661280697
0.0007134503690846561	0.0036147949346645447	0.005113592382120391	-0.062156490383539875	0.016760825505524046	0.010591475630043146	0.0004304525730145503	0.011781580809064218
-0.0005971470216223906	0.010854285283332876	0.012914767326806409	-0.036006951968952094	0.00683773097588336	0.002353434888455075	0.00011840557522724282	0.0034811306679183307
0.0006510409695270614	0.0023666069435139825	0.0020555318038040227	-0.009482957157019634	0.005215086587389006	0.0009180186986326166	0.00024322437434265431	0.0022329426767686567
0.0005886315699694666	0.00018227795900216393	0.0012442096095564015	-0.006674534176932534	0.004590992591814169	0.00016910590394281222	-0.000131232023002692	0.0016088486811933755
-0.0007219658207378021	0.00011986855944479125	0.0011193908104416561	-0.005239117987110076	0.0047158113909289145	0.00016910590394281222	-0.000131232023002692	0.0017960768798659377
0.0005886315699694666	0.0003070967581173534	0.0011193908104416561	-0.003866111196845212	0.00465340199137132	0.00016910590394281222	-6.882262344465317e-05	0.0019833050785382778
-0.00040991882295049464	0.00043191555723209873	0.0013066190091139962	-0.003054789002598035	0.005090267788273817	0.00048115290173034175	0.00030563377389980495	0.0016088486811933755
0.0004638127708542772	-6.735963922754884e-05	0.000495296814866597	-0.0029299702034832897	0.004466173792698536	-8.053169428690055e-05	5.5996175670092185e-05	0.002108123877653467
-0.0004723282225076453	0.00018227795900216393	0.0007449344130969759	-0.002430695007023198	0.0047158113909289145	0.00016910590394281222	-6.882262344465317e-05	0.0018584862794230883
0.0005886315699694666	-4.950239669954115e-06	0.000308068616194479	-0.0018690104110061778	0.005090267788273817	0.0005435623012879365	0.00024322437434265431	0.002108123877653467
-0.00040991882295049464	0.00018227795900216393	-6.638778115064525e-05	-0.0021186480092361126	0.004216536194469045	-0.00026775989295924063	-0.00044327902078977743	0.001296801683405846
-0.00040991882295049464	0.0003070967581173534	0.00043288741530922437	-0.0013073258149889355	0.004903039589601255	0.0007307904999607207	0.00024322437434265431	0.0024201708754409967
0.0007134503690846561	-4.950239669954115e-06	0.00012084041752169483	-0.0013073258149889355	0.004466173792698536	0.0003563341026151523	0.00011840557522724282	0.0018584862794230883
