Sensor_1	Sensor_2	Sensor_3	Sensor_4	Sensor_5	Sensor_6	Sensor_7	Sensor_8
0.0004152815060656234	0.00011350085450523295	-2.3138284885870775e-05	0.0003143374227512208	0.00011892735179674929	-1.390169375126149e-05	0.00034007505912914127	-0.0003993015793084531
0.001101784901197611	0.0002383196536199783	-0.00014795708400083818	0.00043915622186641023	0.0004933837491416515	0.00011091710536348387	0.0006521220569162267	0.00034961121538157336
-8.39936903942462e-05	-0.00026095554284011335	-0.0005848228809031131	-0.00018493777370887088	-0.00019311964599033615	-0.0005131768902111311	0.00015284686045613505	-0.0005865297779803491
0.000914556702525271	0.0004255478522927625	-8.554768444324345e-05	0.0005639750209811556	0.000618202548256841	0.00011091710536348387	0.0007145314564733773	0.0005368394140539134
-0.00020881248950987974	-7.372734416755122e-05	-0.0005224134813459624	-6.011897459368143e-05	-6.83008468751467e-05	-0.0004507674906535364	9.043746089898441e-05	-0.0003993015793084531
0.0006649191042957803	0.00017591025406282768	-0.0005224134813459624	0.00018951862363669747	0.0003061555504690894	-0.00038835809109594166	0.00027766565957110245	0.0004744300144963187
4.082510872049916e-05	-7.372734416755122e-05	-0.0006472322804607078	-0.00012252837415127615	-0.00013071024643274143	-0.0006379956893265426	-3.438133821620504e-05	-0.0003993015793084531
0.0005401003051808129	0.00017591025406282768	-0.0005848228809031131	0.0003767468223088155	0.0003685649500271282	-0.00038835809109594166	0.00034007505912914127	0.0004744300144963187
-0.0005208594872971872	-0.00026095554284011335	-0.0009592792782484594	-0.0002473471732655774	-0.00031793844510530356	-0.0008876332875560333	-0.0003464283360032905	-0.0003993015793084531
-2.1584290837095566e-05	-7.372734416755122e-05	-0.00102168867780561	2.2904249639132956e-06	-5.891447317551979e-06	-0.0005755862897689479	-9.679073777379976e-05	0.00034961121538157336
-0.0004584500877391484	-1.1317944609734454e-05	-0.0010840980773632047	-0.00018493777370887088	-0.00025552904554770883	-0.0008876332875560333	-0.00028401893644613985	-0.00027448278019370775
0.0004776909056229961	0.0005503666514079519	-0.0007720510795756752	0.0005639750209811556	0.0004309743495842788	-0.00020112989242404566	0.00027766565957110245	0.0008488864118412209
-0.000333631288624181	-0.0001361367437249239	-0.0010840980773632047	-0.00012252837415127615	-0.00031793844510530356	-0.0008252238879988827	-0.0003464283360032905	-0.0003993015793084531
0.0004152815060656234	0.0004255478522927625	-0.0010840980773632047	0.00043915622186641023	0.0003061555504690894	-0.0005131768902111311	0.00021525626001372977	0.0007240676127264756
-8.39936903942462e-05	0.0002383196536199783	-0.0012089168764783942	0.00012710922407910275	-0.00013071024643274143	-0.000762814488441288	-0.0002216095368889892	-8.725458152070154e-05
0.0004776909056229961	0.00017591025406282768	-0.0013961450751502902	0.0003143374227512208	0.00024374615091193874	-0.000762814488441288	9.043746089898441e-05	0.0005992488136115082
-0.000333631288624181	-7.372734416755122e-05	-0.0017081920729382638	-6.011897459368143e-05	-0.0004427572442200489	-0.0010748614862283734	-0.00047124713511847993	-0.0003368921797513025
-0.002018685076676574	-1.1317944609734454e-05	-0.0027691518654151537	-0.00030975657282361624	-0.0005051666437776436	-0.0016365460822460598	-0.0010329317311361663	0.0005992488136115082
-0.008322034431982761	-0.0008850495384145063	-0.005702393644617665	-0.0019324009613181925	-0.0024398580300599715	-0.003696056267643133	-0.0037789453116656713	-0.00014966398107829626
-0.008009987434195454	-0.0010098683375292516	-0.006451306439307247	-0.0019948103608757872	-0.002502267429617122	-0.004070512664988035	-0.004028582909895384	0.0004744300144963187
-0.008009987434195454	-0.000947458937972101	-0.006451306439307247	-0.002057219760433382	-0.002564676829174717	-0.004195331464103225	-0.0041534017090105735	-0.00021207338063611303
-0.008009987434195454	-0.000760230739299983	-0.007200219233997274	-0.0019948103608757872	-0.002564676829174717	-0.004444969062332937	-0.004403039307240508	0.0006616582131688808
-0.008072396833753048	-0.0011346871366448852	-0.0074498568322272085	-0.0021196291599909767	-0.002751905027847279	-0.004382559662775565	-0.004465448706797659	-8.725458152070154e-05
-0.0061377054474707204	-0.000760230739299983	-0.007137809834439235	-0.0016827633630884797	-0.0022526298313871873	-0.0037584656672005057	-0.0037789453116656713	0.0006616582131688808
-0.004951926855878197	-0.0006354119401843494	-0.006825762836651927	-0.0015579445639732903	-0.0021902204318300367	-0.003508828068971237	-0.0033420795147629523	-8.725458152070154e-05
-0.002205913275349136	-0.0003233649423968199	-0.006139259441519496	-0.0008714411688408585	-0.0012540794384676701	-0.0029471434729533286	-0.002343529121842991	0.0004744300144963187
-0.0017690474784466392	-0.000760230739299983	-0.006326487640192058	-0.001183488166628388	-0.001690945235370389	-0.003259190470740858	-0.002343529121842991	-0.0005865297779803491
-2.1584290837095566e-05	-1.1317944609734454e-05	-0.0062016688410775345	-0.00030975657282361624	-0.0008172136415656173	-0.0023854588769360863	-0.0013449787289234738	0.0004120206149391681
-0.000957725284199018	-0.0006978213397419442	-0.007262628633554868	-0.000996259967956048	-0.0015661264362551996	-0.0031343716716256687	-0.0020314821240556835	-0.0005865297779803491
0.00010323450827809388	-1.1317944609734454e-05	-0.007824313229571667	-0.00043457537193813955	-0.001066851239795108	-0.0030095528725111453	-0.0015946163271538527	0.0004744300144963187
0.0018506976958876376	-7.372734416755122e-05	-0.008261179026474386	-0.00018493777370887088	-0.0010044418402375133	-0.0023854588769360863	-0.0010329317311361663	-0.0006489391775383879
0.005782489868009222	0.0006127760509646585	-0.008261179026474386	0.0008136126192110904	0.00011892735179674929	-0.0014493178835737197	0.0006521220569162267	0.0002247924162663839
0.005720080468452071	0.00036313845273516776	-0.01019587041275627	0.00018951862363669747	-0.0005675760433352384	-0.0027599152742807664	-9.679073777379976e-05	-0.0007113485770955386
0.006905859060044595	0.0008000042496376647	-0.01194333360036648	0.00112565961699862	5.6517952240042746e-05	-0.0018861836804759946	0.0004024844586862919	0.00028720181582397863
0.007342724856946425	0.0009872324483100048	-0.014626937781338167	0.0011880690165559926	-0.00019311964599033615	-0.002011002479591184	0.0005273032578014814	-0.00046171097886604784
0.007904409452964556	0.0011120512474251942	-0.018371501754787634	0.00112565961699862	-0.0005051666437776436	-0.0025102776760512757	0.00015284686045613505	0.0002247924162663839
0.005158395872434607	0.00073759485008007	-0.023426663118943925	-0.00018493777370887088	-0.001503717036697605	-0.005880385252155174	-0.002156300923170651	-0.00046171097886604784
0.004534301876860214	0.0006751854505226973	-0.026796770695048266	0.0003767468223088155	-0.0013164888380248208	-0.004569787861448127	-0.00278039491874571	0.00034961121538157336
0.003660570283054998	0.0005503666514079519	-0.029230737277790464	0.00018951862363669747	-0.0016285358358123503	-0.006067613450827736	-0.003217260715648207	-0.0005241203784236426
0.000914556702525271	0.0004255478522927625	-0.034036261043717264	-0.0002473471732655774	-0.0024398580300599715	-0.0031967810711832634	-0.004278220508125763	0.00028720181582397863
0.0004776909056229961	-0.00019854614328207454	-0.03715673102159167	-0.001620353963530885	-0.0028767238269624684	-0.0011996802853435629	-0.005713636697947333	-0.0006489391775383879
0.000914556702525271	0.00011350085450523295	-0.03528444903486694	-0.0010586693675131986	-0.0020029922331576966	-0.0012620896849011576	-0.005526408499274993	0.0002247924162663839
0.0001656439078356886	-0.0001361367437249239	-0.034597945639734284	-0.0006218035706109237	-0.002127811032272442	-0.00013872049286645094	-0.00527677090104528	-0.0005865297779803491
-0.00014640308995139684	0.00011350085450523295	-0.03478517383840707	-0.0004969847714961784	-0.0022526298313871873	0.0029817494850079562	-0.004403039307240508	0.00034961121538157336
-0.0008329064850842727	5.109145494786027e-05	-0.03278807305256737	-0.0017451727626456304	-0.0028143144274048737	0.0028569306858927668	-0.0037789453116656713	-0.00046171097886604784
-0.00014640308995139684	-1.1317944609734454e-05	-0.028606643282215627	-0.0014331257648581008	-0.002502267429617122	0.003917890478370323	-0.003154851316090612	0.00016238301670878919
-0.0005832688868538938	-0.00019854614328207454	-0.02486207930876616	-0.0014955351644161397	-0.0019405828336001019	0.00435475627527282	-0.003217260715648207	-0.0005865297779803491
-0.0004584500877391484	0.00011350085450523295	-0.022303293926909218	-0.0008090317692832638	-0.0011916700389105195	0.002232836690318374	-0.0022187103227282456	0.0002247924162663839
-0.0017066380788890445	-7.372734416755122e-05	-0.019307642748149778	-0.0010586693675131986	-0.0018781734340427292	0.002232836690318374	-0.0020314821240556835	-0.0005241203784236426
0.0004152815060656234	0.00011350085450523295	-0.01681126676585043	-0.0010586693675131986	-0.0006299854428928331	0.002232836690318374	-0.0007832941329057874	0.00034961121538157336
-0.0005208594872971872	-1.1317944609734454e-05	-0.013441159189745866	-0.0009338505683980092	-0.0010044418402375133	0.0014839238956283474	-0.0005960659342336694	-0.0003368921797513025
0.0007897379034100815	0.00036313845273516776	-0.010258279812313864	-0.00018493777370887088	-5.891447317551979e-06	0.0012966956969560073	0.001026578454261351	0.0006616582131688808
-0.0013321816815443643	0.0002383196536199783	-0.011007192607003669	0.00018951862363669747	-0.0007548042420075785	0.0036058434805832373	0.0019003100480661228	-0.00014966398107829626
-2.1584290837095566e-05	0.00030072905317757304	-0.00950936701762406	-0.0006218035706109237	-0.0004427572442200489	0.0017335614938582822	0.002274766445411025	0.0006616582131688808
0.0004152815060656234	0.00017591025406282768	-0.008698044823376883	-0.0008714411688408585	-0.0006299854428928331	0.000922239299610661	0.0015882630502781492	-0.00021207338063611303
0.00029046270695043397	0.0006751854505226973	-0.008947682421606373	0.0003767468223088155	-0.00013071024643274143	0.0019207896925308443	0.001837900648508528	0.0007864770122840703
-0.0004584500877391484	-7.372734416755122e-05	-0.01000864221408393	-0.0009338505683980092	-0.0006923948424504278	4.8507705805889145e-05	0.000589712657358632	-0.00014966398107829626
-0.0017066380788890445	-7.372734416755122e-05	-0.010071051613641524	-0.00043457537193813955	-0.0004427572442200489	-0.0017613648813608052	-0.00028401893644613985	0.0006616582131688808
-0.007885168635080264	-0.0011970965362020358	-0.01200574299992363	-0.0019324009613181925	-0.0021902204318300367	-0.004632197261005722	-0.0033420795147629523	-0.00046171097886604784
-0.0069490276417178976	-0.0006354119401843494	-0.010570326810101394	-0.0013083069657433555	-0.0017533546349275397	-0.003508828068971237	-0.00278039491874571	0.0005992488136115082
-0.008384443831540356	-0.0015091435339891213	-0.011069602006561263	-0.0024940855573352128	-0.0032511802243071486	-0.0031343716716256687	-0.0035293077134352924	-0.0005865297779803491
-0.008134806233310199	-0.0011970965362020358	-0.010507917410543799	-0.0028061325551231864	-0.002939133226520063	-0.0016365460822460598	-0.003404488914320547	0.0002247924162663839
-0.008571672030212696	-0.0014467341344319706	-0.009634185816739249	-0.0031805889524680886	-0.0035008178225373054	-0.0008252238879988827	-0.0035293077134352924	-0.0005241203784236426
-0.006886618242160303	-0.0011970965362020358	-0.008822863622491628	-0.0024940855573352128	-0.0028143144274048737	-7.631109330885621e-05	-0.0027179855191881153	9.997361715163855e-05
-0.005388792652781138	-0.0010722777370872905	-0.008635635423819066	-0.0023692667582209115	-0.002502267429617122	-0.0003259486915392351	-0.0024683479209581805	-0.0005865297779803491
-0.002268322674906731	-0.0008226401388569116	-0.008385997825589575	-0.0015579445639732903	-0.0016285358358123503	4.8507705805889145e-05	-0.0014697975280382192	-2.48451819635509e-05
-0.0021435038757910974	-0.0008850495384145063	-0.008698044823376883	-0.0013083069657433555	-0.001690945235370389	-0.00013872049286645094	-0.0015946163271538527	-0.0007737579766531333
4.082510872049916e-05	-0.0001361367437249239	-0.008073950827802046	-0.0003721659723809889	-0.0003803478446631203	-0.0004507674906535364	-0.0008457035324633821	0.0004120206149391681
0.0004152815060656234	-0.0003233649423968199	-0.007761903830014294	-0.0005593941710537731	-0.0005051666437776436	-0.0017613648813608052	-0.0011577505302504676	-0.0003368921797513025
0.0011641943007556499	-7.372734416755122e-05	-0.007387447432669614	0.00012710922407910275	-6.83008468751467e-05	-0.0013244990844587523	-0.0005960659342336694	0.0004120206149391681
0.0031612950865949063	5.109145494786027e-05	-0.005515165445944881	0.00043915622186641023	0.00011892735179674929	-0.00013872049286645094	0.0004024844586862919	-0.00046171097886604784
0.007280315457389275	0.0010496418478671554	-0.0025819236667432577	0.0018121630121310517	0.0017415717402919917	0.0022952460898759686	0.0026492228427559272	0.0005992488136115082
0.006344174464026908	0.0005503666514079519	-0.001645782673380447	0.0010632502174410252	0.0011798871442743053	0.0025448836881052372	0.0025868134431983325	-0.0003993015793084531
0.008029228252078857	0.0009872324483100048	0.00022649931334406403	0.0016249348134582675	0.0018039811398491423	0.0037930716792555774	0.0036477732356758885	0.00028720181582397863
0.008778141046769328	0.0008624136491952594	0.0018491437018384183	0.0016249348134582675	0.002053618738079077	0.003855481078812728	0.0042718672312507255	-0.0006489391775383879
0.008778141046769328	0.0012992794460970902	0.0029101034943159743	0.0023114382085911434	0.002740122133211509	0.0044171656748304144	0.004771142427710151	0.0004744300144963187
0.004971167673762045	0.0004879572518503572	0.0018491437018384183	0.0012504784161138094	0.0015543435416196516	0.0031689776836807404	0.003273316838330542	-0.0003368921797513025
0.005532852269779731	0.0012368700465399396	0.0022236000991835425	0.0019369818112462411	0.0022408469367520834	0.003668252880140388	0.0038350014343482286	0.0006616582131688808
0.0035981608834974033	0.0004879572518503572	0.0009130027084767178	0.0007512032196539398	0.0011798871442743053	0.002232836690318374	0.002461994644082921	-0.0003368921797513025
0.0009769661020828657	0.0002383196536199783	-0.0012089168764783942	0.0003767468223088155	0.0005557931486999124	0.0011718768978408178	0.0011513972533763184	0.00034961121538157336
0.0004152815060656234	0.00036313845273516776	-0.0015209638742659237	0.0002519280231938481	0.00024374615091193874	0.0007974205004959156	0.0007769408560309721	-0.00021207338063611303
0.0007897379034100815	5.109145494786027e-05	-0.0020202390707255713	0.00018951862363669747	0.00024374615091193874	-0.0002635392919811963	0.0004648938582438866	0.00028720181582397863
0.0004776909056229961	-1.1317944609734454e-05	-0.001645782673380447	6.469982452150802e-05	-0.00013071024643274143	-0.0014493178835737197	9.043746089898441e-05	-0.00046171097886604784
0.0008521473029676763	0.00017591025406282768	-0.0012089168764783942	0.00043915622186641023	0.0003685649500271282	-0.0016989554818036545	0.00034007505912914127	0.0004120206149391681
0.00010323450827809388	-0.0001361367437249239	-0.0006472322804607078	0.00012710922407910275	-0.00019311964599033615	-0.0018237742809183999	9.043746089898441e-05	-0.0005241203784236426
0.0011641943007556499	0.00030072905317757304	0.0003513181124592535	0.000688793820096345	0.0004933837491416515	-0.0007004050888836932	0.0006521220569162267	0.0004744300144963187
0.00029046270695043397	0.00011350085450523295	0.0005385463111315936	0.00012710922407910275	-5.891447317551979e-06	-0.00020112989242404566	0.00034007505912914127	-0.0003993015793084531
-0.0002712218890665863	-0.00019854614328207454	3.927111467172395e-05	-0.0002473471732655774	-0.00025552904554770883	0.0003605547035936407	0.00021525626001372977	0.0002247924162663839
-0.0007080876859695273	5.109145494786027e-05	0.00022649931334406403	-0.00030975657282361624	-0.0003803478446631203	0.0012342862973984126	0.00021525626001372977	-0.0003368921797513025
-0.00020881248950987974	0.00011350085450523295	-0.00027277588311558354	-0.0002473471732655774	-6.83008468751467e-05	0.0014839238956283474	0.00027766565957110245	0.0004744300144963187
-0.0007080876859695273	0.00011350085450523295	-0.0006472322804607078	-0.00030975657282361624	-0.00013071024643274143	0.0012342862973984126	2.8028061341389687e-05	-0.00014966398107829626
4.082510872049916e-05	-1.1317944609734454e-05	-0.0012713262760355448	-6.011897459368143e-05	-5.891447317551979e-06	0.0006101923018240196	2.8028061341389687e-05	0.0004120206149391681
-0.000333631288624181	-1.1317944609734454e-05	-0.0018954202716103818	-0.00012252837415127615	-0.00031793844510530356	-0.00013872049286645094	-0.00028401893644613985	-0.00021207338063611303
0.0010393755016404604	0.0004879572518503572	-0.0020202390707255713	0.0005015656214235609	0.0004933837491416515	-0.0002635392919811963	0.00021525626001372977	0.0008488864118412209
-8.39936903942462e-05	-0.00044818374151200935	-0.003081198863202683	-0.0002473471732655774	-0.0005675760433352384	-0.0012620896849011576	-0.0006584753337910421	-0.0005241203784236426
0.001101784901197611	0.00036313845273516776	-0.002893970664530343	0.0005639750209811556	0.00024374615091193874	-0.0003259486915392351	0.00027766565957110245	0.0005992488136115082
-0.0006456782864114885	-0.0003233649423968199	-0.0040797492561228665	-0.00043457537193813955	-0.0006923948424504278	-0.0006379956893265426	-0.0005336565346760747	-0.0005241203784236426
-0.0035789200656137776	-0.00026095554284011335	-0.005827212443731966	-0.000996259967956048	-0.0011916700389105195	-0.0011996802853435629	-0.0015946163271538527	0.0005368394140539134
-0.008571672030212696	-0.0011346871366448852	-0.008448407225146726	-0.002431676157777618	-0.0028143144274048737	-0.0025726870756079823	-0.0038413547112226	-0.00021207338063611303
-0.0071986652399482765	-0.000760230739299983	-0.008073950827802046	-0.0019324009613181925	-0.0021902204318300367	-0.002011002479591184	-0.0033420795147629523	0.0007240676127264756
