Sensor_1	Sensor_2	Sensor_3	Sensor_4	Sensor_5	Sensor_6	Sensor_7	Sensor_8
-0.00034262760357051114	0.00044219555962476953	-0.002089550949873953	0.0002048494926374378	-8.663672846531689e-05	-0.005149246654458928	-4.4806828412236044e-05	0.0009485916685740836
-0.005647426565957403	-0.0006187642328527865	-0.004960383329518647	-0.0016050230945297006	-0.0020837375143054615	-0.00876899182879387	-0.0028532298084988916	-4.995872434587767e-05
-0.007145252155337012	-0.0006811736324097151	-0.006770255916685564	-0.0020418888914321975	-0.0025206033112072923	-0.011702233607995494	-0.003851780201418631	0.0008237728694588942
-0.008268621347371718	-0.0010556300297548393	-0.007956034508277865	-0.002353935889219727	-0.003207106706339724	-0.01301283099870254	-0.00447587419699369	-0.00017477752346062303
-0.007582117952239509	-0.0010556300297548393	-0.00889217550164001	-0.002541164087891623	-0.0031446973067821293	-0.015883663378347457	-0.004538283596551063	0.0005741352712291814
-0.008393440146486686	-0.0013676770275419248	-0.009765907095445225	-0.0028532110856795967	-0.00370638190280026	-0.018504858159761328	-0.005287196391241311	-0.0002995963225760345
-0.007082842755779417	-0.0008684018310820552	-0.010015544693674938	-0.0022291170901045376	-0.003082287907225423	-0.020439549546044322	-0.004600692996109101	0.0006989540703441488
-0.005647426565957403	-0.0004939454337371529	-0.009765907095445225	-0.0017922512932020407	-0.0027078315098800765	-0.02143809993896384	-0.00397659900053382	-4.995872434587767e-05
-0.0034630975814453624	-0.00030671723506481285	-0.009453860097657474	-0.0012305666971847984	-0.002208556313420207	-0.024496160517280652	-0.003165276806286643	0.0006989540703441488
-0.002464547188525401	-0.00030671723506481285	-0.009266631898985134	-0.0010433384985124583	-0.002208556313420207	-0.024620979316395397	-0.0024787734111542115	-0.0002371869230184398
-0.0015908155947206293	0.00013014856183746204	-0.00970349769588763	-0.0007937009002820794	-0.0020837375143054615	-0.025744348508430326	-0.001729860616464185	0.0007613634699017435
-0.0009043121995881975	6.773916227964527e-05	-0.010140363492789906	-0.001292976096742171	-0.002395784512092991	-0.029364093682765047	-0.0017922700160217797	-0.00017477752346062303
0.0005935133897918554	0.00025496736095242944	-0.010327591691462246	-0.0007937009002820794	-0.0016468717174025205	-0.03342070465400182	-0.0014178136186770995	0.0007613634699017435
0.00034387579156169856	0.00013014856183746204	-0.01057722928969218	-0.00029442570382198774	-0.0016468717174025205	-0.03473130204470909	-0.0012305854200040933	-0.0001123681239030283
0.0039012115663381586	0.000754242557411855	-0.009516269497214846	0.0008289434882122748	-0.00021145552758050634	-0.033607932852673716	0.0008913341649501305	0.0005741352712291814
0.0072713191424425005	0.0011286989547572013	-0.008455309704737957	0.0013282186846723665	0.0002878196688789192	-0.03186046966506417	0.0021395221560998046	-0.0001123681239030283
0.009081191729609861	0.0013159271534299855	-0.006895074715800309	0.0013282186846723665	0.0010991418631265404	-0.031236375669489336	0.002888434950789387	0.0006365446707865541
0.006959272144655415	0.0012535177538723907	-0.005459658525978295	0.002264359678034733	0.000974323064011795	-0.02561952970931536	0.003262891348134511	-0.00017477752346062303
0.0075209567406731015	0.0018776117494472278	-0.004960383329518647	0.002638816075379413	0.0017232358587018215	-0.01675739497215223	0.00438626054016944	0.0008861822690164889
0.008082641336690122	0.0013159271534299855	-0.004398698733501183	0.0008289434882122748	0.0008495042648970497	-0.018317629961089432	0.003262891348134511	-0.0001123681239030283
0.005711084153505297	0.0012535177538723907	-0.003275329541466254	0.0012658092851147718	0.0008495042648970497	-0.01675739497215223	0.0029508443503474258	0.0006365446707865541
0.0031522987716490203	0.0006918331578551484	-0.0025888261463340445	0.0011409904859995823	0.0001005914702065791	-0.01257596520180071	0.0023891597543301835	-0.0002371869230184398
0.0026530235751889286	0.0006294237582975537	-0.0034001483405812216	0.0003296682917524052	3.818207064987256e-05	-0.011140549011977807	0.001640246959640157	0.0005117258716715867
0.0009679697871365356	0.00019255796139505676	-0.0029632825436787247	-0.00041924450293739923	-0.0008355495231557875	-0.01032922681773063	0.000579287167162601	-0.0002995963225760345
0.0012176073853662484	0.0003797861600671748	-0.001839913351644018	1.7621293965097706e-05	-0.00033627432669547375	-0.009143448226138107	0.00101615296406532	0.0005117258716715867
-0.0008419028000306028	0.00031737676051002417	-0.0019023227512011687	0.0003920776913099999	-0.0005235025253678138	-0.007021528641184327	0.0007041059662773463	-0.0001123681239030283
0.0015296543831537779	0.0006918331578551484	-0.0025888261463340445	1.7621293965097706e-05	3.818207064987256e-05	-0.0075208038376437525	0.0008913341649501305	0.0008237728694588942
-0.0002178088044553217	0.00013014856183746204	-0.0035873765392535617	-0.0005440633020525887	-0.0009603683222700887	-0.007583213237201125	0.00014242137026010404	-0.00017477752346062303
-0.0002178088044553217	0.0006294237582975537	-0.004024242336156059	1.7621293965097706e-05	-0.0003986837262532905	-0.00783285083543106	0.0006416965667201957	0.0008237728694588942
-0.0004674464026857006	0.00031737676051002417	-0.005147611528190765	-0.00041924450293739923	-0.0008355495231557875	-0.011702233607995494	8.00119707029534e-05	1.2450675211717055e-05
0.0005935133897918554	0.0005046049591823643	-0.006707846517127525	-4.478810559249702e-05	-0.0005859119249254086	-0.013948971992064907	0.00032964956893311026	0.0008237728694588942
-0.0013411779964906945	-0.0003691266346224076	-0.009204222499427539	-0.0013553854962997658	-0.0018965093156328994	-0.01719426076905428	-0.0007313102235442237	-0.0004868245212483746
0.00034387579156169856	0.0006294237582975537	-0.009204222499427539	-0.00029442570382198774	-0.0008355495231557875	-0.020065093148698532	0.00026724016937507145	0.0007613634699017435
-0.00034262760357051114	6.773916227964527e-05	-0.0102027728923475	-0.000668882101167334	-0.0011475965209426509	-0.023060744327458194	-0.00048167262531451094	-0.00017477752346062303
-0.0006546746013578186	0.00013014856183746204	-0.011513370283054547	-0.00048165390249454987	-0.0010851871213852782	-0.02393447592126341	-0.0003568538261993215	0.0005117258716715867
0.0002190569924465091	-5.7079636834878045e-05	-0.012262283077744573	-0.0014802042954145112	-0.0014596435187301804	-0.027242174097809713	-0.0007313102235442237	-0.00036200572213362925
0.0010303791866936862	-5.7079636834878045e-05	-0.01138855148393958	-0.00048165390249454987	-0.0007731401235977486	-0.025369892111085424	-0.0004192632257573603	0.0003244976729992466
-0.0005298558022430733	-5.7079636834878045e-05	-0.010951685687037305	-0.000668882101167334	-0.0010227777218276835	-0.021313281139849094	-0.00048167262531451094	-0.00036200572213362925
-0.0009667215991457923	0.00019255796139505676	-0.010514819890134808	-0.00035683510338002655	-0.0011475965209426509	-0.01632052917524973	-4.4806828412236044e-05	0.0005117258716715867
0.0005311039902342607	5.329762722272591e-06	-0.008455309704737957	-0.0012305666971847984	-0.001334824719614991	-0.01650775737392185	-0.00016962562752653731	-0.0004244151216907799
-0.0025893659876401465	0.00025496736095242944	-0.008268081506065172	-0.0007312915007249288	-0.0012100059205006897	-0.01313764979781773	-0.00010721622796983077	0.0007613634699017435
-0.006333929961089835	-0.000930811230640094	-0.00970349769588763	-0.003165258083466904	-0.0035815631036850704	-0.015197159983214581	-0.003165276806286643	-0.00036200572213362925
-0.007457299153124097	-0.0008684018310820552	-0.009953135294117343	-0.002416345288777322	-0.003019878507667384	-0.01301283099870254	-0.003602142603189362	0.0006989540703441488
-0.007956574349584189	-0.0009932206301976887	-0.008580128503852702	-0.0026659828870068125	-0.0033319255054546915	-0.012139099404897769	-0.003914189600976226	-0.00017477752346062303
-0.007145252155337012	-0.0006811736324097151	-0.007831215709162676	-0.0022915264896621323	-0.0027078315098800765	-0.01020440801861544	-0.0034773238040737287	0.0008861822690164889
-0.008518258945601875	-0.000930811230640094	-0.006957484115357904	-0.0022915264896621323	-0.0031446973067821293	-0.009580314023041048	-0.004039008400091415	7.486007476931178e-05
-0.005897064164187116	-0.0007435830319673098	-0.006270980720225916	-0.0020418888914321975	-0.0023333751125349522	-0.008644173029678237	-0.003227686205844238	0.0007613634699017435
-0.00627152056153224	-0.0004939454337371529	-0.005459658525978295	-0.0017922512932020407	-0.002583012710764887	-0.005898159449148954	-0.0026660016098265515	7.486007476931178e-05
-0.003525506981002513	0.00025496736095242944	-0.004211470534828843	-0.0009185196993972689	-0.001334824719614991	-0.004837199656671842	-0.0011681760204464986	0.0011358198672464237
-0.0019028625925077147	-0.0001818984359496234	-0.004024242336156059	-0.0013553854962997658	-0.0012724153200578403	-0.007395985038529007	-0.001105766620889792	-0.0001123681239030283
-0.00015539940489817106	0.00013014856183746204	-0.0034625577401388163	-0.00035683510338002655	-0.0004610931258102191	-0.008644173029678237	-0.0004192632257573603	0.0006989540703441488
-0.0015284061951625905	-0.00011948903639291686	-0.004773155130845863	-0.00041924450293739923	-0.0011475965209426509	-0.008831401228351021	-0.0007313102235442237	-0.0002371869230184398
-0.0008419028000306028	0.00013014856183746204	-0.0055220679255354455	-0.00035683510338002655	-0.0008979589227133822	-0.009517904623483453	-0.0004192632257573603	0.0005741352712291814
0.0005935133897918554	0.00019255796139505676	-0.005147611528190765	-0.0006064727016101834	-0.0007731401235977486	-0.0110781396124211	-0.00010721622796983077	-0.0001123681239030283
0.004837352559700969	0.000754242557411855	-0.0034001483405812216	0.0007665340886546801	0.0008495042648970497	-0.011390186610208186	0.0019522939574274645	0.00044931647211399195
0.006772043945982631	0.0008166519569698938	-0.0024015979476612603	0.0013282186846723665	0.0013487794613566972	-0.010828502014190722	0.002701206752117491	-0.0004868245212483746
0.00720890974288535	0.001003880155642456	-0.001839913351644018	0.002077131479361949	0.0018480546578165669	-0.009517904623483453	0.0031380725490193218	0.0003244976729992466
0.00720890974288535	0.0010662895551996066	-0.0008413629587240568	0.001827493881132014	0.0017232358587018215	-0.007395985038529007	0.00351252894636489	-0.0004244151216907799
0.0075209567406731015	0.0014407459525442867	9.477803463808776e-05	0.0022019502784771383	0.0019728734569313122	-0.005648521850919019	0.004136622941939505	0.00044931647211399195
0.005711084153505297	0.001003880155642456	-0.0003420877622639651	0.0008913528877698695	0.000974323064011795	-0.005960568848706327	0.003262891348134511	-0.00036200572213362925
0.005523855954833401	0.0010662895551996066	-0.0008413629587240568	0.0007041246890975295	0.0010991418631265404	-0.006771891042953726	0.0030132537499050205	0.0005117258716715867
0.004275667963683283	0.0005046049591823643	-0.001028591157396841	0.0003920776913099999	0.000350229068436958	-0.007271166239413818	0.002264340955214994	-0.0006116433203626759
0.0015920637827118167	0.0005046049591823643	-0.00271364494544879	0.0003920776913099999	0.0001005914702065791	-0.007208756839856223	0.001203381162737882	0.00044931647211399195
0.0002190569924465091	0.00019255796139505676	-0.0035873765392535617	-0.0002320163042652812	-0.0004610931258102191	-0.007146347440298628	0.00020483076981769877	-0.0004244151216907799
0.001280016784923843	0.00031737676051002417	-0.004024242336156059	-4.478810559249702e-05	-8.663672846531689e-05	-0.010079589219500917	0.0003920589684902609	0.0003869070725568413
0.0008431509880213461	0.0003797861600671748	-0.0042738799343859935	-0.00010719750515009174	-0.000273864927137879	-0.010641273815517716	0.00020483076981769877	-4.995872434587767e-05
0.0010303791866936862	0.0005046049591823643	-0.0048979739299608305	8.003069352269243e-05	-0.00014904612802291162	-0.010079589219500917	0.00026724016937507145	0.0006989540703441488
-0.00015539940489817106	-5.7079636834878045e-05	-0.005646886724650857	-0.0007312915007249288	-0.0009603683222700887	-0.011140549011977807	-0.0005440820248721057	-0.0004244151216907799
0.0008431509880213461	0.0003797861600671748	-0.005147611528190765	-4.478810559249702e-05	-0.000273864927137879	-0.009455495223925858	0.00020483076981769877	0.0005741352712291814
-3.0580605783425696e-05	0.00031737676051002417	-0.0053348397268635495	-0.0002320163042652812	-0.000710730724040598	-0.008644173029678237	-0.00010721622796983077	-4.995872434587767e-05
0.0005311039902342607	0.0003797861600671748	-0.005022792729075576	-4.478810559249702e-05	-0.00033627432669547375	-0.007583213237201125	0.00020483076981769877	0.0006365446707865541
-0.00034262760357051114	5.329762722272591e-06	-0.0053348397268635495	-0.0005440633020525887	-0.0009603683222700887	-0.00814489783321859	-0.00016962562752653731	-0.0002371869230184398
0.0005311039902342607	0.0003797861600671748	-0.004835564530403236	-0.00010719750515009174	-0.0003986837262532905	-0.007583213237201125	0.00026724016937507145	0.0006365446707865541
-0.0007170840009154134	6.773916227964527e-05	-0.0048979739299608305	-0.00048165390249454987	-0.0010851871213852782	-0.007583213237201125	-0.00023203502708502022	-0.0002371869230184398
9.423819333176375e-05	0.00031737676051002417	-0.004523517532615484	-0.0002320163042652812	-0.0004610931258102191	-0.00783285083543106	8.00119707029534e-05	0.0007613634699017435
-0.0002178088044553217	0.00013014856183746204	-0.004398698733501183	-0.00035683510338002655	-0.0007731401235977486	-0.007895260234989099	-0.00016962562752653731	-0.00017477752346062303
-3.0580605783425696e-05	0.00025496736095242944	-0.004773155130845863	-0.00029442570382198774	-0.0005859119249254086	-0.007708032036316537	-4.4806828412236044e-05	0.0005117258716715867
-0.0004674464026857006	0.00013014856183746204	-0.0048979739299608305	-0.00041924450293739923	-0.0007731401235977486	-0.007021528641184327	-0.00010721622796983077	-0.0001123681239030283
-0.00015539940489817106	0.0003797861600671748	-0.005147611528190765	-0.0002320163042652812	-0.000710730724040598	-0.007146347440298628	1.760257114535868e-05	0.0006365446707865541
3.182879377416903e-05	0.00013014856183746204	-0.005272430327305955	-0.0007312915007249288	-0.0008355495231557875	-0.008519354230563492	-0.00023203502708502022	-0.00017477752346062303
-0.0013411779964906945	0.00019255796139505676	-0.006208571320667877	-0.00041924450293739923	-0.0008355495231557875	-0.00876899182879387	-0.0007313102235442237	0.0007613634699017435
-0.0065835675593193255	-0.0006811736324097151	-0.009016994300754755	-0.0020418888914321975	-0.0026454221103224818	-0.010828502014190722	-0.003414914404516578	-4.995872434587767e-05
-0.007082842755779417	-0.0008684018310820552	-0.009828316495002376	-0.0022291170901045376	-0.0027078315098800765	-0.011265367811092997	-0.003914189600976226	0.0006365446707865541
-0.007582117952239509	-0.001118039429312434	-0.009391450698099879	-0.002541164087891623	-0.003207106706339724	-0.011327777210650591	-0.004288645998321794	-0.0002995963225760345
-0.007457299153124097	-0.0010556300297548393	-0.009266631898985134	-0.002541164087891623	-0.003019878507667384	-0.01032922681773063	-0.004288645998321794	0.0005117258716715867
-0.008331030746929313	-0.0013052676279847741	-0.00907940370031235	-0.0029156204852371914	-0.0035191537041274756	-0.010828502014190722	-0.004663102395666696	-0.0002371869230184398
-0.006146701762417051	-0.0008059924315249045	-0.008392900305179918	-0.0022915264896621323	-0.0026454221103224818	-0.010079589219500917	-0.0035397332036313234	0.0005741352712291814
-0.005397788967727024	-0.0007435830319673098	-0.007456759311817995	-0.002166707690547387	-0.002583012710764887	-0.008519354230563492	-0.0031028674067294926	-0.0001123681239030283
-0.003088641184100238	-0.0004939454337371529	-0.006458208918898256	-0.0014802042954145112	-0.0017092811169605593	-0.008082488433660995	-0.0021043170138093092	0.00044931647211399195
-0.002277318989853061	-0.0005563548332947477	-0.005896524322880348	-0.001292976096742171	-0.0015844623178453698	-0.0075208038376437525	-0.0016674512169065903	-0.0005492339208059693
-0.0008419028000306028	-0.00011948903639291686	-0.005584477325093262	-0.0006064727016101834	-0.0008979589227133822	-0.006272615846493856	-0.0008561290226594132	0.00044931647211399195
-0.0009667215991457923	-0.00024430783550721813	-0.0055220679255354455	-0.0009809290989544195	-0.0012724153200578403	-0.00764562263675872	-0.0009185384222170079	-0.0002995963225760345
0.0002190569924465091	0.00044219555962476953	-0.0053972491264207	-0.00010719750515009174	-0.000273864927137879	-0.007395985038529007	-0.00023203502708502022	0.0007613634699017435
0.0014048355840390325	0.0005046049591823643	-0.004211470534828843	0.00026725889219481047	-8.663672846531689e-05	-0.006397434645609046	0.0004544683680478556	7.486007476931178e-05
0.0053990371557182115	0.0010662895551996066	-0.002027141550316358	0.0015778562829018572	0.0013487794613566972	-0.004400333859769345	0.0025763879530023015	0.0007613634699017435
0.0064599969481957675	0.0011286989547572013	-0.0009661817578392462	0.0015154468833447066	0.0013487794613566972	-0.002964917669947109	0.0029508443503474258	-0.0002371869230184398
0.0075209567406731015	0.0015031553521023255	0.00015718743419568248	0.0020147220798047982	0.002035282856488907	-0.0022784142748146774	0.0037621665445941588	0.0007613634699017435
0.0075209567406731015	0.001378336552987136	0.0005940532310979574	0.0018899032806898308	0.0019104640573741616	-0.002590461272601763	0.0036997571450374522	-0.00017477752346062303
0.008519507133592619	0.0016903835507746656	0.001093328427558049	0.0025139972762642238	0.0025345580529489986	-0.0009054074845498139	0.0044486699397265905	0.0006989540703441488
0.0053990371557182115	0.0008790613565272665	-0.000154859563591625	0.001203399885557399	0.000974323064011795	-0.0010302262836650034	0.002888434950789387	-0.0004244151216907799
