Sensor_1	Sensor_2	Sensor_3	Sensor_4	Sensor_5	Sensor_6	Sensor_7	Sensor_8
-0.0004650842069122696	0.00017798224612808333	-0.0056000609521627	-0.0005464598229947271	-0.0010876803768975485	-0.00877172224002476	-0.0006225992904556055	-0.00029600154116127264
0.0003462379873349075	0.0004900292439153908	-0.006286564347295132	-0.00042164102388020375	-0.0009004521782256525	-0.01020713842984633	-0.000497780491340416	0.0003905018539711591
-0.0030238695887696565	0.00011557284657048861	-0.008970168528267264	-0.0008585068207822566	-0.002211049568932477	-0.010269547829403924	-0.0016211496833757888	-0.0004832297398336127
-0.008328668551155882	-0.0006957493476766885	-0.015023880285343516	-0.0026059700083918003	-0.004582606752116858	-0.014700615197985822	-0.00417993506523251	0.00020327365529881902
-0.008703124948500784	-0.0013822527428088982	-0.018456397261005453	-0.004415842595559383	-0.005393928946364035	-0.025310213122759162	-0.006239445250629805	-0.0005456391393912075
-0.01113709153124276	-0.0010077963454646621	-0.023511558625162188	-0.002855607606622179	-0.006392479339283996	-0.030864649683375545	-0.006613901647974041	0.00032809245441400847
-0.011012272732128014	-0.0013198433432517476	-0.02993972677958312	-0.00454066139467435	-0.007515848531319147	-0.04671663717097707	-0.007674861440451597	-0.00035841094071886737
-0.006019520767528874	-0.0010702057450218128	-0.033996337750820116	-0.00454066139467435	-0.006954163935301683	-0.07024498080415031	-0.007799680239567008	0.00045291125352875383
-0.006456386564430705	-0.0010077963454646621	-0.04005004950789659	-0.0026059700083918003	-0.006018022941939316	-0.0809169881284808	-0.006177035851071766	-0.00035841094071886737
-0.001650862798504793	-0.0007581587472342832	-0.04092378110170136	-0.002855607606622179	-0.00402092215610006	-0.07542496096742202	-0.003930297467002131	0.00045291125352875383
-0.004022419981689174	-0.000820568146791878	-0.03455802234683758	-0.000796097421225106	-0.005331519546807328	-0.06656282623025866	-0.004117525665674915	-0.0004832297398336127
-0.00895276254673072	-0.0003212929503317863	-0.036118257335774784	-0.0010457350194545967	-0.005643566544594414	-0.058387194888227745	-0.0029317470740828355	0.00032809245441400847
-0.006830842961776273	-0.00044611174944697574	-0.04054932470435646	-0.00472788959334669	-0.006330069939726846	-0.0692464304112308	-0.002432471877622966	-0.0006704579385055087
0.0005334661860076917	-0.000383702349889381	-0.0355565727397571	-0.0067873997787437634	-0.006267660540169251	-0.08815647847714958	0.00043836050202195054	7.845485618362957e-05
0.004590077157244465	-0.0003212929503317863	-0.03649271373311991	-0.002918017006179774	-0.002211049568932477	-0.07330304138246735	0.000750407499809036	-0.0005456391393912075
-0.0038976011825739842	-7.165535210185148e-05	-0.028629129388876073	0.0010761845654994051	-0.004332969153887145	-0.058262376089112555	-0.0013091026855880372	0.00020327365529881902
-0.00040267480735467487	0.0006148480430305803	-0.022762645830472383	-0.0009209162203398513	-0.002211049568932477	-0.05926092648203252	0.0023730518883042784	-0.00035841094071886737
0.00833464113069371	0.0010517138399326331	-0.019642175852597976	0.0020747349584193664	3.568881513671407e-05	-0.059697792278935013	0.004058105676356227	0.00032809245441400847
0.010955835912108025	0.000864485641260293	-0.017957122064545583	-0.0021066948119323747	-0.00046358638132315555	-0.059385745281147484	0.004682199671931064	-0.0004832297398336127
0.002405748172732425	0.0013637608377201627	-0.016147249477378445	0.00151305036240168	-0.0016493649729152349	-0.024374072129396795	0.005743159464408398	0.0003905018539711591
0.0037787549629972883	0.0010517138399326331	-0.008221255733577681	-0.0005464598229947271	-0.0027727341649499415	-0.02100396455329223	0.003870877477683443	-0.0006080485389488022
0.007772956534676467	0.0009893044403754825	-0.006661020744640478	-0.0019194666132598126	0.00016050761425190352	-0.03180079067673747	0.0041205150759136	0.0001408642557412243
0.002405748172732425	0.0007396668421448815	-0.010592812916762062	0.0008265469672696923	-0.0011500897764551432	-0.035545354650187155	0.0031219646829934167	-0.0004208203402764621
0.006587177943083944	0.0009268950408178878	-0.010967269314106964	-0.0005464598229947271	0.00016050761425190352	-0.0502739729457542	0.004370152674143535	0.00032809245441400847
0.0007206943846795877	5.316344701267184e-05	-0.012964370099946887	0.0007641375677120976	-0.0015869555733576401	-0.051022885740444	0.00480701847104581	-0.0006080485389488022
0.0010327413824675613	0.00017798224612808333	-0.013962920492866404	-0.00035923162432216493	-0.0017741837720304243	-0.03442198545815223	0.0035588304798963577	0.00032809245441400847
-0.0007147218051419824	0.000240391645685456	-0.010467994117647317	-0.002481151209277499	-0.0034592375600823733	-0.026371172915236274	0.001624139093614252	-0.0004208203402764621
0.0005334661860076917	0.00017798224612808333	-0.008907759128710113	-0.0015450102159146883	-0.0017117743724723855	-0.03167597187762272	0.000750407499809036	0.00032809245441400847
0.0005958755855652864	0.00030280104524305074	-0.011716182108796769	0.0005769093690397575	0.00016050761425190352	-0.02849309250019072	0.0008752262989242254	-0.00023359214160345587
0.0020312917753868565	0.0006148480430305803	-0.00990630952162963	0.00038968117036697336	-0.00046358638132315555	-0.030927059082932695	0.0013120920958267224	0.000827367650873656
0.00028382858777753484	-9.245952544700842e-06	-0.008658121530479956	-0.00010959402609267421	-0.0015245461738000454	-0.02649599171435102	0.0016865484931714025	-0.00029600154116127264
-0.0033983259861138926	0.00036521044480020137	-0.007035477141985158	-0.00017200342565026894	-0.002086230769817732	-0.019880595361257525	0.0020610048905163048	0.0005153206530863486
-0.0010891782024871066	0.00011557284657048861	-0.005350423353933209	-0.0031676546044094867	-0.002273458968490072	-0.02006782355992942	0.0019361860914015594	-0.00029600154116127264
9.660038910519475e-05	0.00036521044480020137	-0.00522560455481802	-0.0006088692225527659	-0.001836593171587575	-0.01863240737010785	0.0025602800869763964	0.0005777300526437212
-0.001026768802929956	0.00011557284657048861	-0.00753475233844525	-0.0021066948119323747	-0.002211049568932477	-0.01738421937895751	0.001998595490959154	-0.00035841094071886737
-0.001650862798504793	-0.00019647415121659684	-0.007409933539330504	-0.0017322384145874725	-0.002086230769817732	-0.01813313217364798	0.0013120920958267224	0.00020327365529881902
-0.0013388158007172635	-0.00019647415121659684	-0.006598611345082883	-0.0004840504234375764	-0.0010876803768975485	-0.02150323974975188	0.000750407499809036	-0.0005456391393912075
9.660038910519475e-05	-9.245952544700842e-06	-0.008533302731365211	0.000264862371252228	-0.0004011769817653388	-0.01963095776302759	0.0024978706874190237	0.00026568305485641375
-0.001213997001602296	-0.00025888355077419156	-0.009531853124284728	-0.0008585068207822566	-0.002273458968490072	-0.019256501365682244	0.0014369108949419118	-0.0006080485389488022
-0.00021544660868233478	-0.0001340647516598903	-0.009344624925612388	-0.0017322384145874725	-0.0017741837720304243	-0.021752877347981814	0.0014369108949419118	7.845485618362957e-05
-0.0010891782024871066	-0.00025888355077419156	-0.008970168528267264	-0.0014826008163575377	-0.0017117743724723855	-0.022564199542229213	0.0008752262989242254	-0.0006080485389488022
-0.0002778560082394854	0.00017798224612808333	-0.006910658342869969	-0.0006712786221103606	-0.0015869555733576401	-0.01782108517586023	0.0014993202944995065	0.00045291125352875383
-0.002025319195849473	-0.00025888355077419156	-0.007659571137560439	-0.0014826008163575377	-0.002211049568932477	-0.020379870557717172	0.0003759511024643558	-0.00035841094071886737
-0.005832292568856312	-0.0005709305485617211	-0.008470893331807172	-0.0018570572137022179	-0.002835143564507314	-0.02381238753337911	-0.0010594650873581024	0.0005777300526437212
-0.008890353147173569	-0.001444662142366937	-0.008658121530479956	-0.0031676546044094867	-0.003958512756542021	-0.024935756725413816	-0.002619700076295306	-0.0004208203402764621
-0.009202400144961098	-0.0011326151445794075	-0.008096436934462492	-0.002855607606622179	-0.003958512756542021	-0.02262660894178703	-0.0022452436789501817	0.0003905018539711591
-0.009701675341420746	-0.0011950245441365581	-0.008595712130922362	-0.0036669298008695783	-0.004707425551232047	-0.018569997970550256	-0.0024948812771801165	-0.00010877334248871051
-0.009015171946288314	-0.0008829775463490286	-0.008221255733577681	-0.0036045204013117615	-0.004145740955214805	-0.01519989039444547	-0.002557290676737267	0.0005777300526437212
-0.008391077950713477	-0.0010077963454646621	-0.00753475233844525	-0.0032300640039670814	-0.003771284557870125	-0.01519989039444547	-0.0027445188754100514	-0.00029600154116127264
-0.005769883169298717	-0.000820568146791878	-0.007097886541542753	-0.0021691042114899695	-0.002460687167162856	-0.01669771598382508	-0.002182834279392587	0.0003905018539711591
-0.004147238780804363	-0.0008829775463490286	-0.006848248943312818	-0.0019818760128174073	-0.002273458968490072	-0.01800831337453279	-0.00174596848249009	-0.0005456391393912075
-0.0019005003967347278	-0.0001340647516598903	-0.005974517349507602	-0.00023441282520786366	-0.0011500897764551432	-0.01495025279621598	6.390410467704832e-05	0.00045291125352875383
-0.002711822590981905	-0.00019647415121659684	-0.004663919958800333	-0.0007336880216675112	-0.0017117743724723855	-0.013452427206835926	1.4947051194535987e-06	-0.00023359214160345587
-0.0011515876020447013	-7.165535210185148e-05	-0.0025420003738461094	-0.0010457350194545967	-0.0014621367742428948	-0.014263749401083547	0.0003759511024643558	0.0003905018539711591
-0.0015260439993900476	-0.000383702349889381	-0.0010441747844665006	-0.001420191416799943	-0.0019614119707027644	-0.01619844078736543	0.00012631350423419896	-0.0005456391393912075
0.0011575601815820846	0.00036521044480020137	-0.0002952619897764741	-0.0006712786221103606	-0.00033876758220774406	-0.0137644742046239	0.0019361860914015594	0.0005153206530863486
0.0035291173647669094	0.00036521044480020137	0.0025131609903099594	0.0003272717708098227	3.568881513671407e-05	-0.011829782818341128	0.003246783482108606	-0.0004832297398336127
0.0060254933470660355	0.0011765326390473785	0.0046350805752652935	0.0014506409628445294	0.0014086956054015776	-0.009333406836042002	0.0050566560692759666	0.0003905018539711591
0.005276580552376897	0.0009268950408178878	0.004572671175707699	0.0009513657663844377	0.0008470110093843353	-0.0107064136263062	0.0037460586785682537	-0.0004832297398336127
0.008459459929808455	0.0013637608377201627	0.0058832685664147455	0.0011385939650572219	0.001720742603189107	-0.01264110501258875	0.004994246669718594	0.0003905018539711591
0.007960184733348807	0.001301351438163012	0.005696040367741961	0.0016378691615173135	0.001720742603189107	-0.011455326420996226	0.004744609071488215	-0.00017118274204586115
0.006649587342641317	0.001301351438163012	0.0037613489814602996	0.0014506409628445294	0.001720742603189107	-0.01083123242542161	0.004370152674143535	0.00045291125352875383
0.00409080196078393	0.0008020762417029204	0.0022635233920806908	0.0008265469672696923	0.0004101452124816163	-0.009520635034714342	0.004994246669718594	-0.00035841094071886737
0.004902124155031551	0.0010517138399326331	0.0028876173876555278	0.000888956366826843	0.0007846016098271846	-0.005464024063477568	0.006492072259098203	0.00045291125352875383
0.0024681575722895754	0.00036521044480020137	0.0016394293965056317	-0.00042164102388020375	-0.00021394878309277665	-0.0037165608758678026	0.0031843740825514555	-0.00023359214160345587
0.001906472976272111	0.00030280104524305074	0.0007032884031432651	-4.718462653507949e-05	-0.0002763581826503714	-0.00852208464179438	0.0029347364843215207	0.00045291125352875383
0.0004086473868927243	0.000240391645685456	0.000516060204470703	1.5224773022515237e-05	-0.0006508145799952736	-0.005651252262149908	0.0031843740825514555	-0.0004208203402764621
0.0011575601815820846	0.0004900292439153908	0.001577019996948481	0.00020245297169463328	-0.0002763581826503714	-0.0008457284962235523	0.0029971458838791154	0.0005777300526437212
0.0005334661860076917	0.00036521044480020137	0.0022635233920806908	-0.0004840504234375764	-0.0006508145799952736	-0.0003464532997639047	0.0023730518883042784	-0.00010877334248871051
0.001532016578927653	0.0004276198443577961	0.00363653018234511	-0.00042164102388020375	-0.00033876758220774406	-0.00022163450064871526	0.002435461287860985	0.000640139452201316
-0.0011515876020447013	-0.0001340647516598903	0.003012436186770051	-0.0005464598229947271	-0.0014621367742428948	-0.00615052745861	0.0020610048905163048	-0.0004832297398336127
0.00047105678645009696	0.00011557284657048861	0.002450751590753253	-0.0006088692225527659	-0.0007132239795528683	-0.006275346257724745	0.002622689486533991	0.00026568305485641375
3.4190989547600026e-05	-7.165535210185148e-05	0.002201113992522874	-0.000983325619897446	-0.0010876803768975485	-0.00652498385595468	0.0019361860914015594	-0.0004208203402764621
-9.062780956758942e-05	0.00030280104524305074	0.002450751590753253	-0.00010959402609267421	-0.000775633379110463	-0.006275346257724745	0.0023106424887466837	0.000640139452201316
-0.0007771312046995771	5.316344701267184e-05	0.0010777448004883894	-0.000796097421225106	-0.0012124991760125159	-0.006961849652857177	0.0017489578927287752	-0.00023359214160345587
