Sensor_1	Sensor_2	Sensor_3	Sensor_4	Sensor_5	Sensor_6	Sensor_7	Sensor_8
0.001089181322956989	0.0005589292210270713	0.0009771938963911708	0.0007773995651181309	0.0008713413138021764	-0.0001082085374228825	0.0010298830319679375	0.00048131065079703994
-0.00034623486686524707	-0.0002523929732201058	0.00022828110170114435	-0.00022115082780138628	-0.00018961847867515758	-0.0009819401312272102	0.00015615143816316568	-0.0007044679407948173
0.00034026852826696263	5.965402456675761e-05	0.00016587170214354963	0.0002157149691008886	0.0002472473182268953	-0.0007947119325548702	0.0003433796368352837	0.00023167305256710513
-0.00022141606775005762	0.0003092916227971365	0.0003530999008163338	0.0003405337682154119	0.0002472473182268953	-0.0006698931334401248	0.0003433796368352837	-0.00026760214389298653
0.00034026852826696263	0.0001844728236821691	4.1052903028804266e-05	0.0003405337682154119	0.00030965671778449	-0.0008571213321124649	0.00040578903639332253	0.0004189012512398893
-0.00015900666819335108	5.965402456675761e-05	4.1052903028804266e-05	9.089616998569916e-05	-2.3902800025954463e-06	-0.0011067589303423997	0.00015615143816316568	-0.0002051927443353918
0.0007147249256123089	0.000621338620584666	0.0003530999008163338	0.0007149901655605362	0.0006841131151293922	-0.0006698931334401248	0.0006554266346228133	0.0007933576485847915
-0.00015900666819335108	0.0003092916227971365	4.1052903028804266e-05	0.00027812436865803924	0.000122428519112594	-0.0011067589303423997	0.00021856083772031631	-0.0002051927443353918
0.00021544972915221727	0.0002468822232395418	-0.0002709940947585032	0.0003405337682154119	0.0002472473182268953	-0.001044349530785249	0.00028097023727791104	0.0005437200503546347
-0.00047105366598065856	5.965402456675761e-05	-0.00033340349431609795	-3.392262912949029e-05	-0.0001272090791177849	-0.0011067589303423997	-9.348616006632504e-05	-0.00026760214389298653
-9.659726863486817e-05	0.0002468822232395418	-0.0005206316929888821	0.00015330556954329388	0.000122428519112594	-0.001044349530785249	9.374203860557095e-05	0.0005437200503546347
-9.659726863486817e-05	0.00012206342412457438	-0.0002709940947585032	9.089616998569916e-05	-6.479967956019017e-05	-0.001044349530785249	3.133263904797623e-05	-0.0002051927443353918
2.82215304794331e-05	0.0002468822232395418	-0.0004582222934312874	0.0002157149691008886	0.000122428519112594	-0.0009819401312272102	0.00015615143816316568	0.00048131065079703994
-0.00028382546730765235	5.965402456675761e-05	-0.00039581289387369267	2.8486770428104435e-05	-6.479967956019017e-05	-0.0009819401312272102	3.133263904797623e-05	-0.00033001154345058126
9.063093003702782e-05	5.965402456675761e-05	-0.0005830410925460328	9.089616998569916e-05	6.001911955499928e-05	-0.0009195307316700596	3.133263904797623e-05	0.0003564918516822946
-0.00022141606775005762	-6.51647745477657e-05	-0.00039581289387369267	-3.392262912949029e-05	-0.0001272090791177849	-0.0008571213321124649	-3.1076760509618495e-05	-0.0003924209430077319
-0.0016568322575725158	-6.51647745477657e-05	-0.0012695444876784645	-0.00022115082780138628	-0.0002520278782327523	-0.0012939871290149618	-0.0006551707560840114	0.00029408245212469986
-0.00802259101243652	-0.001500580964370224	-0.004764470862897774	-0.0025302986114290604	-0.0027484038605323224	-0.0041024101091020615	-0.0038380501335160133	-0.0008916961394676015
-0.0073984970168614606	-0.0011885339665824723	-0.004826880262455369	-0.0020934328145267855	-0.0021243098649574854	-0.004040000709544467	-0.0036508219348436732	0.00010685425345235977
-0.008272228610666232	-0.0017502185626001587	-0.0055133836575878	-0.0027799362096589952	-0.0031228602578770026	-0.0047265041046768985	-0.004524553528648889	-0.0008916961394676015
-0.00789777221332133	-0.0016253997634849693	-0.0057006118562605845	-0.002592708010986211	-0.0027484038605323224	-0.0047265041046768985	-0.004399734729533478	4.4444853894765046e-05
-0.007086450019074153	-0.001250943366140067	-0.005014108461127709	-0.002218251613641531	-0.002623585061417355	-0.004289638307774402	-0.0040252783321887975	-0.0006420585412376667
-0.0055262150301369495	-0.0013133527656976618	-0.005014108461127709	-0.0020934328145267855	-0.0023739474631874202	-0.003977591309986872	-0.0037756407339584186	0.00010685425345235977
-0.004527664637216988	-0.0011885339665824723	-0.004202786266880532	-0.0018437952162966287	-0.0021243098649574854	-0.003415906713970074	-0.0032139561379416204	-0.0007668773403524121
-0.0020936980544745687	-0.0005644399710076353	-0.003079417074845603	-0.0010948824216066022	-0.0012505782711522695	-0.002479765720606819	-0.0020905869459064697	0.0003564918516822946
-0.0009079194628824894	-0.0005644399710076353	-0.002018457282368491	-0.0007828354238190727	-0.0008137124742506607	-0.0019804905241469495	-0.0013416741512168873	-0.0005172397421229213
0.00021544972915221727	-0.0003148023727777005	-0.0017064102845811835	-0.0004083790264739484	-0.0005016654764626871	-0.001668443526359642	-0.000967217753871985	0.00023167305256710513
-0.00034623486686524707	-0.0005020305714500406	-0.0016440008850233667	-0.0006580166247043273	-0.0008761218738073673	-0.0017932623254748314	-0.0010296271534295798	-0.0005796491416796279
0.0009019531242842049	5.965402456675761e-05	-0.0010823162890061244	2.8486770428104435e-05	-0.0001272090791177849	-0.0012939871290149618	-0.00034312375829714803	0.00048131065079703994
0.0019005035172041662	-0.00018998357366251106	-0.00033340349431609795	-9.633202868708501e-05	-0.00018961847867515758	-0.001044349530785249	3.133263904797623e-05	-0.0006420585412376667
0.006331570885785842	0.0006837480201422608	0.0018509254901954986	0.001401493560692968	0.0014330259098194187	0.0005782948577099933	0.002215661623560017	0.00029408245212469986
0.006331570885785842	0.00043411042191188187	0.0022877912870982176	0.0012766747615780005	0.0013082071107044513	0.0005158854581523986	0.002402889822232801	-0.0005796491416796279
0.007080483680475869	0.0008085668192570061	0.002599838284885969	0.0017759499580380922	0.001807482307164543	0.0008903418554970788	0.0030893932173652328	0.00023167305256710513
0.008079034073395386	0.001245432616159503	0.003910435675593016	0.0022752251544977398	0.00224434810406704	0.0015144358510719158	0.003838306012054371	-0.00026760214389298653
0.008640718669413072	0.0011830232166014643	0.0039728450751503885	0.002400043953612485	0.0025563951018541253	0.0013896170519571704	0.004150353009842345	0.00029408245212469986
0.004958564095521423	0.0008085668192570061	0.0027246570840007145	0.0015263123598077133	0.0014330259098194187	7.901966124990167e-05	0.0026525274204625138	-0.0004548303425653266
0.004646517097733893	0.0009957950179295683	0.002225381887540623	0.0017759499580380922	0.001807482307164543	-4.5799137865287776e-05	0.0026525274204625138	0.0006061294499122294
0.0037103761043715267	0.00043411042191188187	0.001788516090638348	0.001151855962462811	0.0010585695124745165	-0.0002954367360947785	0.002153252224002422	-0.0003924209430077319
0.001089181322956989	0.0007461574196989673	0.0005403280994886739	0.000964627763790471	0.0008089319142445817	-0.0009195307316700596	0.0012171112306404996	0.0006061294499122294
0.00034026852826696263	0.00043411042191188187	0.00022828110170114435	0.0004653525673306014	0.00030965671778449	-0.0014188059281301513	0.0007802454337375586	-0.00014278334477757504
0.0006523155260547142	0.00037170102235428715	-8.376589608616314e-05	0.000527761966887752	0.00043447551689967945	-0.0012939871290149618	0.0008426548332951533	0.0006061294499122294
-9.659726863486817e-05	5.965402456675761e-05	-0.00039581289387369267	2.8486770428104435e-05	-6.479967956019017e-05	-0.0017932623254748314	0.0003433796368352837	-0.00033001154345058126
0.0005899061264973415	0.0005589292210270713	-0.00039581289387369267	0.000527761966887752	0.00030965671778449	-0.0009195307316700596	0.0007802454337375586	0.0006061294499122294
-0.0006582818646529986	-6.51647745477657e-05	-0.0010823162890061244	-9.633202868708501e-05	-0.0006264842755778766	-0.0022301281223777725	3.133263904797623e-05	-0.0004548303425653266
0.0012764095216297733	0.0002468822232395418	-0.0008950880903337843	-3.392262912949029e-05	0.0002472473182268953	-0.004476866506446964	0.00015615143816316568	0.00048131065079703994
-3.4187869077717536e-05	-0.00012757417410580452	-0.0013319538872360592	0.0003405337682154119	-0.00018961847867515758	-0.00360313491264197	-0.0002807143587391092	-0.0005172397421229213
0.00021544972915221727	0.0007461574196989673	-0.0013319538872360592	0.001151855962462811	0.0004968849164568301	-0.0016060341268024914	0.00046819843595047317	0.0007933576485847915
-0.001407194659342137	-2.755374990615067e-06	-0.002392913679713393	2.8486770428104435e-05	-0.0010009406729225567	-0.0005450743343253794	-0.00034312375829714803	-0.00033001154345058126
-0.0015320134584573264	-2.755374990615067e-06	-0.002892188876173263	-0.000720426024261478	-0.0016874440680549885	-0.0036655443121993425	-0.00021830495918195858	0.00029408245212469986
-0.0008455100633253387	-6.51647745477657e-05	-0.0033290546730757598	-0.0007828354238190727	-0.0022491286640722308	-0.0062243296940569515	-0.0002807143587391092	-0.0004548303425653266
-0.0020936980544745687	0.00012206342412457438	-0.006574343450065356	-0.0007828354238190727	-0.0029980414587627013	-0.010905034660868562	-0.000967217753871985	0.00048131065079703994
0.0030862821087966896	0.0001844728236821691	-0.0057006118562605845	-0.0012197012207215696	-0.0015002158693826484	-0.01926789420157138	-0.0013416741512168873	-0.00026760214389298653
0.0029614633096819443	-2.755374990615067e-06	-0.007822531441214586	0.0010270371633476216	-0.0006264842755778766	-0.02107776678873896	-0.002028177546349097	0.00029408245212469986
-0.0009703288624400841	-2.755374990615067e-06	-0.009757222827496914	0.0019007687571526155	-0.0008137124742506607	-0.016397061821926906	-0.0025898621423663393	-0.0003924209430077319
0.001962912916761761	0.0001844728236821691	-0.009382766430152012	-0.0003459696269167978	-0.000751303074693066	-0.019579941199358908	-0.002402633943693999	0.0003564918516822946
0.0005274967269395248	-0.0002523929732201058	-0.010006860425726849	0.00015330556954329388	-0.0019370816662851453	-0.015460920828564984	-0.0025274527428091886	-0.0005796491416796279
-0.0019688792553600454	-2.755374990615067e-06	-0.011130229617761778	-0.0015317482185090991	-0.0023739474631874202	-0.015211283230334827	-0.0029643185397112415	0.00048131065079703994
-0.008833913206683697	-0.001063715167467727	-0.014125880796520995	-0.003029573807888708	-0.004932732845044363	-0.014337551636530055	-0.005460694522010812	-0.0004548303425653266
-0.007585725215533801	-0.001250943366140067	-0.013626605600061126	-0.0023430704127567203	-0.004246229449911931	-0.012964544846265635	-0.005335875722896066	0.0001692636530095104
-0.007024040619516558	-0.0011885339665824723	-0.012191189410239112	-0.002592708010986211	-0.0039965918516822185	-0.01209081325246042	-0.005211056923781099	-0.0004548303425653266
-0.007086450019074153	-0.001063715167467727	-0.010630954421301908	-0.0019062046158540014	-0.0033724978561071595	-0.01040575946440847	-0.004899009925993569	0.0003564918516822946
-0.006399946623941721	-0.0011885339665824723	-0.010069269825284444	-0.002155842214083936	-0.0031228602578770026	-0.008408658678568548	-0.004899009925993569	-0.0004548303425653266
-0.004902121034561668	-0.0006268493705656741	-0.008883491233692586	-0.001781385816739034	-0.0021243098649574854	-0.002916631517509982	-0.00371323133440149	0.00048131065079703994
-0.005838262027924257	-0.001250943366140067	-0.008945900633249293	-0.0029671644083311133	-0.0035597260547794995	-0.002354946921492518	-0.004337325329976327	-0.0006420585412376667
-0.0017816510566872612	-0.00043962117189288996	-0.007073618646525226	-0.001781385816739034	-0.0016874440680549885	-0.0016060341268024914	-0.002839499740596718	0.00029408245212469986
-0.0015320134584573264	-0.00037721177233529524	-0.006761571648737252	-0.0012821106202791643	-0.0015002158693826484	-0.002479765720606819	-0.002402633943693999	-0.0004548303425653266
-0.0007206912642101493	-0.0002523929732201058	-0.007635303242542024	-0.000907654222933818	-0.001375397070267459	-0.0036655443121993425	-0.0018409493476767569	0.00023167305256710513
-0.00040864426642261975	-0.00043962117189288996	-0.008384216037232495	-0.000907654222933818	-0.0020619004653998907	-0.006473967292286886	-0.0019033587472339075	-0.0005796491416796279
0.0016508659189742314	5.965402456675761e-05	-0.00800975963988737	-0.0003459696269167978	-0.0010633500724799294	-0.009968893667505974	-0.0013416741512168873	0.0004189012512398893
0.003897604303044311	0.00043411042191188187	-0.006886390447852442	0.0006525807660033855	-0.0004392560769050924	-0.010031303067063346	-0.00034312375829714803	-0.0003924209430077319
0.007018074280918718	0.0008709762188143788	-0.006137477653162415	0.0017135405584800534	0.0006841131151293922	-0.008720705676356078	0.0011547018310824608	0.00048131065079703994
0.007891805874723046	0.0011206138170443136	-0.005138927260242898	0.0018383593575952428	0.0010585695124745165	-0.00809661168078124	0.0015291582284280292	-0.00014278334477757504
0.008141443472953425	0.0011830232166014643	-0.004577242664225212	0.0022752251544977398	0.0014330259098194187	-0.005475416899366925	0.0019036146257727093	0.00048131065079703994
0.0075173494773781435	0.0011830232166014643	-0.003703511070420884	0.002212815754940145	0.001370616510261824	-0.001044349530785249	0.0022780710231176116	-0.0004548303425653266
0.007642168276493555	0.001682298413061778	-0.0033914640726333545	0.0020879969558253997	0.0014954353093770134	0.0017640734493018506	0.0029021650186924486	0.0006685388494696021
0.004396879499503736	0.0008085668192570061	-0.004764470862897774	0.00015330556954329388	-2.3902800025954463e-06	0.00020383846036464703	0.0010922924315255322	-0.0004548303425653266
0.0039600137026019055	0.0008085668192570061	-0.004951699061570114	0.0005901713664453467	0.00043447551689967945	-0.0003578461356523732	0.0011547018310824608	0.0003564918516822946
0.0031486915083538403	0.0008709762188143788	-0.0055133836575878	0.0010270371633476216	0.00030965671778449	-0.0005450743343253794	0.0012171112306404996	-0.0002051927443353918
0.0007771343251699037	0.0006837480201422608	-0.008072169039444965	0.000527761966887752	-0.00037684667734749766	-0.0037279537117573813	-0.00021830495918195858	0.0005437200503546347
0.0009019531242842049	0.0004965198214694766	-0.008633853635461985	0.00015330556954329388	-0.0006264842755778766	-0.006161920294498913	-0.0009048083543143903	-0.00014278334477757504
0.0010267719233993944	0.0003092916227971365	-0.009445175829709385	0.00040294316777300665	-0.0006264842755778766	-0.007472517685206181	-0.0010920365529862863	0.0004189012512398893
0.00040267792782455736	0.0007461574196989673	-0.009445175829709385	0.000527761966887752	-0.0005640748760202818	-0.0070356518883036845	-0.0012168553521019199	-1.796454566282968e-05
0.00021544972915221727	0.0003092916227971365	-0.011005410818646588	9.089616998569916e-05	-0.0010633500724799294	-0.006910833089189383	-0.0016537211490039727	0.0004189012512398893
9.063093003702782e-05	0.0002468822232395418	-0.010943001419089216	-0.00047078842603198723	-0.0015002158693826484	-0.007160470687418874	-0.0019033587472339075	-0.00026760214389298653
-0.00022141606775005762	0.00037170102235428715	-0.011879142412451582	-9.633202868708501e-05	-0.0012505782711522695	-0.005662645098038821	-0.001404083550774038	0.0006685388494696021
-0.00034623486686524707	0.0003092916227971365	-0.011379867215991712	-0.0002835602273594251	-0.0014378064698250537	-0.00541300749980933	-0.0016537211490039727	-0.00014278334477757504
0.0009643625238417997	0.0006837480201422608	-0.01150468601510668	-3.392262912949029e-05	-0.0005016654764626871	-0.005288188700694141	-0.0012168553521019199	0.0007933576485847915
0.00034026852826696263	0.0001844728236821691	-0.011816733012893987	-0.0002835602273594251	-0.0011257594720379682	-0.0064115578927288475	-0.0020905869459064697	-0.00026760214389298653
0.0008395437247266102	0.00037170102235428715	-0.011941551812009399	9.089616998569916e-05	-0.0005640748760202818	-0.006349148493171253	-0.0017161305485615674	0.0005437200503546347
-0.000783100663767744	0.0002468822232395418	-0.012877692805371321	9.089616998569916e-05	-0.0010633500724799294	-0.005163369901579173	-0.0019033587472339075	-0.0002051927443353918
-0.00047105366598065856	0.0002468822232395418	-0.013689014999618943	-0.0003459696269167978	-0.001375397070267459	-0.004289638307774402	-0.0018409493476767569	0.00048131065079703994
-0.00040864426642261975	0.0003092916227971365	-0.01418829019607859	-0.0010324730220490075	-0.0019370816662851453	-0.0059122826962692	-0.0019033587472339075	-0.0002051927443353918
-0.000783100663767744	-0.00018998357366251106	-0.01599816278324573	-0.0014069294193939097	-0.0023115380636302696	-0.007222880086976469	-0.0023402245441368486	0.00023167305256710513
-0.000783100663767744	0.00012206342412457438	-0.016559847379263193	-0.000907654222933818	-0.00199949106584274	-0.007472517685206181	-0.002028177546349097	-0.0003924209430077319
0.00034026852826696263	0.00043411042191188187	-0.017059122575723062	-9.633202868708501e-05	-0.0015002158693826484	-0.008783115075913672	-0.001404083550774038	0.00048131065079703994
9.063093003702782e-05	-2.755374990615067e-06	-0.0184945387655453	-0.0006580166247043273	-0.00199949106584274	-0.010717806462195778	-0.0019657681467915022	-0.0003924209430077319
-0.0012823758602278357	0.00012206342412457438	-0.01949308915846526	-0.000533197825589582	-0.001812262867170178	-0.011092262859540458	-0.0025898621423663393	0.0005437200503546347
-0.008521866208896167	-0.0009388963683529816	-0.02298801553368457	-0.002405479812313427	-0.004121410650796964	-0.009095162073701202	-0.005523103921568406	-0.0003924209430077319
-0.007710544014649434	-0.0010013057679105763	-0.024298612924391616	-0.002655117410543806	-0.004246229449911931	-0.009719256069275595	-0.005023828725108759	0.0003564918516822946
-0.00802259101243652	-0.0011885339665824723	-0.025172344518196388	-0.003466439604790983	-0.00499514224460218	-0.009157571473258574	-0.005585513321125557	-0.0003924209430077319
-0.00808500041199367	-0.0006892587701226027	-0.025421982116426545	-0.003029573807888708	-0.00468309524681465	-0.007472517685206181	-0.005335875722896066	0.0006061294499122294
-0.00802259101243652	-0.0011261245670253217	-0.026233304310674166	-0.00390330540169348	-0.004807914045929396	-0.008034202281223646	-0.006396835515373622	-0.0003924209430077319
-0.005463805630579355	-0.0009388963683529816	-0.02486029752040908	-0.0027799362096589952	-0.0037469542534518396	-0.007722155283436116	-0.005647922720683152	0.00029408245212469986
-0.0036539330434117723	-0.0005020305714500406	-0.023424881330586844	-0.0020934328145267855	-0.00324767905699197	-0.008658296276798927	-0.005023828725108759	-8.037394521998031e-05
-0.0009703288624400841	-0.0002523929732201058	-0.02317524373235691	-0.0010948824216066022	-0.0022491286640722308	-0.007722155283436116	-0.003962868932631203	0.0004189012512398893
2.82215304794331e-05	-0.00012757417410580452	-0.021989465140764386	-0.000720426024261478	-0.0019370816662851453	-0.007285289486534063	-0.0032139561379416204	-0.00026760214389298653
0.0005899061264973415	-0.0002523929732201058	-0.021927055741207235	-0.0005956072251467326	-0.00199949106584274	-0.005225779301136768	-0.0023402245441368486	0.0003564918516822946
-0.001844060456244856	0.0001844728236821691	-0.022176693339437392	-0.0008452448233766674	-0.0031852696574345973	-0.00360313491264197	-0.002028177546349097	-0.00014278334477757504
0.0006523155260547142	0.0003092916227971365	-0.022426330937667105	-0.001968614015411596	-0.0026859944609747277	-0.005475416899366925	-0.0018409493476767569	0.0005437200503546347
0.0028990539101243495	0.00043411042191188187	-0.021427780544747366	-0.000907654222933818	-0.0016250346684978378	-0.004040000709544467	-0.00040553315785429866	-0.0002051927443353918
0.0057698862897686	0.0014950702143894379	-0.019243451560235325	0.001151855962462811	0.00037206611734164063	-0.0021677187228197337	0.0012795206301980944	0.0007933576485847915
0.006019523887998757	0.001245432616159503	-0.020554048950942594	0.000964627763790471	0.0006217037155724636	-0.002542175120164414	0.0012795206301980944	-1.796454566282968e-05
0.007829396475165895	0.0013702514152742484	-0.019742726756695195	0.0019007687571526155	0.0011209789120325553	-0.003166269115739695	0.002215661623560017	0.0006685388494696021
0.008453490470740732	0.0007461574196989673	-0.018744176363775233	0.000527761966887752	0.0007465225146869869	-0.003415906713970074	0.0016539770275423304	-0.0007668773403524121
0.008328671671625765	0.0011830232166014643	-0.01868176696421786	0.0016511311589224587	0.0014954353093770134	0.0017640734493018506	0.0008426548332951533	0.00029408245212469986
0.0037103761043715267	0.0008085668192570061	-0.021240552346074804	0.0009022183642328763	0.00018483791866930055	-0.001918081124590021	0.0010298830319679375	-0.0003924209430077319
0.003211100907911435	0.0009333856183719735	-0.02017959255359747	0.00040294316777300665	-0.00018961847867515758	-0.0028542221179521654	0.0012171112306404996	0.00048131065079703994
0.0037103761043715267	0.0008085668192570061	-0.018744176363775233	-9.633202868708501e-05	-0.0002520278782327523	-0.0037279537117573813	0.0010922924315255322	-0.00033001154345058126
0.00040267792782455736	0.0005589292210270713	-0.02017959255359747	0.00040294316777300665	-0.0005016654764626871	-0.003540725513084375	-0.0002807143587391092	0.0005437200503546347
-0.0011575570611126462	0.0001844728236821691	-0.019243451560235325	-0.000720426024261478	-0.0011881688715951189	-0.0038527725108716826	-0.0009048083543143903	-0.0004548303425653266
-9.659726863486817e-05	0.0004965198214694766	-0.017558397772182932	0.00040294316777300665	-0.0004392560769050924	-0.0013563965285725565	-0.00040553315785429866	0.0004189012512398893
0.00040267792782455736	-0.00012757417410580452	-0.016247800381475663	-0.0009700636224918568	-0.0012505782711522695	-0.003353497314412479	-0.0021529963454640644	-0.0006420585412376667
0.0006523155260547142	0.0003092916227971365	-0.014437927794308525	-0.0005956072251467326	-6.479967956019017e-05	-0.0011067589303423997	-0.00246504334325115	0.0004189012512398893
-0.0016568322575725158	-0.00037721177233529524	-0.01387624319829106	-0.000533197825589582	-0.0012505782711522695	-0.001918081124590021	-0.0012168553521019199	-0.0007044679407948173
-0.00040864426642261975	0.00043411042191188187	-0.014063471396963623	0.00027812436865803924	-0.0004392560769050924	-0.0004826649347677847	-0.00021830495918195858	0.0004189012512398893
-0.0009079194628824894	-0.00018998357366251106	-0.013751424399176315	-0.0015317482185090991	-0.001562625268939799	-0.001918081124590021	-0.0010920365529862863	-0.0006420585412376667
-0.00015900666819335108	0.0002468822232395418	-0.013689014999618943	-0.0006580166247043273	-0.0008761218738073673	-0.001918081124590021	-0.00034312375829714803	0.0004189012512398893
-0.0019688792553600454	-6.51647745477657e-05	-0.01468756539253846	-0.0008452448233766674	-0.001375397070267459	0.0005158854581523986	-0.0014664929503320767	-0.0004548303425653266
0.00021544972915221727	0.0003092916227971365	-0.01518684058899833	-0.000533197825589582	-0.00037684667734749766	-0.0019804905241469495	-0.0012168553521019199	0.0005437200503546347
-0.0007206912642101493	-0.0002523929732201058	-0.016060572182803323	-0.0005956072251467326	-0.0013129876707103083	-0.003415906713970074	-0.0014664929503320767	-0.0005172397421229213
0.00021544972915221727	5.965402456675761e-05	-0.01581093458457339	-0.0002835602273594251	-0.0008761218738073673	-0.003790363111314532	-0.000967217753871985	0.00029408245212469986
0.00021544972915221727	-0.00018998357366251106	-0.015623706385900826	-0.0008452448233766674	-0.0010633500724799294	-0.002916631517509982	-0.0019657681467915022	-0.0006420585412376667
0.0004650873273821521	0.00012206342412457438	-0.015623706385900826	-0.00015874142824467974	-0.0006264842755778766	-0.002916631517509982	-0.0015289023498896714	0.00023167305256710513
-0.0010327382619976788	-0.0003148023727777005	-0.01568611578545842	-0.0008452448233766674	-0.0014378064698250537	-0.0028542221179521654	-0.0017785399481191622	-0.0006420585412376667
0.00034026852826696263	0.000621338620584666	-0.01468756539253846	-3.392262912949029e-05	-0.0005640748760202818	-0.0014188059281301513	-0.0002807143587391092	0.0006685388494696021
-0.0013447852597854304	-6.51647745477657e-05	-0.01518684058899833	-0.0010324730220490075	-0.0014378064698250537	-0.001918081124590021	-0.001404083550774038	-0.0004548303425653266
-0.004153208239872086	-0.0006268493705656741	-0.017308760173952997	-0.002405479812313427	-0.0021243098649574854	-0.003353497314412479	-0.0022778151445788097	0.0001692636530095104
-0.009395597802701383	-0.001250943366140067	-0.0208660959487299	-0.003029573807888708	-0.0037469542534518396	-0.0047265041046768985	-0.004399734729533478	-0.0005796491416796279
-0.00789777221332133	-0.0013757621652548124	-0.021615008743419706	-0.0030919832074463027	-0.0035597260547794995	-0.005225779301136768	-0.004524553528648889	0.00010685425345235977
-0.00752331581597665	-0.0013757621652548124	-0.0208660959487299	-0.003216802006561492	-0.003497316655222349	-0.006286739093614102	-0.005148647524223504	-0.0005172397421229213
-0.006711993621729251	-0.0008140775692377922	-0.02017959255359747	-0.0020934328145267855	-0.0027484038605323224	-0.006037101495384167	-0.00477419112687838	0.00048131065079703994
-0.005775852628366662	-0.0008764869687949428	-0.0188689951628902	-0.0022806610131991256	-0.002810813260089917	-0.006349148493171253	-0.004711781727321229	-0.00026760214389298653
-0.003903570641642151	-0.0011885339665824723	-0.018619357564660266	-0.002031023414969191	-0.0026859944609747277	-0.0057874638971540104	-0.003962868932631203	0.0003564918516822946
-0.0044652552376593935	-0.0007516681696801975	-0.017808035370412867	-0.0016565670176242886	-0.0029356320592046625	-0.004164819508659212	-0.0034011843366135164	-0.0003924209430077319
-0.0019688792553600454	-0.0005020305714500406	-0.013813833798733688	-0.0018437952162966287	-0.002186719264514636	-0.0038527725108716826	-0.0025274527428091886	0.00023167305256710513
-0.0005334630655373651	-0.00043962117189288996	-0.014437927794308525	-0.0015317482185090991	-0.0016250346684978378	-0.0034783161135267804	-0.002028177546349097	-0.0003924209430077319
0.0004650873273821521	-0.00018998357366251106	-0.013439377401388786	-0.000907654222933818	-0.0011257594720379682	-0.002729403318837198	-0.0010920365529862863	0.0003564918516822946
2.82215304794331e-05	-0.00012757417410580452	-0.011941551812009399	-0.0008452448233766674	-0.0008137124742506607	-0.0026045845197220086	-0.0007175801556416062	-0.0002051927443353918
0.0007147249256123089	-6.51647745477657e-05	-0.011317457816434118	2.8486770428104435e-05	-0.0002520278782327523	-0.0024173563210501126	-0.0004679425574118934	0.00048131065079703994
0.004459288899061553	0.0006837480201422608	-0.007260846845197788	0.0010894465629052164	0.0011833883115892618	-0.0002954367360947785	0.0014043394293128397	-1.796454566282968e-05
0.006643617883573816	0.0006837480201422608	-0.005263746059358088	0.001151855962462811	0.0011209789120325553	0.001264798252841981	0.0025277086213471023	0.00029408245212469986
0.005457839291981514	0.0006837480201422608	-0.004265195666438126	0.0008398089646752815	0.0004968849164568301	0.0018264828488594453	0.0029021650186924486	-0.0005796491416796279
0.007579758876935516	0.001058204417486719	-0.002642551277943328	0.0010894465629052164	0.0014954353093770134	0.002512986243991877	0.0037134872129400698	0.0004189012512398893
0.007954215274281085	0.0009957950179295683	-0.0021432760814836804	0.0015263123598077133	0.0016826635080493535	0.0026378050431064004	0.0039631248111695605	-0.0005796491416796279
0.007018074280918718	0.0009957950179295683	-0.0040155580682081915	0.0017759499580380922	0.0016826635080493535	0.0022633486457619423	0.0035262590142672856	0.0001692636530095104
0.003835194903486716	0.00037170102235428715	-0.005201336659800493	0.0007149901655605362	0.0006217037155724636	0.00039106665903720916	0.00177879582665752	-0.0005796491416796279
0.005457839291981514	0.0011206138170443136	-0.004390014465553316	0.0017135405584800534	0.0018698917067216936	0.0005158854581523986	0.002215661623560017	0.0006685388494696021
0.002836644510566755	0.00037170102235428715	-0.006449524650950167	0.0006525807660033855	0.0006841131151293922	-0.0006074837338825301	0.0009674736324103428	-0.0005172397421229213
0.0008395437247266102	0.0003092916227971365	-0.007822531441214586	0.0004653525673306014	0.0004968849164568301	-0.0012939871290149618	0.00021856083772031631	0.0004189012512398893
9.063093003702782e-05	-0.00012757417410580452	-0.008259397238117305	-0.0002835602273594251	-0.00037684667734749766	-0.0017308529259172367	-0.0002807143587391092	-0.0005796491416796279
0.0015884565194170808	0.0004965198214694766	-0.0069487998474100365	0.0003405337682154119	0.0004968849164568301	-0.0011067589303423997	0.0012795206301980944	0.0006061294499122294
-3.4187869077717536e-05	-6.51647745477657e-05	-0.007323256244754939	-0.0004083790264739484	-0.0004392560769050924	-0.0014188059281301513	0.00021856083772031631	-0.0004548303425653266
9.063093003702782e-05	0.0003092916227971365	-0.006449524650950167	0.0003405337682154119	-6.479967956019017e-05	-0.0003578461356523732	0.0011547018310824608	0.00048131065079703994
-0.0008455100633253387	-6.51647745477657e-05	-0.006699162249180102	-0.0005956072251467326	-0.000751303074693066	-0.0005450743343253794	0.0005306078355080679	-0.00033001154345058126
0.0006523155260547142	0.0004965198214694766	-0.0057006118562605845	-3.392262912949029e-05	6.001911955499928e-05	1.661026169230695e-05	0.001341930029755245	0.0006685388494696021
0.0004650873273821521	0.00043411042191188187	-0.004951699061570114	-3.392262912949029e-05	-0.0001272090791177849	-0.00017061793698003314	0.0010922924315255322	-1.796454566282968e-05
2.82215304794331e-05	0.0005589292210270713	-0.005450974258029984	0.00027812436865803924	0.00018483791866930055	-0.0003578461356523732	0.0009674736324103428	0.0007933576485847915
-0.00047105366598065856	-0.00012757417410580452	-0.006199887052720454	-0.0003459696269167978	-0.0005016654764626871	-0.0012315777294575891	0.0003433796368352837	-0.0003924209430077319
0.0006523155260547142	0.0002468822232395418	-0.006137477653162415	0.00015330556954329388	-2.3902800025954463e-06	-0.0011691683298999944	0.0005930172350656626	0.0006061294499122294
-0.00047105366598065856	-2.755374990615067e-06	-0.006699162249180102	-0.0002835602273594251	-0.0005016654764626871	-0.0015436247272448966	0.00015615143816316568	-0.00026760214389298653
0.00021544972915221727	0.00043411042191188187	-0.006823981048294847	0.00015330556954329388	-0.00018961847867515758	-0.001044349530785249	0.00046819843595047317	0.0006685388494696021
-9.659726863486817e-05	0.0001844728236821691	-0.007011209246967187	-0.0003459696269167978	-0.00037684667734749766	-0.0014188059281301513	3.133263904797623e-05	-0.00014278334477757504
0.00040267792782455736	5.965402456675761e-05	-0.007448075043870128	-0.0003459696269167978	-0.0004392560769050924	-0.001668443526359642	-0.00021830495918195858	0.0003564918516822946
-3.4187869077717536e-05	0.0003092916227971365	-0.006886390447852442	-3.392262912949029e-05	-0.00031443727779056907	-0.0013563965285725565	-0.00021830495918195858	-0.0002051927443353918
0.0004650873273821521	0.0001844728236821691	-0.007011209246967187	0.00015330556954329388	-0.0001272090791177849	-0.0014812153276868578	-9.348616006632504e-05	0.0005437200503546347
-0.000783100663767744	-0.00018998357366251106	-0.007884940840772403	-0.0005956072251467326	-0.0008137124742506607	-0.002105309323262583	-0.000967217753871985	-0.0003924209430077319
-0.004153208239872086	-0.0003148023727777005	-0.009569994628824796	-0.001157291821164197	-0.001562625268939799	-0.0029790409170669108	-0.002215405745021659	0.0004189012512398893
-0.008397047409781422	-0.0011885339665824723	-0.011941551812009399	-0.0025302986114290604	-0.003060450858319408	-0.0045392759060045584	-0.004087687731746392	-0.0003924209430077319
-0.007460906416419055	-0.001250943366140067	-0.011629504814221647	-0.0024678892118710216	-0.0029980414587627013	-0.0045392759060045584	-0.0040252783321887975	0.00029408245212469986
-0.00789777221332133	-0.0014381715648128512	-0.011754323613336393	-0.003029573807888708	-0.003434907255664754	-0.005038551102463984	-0.004586962928206484	-0.0006420585412376667
-0.0067744030212861794	-0.0010013057679105763	-0.010943001419089216	-0.0023430704127567203	-0.0026859944609747277	-0.004664094705119304	-0.003900459533073608	0.0004189012512398893
-0.005963080827039446	-0.0011261245670253217	-0.009445175829709385	-0.0023430704127567203	-0.0025611756618597603	-0.0047265041046768985	-0.0036508219348436732	-0.00033001154345058126
-0.004340436438544648	-0.0010013057679105763	-0.00800975963988737	-0.0016565670176242886	-0.0021243098649574854	-0.0036655443121993425	-0.0025274527428091886	0.0003564918516822946
-0.004527664637216988	-0.0005020305714500406	-0.007884940840772403	-0.0014069294193939097	-0.0021243098649574854	-0.0022301281223777725	-0.0014664929503320767	-0.00033001154345058126
-0.0015320134584573264	-0.0006892587701226027	-0.006761571648737252	-0.0019062046158540014	-0.0017498534676123612	-0.0021677187228197337	-0.0012792647516592925	0.00029408245212469986
-0.00028382546730765235	-0.0003148023727777005	-0.006574343450065356	-0.0014069294193939097	-0.0011881688715951189	-0.0017308529259172367	-0.0009048083543143903	-0.00033001154345058126
-0.00022141606775005762	-0.00037721177233529524	-0.0069487998474100365	-0.0007828354238190727	-0.0010009406729225567	-0.0014188059281301513	-0.0006551707560840114	0.0001692636530095104
-0.00028382546730765235	-0.0003148023727777005	-0.006886390447852442	-0.0007828354238190727	-0.0008137124742506607	-0.0016060341268024914	-0.0008423989547567956	-0.0004548303425653266
0.002150141115434323	0.00012206342412457438	-0.005887840054932925	2.8486770428104435e-05	0.000122428519112594	-0.0014812153276868578	-0.0004679425574118934	0.0003564918516822946
0.004584107698176743	0.00037170102235428715	-0.0035786922713056946	0.0007149901655605362	0.0007465225146869869	-0.00023302733653807195	0.0007802454337375586	-0.00033001154345058126
0.007205302479590614	0.0011830232166014643	-0.0015191820859088434	0.0019007687571526155	0.0018698917067216936	0.0018264828488594453	0.002839755619134854	0.0005437200503546347
0.0056450674906538545	0.000621338620584666	-0.002205685481040831	0.0009022183642328763	0.0008089319142445817	0.0018264828488594453	0.0029645744182495992	-0.0004548303425653266
0.008016624673838235	0.0013078420157170978	-0.0005206316929888821	0.001401493560692968	0.0019323011062792883	0.003137080239566714	0.004025534210727155	0.00048131065079703994
0.007954215274281085	0.0013702514152742484	0.0003530999008163338	0.0015263123598077133	0.001807482307164543	0.0030746708400091194	0.004587218806744842	-0.0003924209430077319
0.006581208484016221	0.0009957950179295683	-0.0011447256885637191	0.0015263123598077133	0.0017450729076069482	0.0022633486457619423	0.004025534210727155	0.0003564918516822946
0.004521698298618704	0.001058204417486719	-0.0032042358739607923	0.0012766747615780005	0.001370616510261824	0.0011399794537272356	0.003463849614709913	-0.00026760214389298653
0.0041472419012738015	0.0007461574196989673	-0.004390014465553316	0.001401493560692968	0.0013082071107044513	0.0009527512550542294	0.003463849614709913	0.00029408245212469986
0.0012764095216297733	0.00037170102235428715	-0.005763021255817735	0.00040294316777300665	0.00018483791866930055	7.901966124990167e-05	0.002402889822232801	-0.0004548303425653266
0.0009019531242842049	0.0006837480201422608	-0.007198437445640193	0.00027812436865803924	0.0002472473182268953	-0.0001082085374228825	0.0020908428244452715	0.0006685388494696021
-3.4187869077717536e-05	0.0001844728236821691	-0.006823981048294847	-0.00047078842603198723	-0.0005016654764626871	-0.0005450743343253794	0.0009050642328531922	-0.00033001154345058126
0.0007147249256123089	0.0002468822232395418	-0.006699162249180102	-0.00015874142824467974	-2.3902800025954463e-06	-0.0009195307316700596	0.0014667488288704345	0.0004189012512398893
0.00021544972915221727	0.0005589292210270713	-0.006574343450065356	0.00040294316777300665	0.000122428519112594	-0.0004826649347677847	0.0011547018310824608	-8.037394521998031e-05
0.0007771343251699037	0.0004965198214694766	-0.006823981048294847	0.0002157149691008886	0.00030965671778449	-0.0007947119325548702	0.0012171112306404996	0.0006685388494696021
2.82215304794331e-05	5.965402456675761e-05	-0.006574343450065356	-0.0002835602273594251	-0.00031443727779056907	-0.0011067589303423997	0.0006554266346228133	-0.0004548303425653266
0.0013388189211867019	0.0008085668192570061	-0.006075068253605265	0.0003405337682154119	0.0006217037155724636	-0.0005450743343253794	0.0016539770275423304	0.0008557670481419422
9.063093003702782e-05	0.0001844728236821691	-0.005950249454490075	-0.00015874142824467974	-6.479967956019017e-05	-0.0007323025329977195	0.0012795206301980944	-0.00014278334477757504
0.00015304032959462255	0.0008709762188143788	-0.005263746059358088	0.0007149901655605362	0.0002472473182268953	1.661026169230695e-05	0.0023404804226752063	0.0010429952468147263
-0.00034623486686524707	0.00043411042191188187	-0.004826880262455369	-0.0002835602273594251	-0.0002520278782327523	-0.0005450743343253794	0.001966024025330304	0.00010685425345235977
0.0009019531242842049	0.00043411042191188187	-0.004889289662013185	-0.0003459696269167978	0.0002472473182268953	-0.0008571213321124649	0.002215661623560017	0.0006685388494696021
-0.0006582818646529986	0.00037170102235428715	-0.005263746059358088	2.8486770428104435e-05	-0.00018961847867515758	-0.0006074837338825301	0.0020908428244452715	0.00010685425345235977
0.00015304032959462255	0.0008085668192570061	-0.005263746059358088	0.000527761966887752	0.0004968849164568301	0.00039106665903720916	0.0024652992217903957	0.001105404646372321
0.00034026852826696263	0.0009957950179295683	-0.004826880262455369	0.00040294316777300665	0.0004968849164568301	0.0013896170519571704	0.0019036146257727093	0.00048131065079703994
0.0016508659189742314	0.0006837480201422608	-0.003953148668650597	-0.0004083790264739484	0.0006841131151293922	0.004759724628061512	3.133263904797623e-05	0.0009805858472571316
0.0013388189211867019	0.0004965198214694766	-0.0040155580682081915	2.8486770428104435e-05	0.0006217037155724636	0.0005782948577099933	0.000717836034180408	4.4444853894765046e-05
9.063093003702782e-05	0.0007461574196989673	-0.004140376867323381	0.0013390841611353732	0.00043447551689967945	0.0013896170519571704	0.0014667488288704345	0.0009805858472571316
-0.0017816510566872612	-6.51647745477657e-05	-0.005263746059358088	-0.0005956072251467326	-0.0008137124742506607	1.661026169230695e-05	0.00040578903639332253	-0.0002051927443353918
-0.004090798840314047	-0.00012757417410580452	-0.007448075043870128	-0.0015941576180666939	-0.0012505782711522695	-0.0014812153276868578	-0.0005303519569694881	0.0007933576485847915
-0.007336087617303644	-0.0006892587701226027	-0.00950758522926698	-0.002592708010986211	-0.002623585061417355	-0.0031038597161821	-0.0005927613565268608	-8.037394521998031e-05
-0.007648134615090951	-0.0006892587701226027	-0.010006860425726849	-0.0022806610131991256	-0.0024987662623021656	-0.0027918127183945707	-0.0017161305485615674	0.0006685388494696021
-0.007960181612878925	-0.0007516681696801975	-0.011379867215991712	-0.0023430704127567203	-0.002810813260089917	-0.0032910879148544403	-0.002215405745021659	-1.796454566282968e-05
-0.005963080827039446	-0.0005644399710076353	-0.010755773220416653	-0.002155842214083936	-0.00199949106584274	-0.003166269115739695	-0.00246504334325115	0.0009181764476995369
-0.0055262150301369495	-0.0005020305714500406	-0.009008310032806888	-0.001968614015411596	-0.0021243098649574854	-0.002916631517509982	-0.002402633943693999	4.4444853894765046e-05
-0.0038411612420845564	-0.0003148023727777005	-0.0073856656443125335	-0.001344520019836759	-0.001562625268939799	-0.0024173563210501126	-0.0016537211490039727	0.0009181764476995369
-0.0025929732509346604	-0.0002523929732201058	-0.006387115251392794	-0.001344520019836759	-0.0014378064698250537	-0.0019804905241469495	-0.001404083550774038	-1.796454566282968e-05
-0.00022141606775005762	-0.00018998357366251106	-0.005825430655374886	-0.000907654222933818	-0.000938531273364962	-0.0011691683298999944	-0.0005927613565268608	0.00048131065079703994
-0.00015900666819335108	0.0003092916227971365	-0.004951699061570114	-0.00047078842603198723	-0.0006264842755778766	-0.00042025553520996795	9.374203860557095e-05	4.4444853894765046e-05
0.0009643625238417997	0.000621338620584666	-0.004202786266880532	9.089616998569916e-05	0.00018483791866930055	1.661026169230695e-05	0.001341930029755245	0.0010429952468147263
0.0005274967269395248	0.00043411042191188187	-0.004265195666438126	-0.0003459696269167978	-0.00018961847867515758	-4.5799137865287776e-05	0.0016539770275423304	0.0001692636530095104
0.002399778713664258	0.0009333856183719735	-0.0035162828717481	0.00040294316777300665	0.0005592943160142028	0.0008279324559394841	0.003463849614709913	0.0009805858472571316
0.004896154695963828	0.001058204417486719	-0.0010823162890061244	0.000964627763790471	0.0010585695124745165	0.0016392546501871053	0.009018286175326518	0.00010685425345235977
0.007642168276493555	0.0014950702143894379	0.0009771938963911708	0.0017759499580380922	0.0023067575036246346	0.0025753956435490277	0.007520460585946465	0.0009805858472571316
0.007080483680475869	0.0013078420157170978	0.001164422095063511	0.0015263123598077133	0.0021195293049516284	0.002076120447089602	0.0067091383916992875	0.00010685425345235977
0.009264812664988353	0.00186952661173434	0.0019133348897535374	0.002836909750514982	0.003305307896544596	0.003386717837796649	0.0073332323872739025	0.0011678140459294717
0.008391081071183137	0.0019943454108495295	0.0017261066910811973	0.003024137949187322	0.002868442099641433	0.0038859930342567406	0.007458051186389536	0.0001692636530095104
0.007080483680475869	0.002056754810406236	0.0009771938963911708	0.002462453353170524	0.0027436233005264654	0.0034491272373540216	0.0067091383916992875	0.0012302234454870664
0.005020973495078573	0.001245432616159503	-0.0009574974898913791	0.0010270371633476216	0.0016826635080493535	0.00188889224841704	0.004961675204089522	0.0001692636530095104
0.005333020492866325	0.001682298413061778	-0.0018312290836957068	0.002025587556267805	0.0021195293049516284	0.0028874426413367793	0.005398541000992019	0.0012302234454870664
0.0010267719233993944	0.0007461574196989673	-0.003703511070420884	0.0005901713664453467	0.0004968849164568301	0.001264798252841981	0.0033390308155947235	-8.037394521998031e-05
0.0014636377203023354	0.0008085668192570061	-0.003890739269093224	0.0006525807660033855	0.0009337507133597711	0.0004534760585948039	0.002590118020905141	0.0007933576485847915
0.001962912916761761	0.0009333856183719735	-0.002892188876173263	0.0008398089646752815	0.0011209789120325553	0.00039106665903720916	0.0024652992217903957	0.0004189012512398893
0.001775684718089865	0.001058204417486719	-0.0032042358739607923	0.001151855962462811	0.0011209789120325553	0.000640704257267144	0.0029645744182495992	0.0010429952468147263
0.00015304032959462255	0.0007461574196989673	-0.003890739269093224	0.0007149901655605362	0.00030965671778449	0.0007031136568251828	0.0029645744182495992	0.0001692636530095104
0.00034026852826696263	0.0004965198214694766	-0.003453873472190061	2.8486770428104435e-05	0.00018483791866930055	0.0004534760585948039	0.0027149368200201085	0.0007309482490271968
0.00040267792782455736	0.0006837480201422608	-0.0027049606775009227	-0.00015874142824467974	6.001911955499928e-05	0.000640704257267144	0.0026525274204625138	0.00010685425345235977
0.000277859128709812	0.0006837480201422608	-0.002392913679713393	0.0002157149691008886	0.0002472473182268953	0.0005158854581523986	0.0027149368200201085	0.0007933576485847915
-3.4187869077717536e-05	0.0008085668192570061	-0.003079417074845603	0.00040294316777300665	0.0002472473182268953	0.0008279324559394841	0.0029645744182495992	0.00023167305256710513
0.00015304032959462255	0.00043411042191188187	-0.005014108461127709	0.00015330556954329388	6.001911955499928e-05	0.0003286572594798365	0.002590118020905141	0.0007933576485847915
9.063093003702782e-05	0.0006837480201422608	-0.004202786266880532	9.089616998569916e-05	6.001911955499928e-05	7.901966124990167e-05	0.002153252224002422	0.00023167305256710513
0.0011515907225141397	0.0009333856183719735	-0.0040155580682081915	0.0007149901655605362	0.0008089319142445817	0.0003286572594798365	0.0023404804226752063	0.0010429952468147263
0.000277859128709812	0.0008085668192570061	-0.003890739269093224	0.0003405337682154119	0.00030965671778449	-0.00017061793698003314	0.0016539770275423304	0.0004189012512398893
