Sensor_1	Sensor_2	Sensor_3	Sensor_4	Sensor_5	Sensor_6	Sensor_7	Sensor_8
0.0043109854428928784	0.0003761008850231562	0.0020774653696498113	0.0009818621194781496	0.0010254582055388983	0.0001303295490959755	0.001936619836728104	-0.0007091892118709087
0.002126656458380838	0.0005009196841383456	0.0008292773784999152	0.0006074057221334694	0.0007758206073089635	-0.0008058114442663911	0.0010004788433661815	0.00028936118104860853
0.0005040120698864836	1.6444876782539808e-06	-0.00010686361486200724	-7.909767299896231e-05	-0.00016032038605295895	-0.0016795430380707188	1.928450445998209e-06	-0.0005843704127566074
0.0010032872663463532	0.00025128208590796675	-0.0002316824139771967	0.00023294932478834518	0.00027654541084887185	-0.0014299054398414501	0.0003139754482337498	0.0002269517814910138
-0.0003073101243606935	1.6444876782539808e-06	-0.0008557764095520337	-0.00014150707255655703	-0.00047236738384071053	-0.0015547242389564175	-0.00031011854734064315	-0.0005843704127566074
0.00125292486457651	0.0001888726863508161	-0.0009181858091096284	-0.0002663258716717465	8.931721217653177e-05	-0.004175919020370733	-0.00012289034866874715	0.00028936118104860853
0.0005040120698864836	-6.076491187956279e-05	-0.0013550516060121254	-0.0002663258716717465	-0.0004099579842831158	-0.005673744609750786	-0.0008093937438011789	-0.0005219610131990127
0.0006912402685583796	0.00031369148546556147	-0.001604689204241616	0.0004825869230187241	0.00021413601129172122	-0.00498724121461791	-0.00037252794689912605	0.0004765893797209486
-0.0003697195239191764	-0.00031040251010883146	-0.0023536019989320867	-0.00039114467078604775	-0.0005971861829554559	-0.005860972808422682	-0.0011214407415887084	-0.0006467798123142021
0.0006912402685583796	0.0006257384832526469	-0.002291192599374492	0.0004825869230187241	0.0001517266117336824	-0.005049650614175505	-0.0004349373464562767	0.0004765893797209486
-0.0012434511177235041	-0.0003728119096664262	-0.0036017899900817607	-0.0010152386663613289	-0.0013460989776459265	-0.006360248004882774	-0.0018703535362782908	-0.0007091892118709087
-0.000868994720378824	-0.0002479931105521249	-0.003976246387426441	-0.0009528292668037341	-0.001221280178530515	-0.007483617196917924	-0.0019327629358358855	-2.2685816738921005e-05
-0.0016179075150679623	-0.00031040251010883146	-0.00497479678034618	-0.0007656010681313941	-0.001658145975433012	-0.008045301792934723	-0.0023696287327383825	-0.0007091892118709087
-0.0017427263141831517	-6.076491187956279e-05	-0.00641021297016886	-0.0008904198672461394	-0.002032602372778136	-0.010229630777447207	-0.002931313328755847	0.00016454238193341908
-0.003115733104448015	-0.0003728119096664262	-0.008469723155565712	-0.0018889702601661007	-0.0032183809643706596	-0.014099013550011197	-0.004179501319905521	-0.0007091892118709087
-0.0026164579079879235	6.40538872358487e-05	-0.010529233340963007	-0.0015145138628214205	-0.003343199763484961	-0.01977826890974277	-0.005427689311055417	0.0002269517814910138
-0.0026788673075455183	-0.0003728119096664262	-0.014211387914854656	-0.003324386449988559	-0.004404159555962517	-0.03363315561150548	-0.00798647469291236	-0.0007715986114289475
0.0011281060654608766	1.6444876782539808e-06	-0.017581495490958998	-0.002263426657511447	-0.003343199763484961	-0.04580298852521558	-0.009047434485389472	0.0002269517814910138
0.0005664214694440783	-0.00012317431143693547	-0.02126365006485087	-0.00182656086060895	-0.0036552467612727124	-0.050046827695124696	-0.01048285067521193	-0.0005219610131990127
-0.0007441759212631904	-0.0002479931105521249	-0.025008214038300114	-0.0022010172579538523	-0.003530427962157745	-0.05647499584954585	-0.012105495063706728	0.0002269517814910138
-0.006485840680551913	-0.0012465435034716421	-0.0316860197909512	-0.003261977050430964	-0.004965844151979759	-0.05285525067521202	-0.014102595849546207	-0.0006467798123142021
-0.006548250080109508	-0.0009969059052412632	-0.030999516395818993	-0.0033867958495461536	-0.0050906629510947266	-0.04867382090485983	-0.014165005249103801	0.00016454238193341908
-0.007297162874799978	-0.001683409300374139	-0.029688919005111725	-0.005009440238040952	-0.005340300549324661	-0.04623985432211786	-0.014289824048218325	-0.0006467798123142021
-0.009044626062409522	-0.0012465435034716421	-0.028440731013961607	-0.0036364334477756444	-0.005215481750210138	-0.03750253838406947	-0.0129792266575115	0.0002269517814910138
-0.008420532066834685	-0.0016209999008165443	-0.024571348241397617	-0.004947030838482913	-0.0054027099488827	-0.03413243080796513	-0.011356582269016702	-0.0007091892118709087
-0.010230404654001601	-0.0013089529030287927	-0.01945377747768373	-0.0031371582513157747	-0.005153072350652321	-0.018155624521248415	-0.009733937880522348	-8.509521629651573e-05
-0.009918357656214294	-0.0014337717021439822	-0.01726944849317147	-0.005259077836270221	-0.005839575745784531	-0.00941830858320003	-0.009858756679636649	-0.0010212362096588823
-0.003552598901350734	-0.0008720871061265179	-0.011715011932555086	-0.005196668436713292	-0.003967293759059798	-0.011040952971694384	-0.007487199496452712	-8.509521629651573e-05
-0.0011810417181659094	-0.0009344965056841126	-0.007658400961318534	-0.0035740240482180496	-0.00309356216525547	-0.010354449576561953	-0.00661346790264794	-0.0009588268101012876
-0.0004945383230334777	-0.00012317431143693547	-0.006722259967956168	-0.0011400574654765183	-0.0017205553749906066	-0.0038638720225832035	-0.005053232913710293	0.00016454238193341908
-0.0034901895017931395	-0.0004976307087816156	-0.006722259967956168	-0.0018889702601661007	-0.0027815151674677185	-0.0049248318150607595	-0.0053028705119402275	-0.0007715986114289475
-0.0003073101243606935	6.40538872358487e-05	-0.005723709575036207	-0.0011400574654765183	-0.001221280178530515	-0.003926281422141242	-0.004054682520790331	0.00028936118104860853
0.00025437447165632676	-0.0002479931105521249	-0.008407313756008117	-0.002263426657511447	-0.001408508377203077	-0.004051100221255544	-0.0046787765163651684	-0.0007091892118709087
0.0031876162508579498	0.0005009196841383456	-0.009343454749370483	-0.0008904198672461394	-0.001034051979858619	-0.003302187426565961	-0.002931313328755847	0.00010213298237582435
0.0051223076371405	0.0010001948805979932	-0.010217186343175255	-0.0002663258716717465	-0.0003475485847257431	-0.0043007378194859225	-0.0021199911345082256	-0.0006467798123142021
0.006932180224307638	0.0008753760814832479	-0.011590193133440119	0.0002953587243459399	0.0005885924086366234	-0.007670845395590042	-0.0023072193331807878	3.972358281822963e-05
0.00761868361944007	0.0008129666819256531	-0.011340555535210184	0.0007322245212482148	0.0005261830090790287	-0.011477818768597103	-0.002494447531853128	-0.0008340080109860981
0.006994589623864789	0.0010626042801551439	-0.011402964934767779	0.001980412512397889	0.0009006394064245971	-0.009168670984969873	-0.0023696287327383825	-2.2685816738921005e-05
0.005871220431830082	0.0007505572823680584	-0.012339105928129923	0.0006698151216906201	0.0005261830090790287	-0.007858073594262827	-0.0032433603265435984	-0.0005843704127566074
0.006058448630502422	0.0011874230792707774	-0.01127814613565259	0.00035776812390309054	0.00033895481040624453	-0.003302187426565961	-0.0032433603265435984	0.0004141799801633539
0.0034372538490881066	0.0003761008850231562	-0.010342005142290445	-0.0006407822690166487	-0.0008468237811858348	-0.0007434020447092404	-0.0038674543221179913	-0.0007715986114289475
-0.0001200819256887975	0.00031369148546556147	-0.011153327336537622	-0.0010776480659184795	-0.0011588707789729202	0.0008168329442279632	-0.0053028705119402275	0.0002269517814910138
-0.00043212892347588294	0.00031369148546556147	-0.011340555535210184	-0.0013272856641488584	-0.0013460989776459265	0.004935853315022554	-0.005178051712825038	-0.0003971422140842673
-0.0001200819256887975	0.0001888726863508161	-0.011340555535210184	-0.0017641514610513553	-0.001658145975433012	0.0024394773327225394	-0.005240461112383077	0.0002269517814910138
-0.0007441759212631904	1.6444876782539808e-06	-0.011215736736094994	-0.00201378905928129	-0.0019701929732203194	0.0011288799420157147	-0.00549009871061279	-0.0005843704127566074
-0.0005569477225910724	0.00025128208590796675	-0.012027058930342394	-0.0008904198672461394	-0.0013460989776459265	0.008430779690242085	-0.005427689311055417	0.0002269517814910138
0.0006288308690007849	1.6444876782539808e-06	-0.012276696528572328	-0.0015769232623785712	-0.0014709177767602277	-0.0003065362478067435	-0.005053232913710293	-0.00045955161364186203
0.001065696665903948	0.00012646328679322139	-0.012339105928129923	-0.0007031916685742434	-0.0009092331807429854	-0.006672295002670747	-0.004491548317692606	0.00016454238193341908
-5.767252613120277e-05	-0.0003728119096664262	-0.012089468329899988	-0.00039114467078604775	-0.0015957365758754172	-0.0066098856031127085	-0.004866004715037953	-0.0007715986114289475
-0.0007441759212631904	-6.076491187956279e-05	-0.012027058930342394	-0.0002663258716717465	-0.0012836895780878876	-0.004363147219043073	-0.0046787765163651684	0.00016454238193341908
0.0005664214694440783	0.00012646328679322139	-0.010841280338750314	-0.0014521044632638258	-0.001034051979858619	-0.006921932600900238	-0.004803595315480802	-0.0003971422140842673
0.0005664214694440783	0.00025128208590796675	-0.01027959574273285	-0.00014150707255655703	-0.0009716425803010242	-0.0016795430380707188	-0.004241910719463116	0.00035177058060575916
-0.0018051357137407464	1.6444876782539808e-06	-0.008781770153353241	-0.0014521044632638258	-0.001658145975433012	0.0002551483482109429	-0.004616367116807796	-0.00045955161364186203
-0.0014306793163960663	1.6444876782539808e-06	-0.00809526675822081	-0.0011400574654765183	-0.0015333271763182665	0.0026891149309529183	-0.003992273121232737	0.00028936118104860853
-0.0003073101243606935	1.6444876782539808e-06	-0.006659850568398573	-0.001389695063706231	-0.001221280178530515	0.0006296047455556231	-0.004117091920347926	-0.00045955161364186203
0.0008160590676735691	0.00012646328679322139	-0.006535031769283384	-0.0011400574654765183	-0.0005971861829554559	5.510749980786045e-06	-0.0032433603265435984	0.00035177058060575916
-0.0014306793163960663	1.6444876782539808e-06	-0.006659850568398573	-0.0005783728694586099	-0.0015957365758754172	0.0006920141451132178	-0.0032433603265435984	-0.00045955161364186203
0.00031678387121369944	0.00031369148546556147	-0.0065974411688412005	-0.0005159634699014592	-0.0007844143816282401	0.00019273894865334817	-0.002681675730525468	0.0004141799801633539
-0.0008065853208207852	-0.00012317431143693547	-0.007283944563973632	-0.0011400574654765183	-0.0012836895780878876	-0.00124267724116911	-0.003305769726100749	-0.0005843704127566074
-0.0022420015106432434	-6.076491187956279e-05	-0.008656951354238052	-0.0012648762645912637	-0.0014709177767602277	-0.002927731029221059	-0.004179501319905521	0.0004765893797209486
-0.00817089446860475	-0.0013089529030287927	-0.012713562325474825	-0.003324386449988559	-0.0037800655603874578	-0.006547476203555114	-0.007674427695124608	-0.0006467798123142021
-0.007421981673914724	-0.0011217247043568968	-0.013088018722819728	-0.0025754736552980884	-0.0032183809643706596	-0.0064226574044408125	-0.00792406529335521	0.00016454238193341908
-0.007858847470816777	-0.0014337717021439822	-0.01327524692149229	-0.0034492052491037484	-0.0035928373617151177	-0.007858073594262827	-0.00829852169069989	-0.0007091892118709087
-0.008732579064621993	-0.0013089529030287927	-0.012838381124589793	-0.002637883054855683	-0.0034680185625999282	-0.0064226574044408125	-0.00798647469291236	0.00016454238193341908
-0.008233303868162345	-0.0013089529030287927	-0.011652602532997491	-0.00307474885175818	-0.003530427962157745	-0.006360248004882774	-0.007736837094682203	-0.0005219610131990127
-0.006111384283207677	-0.0011217247043568968	-0.01046682394140519	-0.0027627018539708725	-0.0029687433661402807	-0.005860972808422682	-0.0069879242999926205	0.00016454238193341908
-0.0057993372854199254	-0.001059315304799302	-0.008906588952468208	-0.002700292454413722	-0.0032183809643706596	-0.004487966018158263	-0.006675877302204647	-0.0007091892118709087
-0.0030533237048908646	-0.000622449507896361	-0.006971897566185659	-0.0019513796597236954	-0.0021574211718931036	-0.002927731029221059	-0.005178051712825038	0.00010213298237582435
-0.0026164579079879235	-0.0003728119096664262	-0.006285394171053671	-0.0015769232623785712	-0.001845374174105796	-0.0019291806363010977	-0.004491548317692606	-0.0005219610131990127
-0.0007441759212631904	-0.00012317431143693547	-0.006098165972381331	-0.0014521044632638258	-0.001221280178530515	-0.0024284558327616335	-0.003992273121232737	0.0002269517814910138
-0.0011186323186083147	-0.0002479931105521249	-0.006847078767070469	-0.0014521044632638258	-0.001408508377203077	-0.002740502830548275	-0.004179501319905521	-0.00045955161364186203
-0.0005569477225910724	-0.0001855837109940861	-0.007658400961318534	-0.001202466865033669	-0.0012836895780878876	-0.0031773686274507718	-0.003992273121232737	0.00010213298237582435
0.001689790661478341	-6.076491187956279e-05	-0.006535031769283384	-0.0008904198672461394	-0.0005347767833985273	-0.00355182502479634	-0.0030561321278710363	-0.0007091892118709087
0.00518471703669765	0.0007505572823680584	-0.00497479678034618	0.0008570433203629602	0.0009630488059813036	-0.0008682208438239858	-0.0010590313420311137	0.00016454238193341908
0.007056999023422383	0.0009377854810403985	-0.00391383698786929	0.0010442715190355223	0.0013999146028842446	-0.0018043618371863523	-0.00012289034866874715	-0.0005843704127566074
