Sensor_1	Sensor_2	Sensor_3	Sensor_4	Sensor_5	Sensor_6	Sensor_7	Sensor_8
0.0001598023880369226	-4.046001373292363e-05	-0.001720190280002809	8.075152208730785e-05	-0.00019531645685533228	-0.0026448479438472283	2.268581673625647e-06	0.0003071384985122716
-0.0005267010070959532	-0.00016527881284789103	-0.0017825996795601817	-0.00023129547569999964	-0.0005073634546424177	-0.0029568949416338697	-0.00037218781567127657	-0.0004417742961773108
0.0007214869840543869	0.0005836339818419134	-0.0013457338826581289	0.0005800267185471775	0.0003039587396047594	-0.002520029144732039	0.00043913437857590054	0.0007440042954149906
-0.00027706340886557435	0.00020917758449701118	-0.0015953714808880637	0.00014316092164490257	-0.00019531645685533228	-0.0029568949416338697	-0.00012255021744134176	-0.00012972729839022534
0.0005342587853816028	0.00020917758449701118	-0.0018450090791184426	0.0002055703212020532	-7.049765774014283e-05	-0.0032065325398640265	2.268581673625647e-06	0.00043195729762746105
0.0001598023880369226	0.0003964057831689072	-0.0015953714808880637	0.00026797972075964793	-0.00013290705729773755	-0.0032065325398640265	6.467798123166446e-05	-0.00012972729839022534
0.0006590775844967922	0.000458815182726946	-0.0019074184786755932	0.0004552079194324321	0.00011673054093219726	-0.0032689419394216213	0.00018949678034640982	0.0007440042954149906
0.0001598023880369226	0.00033399638361220063	-0.001969827878232966	0.0002055703212020532	-0.0002577258564120388	-0.003331351338979438	-0.00012255021744134176	-0.00012972729839022534
0.0005342587853816028	0.00014676818493941646	-0.0024691030746932796	0.00014316092164490257	-0.00013290705729773755	-0.003705807736323896	-6.014081788374703e-05	0.0005567760967422064
-0.0004018822079803197	2.1949385824227008e-05	-0.0027187406729229924	-0.00016888607614240492	-0.0005073634546424177	-0.004517129930571517	-0.0004345972152279831	-0.00031695549706256543
-0.003335123987182387	-0.00022768821240548576	-0.004528613260090131	-0.0006681612726024966	-0.00106904805065966	-0.0059525461203935315	-0.0016827852063785453	0.0005567760967422064
-0.007891010154879252	-0.0007893728084229501	-0.006962579842831662	-0.0019787586633099874	-0.002566873640039269	-0.008012056305791049	-0.003804704791332769	-0.0002545460975049707
-0.006954869161516664	-0.0009766010070957343	-0.007586673838407387	-0.002041168062867138	-0.0026292830395968636	-0.008511331502250696	-0.003867114190890808	0.00043195729762746105
-0.008015828953993553	-0.0014134668039977871	-0.00852281483176931	-0.002665262058442419	-0.0033157864347292954	-0.00957229129472803	-0.00455361758602324	-0.0005665930952927223
-0.00751655375753435	-0.0011638292057678523	-0.009022090028229401	-0.0022283962615397	-0.003003739436941988	-0.009697110093842776	-0.004116751789120077	0.0002447290989548989
-0.00664282216372869	-0.0007893728084229501	-0.008772452429999245	-0.0019787586633099874	-0.0028789206378267984	-0.00988433829251556	-0.003929523590447959	-6.731789883263062e-05
-0.0046457213778892115	-0.00047732581063586466	-0.008897271229114434	-0.0015418928664072684	-0.0022548266422521834	-0.010508432288089953	-0.0033054295948728996	0.0006815948958573959
-0.004208855580987159	-0.0005397352101925712	-0.009146908827344147	-0.0012922552681775556	-0.0024420548409245235	-0.010695660486762737	-0.003055791996643187	-0.00012972729839022534
-0.0025862111924928044	-0.00022768821240548576	-0.009958231021591768	-0.0006681612726024966	-0.002317236041809778	-0.009073016098268383	-0.0022444698023955656	0.0004943666971846117
-0.002211754795147458	-4.046001373292363e-05	-0.011331237811856187	-0.0009802082703900261	-0.0028165112382692037	-0.011881439078355038	-0.001994832204165631	-6.731789883263062e-05
0.00022221178759473936	0.00020917758449701118	-0.012829063401236018	-0.0011050270695047715	-0.0026292830395968636	-0.01880888242923584	-0.001994832204165631	0.0005567760967422064
-8.983521019279017e-05	-4.046001373292363e-05	-0.015512667582207929	-0.0007305706721596472	-0.0028789206378267984	-0.024300909590295516	-0.002369288601510755	-0.00037936489662016015
-0.00033947280842316907	-4.046001373292363e-05	-0.019257231555657395	-0.00023129547569999964	-0.003003739436941988	-0.026235600976577622	-0.0024316980010681277	0.0003071384985122716
0.0037795475623711994	0.0005212245822843187	-0.020255781948577356	0.00026797972075964793	-0.002566873640039269	-0.03060425894560148	-0.0012459194094760484	-0.00031695549706256543
0.007212064538032914	0.001270137376974123	-0.021566379339284403	0.0012665301136796092	-0.001505913847562601	-0.03409918532082079	0.00025190617990400455	0.0006815948958573959
0.007274473937590953	0.0008956809796294429	-0.023813117723354038	0.0008296643167771123	-0.0016307326466769023	-0.037032427100022636	-0.000497006614786466	-0.00019213669794782007
0.008897118326085751	0.0014573655756469073	-0.02449962111848647	0.0018906241092544462	-0.0006945916533152019	-0.03721965529869542	0.0006263625772486847	0.0005567760967422064
0.008834708926527712	0.0011453185778593777	-0.026434312504768576	0.0022026711070415317	-0.0008194104524297252	-0.03285099732967156	0.0012504565728239658	-0.0005041836957349055
0.00939639352254562	0.0014573655756469073	-0.02581021850919374	0.0017033959105821062	-0.000444954055084823	-0.0351601451132979	0.0014376847714958618	0.0005567760967422064
0.005714238948653305	0.0008956809796294429	-0.023937936522468783	0.0012041207141220145	-0.0013810950484471896	-0.03391195712214823	-0.00037218781567127657	-0.0002545460975049707
0.005589420149538782	0.001082909178301339	-0.02181601693751456	0.0018906241092544462	-0.00038254465552722827	-0.026797285572594642	0.0008135907759208028	0.00043195729762746105
0.002593768970779342	0.00033399638361220063	-0.02031819134813473	0.00026797972075964793	-0.001505913847562601	-0.022366218204012744	0.00025190617990400455	-0.0004417742961773108
0.0022817219729915905	0.0006460433813995081	-0.017634587167162596	0.00014316092164490257	-0.0011938668497752936	-0.015313956054016753	0.00025190617990400455	0.0005567760967422064
0.0006590775844967922	8.435878538182173e-05	-0.01351556679636845	-0.00029370487525759437	-0.001505913847562601	-0.01219348607614279	-0.0001849596169984924	-0.0004417742961773108
-0.0006515198062102545	0.0003964057831689072	-0.010145459220264108	0.00033038912031768675	-0.0010066386511025094	-0.00545327092393344	0.0003143155794611552	0.00043195729762746105
-0.0004018822079803197	0.0006460433813995081	-0.008210767833982002	8.075152208730785e-05	-0.0009442292515449147	-0.0003981095597771489	0.0007511813763638742	-6.731789883263062e-05
0.0001598023880369226	0.000458815182726946	-0.007149808041504446	-0.0006681612726024966	-0.0008818198519873199	0.0005380314335847736	0.0006263625772486847	0.0006191854962998011
-0.0007139292057678492	2.1949385824227008e-05	-0.006525714045930053	-0.0011674364690623662	-0.001505913847562601	-0.0008973847562372406	-6.014081788374703e-05	-0.0004417742961773108
-0.0010259762035556008	0.00014676818493941646	-0.007149808041504446	-0.00016888607614240492	-0.0010066386511025094	-0.00027329076066240354	0.0001270873807888151	0.0001823196993973042
-0.0010259762035556008	-0.00016527881284789103	-0.008772452429999245	-0.000792980071717686	-0.0011938668497752936	-0.005141223926146354	-0.0004345972152279831	-0.0005665930952927223
0.001345580979629668	0.000458815182726946	-0.009084499427786996	-0.00016888607614240492	-0.000444954055084823	-0.008261693904020317	2.268581673625647e-06	0.0006191854962998011
-0.0004018822079803197	-4.046001373292363e-05	-0.01020786861982148	-4.406727702765956e-05	-0.0011314574502176988	-0.010570841687647548	-0.0007466442130159567	-0.00031695549706256543
0.0007214869840543869	0.00033399638361220063	-0.01101919081406888	0.0006424361181047722	-0.000444954055084823	-0.010820479285877926	2.268581673625647e-06	0.00043195729762746105
-0.00033947280842316907	-0.00016527881284789103	-0.012766654001678646	-0.0004185236743727838	-0.0014435044480045622	-0.011569392080567509	-0.0006218254139007673	-0.00037936489662016015
0.001532809178301564	0.0003964057831689072	-0.012204969405661181	0.00014316092164490257	-0.0005697728541997904	-0.01013397589074505	0.00025190617990400455	0.0005567760967422064
-0.00021465400930797962	2.1949385824227008e-05	-0.012142560006103587	-0.00016888607614240492	-0.0013186856488895948	-0.009697110093842776	-0.0002473690165560871	-0.00031695549706256543
3.498358892195519e-05	0.00020917758449701118	-0.011768103608758684	0.00014316092164490257	-0.0007570010528721305	-0.008074465705348421	-0.00012255021744134176	0.0004943666971846117
-0.00021465400930797962	-0.00010286941329051835	-0.011643284809643717	-0.0005433424734870851	-0.0011314574502176988	-0.006951096513313493	-0.0001849596169984924	-0.00037936489662016015
0.0007838963836115376	0.0003964057831689072	-0.010707143816281794	-4.406727702765956e-05	-0.0005073634546424177	-0.0047043581292438574	0.0005015437781334953	0.0004943666971846117
-0.002024526596475118	-0.00022768821240548576	-0.011081600213626253	-0.0006057518730451239	-0.0015683232471197517	-0.0026448479438472283	-0.0002473690165560871	-0.00031695549706256543
-0.005519452971694427	-0.0005397352101925712	-0.01301629159990858	-0.0017291210650796085	-0.002566873640039269	-0.004392311131456328	-0.001932422804608036	0.0004943666971846117
-0.009326426344700822	-0.0010390104066526629	-0.016136761577782988	-0.0027276714579991257	-0.004064699229419322	-0.0053284521248191385	-0.003991932990005331	-0.00031695549706256543
-0.007891010154879252	-0.0007269634088653554	-0.01788422476539253	-0.00291489965667191	-0.003627833432516603	-0.0052660427252611	-0.005240120981155227	0.0007440042954149906
-0.007578963157091501	-0.0014758762035553818	-0.020130963149462167	-0.003726221850919087	-0.0045639744258791914	-0.01362890226596436	-0.006051443175402849	-0.0004417742961773108
-0.0073917349584191605	-0.0007269634088653554	-0.022315292133973985	-0.0017291210650796085	-0.0036902428320744196	-0.014315405661096792	-0.005364939780270417	0.0005567760967422064
-0.006954869161516664	-0.0010390104066526629	-0.024249983520256535	-0.0023532150606548896	-0.004376746227206851	-0.01493949965667185	-0.00580180557717247	-0.00031695549706256543
-0.0040216273823143744	-0.00041491641107782584	-0.024874077515831372	-0.0017915304646376473	-0.0033157864347292954	-0.009634700694285625	-0.005115302182040038	0.0006815948958573959
-0.003459942786297132	-0.0009141916075376955	-0.02599744670786608	-0.0023532150606548896	-0.0037526522316317923	-0.006264593118180839	-0.005926624376287215	-0.0005041836957349055
-0.00027706340886557435	-0.00047732581063586466	-0.024811668116273777	-0.0012922552681775556	-0.0022548266422521834	-0.011694210879682698	-0.00442879878690805	0.0001823196993973042
-0.0020869359960327127	-0.0003525070115206752	-0.025248533913176274	-0.0006681612726024966	-0.003003739436941988	-0.009385063096055468	-0.0037422953917751745	-0.00031695549706256543
0.00028462118715211204	2.1949385824227008e-05	-0.024437211718928875	-0.0009177988708324314	-0.0021924172426948108	-0.007949646906233232	-0.002806154398412808	0.0004943666971846117
0.00047184938582400804	-0.00022768821240548576	-0.021503969939726808	-0.0014794834668498957	-0.0018803702449072812	-0.009073016098268383	-0.0027437449988556573	-0.00031695549706256543
0.0019072655756469103	0.000458815182726946	-0.0191948221560998	0.00014316092164490257	-0.0006321822537573851	-0.0047043581292438574	-0.0006218254139007673	0.0006815948958573959
0.0026561783703364927	0.00033399638361220063	-0.016698446173800452	0.0004552079194324321	-0.0007570010528721305	0.00378332021057437	0.0005639531776915341	-0.0002545460975049707
0.0067127893415732665	0.001082909178301339	-0.01320351979858092	0.0007672549172195176	0.0006160057373922889	0.0026599510185396635	0.002623463363087941	0.0005567760967422064
0.006026285946440835	0.0010204997787441883	-0.010270278019379075	0.0007672549172195176	0.00042877753871994884	0.0012245348287176494	0.0023738257648584504	-0.00019213669794782007
0.007461702136263293	0.001082909178301339	-0.007337036240176786	0.0012665301136796092	0.0013025091325247207	0.0011621254291600547	0.003309966758220817	0.0003695478980698663
0.006650379942016116	0.0009580903791870377	-0.0064633046463720145	0.001516167711909544	0.0011776903334095312	0.002597541618982069	0.003684423155565497	-0.0005665930952927223
0.007149655138475541	0.001270137376974123	-0.0070873986419468515	0.0013913489127943546	0.0015521467307546555	0.003159226214999755	0.0038092419546806866	0.00043195729762746105
0.0035299099641417087	0.0006460433813995081	-0.008710043030442094	0.0003927985198748374	0.0003039587396047594	0.002160675822079572	0.0019369599679559535	-0.00037936489662016015
0.00384195696192835	0.0006460433813995081	-0.007649083237964538	0.0006424361181047722	0.00042877753871994884	0.0003508032349124335	0.002061778767071143	0.0002447290989548989
0.0019072655756469103	0.0003964057831689072	-0.008959680628671585	8.075152208730785e-05	-8.088258182992192e-06	-0.0018335257495996071	0.0011256377737087764	-0.0005041836957349055
0.0010335339818416944	0.00020917758449701118	-0.011393647211413782	-0.00016888607614240492	-0.00038254465552722827	-0.0030193043411914644	0.0003767249790187499	0.0003071384985122716
9.739298847954991e-05	-0.00010286941329051835	-0.011580875410086566	-0.0004185236743727838	-0.0009442292515449147	-0.0021455727473866926	-0.0002473690165560871	-0.000629002494850317
9.739298847954991e-05	0.00033399638361220063	-0.012204969405661181	0.00014316092164490257	-0.000444954055084823	-0.002020753948271947	6.467798123166446e-05	0.0003695478980698663
3.498358892195519e-05	8.435878538182173e-05	-0.012267378805218998	-0.0007305706721596472	-0.0008194104524297252	-0.0030193043411914644	-0.0006842348134588061	-0.0004417742961773108
0.0009711245822840997	0.0003964057831689072	-0.01251701640344871	-0.00023129547569999964	-0.00032013525596963355	-0.0029568949416338697	-0.000497006614786466	0.00043195729762746105
-0.0011507950026703462	-0.00022768821240548576	-0.014638935988403379	-0.0007305706721596472	-0.0013186856488895948	-0.0025824385442891895	-0.001121100610360859	-0.000629002494850317
-8.983521019279017e-05	0.0003964057831689072	-0.015075801785305654	-0.00029370487525759437	-0.0005697728541997904	-0.0017711163500420124	-0.0004345972152279831	0.0005567760967422064
-2.7425810635639536e-05	-0.00016527881284789103	-0.014264479591058254	-0.0010426176699471768	-0.0010066386511025094	-0.0030193043411914644	-0.001121100610360859	-0.0004417742961773108
0.00022221178759473936	0.00014676818493941646	-0.013765204394598385	-0.0003561142748151891	-0.0005697728541997904	-0.002707257343404379	-0.0007466442130159567	0.0003071384985122716
-0.001400432600900281	-0.00016527881284789103	-0.014576526588845784	-0.0005433424734870851	-0.0013810950484471896	-0.002083163347829098	-0.0008714630121311462	-0.0005665930952927223
-0.0004018822079803197	-0.00010286941329051835	-0.015075801785305654	-0.000792980071717686	-0.00106904805065966	-0.002020753948271947	-0.0005594160143436167	0.0002447290989548989
-0.0011507950026703462	-0.00010286941329051835	-0.014826164187075719	-0.0009802082703900261	-0.0017555514457920918	-0.0023328009460594767	-0.0010586912108032642	-0.0004417742961773108
9.739298847954991e-05	0.00033399638361220063	-0.014389298390173222	-0.0006681612726024966	-0.0009442292515449147	-0.0019583445487143525	-0.00030977841611368184	0.0005567760967422064
-0.0006515198062102545	-4.046001373292363e-05	-0.015138211184863248	-0.000792980071717686	-0.001256276249332	-0.002270391546501882	-0.00037218781567127657	-0.00037936489662016015
-8.983521019279017e-05	0.00014676818493941646	-0.015512667582207929	-0.0004185236743727838	-0.0008818198519873199	-0.0018335257495996071	0.0015625035706110513	0.0003071384985122716
-0.0007139292057678492	-0.00010286941329051835	-0.016074352178225393	-0.0006681612726024966	-0.001256276249332	-0.0013342505531395155	0.0011256377737087764	-0.0002545460975049707
0.00028462118715211204	0.000458815182726946	-0.016199170977340582	-0.0004185236743727838	-0.0006945916533152019	-0.0017711163500420124	0.001000818974593587	0.0006191854962998011
-0.0012756138017850915	-4.046001373292363e-05	-0.017634587167162596	-0.0011674364690623662	-0.0011938668497752936	-0.0019583445487143525	0.00018949678034640982	-0.00037936489662016015
-0.005457043572136833	-0.00047732581063586466	-0.0200061443503472	-0.0017915304646376473	-0.002317236041809778	-0.004017854734111426	-0.0004345972152279831	0.0007440042954149906
-0.008015828953993553	-0.0006645540093077607	-0.021628788738841997	-0.0023532150606548896	-0.0031285582360569553	-0.004579539330128668	-0.0014331476081479444	5.750090028255883e-05
-0.0067676409628443235	-0.00041491641107782584	-0.02169119813839937	-0.0021659868619823275	-0.0028165112382692037	-0.005203633325703505	-0.0020572416037232255	0.0008688230945297359
-0.007142097360188782	-0.0006021446097501659	-0.021129513542382128	-0.0027900808575567204	-0.002941330037384393	-0.005890136720836381	-0.003991932990005331	0.0001823196993973042
-0.007204506759746376	-0.0010390104066526629	-0.021441560540169213	-0.0027276714579991257	-0.003003739436941988	-0.00601495551995157	-0.002369288601510755	0.0005567760967422064
-0.007079687960631853	-0.0010390104066526629	-0.0211919229419395	-0.002478033859769635	-0.0033157864347292954	-0.006202183718623466	-0.001994832204165631	-0.00019213669794782007
-0.004396083779659943	-0.00047732581063586466	-0.02031819134813473	-0.0019787586633099874	-0.002379645441367373	-0.005203633325703505	-0.001121100610360859	0.0005567760967422064
-0.004146446181429564	-0.0006645540093077607	-0.01900759395742746	-0.0021659868619823275	-0.0026292830395968636	-0.0015214787518118555	-0.001121100610360859	-0.0004417742961773108
-0.0011507950026703462	-4.046001373292363e-05	-0.017759405966277786	-0.001417074067292301	-0.0013186856488895948	-0.0025824385442891895	0.0005639531776915341	0.0006191854962998011
-0.0014628420004576537	-0.0003525070115206752	-0.017759405966277786	-0.001417074067292301	-0.0013810950484471896	-0.0029568949416338697	0.0006887719768062794	-0.00037936489662016015
-8.983521019279017e-05	0.00020917758449701118	-0.016323989776455328	-0.0006057518730451239	-0.0006945916533152019	-0.0026448479438472283	0.0007511813763638742	0.0005567760967422064
-0.0013380232013426863	-0.0002900976119633025	-0.016386399176012922	-0.001417074067292301	-0.0011938668497752936	0.00028839383535572694	-0.0002473690165560871	-0.0005041836957349055
0.0007214869840543869	8.435878538182173e-05	-0.014763754787518124	-0.0008553894712752808	-0.00038254465552722827	-2.3653162432246688e-05	0.0005015437781334953	0.0003071384985122716
0.0037171381628136047	0.0005836339818419134	-0.011892922407873652	-0.00016888607614240492	0.0004911869382775436	0.0034712732127872847	0.00025190617990400455	-0.00037936489662016015
0.007212064538032914	0.0012077279774165284	-0.010395096818494043	0.0009544831158923017	0.002051421927214747	0.0008500784313725251	0.004183698352025145	0.0006191854962998011
0.004778097955291161	0.0009580903791870377	-0.010956781414511507	0.0013913489127943546	0.0010528715342947859	0.0012245348287176494	0.004370926550697929	-0.0002545460975049707
0.007648930334935633	0.0014573655756469073	-0.009209318226902186	0.0014537583123523934	0.0019890125276567083	0.001723810025177297	0.005681523941404754	0.0005567760967422064
0.00839784312962566	0.00151977497520428	-0.007836311436637322	0.0012665301136796092	0.001864193728542407	0.0019110382238500812	0.005431886343175485	-0.00012972729839022534
0.006525561142900482	0.0014573655756469073	-0.008397996032654564	0.0015785771114669167	0.002051421927214747	0.0011621254291600547	0.004932611146715615	0.0006191854962998011
0.0030930441672392117	0.0005836339818419134	-0.010707143816281794	0.0004552079194324321	0.000803233936064629	0.00022598443579768812	0.0031851479591056275	-0.00037936489662016015
0.004590869756618821	0.0011453185778593777	-0.010270278019379075	0.0012041207141220145	0.0014897373311970608	0.00109971602960246	0.004183698352025145	0.0004943666971846117
0.0014079903791872628	0.0005836339818419134	-0.010020640421149363	-0.00010647667658481019	0.00042877753871994884	-0.0006477471580075278	0.00268587276264598	-0.0002545460975049707
0.0004094399862673015	0.0005212245822843187	-0.010582325017166383	-0.00010647667658481019	0.00017913994048956994	-0.0006477471580075278	0.003746832555123092	0.0005567760967422064
-0.0004018822079803197	0.0003964057831689072	-0.011393647211413782	-0.0003561142748151891	-0.00038254465552722827	0.00016357503624053749	0.00306032915999066	-0.00019213669794782007
0.0004094399862673015	0.000458815182726946	-0.012392197604333521	-0.0007305706721596472	-0.00019531645685533228	-0.00021088136110480882	0.0031851479591056275	0.0007440042954149906
-0.0001522446097503849	0.0005836339818419134	-0.012891472800793391	-0.0003561142748151891	-0.00019531645685533228	3.8756237125348036e-05	0.002623463363087941	-0.00012972729839022534
-2.7425810635639536e-05	0.0007084527809566588	-0.01320351979858092	-0.00010647667658481019	-7.049765774014283e-05	-0.00027329076066240354	0.002498644563973196	0.0008688230945297359
-2.7425810635639536e-05	0.0005212245822843187	-0.01370279499504079	-0.0003561142748151891	-0.00019531645685533228	3.8756237125348036e-05	0.0023114163653008557	-6.731789883263062e-05
0.0005342587853816028	0.000458815182726946	-0.012829063401236018	-0.00023129547569999964	-7.049765774014283e-05	-0.0003981095597771489	0.0027482821622035747	0.0007440042954149906
-0.00033947280842316907	0.0002715869840546059	-0.01301629159990858	-0.0005433424734870851	-0.0005697728541997904	-0.001022203555351986	0.0023114163653008557	-0.00012972729839022534
0.0001598023880369226	0.0005212245822843187	-0.01382761379415598	-0.00010647667658481019	-0.00013290705729773755	-0.00046051895933474363	0.0029979197604330654	0.0007440042954149906
-0.00046429160753747034	0.0003964057831689072	-0.013640385595483195	-0.0006057518730451239	-0.000444954055084823	-0.0008973847562372406	0.0028106915617607253	-6.731789883263062e-05
0.0005966681849391975	0.0005212245822843187	-0.01351556679636845	-0.0004185236743727838	5.432114137504662e-05	-0.001022203555351986	0.0034347855573360064	0.0008064136949721412
-0.00046429160753747034	0.000458815182726946	-0.013640385595483195	-0.0003561142748151891	-0.0005073634546424177	-0.0011470223544671754	0.0028106915617607253	-4.9084992750358936e-06
-0.00021465400930797962	0.00033399638361220063	-0.01451411718928819	-0.00029370487525759437	-0.00038254465552722827	-0.0008973847562372406	0.0033723761577784117	0.0005567760967422064
-0.0012756138017850915	2.1949385824227008e-05	-0.01420207019150066	-0.0009802082703900261	-0.0011314574502176988	-0.0008349753566794238	0.0029355103608759148	-0.0002545460975049707
0.00034703058670970677	0.0006460433813995081	-0.012953882200350986	-0.0006057518730451239	-0.00019531645685533228	-0.0008973847562372406	0.003309966758220817	0.0007440042954149906
-0.0005891104066526598	0.00033399638361220063	-0.011081600213626253	-0.0006057518730451239	-0.0005697728541997904	-0.0007725659571218291	0.002873100961317876	-6.731789883263062e-05
-0.0001522446097503849	8.435878538182173e-05	-0.009771002822918984	-0.000792980071717686	-0.0005697728541997904	-0.001209431754024326	0.003309966758220817	0.0003695478980698663
-0.0023989829938200202	-0.00016527881284789103	-0.010457506218051638	-0.0012922552681775556	-0.0013186856488895948	-0.0008349753566794238	0.002249006965743483	-0.00037936489662016015
-0.006580412764171983	-0.0006645540093077607	-0.012953882200350986	-0.0024156244602124843	-0.002317236041809778	-0.0036433983367667455	0.0003767249790187499	0.00043195729762746105
-0.008452694750896272	-0.0013510574044406365	-0.014264479591058254	-0.003289356054016812	-0.0033157864347292954	-0.004579539330128668	-0.0008714630121311462	-0.000629002494850317
-0.007017278561074258	-0.0007269634088653554	-0.012641835202563456	-0.0025404432593272297	-0.002566873640039269	-0.0036433983367667455	-0.00030977841611368184	0.0005567760967422064
-0.008078238353552036	-0.001226238605325003	-0.012829063401236018	-0.003289356054016812	-0.0031285582360569553	-0.004953995727474014	-0.0007466442130159567	-0.00031695549706256543
-0.006143546967269264	-0.00047732581063586466	-0.011580875410086566	-0.0023532150606548896	-0.0020051890440224707	-0.004641948729686707	0.0005015437781334953	0.0008064136949721412
-0.005956318768596702	-0.0008517822079801007	-0.010894372014953912	-0.0021659868619823275	-0.002379645441367373	-0.004517129930571517	0.0012504565728239658	-0.00019213669794782007
-0.004520902578774688	-0.0005397352101925712	-0.009771002822918984	-0.0019163492637523927	-0.0019427796444644319	-0.004017854734111426	0.002186597566185444	0.0006191854962998011
-0.003522352185854727	-0.0008517822079801007	-0.008148358434424186	-0.0023532150606548896	-0.002317236041809778	-0.00476676752880123	0.002186597566185444	-0.00031695549706256543
-0.00046429160753747034	8.435878538182173e-05	-0.005901620050354994	-0.0005433424734870851	-0.000444954055084823	-0.0023952103456164053	0.003122738559548255	0.0006191854962998011
-0.000963566803997562	2.1949385824227008e-05	-0.004903069657434811	-0.0008553894712752808	-0.0006945916533152019	-0.001646297550927045	0.002623463363087941	5.750090028255883e-05
0.0004094399862673015	0.0003964057831689072	-0.003966928664072444	-0.00023129547569999964	-7.049765774014283e-05	-0.0005229283588923384	0.003996470153353249	0.0008064136949721412
-0.00033947280842316907	0.000458815182726946	-0.003030787670710522	-0.00048093307393037854	-0.00038254465552722827	-0.00046051895933474363	0.003934060753795654	0.0001823196993973042
0.0017200373769741262	0.0006460433813995081	-0.0013457338826581289	-4.406727702765956e-05	0.0003039587396047594	0.0007876690318153745	0.004433335950255524	0.0009312324940868866
0.005090144953078912	0.001082909178301339	0.0012754608987564087	0.0008296643167771123	0.00124009973296757	0.0022854946211952054	0.005993570939192727	0.00011991029983970947
0.006275923544671214	0.0012077279774165284	0.0010882327000838465	0.0011417113145648639	0.0018017843289848123	0.0026599510185396635	0.006555255535210414	0.0006815948958573959
0.006525561142900482	0.0012077279774165284	0.0004641387045090095	0.0010793019150072691	0.0017393749294269956	0.0024727228198673235	0.006305617936980257	-6.731789883263062e-05
0.008585071328297555	0.00151977497520428	0.0010258233005258077	0.0022026711070415317	0.0026131065232319894	0.0033464544136720953	0.007054530731669617	0.0006191854962998011
0.007461702136263293	0.0011453185778593777	0.0008385951018539117	0.0017658053101397009	0.0021138313267718978	0.002971998016327193	0.006617664934768008	-0.00019213669794782007
0.006151104745556024	0.001270137376974123	-0.001096096284428194	0.0016409865110247335	0.0019890125276567083	0.0028471792172124477	0.006118389738307917	0.0006191854962998011
0.00365472876325601	0.0007708621805142535	-0.0020322372777907827	0.0006424361181047722	0.000803233936064629	0.002535132219424474	0.004308517151140778	-0.00037936489662016015
