Sensor_1	Sensor_2	Sensor_3	Sensor_4	Sensor_5	Sensor_6	Sensor_7	Sensor_8
0.008010464866102351	0.00143482642099646	0.0017238755550466056	0.002653185839627481	0.0024379327000838558	-0.0034222755931943016	0.0039581726253148375	-0.0002248548256660321
0.005763726482032272	0.000810732425421623	3.882176699421258e-05	0.0017794542458227092	0.0016266105058364566	-0.004171188387884772	0.002834803433279909	0.0003368297703516543
0.004328310292210702	0.0007483230258640283	-0.0005852722285801804	0.0011553602502478721	0.0009401071107042469	-0.004608054184786603	0.0022107094377048497	-0.00028726422522318273
0.004515538490883042	0.0009979606240944072	-0.0006476816281377751	0.0010929508506902774	0.0012521541084917764	-0.005044919981689544	0.002335528236820039	0.0005864673685815891
0.0003965181200882295	0.00024904782940438075	-0.0028320106126498157	9.440045777031614e-05	-0.0003704902800025778	-0.006230698573281401	0.00027601805142274394	-0.0004120830243383722
0.0007709745174337979	0.00043627602807627675	-0.0034561046082244307	0.0002816286564431003	-0.00012085268177308706	-0.006293107972838774	0.0005256556496526787	0.0005240579690239944
0.00033410872053152296	0.0003114572289619755	-0.003830561005569777	-0.00015523714045939663	-0.0004953090791177672	-0.008102980560006356	2.6380453192809128e-05	-0.0002248548256660321
0.0010830215152211053	0.0004986854276343156	-0.004017789204242117	0.00040644745555784567	-5.844328221593642e-05	-0.008976712153810684	0.0003384274509798946	0.0006488767681391838
-0.0007892604715036278	0.0001242290302891913	-0.005765252391851661	0.00015680985732791086	-0.0009321748760202642	-0.007978161760891167	-3.602894636434151e-05	-0.00034967362478077746
-0.005157918440527709	0.0003114572289619755	-0.011007641954680736	-0.00021764654001654726	-0.0031789132600898995	-0.004920101182574355	-0.00047289474326728254	0.00046164856946639965
-0.001600582665751027	-6.299916838314878e-05	-0.014003293133440176	-0.003837391714350824	-0.0032413226596474942	-0.022457142458228718	-0.0012842169375144596	-0.0004744924238955228
-0.0006020322728317318	0.00024904782940438075	-0.018122313504234544	-0.0017154721293966002	-0.0032413226596474942	-0.036561666758221145	-0.001658673334859584	0.00027442037079405956
-0.0034104552529181653	-0.00025022736705593296	-0.026485173044937804	-0.0020275191271841297	-0.004489510650796946	-0.05447316443121997	-0.003281317723354382	-0.0005993112230109343
-0.0001651664759285687	0.0001242290302891913	-0.03416152919050908	-0.0029012507209884575	-0.004239873052567011	-0.08692605220111393	-0.0029692707255668527	0.000399239169909249
0.004328310292210702	-0.00031263676661330564	-0.04121379134050507	-0.0029012507209884575	-0.002180362867169938	-0.1044006840772107	-0.0012842169375144596	-0.000661720622568529
0.007448780270084665	6.181963073159658e-05	-0.03977837515068283	0.0010929508506902774	-0.0008073560769050747	-0.08105956864271024	0.0003384274509798946	0.00046164856946639965
-0.0009140792706190393	-0.00031263676661330564	-0.03378707279316395	-0.0005921029373621156	-0.0031165038605323048	-0.07282152790112151	-0.0010345793392845248	-0.0005993112230109343
-0.008902482413976953	0.00018663842984678602	-0.04127620074006266	0.0020915012436097946	-0.002866866262302148	-0.04167923752193459	0.00239793763637719	0.0005240579690239944
0.001769524910353093	-0.00031263676661330564	-0.033350206996261234	-0.005522445502402995	-0.004676738849469508	-0.05565894302281227	0.0010249308461127704	-0.0004744924238955228
0.005139632486457879	-5.897688255540601e-07	-0.025174575654230535	-0.004211848111695726	-0.002430000465400317	-0.04704644588387863	0.0013369778438998559	0.00027442037079405956
-0.013083912184328472	-0.00031263676661330564	-0.025486622652018065	0.0012177696498050228	-0.004739148249027547	-0.018774987884336625	0.0017738436408023528	-0.0005993112230109343
0.0011454309147787	-6.299916838314878e-05	-0.01805990410467695	-0.0045238951094837	-0.0028044568627449973	-0.02782435082017276	0.004082991424429139	0.00027442037079405956
0.002206390707255812	-0.0006870931639579858	-0.010445957358663271	-0.0020899285267417245	-0.002180362867169938	-0.03156891479362178	0.0008377026474404303	-0.0004744924238955228
-0.008715254215304613	-0.0014360059586480123	-0.011007641954680736	-0.0020899285267417245	-0.003490960257876985	-0.017838846890974258	-0.001221807537956865	0.00014960157167909216
-0.014581737773708525	-0.0012487777599756722	-0.0095722257648585	-0.0027140225223165615	-0.005425651644159757	-0.007104430167086173	-0.0017834921339745513	-0.00034967362478077746
-0.00721742862592456	-0.0011239589608604827	-0.009697044563973689	-0.0037749823147936734	-0.0038030072556647365	-0.006230698573281401	-0.001845901533531702	0.000399239169909249
-0.006343697032120232	-0.001685643556877503	-0.011506917151140605	-0.006208948897535427	-0.004364691851682201	-0.012159591531242686	-0.003281317723354382	-0.000661720622568529
-0.011710905394064053	-0.0011863683604176334	-0.013753655535210019	-0.004211848111695726	-0.0054880610437171296	-0.016590658899824584	-0.0023451767299915716	0.000399239169909249
-0.009339348210879672	-0.0011239589608604827	-0.01824713230334929	-0.0027140225223165615	-0.00430228245212505	-0.022769189456015804	-0.0025324049286641337	-0.0004120830243383722
-0.0019126296635385565	-0.0008119119630727312	-0.020119414290074022	-0.0024643849240866267	-0.002055544068055415	-0.030632773800259416	-0.0017210827344169566	0.00027442037079405956
-0.0018502202639805176	-0.0006870931639579858	-0.020431461287861552	-0.0017154721293966002	-0.0034285508583202784	-0.032317827588311365	-0.0009721699397271522	-0.0005369018234531175
-0.0023494954604406093	-0.0001878179674981162	-0.020306642488746363	-0.00015523714045939663	-0.002055544068055415	-0.03138168659494944	8.878985275040385e-05	0.0003368297703516543
-0.0011013074692913793	-6.299916838314878e-05	-0.018621588700694414	0.00034403805600069504	-0.0012442218738082378	-0.024953518440527844	0.0004008368505374893	-0.0002248548256660321
0.001956753109025877	6.181963073159658e-05	-0.01593798451972228	-0.0009041499351494231	-0.0014314500724801338	-0.023580511650263425	0.0008377026474404303	0.00046164856946639965
-0.0010388980697333405	-0.00025022736705593296	-0.013316789738307744	-0.0010289687342641685	-0.0015562688715955453	-0.015155242710002348	0.0002136086518651492	-0.0005993112230109343
0.0005837463187610137	0.00043627602807627675	-0.007824762577248956	0.0004688568551154404	-0.0006201278782327346	-0.006293107972838774	0.0017738436408023528	0.000399239169909249
0.003516988097963525	0.0005610948271916882	-0.005265977195391791	-0.0007793311360342337	-0.00012085268177308706	-0.0029854097962918047	0.0030844410315096216	-0.0005993112230109343
0.0033297598992907407	0.0009355512245368125	-0.0049539301976040395	-0.0003424653391317367	-0.0002456714808882765	0.0005095165789268385	0.0047694948195615705	0.00014960157167909216
0.004453129091325447	0.0010603700236515579	-0.0047667019989321435	-0.0015906533302816328	-0.0009945842755778589	-0.0066051549706263035	0.005331179415579479	-0.0004744924238955228
0.0071367332722971355	0.0013100076218814927	-0.007387896780346459	3.19910582131655e-05	0.00025360371557181516	-0.013595007721065366	0.006392139208056813	0.000399239169909249
0.007698417868315044	0.0009979606240944072	-0.010508366758220866	0.0006560850537877805	0.0006280601129169394	-0.021458592065308757	0.005768045212481532	-0.0005993112230109343
0.007885646066987384	0.0011227794232087085	-0.013628836736095273	0.002029091844053088	0.0010025165102618416	-0.022269914259556156	0.00526877001602144	0.00046164856946639965
0.004640357289997787	0.0009355512245368125	-0.014440158930342673	0.0023411388418401735	0.00025360371557181516	-0.022769189456015804	0.003833353826199648	-0.0002248548256660321
0.0048275854886703495	0.0008731418249787737	-0.013816064934767613	0.0017170448462651144	0.0010649259098194364	-0.02070967927061873	0.002959622232394654	0.0005240579690239944
0.001582296711680753	-0.0001878179674981162	-0.012692695742732907	0.00040644745555784567	-0.0004328996795601725	-0.020272813473716678	0.0010873402456703651	-0.0007865394216832744
0.0009582027161059159	0.0003738666285195702	-0.009135359967956225	0.00034403805600069504	-0.0004328996795601725	-0.012159591531242686	0.00152420604257264	0.0003368297703516543
-0.001787810864423811	-6.299916838314878e-05	-0.005016339597161634	-0.0009041499351494231	-0.001618678271152696	-0.002735772198062314	0.0011497496452279599	-0.0005369018234531175
-0.0012261262684061247	6.181963073159658e-05	-8.599703212008869e-05	-0.0012161969329365085	-0.0014938594720375065	0.005315040344853639	0.001711434241244758	0.00014960157167909216
-0.0011013074692913793	-0.00012540856794052146	0.003346519943541404	-0.001777881528954195	-0.0014938594720375065	0.007499369329365679	0.0014617966430150453	-0.0005993112230109343
-0.0009140792706190393	-5.897688255540601e-07	0.005156392530708986	-0.0010289687342641685	-0.0010569936751354536	0.009371651316090635	0.0017738436408023528	0.00027442037079405956
-0.0015381732661934322	-0.00012540856794052146	0.0040954327382318745	-0.0009665593347070178	-0.0011194030746926042	0.007436959929808529	0.0014617966430150453	-0.0005369018234531175
-0.0003523946746013529	-6.299916838314878e-05	0.0015990567559318603	-0.000716921736476861	-0.0008697654764626694	0.0043164899519341215	0.0015866154421300127	0.00014960157167909216
-0.0009764886701757458	-0.00031263676661330564	-0.002769601213092221	-0.0014034251316092927	-0.0015562688715955453	-0.0018620406042575421	0.0009625214465551757	-0.0005369018234531175
-0.0004148040741589476	-6.299916838314878e-05	-0.006139708789197007	-0.0007793311360342337	-0.0011194030746926042	-0.008415027557793442	0.0010249308461127704	0.00027442037079405956
-0.0009764886701757458	-6.299916838314878e-05	-0.010695594956893206	-0.0006545123369188222	-0.0014938594720375065	-0.015280061509117537	0.0006504744487678682	-0.0004744924238955228
0.0002092899214163335	-6.299916838314878e-05	-0.014377749530785078	-0.0005296935378045209	-0.0011194030746926042	-0.01914944428168197	0.0007128838483247968	0.00046164856946639965
0.0005837463187610137	-0.00025022736705593296	-0.015376299923704817	-0.0008417405355913843	-0.001369040672922539	-0.022269914259556156	0.0004008368505374893	-0.0004744924238955228
0.000708565117875759	0.0001242290302891913	-0.014564977729457418	0.0002816286564431003	-0.0006201278782327346	-0.021708229663538248	0.0007752932478828356	0.00046164856946639965
0.00033410872053152296	-0.00012540856794052146	-0.012006192347600475	3.19910582131655e-05	-0.0006825372777903294	-0.01833812208743435	0.0004632462500955281	-0.0005369018234531175
0.0017071155107959424	-6.299916838314878e-05	-0.007949581376364145	0.0002816286564431003	-0.00012085268177308706	-0.013407779522393026	0.0007752932478828356	0.00027442037079405956
-0.00022757587548616343	-0.0003750461661704563	-0.0033312858091096853	3.19910582131655e-05	-0.0008073560769050747	-0.006542745571069153	0.0006504744487678682	-0.000661720622568529
-0.0012261262684061247	-5.897688255540601e-07	0.0007253251621270884	-0.0003424653391317367	-0.0008697654764626694	0.0011336105745021197	0.0009625214465551757	0.00046164856946639965
-0.006655744029907762	-0.0008743213626303259	0.0015366473563742655	-0.0023395661249714372	-0.0029292756618597426	0.004815765148394213	-0.0010969887388416755	-0.0004744924238955228
-0.008715254215304613	-0.0011863683604176334	0.0017238755550466056	-0.00402461991302383	-0.003927826054779926	0.0041292617532617815	-0.002657223727779323	0.00021201097123668688
-0.008777663614862208	-0.001311187159533267	0.0019111037537191677	-0.0037749823147936734	-0.004115054253452266	0.0030058925612266307	-0.0028444519264516632	-0.00034967362478077746
-0.008590435416189646	-0.0009367307621883647	0.0001012311665522514	-0.0029636601205464963	-0.0036157790569921744	-5.2168017090181706e-05	-0.0029692707255668527	0.0005864673685815891
-0.00865284481574724	-0.001311187159533267	-0.0030816482108797505	-0.0030884789196612417	-0.003678188456549547	-0.004046369588769361	-0.0034061365224689055	-0.0004120830243383722
-0.007030200427252442	-0.0011239589608604827	-0.006014889990081818	-0.002152337926298875	-0.0031165038605323048	-0.008851893354695939	-0.0032189083237963434	0.000399239169909249
-0.005532374837872611	-0.0011239589608604827	-0.007949581376364145	-0.00221474732585647	-0.002866866262302148	-0.01253404792858781	-0.003094089524681598	-0.0004744924238955228
-0.0034104552529181653	-0.0008119119630727312	-0.008885722369726068	-0.0011537875333789138	-0.0019307252689402254	-0.014031873517967863	-0.002282767330434421	0.0003368297703516543
-0.0021622672617684913	-0.0004374555657284951	-0.009072950568398408	-0.0008417405355913843	-0.001618678271152696	-0.01384464531929508	-0.001409035736629649	-0.00028726422522318273
-0.0010388980697333405	-0.00031263676661330564	-0.009135359967956225	-0.000716921736476861	-0.0012442218738082378	-0.012159591531242686	-0.0007225323414967733	0.00027442037079405956
-0.0010388980697333405	-0.0001878179674981162	-0.00726307798123127	-0.0008417405355913843	-0.001369040672922539	-0.00966321554894356	-0.00028566654459449836	-0.00028726422522318273
-0.0009140792706190393	-0.0001878179674981162	-0.006077299389638968	-0.0009041499351494231	-0.0012442218738082378	-0.006979611367971428	2.6380453192809128e-05	0.00021201097123668688
-0.00116371686884853	-0.0004374555657284951	-0.004392245601587019	-0.001341015732051254	-0.0018683158693826307	-0.004982510582131949	2.6380453192809128e-05	-0.0007241300221261238
0.0032049411001755512	0.0001242290302891913	-0.001708641420614887	-0.00040487473868933144	-0.00030808088044498305	-0.0016124030060273853	0.00239793763637719	8.719217212149744e-05
0.004765176089112755	0.000623504226749283	0.00047568756389737565	0.0006560850537877805	0.00019119431601488657	0.0006967447775998448	0.0039581726253148375	-0.0005369018234531175
0.005638907682917527	0.0005610948271916882	0.0007877345616846831	0.0006560850537877805	0.0005032413138021941	0.001071201174944525	0.004270219623101923	2.47827725643468e-05
0.006263001678492364	0.000810732425421623	0.0009749627603570232	0.0008433132524605647	0.0006280601129169394	0.00032228838025449846	0.00458226662088923	-0.0005369018234531175
0.008509740062561777	0.0010603700236515579	0.001411828557259076	0.001592226047150369	0.0016890199053940513	-0.0008634902113373588	0.005393588815136852	0.00014960157167909216
