Sensor_1	Sensor_2	Sensor_3	Sensor_4	Sensor_5	Sensor_6	Sensor_7	Sensor_8
-0.0070707259708555625	-0.0003808502403295222	-0.005967499412527388	-0.0013467449149311417	-0.0020560807888916344	-0.007721425093461853	-0.0030963144197757586	0.0011075858548870166
-0.006384222575722687	-0.0006304878385599011	-0.005842680613412199	-0.0015963825131610765	-0.0022433089875635304	-0.008158290890364128	-0.003033905020218164	0.0001714448615242059
-0.004511940588998398	-0.00025603144121433274	-0.005593043015182708	-0.0009722885175862395	-0.0016816243915467322	-0.007846243892577043	-0.0022849922255285815	0.0008579482566566377
-0.003638208995193626	-0.00025603144121433274	-0.005343405416952551	-0.00103469791714339	-0.0018064431906612555	-0.007971062691691344	-0.0020353546272982026	0.0001714448615242059
-8.087322041672174e-05	0.0007425189517047404	-0.0038455798275729425	0.00015108067444891127	-0.000433436400396392	-0.007346968696116951	-0.00016307264057369153	0.001232404654001762
-0.0010170142137790883	-0.00031844084077192747	-0.004968949019607427	-0.00084746971847105	-0.0015568055924315427	-0.009718525879301332	-0.000911985435263718	-0.00026542093537829103
0.00035599257648555316	0.00030565315480290955	-0.005031358419165022	-9.855692378146763e-05	-0.000870302197299555	-0.010092982276646234	2.4155558098648555e-05	0.0008579482566566377
0.00016876437781321307	0.0004928813534752496	-0.0055306336156251135	0.00015108067444891127	-0.001057530395971451	-0.011653217265583438	0.00021138375677143273	0.00029626366063939535
0.0014169523689633312	0.0006177001525904391	-0.0065915934081026695	0.00040071827267862403	-0.0011199397955288237	-0.01365031805142336	0.0008978871519034204	0.0008579482566566377
0.004225375349049543	0.0006177001525904391	-0.007090868604562539	0.00027589947356365663	-0.0011823491950868625	-0.01751970082398735	0.002083665743495944	-0.0002030115358206963
0.00734584532692395	0.0012417941481652761	-0.008463875394826958	0.001274449866483618	-0.0007454833981839215	-0.022075586991684215	0.0038311289311059316	0.000795538857099487
0.006971388929579714	0.0013042035477228708	-0.011771573571373706	0.0008375840695808989	-0.0015568055924315427	-0.03100013112840494	0.003768719531548337	-7.819273670528482e-05
0.010216677706568422	0.0012417941481652761	-0.014517587151903433	0.0010872216678108337	-0.000870302197299555	-0.04229623244831027	0.004267994728007984	0.0006707200579842976
0.011090409300373638	0.001491431746395211	-0.017513238330663095	0.0020233626611734223	-0.0006206645990691761	-0.048911628801403984	0.00458004172579507	-0.00014060213626287954
0.008968489715419192	0.001429022346837172	-0.022069124498359294	0.0022105908598457624	-0.0011823491950868625	-0.05221932697795073	0.0036439007324333694	0.0006707200579842976
0.007533073525596512	0.0006177001525904391	-0.025252003875791296	0.0007127652704661536	-0.0022433089875635304	-0.053280286770428065	0.0019588469443809764	-0.0004526491340506311
0.00734584532692395	0.0005552907530328444	-0.0271866952620734	0.0008999934691384937	-0.0020560807888916344	-0.05047186379034119	0.0013347529488063614	0.00029626366063939535
0.003351643755244771	0.0006801095521480338	-0.027561151659418526	0.0009624028686960884	-0.0026177653849086546	-0.04435574263370734	0.000148974357213838	-0.00014060213626287954
0.0023530933623252537	0.0007425189517047404	-0.027873198657205833	-3.614752422387291e-05	-0.0026177653849086546	-0.04092322565804585	-0.000287891439688881	0.0007331294575418923
0.0013545429694052924	0.0003680625543600602	-0.02731151406118859	-0.00016096632333906236	-0.002992221782253557	-0.03667938648813607	-0.001099213633935614	-0.00014060213626287954
0.0023530933623252537	0.0006177001525904391	-0.02431586288242893	-3.614752422387291e-05	-0.0024305371862363145	-0.03524397029831383	-0.0009743948348213127	0.0007331294575418923
0.00016876437781321307	0.0005552907530328444	-0.02181948690012958	0.00015108067444891127	-0.0028049935835812168	-0.02900303034256546	-0.0005999384374757444	-7.819273670528482e-05
0.0009176771725027955	0.00018083435568794215	-0.019385520317387384	-0.0002857851224538077	-0.0022433089875635304	-0.024447144174868596	-0.00022548204013084217	0.0005459012588693302
0.00048081137560052056	0.00030565315480290955	-0.016202640939955604	-0.00047301332112636985	-0.002118490188448785	-0.018268613618677376	-0.00022548204013084217	-1.578333714813418e-05
0.000792858373387606	0.0007425189517047404	-0.013706264957656256	0.0003383088731210293	-0.0014319867933163533	-0.014524049645228132	0.0005234307545587402	0.0009203576562142324
-0.000642557816433964	0.00018083435568794215	-0.01333180856031091	-0.0005354227206839646	-0.0019936713893340396	-0.011091532669565751	-0.000287891439688881	-0.00014060213626287954
-0.00170351760891152	5.6015556572530656e-05	-0.013581446158541066	-0.0007850603189134553	-0.002368127786679164	-0.00853274728770903	-0.0003503008392460316	0.0003586730601969901
-0.0008297860151067482	5.6015556572530656e-05	-0.013394217959868504	-0.0018460201113910113	-0.002492946585793465	-0.012651767658503399	-0.0006623478370333391	-0.00032783033493588576
-0.00014328261997387237	0.00011842495613034743	-0.015079271747920897	-0.0006602415197987099	-0.0022433089875635304	-0.013962365049210224	-0.0007247572365909338	0.0004210824597545848
-0.002577249202716292	-6.393842984842024e-06	-0.01801251352712252	-0.0007850603189134553	-0.0030546311818115957	-0.01783174782177488	-0.0011616230334936528	-0.00026542093537829103
0.0005432207751583373	0.00011842495613034743	-0.020945755306324587	-0.0012219261158159522	-0.0019936713893340396	-0.023198956183718922	-0.0009743948348213127	0.0004210824597545848
-0.00039292021820425127	0.00018083435568794215	-0.02313008429083685	-9.855692378146763e-05	-0.003366678179598681	-0.02569533216601827	-0.0014112606317238097	-0.0002030115358206963
-0.00014328261997387237	-6.393842984842024e-06	-0.027748379858091088	-0.0014715637140463311	-0.003179449980925897	-0.030063990135042573	-0.0017857170290684898	0.0003586730601969901
0.0006680395742733047	5.6015556572530656e-05	-0.027748379858091088	-0.001284335515373547	-0.0037411345769435833	-0.03605529249256145	-0.0025346298237580722	-0.00032783033493588576
0.0027899591592277506	0.00030565315480290955	-0.03030716523994781	8.867127489131654e-05	-0.0020560807888916344	-0.03655456768902132	-0.0017233076295108951	0.0005459012588693302
-0.0011418330128940557	5.6015556572530656e-05	-0.03311558822003491	-3.614752422387291e-05	-0.0034914969787136485	-0.03318446011291698	-0.002846676821545824	-0.0002030115358206963
-0.0047615781872283325	-0.0005056690394442676	-0.036236058197909315	-0.0022204765087359135	-0.004739684969863545	-0.0325603661173417	-0.005467871602960139	0.0005459012588693302
-0.008381323361562831	-0.0009425348363472086	-0.036360876997024505	-0.0026573423056381884	-0.005551007164110722	-0.03037603713282966	-0.007028106591897343	-0.00026542093537829103
-0.008256504562447864	-0.0011921724345766993	-0.036111239398794126	-0.003967939696345457	-0.005301369565880343	-0.025944969764248205	-0.009586891973754064	0.00023385426108180063
-0.009816739551385067	-0.0014418100328070782	-0.036360876997024505	-0.004092758495460647	-0.006050282360570813	-0.022886909185931392	-0.007028106591897343	-0.0004526491340506311
-0.008693370359349917	-0.0008177160372320191	-0.03461341380941452	-0.0030317987029830906	-0.005863054161898029	-0.018580660616464906	-0.006840878393225003	0.0004210824597545848
-0.007195544769970752	-0.0013794006332490394	-0.03380209161516734	-0.004030349095903052	-0.005863054161898029	-0.024447144174868596	-0.006778468993667408	-0.0006398773327229712
-0.0047615781872283325	-0.0003808502403295222	-0.032179447226672764	-0.0019708389105059787	-0.0038659533760583287	-0.022450043389028895	-0.0037828178149077463	0.0006083106584269249
-0.00419989359121109	-0.0007553066376744244	-0.03180499082932764	-0.002095657709621168	-0.004739684969863545	-0.020952217799649286	-0.0047813682078277076	-0.0003902397344930364
0.00029358317692795843	-6.393842984842024e-06	-0.028746930251010605	-0.0012219261158159522	-0.0026177653849086546	-0.019641620408941796	-0.002597039223315667	0.0006083106584269249
-0.0009546048142214936	-0.0004432596398871169	-0.026937057663843467	-0.0009722885175862395	-0.0032418593804834916	-0.009843344678416521	-0.003595589616235406	-0.0004526491340506311
0.0017914087663075673	0.00024324375524531483	-0.02462790988021668	-0.0007850603189134553	-0.0015568055924315427	-0.00909443188372605	-0.003657999015793223	0.0005459012588693302
-0.000642557816433964	5.6015556572530656e-05	-0.022568399694819385	-0.00047301332112636985	-0.001931261989776445	0.010502119577324942	-0.003907636614022936	-0.0002030115358206963
0.003164415556572431	0.00024324375524531483	-0.021257802304112117	-0.001284335515373547	-0.0008078927977419603	0.0076936965972382865	-0.0022225828259705427	0.0005459012588693302
0.005099106942854759	0.00030565315480290955	-0.0174508289311055	0.00046312767223621876	-0.0003710270008394634	0.0012031190432590932	-0.000911985435263718	-0.0004526491340506311
0.006347294934004433	0.0013042035477228708	-0.014392768352788687	0.0015240874647133307	0.0003154763942927463	-0.00016988774700577025	0.0013347529488063614	0.0006707200579842976
0.0059728385366597525	0.0009921565499353413	-0.015578546944380767	0.000213490074006506	0.00037788579385078513	0.000828662645914191	0.001397162348363512	-0.0002030115358206963
0.008157167521171571	0.001491431746395211	-0.013768674357213628	0.0013368592660409906	0.0010019797894256222	0.009378750385290235	0.002208484542610689	0.0007331294575418923
0.007782711123826891	0.001678659945067551	-0.0126453051651787	0.0007127652704661536	0.0013140267872129296	0.010876575974670288	0.002520531540398663	4.6626062409460545e-05
0.00790752992294208	0.001678659945067551	-0.013019761562523602	0.001648906263828076	0.0016260737850004592	0.00039179684901191614	0.0019588469443809764	0.0009203576562142324
0.0042877847486075815	0.0007425189517047404	-0.013269399160753759	0.0013992686655985853	0.0005027045929653084	-0.003539995323109668	0.0007106589532310803	-0.0002030115358206963
0.00559838213931485	0.0011793847486072373	-0.01295735216296623	0.001648906263828076	0.0011267985885403675	-0.0026038543297473016	0.0010227059510186098	0.0007331294575418923
0.001666589967193266	0.0004304719539176549	-0.014392768352788687	0.00027589947356365663	-0.0007454833981839215	-0.0026662637293048963	-0.0005999384374757444	-0.00032783033493588576
0.001042495971617985	0.0006177001525904391	-0.014892043549248113	-0.0003481945220111804	-0.0007454833981839215	0.00020456865033913196	-0.00047511963836122106	0.0006083106584269249
-0.0009546048142214936	-6.880324254199266e-05	-0.015328909346150832	-0.0011595167162585795	-0.0019936713893340396	-0.002541444930189707	-0.0012864418326086202	-0.0004526491340506311
0.00010635497825561835	0.0004304719539176549	-0.0158281845426107	-0.0007226509193558606	-0.001057530395971451	-0.001917350934615314	-0.0006623478370333391	0.0006083106584269249
-0.0005177390173196628	0.00018083435568794215	-0.01713878193331797	-0.0007226509193558606	-0.0014319867933163533	-0.002354216731517811	-0.0014736700312814044	-0.00026542093537829103
-0.0005177390173196628	0.00030565315480290955	-0.01763805712977784	-0.00041060392156833103	-0.0013695773937592026	-0.001667713336385379	-0.001536079430838111	0.0005459012588693302
-0.0011418330128940557	-6.393842984842024e-06	-0.017575647730220245	-0.0013467449149311417	-0.0019936713893340396	-0.00297831072709287	-0.0024722204242009216	-0.0003902397344930364
0.0004184019760431479	5.6015556572530656e-05	-0.017762875928892807	-0.0010971073167009848	-0.0014319867933163533	-0.00403927051956976	-0.0014736700312814044	0.00029626366063939535
0.00029358317692795843	0.00024324375524531483	-0.01732601013199031	-0.0007226509193558606	-0.0014319867933163533	-0.005911552506294271	0.0011475247501337993	-0.00032783033493588576
0.0005432207751583373	0.00024324375524531483	-0.018386969924467866	-0.00041060392156833103	-0.0008078927977419603	-0.0062235995040818	2.4155558098648555e-05	0.0006083106584269249
0.00035599257648555316	0.0004928813534752496	-0.01813733232623771	8.867127489131654e-05	-0.0009951209964138563	-0.005849143106736898	-3.825384145805799e-05	-1.578333714813418e-05
0.00060563017471571	-6.880324254199266e-05	-0.017887694728007775	-0.0006602415197987099	-0.0012447585946440132	-0.006535646501869774	8.656495765624328e-05	0.00048349185931173544
-0.0007049672159920028	0.0006801095521480338	-0.01651468793774291	-9.855692378146763e-05	-0.0011823491950868625	-0.005225049111162061	0.0014595717479211068	4.6626062409460545e-05
-8.087322041672174e-05	5.6015556572530656e-05	-0.0158281845426107	-0.0007850603189134553	-0.001494396192873948	-0.004600955115587446	0.0003362025558861781	0.0005459012588693302
-0.0005801484168763693	0.00018083435568794215	-0.014143130754558308	-0.0010971073167009848	-0.0017440337911038828	-0.0024166261310754056	-0.0006623478370333391	-0.00026542093537829103
-0.0005177390173196628	-6.880324254199266e-05	-0.013768674357213628	-0.0011595167162585795	-0.0016192149919886933	-0.002354216731517811	0.00021138375677143273	0.00029626366063939535
-0.0014538800106811411	-0.00013121264210003147	-0.013082170962081197	-0.0009722885175862395	-0.0017440337911038828	-0.0022293979324026214	0.00039861195544355077	-0.0005150585336082258
-0.00039292021820425127	0.00011842495613034743	-0.012520486366063732	-0.00047301332112636985	-0.0011199397955288237	-0.0012308475394828822	0.0008978871519034204	0.0004210824597545848
-0.002577249202716292	-0.00025603144121433274	-0.014080721355000936	-0.0015963825131610765	-0.0020560807888916344	-0.002354216731517811	-0.0008495760357061233	-0.0004526491340506311
-0.007445182368200465	-0.0006928972381168297	-0.017201191332875343	-0.0024077047074078095	-0.003366678179598681	-0.003415176523995367	-0.0033459520180052493	0.0004210824597545848
-0.00987914895094244	-0.0016290382314791962	-0.01994720491340507	-0.003780711497672673	-0.004802094369420695	-0.005474686709392218	-0.004968596406500492	-0.0006398773327229712
-0.008506142160677577	-0.001254581834134294	-0.021881896299686954	-0.0035310738994431823	-0.004365228572518864	-0.006098780704967055	-0.005405462203402545	0.00023385426108180063
-0.008131685763332674	-0.0015666288319220456	-0.022193943297474705	-0.0039055302967878625	-0.004302819172960826	-0.007783834493019004	-0.005717509201190074	-0.0005774679331649324
-0.007195544769970752	-0.0010049442359048033	-0.02163225870145702	-0.0022204765087359135	-0.003616315777828394	-0.007596606294346664	0.00333185373464584	0.0003586730601969901
-0.006571450774395471	-0.001067353635461954	-0.02144503050278468	-0.002906979903867901	-0.0036787251773864327	-0.008283109689478874	-0.0024722204242009216	-0.0003902397344930364
-0.003763027794308371	-0.0011921724345766993	-0.021070574105439777	-0.0028445705043109726	-0.002929812382696406	-0.008719975486381815	-0.00197294522774083	-1.578333714813418e-05
-0.0035133901960786584	-0.0007553066376744244	-0.01732601013199031	-0.0017836107118334166	-0.0033042687800408643	-0.00672287470054167	-0.00197294522774083	-0.00032783033493588576
-0.0012666518120092451	-0.00013121264210003147	-0.016452278538185316	-0.0017212013122758218	-0.0017440337911038828	-0.0045385457160298515	-3.825384145805799e-05	0.00048349185931173544
-0.0012042424124516504	-0.00031844084077192747	-0.01514168114747827	-0.0012219261158159522	-0.0020560807888916344	-0.0017301227359425297	0.0004610213550015896	-0.0004526491340506311
0.0009800865720603902	5.6015556572530656e-05	-0.013831083756771001	-0.0012219261158159522	-0.001057530395971451	-4.50689478905808e-05	0.0009602965514614592	0.00048349185931173544
-0.000642557816433964	-0.0006304878385599011	-0.012832533363851484	-0.0018460201113910113	-0.0018688525902190722	-0.0011060287403681368	-3.825384145805799e-05	-0.0007022867322801218
0.0009800865720603902	-6.880324254199266e-05	-0.00908796939040224	-0.0002857851224538077	-0.0007454833981839215	-0.0009812099412529474	0.0012723435492487667	0.00023385426108180063
0.005223925741969726	0.0003680625543600602	-0.005967499412527388	-3.614752422387291e-05	0.00037788579385078513	0.0011407096437019426	0.00333185373464584	-0.0005150585336082258
0.004974288143739569	0.0009921565499353413	-0.005468224216067297	0.0010872216678108337	0.0009395703898680274	0.007506468398565946	0.003706310131990742	0.00048349185931173544
0.007283435927366799	0.0007425189517047404	-0.003346304631113073	-0.0010971073167009848	0.00044029519340793577	0.004760454818035775	0.0035814913328755527	-0.0004526491340506311
0.007720301724269296	0.0009921565499353413	-0.0025973918364234905	0.0015864968642709254	0.0015012549858852697	0.003574676226443474	0.004517632326237919	0.0001714448615242059
0.006409704333562027	0.001054565949492492	-0.003283895231555478	0.00146167806515618	0.0011892079880979622	0.002700944632639146	0.004455222926680769	-0.0005150585336082258
0.006097657335774942	0.0009921565499353413	-0.0061547276111997284	0.0008999934691384937	0.0015012549858852697	0.0008910720454713417	0.004267994728007984	0.0003586730601969901
0.0049118787441824185	0.0004304719539176549	-0.007278096803235101	0.0007751746700237483	0.0007523421911956873	-0.00010747834744817553	0.0031446255359735	-0.0006398773327229712
0.003975737750819608	0.0005552907530328444	-0.0067788216067745655	0.0006503558709090029	0.0006899327916380926	-0.0008563911421377579	0.0032070349355306504	0.00023385426108180063
0.0006680395742733047	0.00030565315480290955	-0.007465325001907441	-9.855692378146763e-05	-0.0003710270008394634	-0.0022293979324026214	0.0017092093461505975	-0.0004526491340506311
0.0014169523689633312	0.00030565315480290955	-0.006903640405889755	2.6261875333721818e-05	0.0003154763942927463	-0.0024166261310754056	0.002021256343938571	0.00048349185931173544
0.00060563017471571	0.00018083435568794215	-0.007278096803235101	-0.0005978321202411152	-0.0003710270008394634	-0.0018549415350577192	0.0023957127412834733	-0.0002030115358206963
0.00029358317692795843	0.00011842495613034743	-0.006903640405889755	-0.0002857851224538077	-0.0002462082017240519	-0.0019797603341729086	0.0017716187457086363	0.0003586730601969901
4.3945578698023624e-05	0.00024324375524531483	-0.006217137010757767	-3.614752422387291e-05	-0.0005582551995115814	-0.0006691629434654178	0.002208484542610689	-0.00026542093537829103
-0.0005177390173196628	0.0005552907530328444	-0.00646677460898748	-3.614752422387291e-05	-0.0005582551995115814	-0.00041952534523526097	0.0023333033417258786	0.0007331294575418923
-0.00033051081864665655	5.6015556572530656e-05	-0.007090868604562539	-0.0013467449149311417	-0.0008078927977419603	-0.0012308475394828822	0.002645350339513408	-0.00026542093537829103
0.00048081137560052056	0.0003680625543600602	-0.0072156874036775065	-3.614752422387291e-05	-0.0006206645990691761	-0.0006691629434654178	0.0027701691386283755	0.0006707200579842976
-0.0010170142137790883	-0.0003808502403295222	-0.007777371999694527	-0.0012219261158159522	-0.0013695773937592026	-0.0017301227359425297	0.001834028145265787	-0.0004526491340506311
0.00010635497825561835	0.0003680625543600602	-0.00696604980544735	-3.614752422387291e-05	-0.00012138940260908448	-0.0017925321355001245	0.0021460751430535385	0.00048349185931173544
0.00035599257648555316	-0.00013121264210003147	-0.006716412207217415	-0.00041060392156833103	-0.0003086176012816466	-0.002915901327535053	0.002083665743495944	-0.0004526491340506311
0.0009176771725027955	0.00018083435568794215	-0.0065915934081026695	2.6261875333721818e-05	6.583879606369969e-05	-0.0019797603341729086	0.0019588469443809764	0.0005459012588693302
-0.0007049672159920028	-6.393842984842024e-06	-0.006217137010757767	-0.00016096632333906236	-0.000870302197299555	-0.0018549415350577192	0.0023957127412834733	-0.00026542093537829103
0.00035599257648555316	0.0003680625543600602	-0.005655452414739859	-0.00016096632333906236	-0.0004958457999539867	-0.0009188005416953526	0.0032070349355306504	0.0005459012588693302
-0.0005177390173196628	-6.880324254199266e-05	-0.004968949019607427	-0.0010971073167009848	-0.0012447585946440132	-0.0011684381399252874	0.0023333033417258786	-0.00032783033493588576
-0.0005801484168763693	0.00011842495613034743	-0.004407264423590629	-0.0005978321202411152	-0.0009327115968562616	-0.0006067535439082672	0.0025829409399553693	0.00048349185931173544
-0.0011418330128940557	5.6015556572530656e-05	-0.00397039862668791	-0.00084746971847105	-0.001057530395971451	-0.0007939817425806073	0.002270893942168284	-0.00014060213626287954
0.0004184019760431479	0.00024324375524531483	-0.0034087140306706676	-0.0003481945220111804	-0.0002462082017240519	-0.001043619340810098	0.002458122140841068	0.0006083106584269249
-0.0018283364080262654	-0.00019362204165673802	-0.004968949019607427	-0.0009098791180282007	-0.0007454833981839215	-0.0024166261310754056	0.001397162348363512	-0.00026542093537829103
-0.007382772968642648	-0.0007553066376744244	-0.009400016388189325	-0.0017836107118334166	-0.002305718387121125	-0.003789632921340269	-0.001099213633935614	0.0006083106584269249
-0.008693370359349917	-0.0011297630350195487	-0.010460976180666659	-0.002719751705195783	-0.003117040581368302	-0.0042264987182421	-0.00197294522774083	-0.00026542093537829103
-0.007445182368200465	-0.0011921724345766993	-0.010086519783321757	-0.0030942081025406853	-0.003117040581368302	-0.005474686709392218	-0.001099213633935614	0.0004210824597545848
-0.008069276363775524	-0.0014418100328070782	-0.010523385580224032	-0.003406255100327771	-0.0034914969787136485	-0.0057867337071793035	-0.0022225828259705427	-0.0003902397344930364
-0.007382772968642648	-0.0008801254367891698	-0.01114747957579909	-0.002345295307851103	-0.003117040581368302	-0.0047257739147021915	-0.001536079430838111	0.00048349185931173544
-0.006883497772182778	-0.0008801254367891698	-0.010460976180666659	-0.002532523506523443	-0.0032418593804834916	-0.004288908117800139	-0.001099213633935614	-0.00032783033493588576
-0.003825437193865966	-0.0006928972381168297	-0.008963150591286606	-0.002158067109178319	-0.0022433089875635304	-0.0038520423208974197	-0.0006623478370333391	0.00048349185931173544
-0.002764477401388854	-0.0007553066376744244	-0.005967499412527388	-0.001908429510948384	-0.0019936713893340396	-0.0036648141222248576	-0.00041271023880362634	-0.00032783033493588576
-0.0007673766155491535	-6.880324254199266e-05	-0.0055306336156251135	-0.0007226509193558606	-0.0009327115968562616	-0.002354216731517811	0.0010851153505762046	0.0005459012588693302
-0.0007049672159920028	-0.00019362204165673802	-0.004968949019607427	-0.0007850603189134553	-0.001057530395971451	-0.0018549415350577192	0.0017092093461505975	-0.0002030115358206963
0.00029358317692795843	-6.393842984842024e-06	-0.005031358419165022	-0.0005978321202411152	-0.000870302197299555	-0.0015428945372697456	0.002083665743495944	0.0004210824597545848
-0.00039292021820425127	-0.00013121264210003147	-0.00397039862668791	-0.0011595167162585795	-0.0011199397955288237	-0.0016053039368277844	0.001646799946593891	-0.0002030115358206963
0.0032268249561304696	0.0004928813534752496	-0.0013492038452733723	0.000213490074006506	0.0002530669947355957	-0.00010747834744817553	0.004267994728007984	0.0006707200579842976
0.005036697543297164	0.0004928813534752496	2.380294499149116e-05	0.0005879464713509641	0.00044029519340793577	0.0010783002441443479	0.005578592118715031	-0.00032783033493588576
0.007283435927366799	0.001054565949492492	0.0011471721370261978	0.0011496310673684285	0.0013764361867705244	0.0016399848401618122	0.006701961310750182	0.0004210824597545848
0.007782711123826891	0.001054565949492492	0.002145722529945715	0.001274449866483618	0.001688483184558054	0.0013903472419314333	0.006701961310750182	-0.00032783033493588576
0.009405355512321245	0.0011793847486072373	0.0031442729228654542	0.0022105908598457624	0.002499805378805231	0.002326488235294244	0.00819978690012979	0.0003586730601969901
0.00790752992294208	0.001429022346837172	0.002145722529945715	0.002522637857632848	0.0020005301823451394	0.003137810429541421	0.008574243297474693	-0.00014060213626287954
0.00466224114595204	0.0006801095521480338	0.000897534538796485	0.0008375840695808989	0.0008147515907532821	0.001889622438391525	0.006514733112077842	0.00023385426108180063
0.005036697543297164	0.0006177001525904391	0.0011471721370261978	8.867127489131654e-05	0.0010019797894256222	0.0013903472419314333	0.005890639116502783	-0.00026542093537829103
0.005161516342412131	0.001054565949492492	0.0007727157396812956	0.0013368592660409906	0.0013764361867705244	0.001452756641489028	0.006202686114290312	0.0006083106584269249
-0.0005177390173196628	-0.00019362204165673802	-0.002035707240405804	-0.00047301332112636985	-0.0003710270008394634	1.7340451667013923e-05	0.0030198067368578663	-0.0005150585336082258
0.0009800865720603902	0.0006177001525904391	-0.0006627004501409406	0.0007127652704661536	0.0005027045929653084	7.974985122416456e-05	0.003706310131990742	0.0005459012588693302
0.001042495971617985	-6.393842984842024e-06	-0.0009747474479286922	-0.0003481945220111804	6.583879606369969e-05	-0.0006067535439082672	0.0030198067368578663	-0.0005150585336082258
0.0014169523689633312	0.0004304719539176549	-0.0004130628519110058	0.0003383088731210293	0.0002530669947355957	0.00014215925078175928	0.003706310131990742	0.0005459012588693302
-0.0007673766155491535	-6.393842984842024e-06	-0.0008499286488137248	-0.0002857851224538077	-0.0008078927977419603	0.00026697804989694873	0.0032070349355306504	-0.00032783033493588576
0.0002311737773708078	0.0005552907530328444	-0.00028824405279581633	-3.614752422387291e-05	3.4293965061049647e-06	0.0010158908445865311	0.0034566725337605853	0.0007331294575418923
4.3945578698023624e-05	-6.393842984842024e-06	8.621234454908588e-05	-0.00084746971847105	-0.0006830739986267709	0.00020456865033913196	0.002458122140841068	-0.00026542093537829103
0.0007304489738308995	0.0006177001525904391	0.0008351251392386683	0.000213490074006506	0.00012824819562040624	0.0007038438467990016	0.00333185373464584	0.0007331294575418923
-0.0012042424124516504	-0.0003808502403295222	-0.0008499286488137248	-0.0006602415197987099	-0.0009327115968562616	-0.00041952534523526097	0.002021256343938571	-0.0005774679331649324
-0.00014328261997387237	-6.393842984842024e-06	-0.0012867944457157776	-0.0003481945220111804	-0.0003086176012816466	1.7340451667013923e-05	0.0021460751430535385	0.0003586730601969901
0.0002311737773708078	0.0003680625543600602	-0.0015364320439461565	-9.855692378146763e-05	3.4293965061049647e-06	0.00020456865033913196	0.0023957127412834733	-7.819273670528482e-05
-0.00039292021820425127	-6.880324254199266e-05	-0.0024101636377507063	-0.0005354227206839646	-0.0007454833981839215	-0.0006067535439082672	0.0017716187457086363	0.0003586730601969901
-0.0007673766155491535	-0.00013121264210003147	-0.0015988414435033071	-0.0005978321202411152	-0.0008078927977419603	-0.00016988774700577025	0.0015843905470362962	-0.0003902397344930364
