Sensor_1	Sensor_2	Sensor_3	Sensor_4	Sensor_5	Sensor_6	Sensor_7	Sensor_8
0.0005377257333056829	-0.0006581256295963289	0.00020074406482240015	-0.00021148324158604126	9.796953497498428e-05	-0.0023882384752356156	-0.00019614533830458747	-0.000946771747015962
-0.0007728716574015859	-0.0002836692322514267	0.000637609861724675	-0.00014907384202844653	0.00047242593231966445	-0.0022634196761208702	-8.917139632247384e-06	-0.0005723153496708377
0.0007873633315353956	-0.00015885043313668135	0.0007000192612822698	0.0001629731557595271	0.0005972447314344098	-0.0022634196761208702	5.349225992579143e-05	-0.0006347247492284325
-0.0007728716574015859	-0.00015885043313668135	0.0009496568595124266	0.0001629731557595271	0.0010965199278945015	-0.0023882384752356156	0.00011590165948294207	-0.0010091811465731126
0.0007873633315353956	-0.00040848803136661616	0.0007000192612822698	3.815435664389355e-05	0.0009092917292226055	-0.0030123324708104526	-0.00013373593874699274	-0.0008843623474583673
-0.0008976904565167754	-0.00047089743092398884	0.0005752004621670803	-8.666444247085181e-05	0.0008468823296645667	-0.0024506478747934324	0.00017831105904075883	-0.0006347247492284325
0.0009121821306505851	-0.00034607863180902143	0.0008248380603974592	-0.00021148324158604126	0.00022278833409017373	-0.0026378760734653284	-0.00019614533830458747	-0.0008843623474583673
-0.0010225092556315207	-0.0008453538282691131	0.0002631534643795508	-8.666444247085181e-05	0.000160378934532579	-0.002575466673908622	-7.132653918895393e-05	-0.0008843623474583673
-0.0008352810569587366	-0.00047089743092398884	0.00038797226349474023	-8.666444247085181e-05	0.0002851977336468803	-0.0019513726783333407	-7.132653918895393e-05	-0.00044749655055587034
0.0009121821306505851	-0.00040848803136661616	0.0005752004621670803	0.0001629731557595271	0.000347607133204475	-0.0018265538792181513	0.00017831105904075883	-0.000509905950113243
-0.0008352810569587366	-0.00022125983269427607	0.0005127910626099297	-0.00014907384202844653	0.00041001653276206973	-0.0018265538792181513	-8.917139632247384e-06	-0.000509905950113243
0.0006001351328632776	-0.00034607863180902143	0.0003255628639371455	-8.666444247085181e-05	0.000160378934532579	-0.002138600877006125	-0.00019614533830458747	-0.00019785895232549144
-0.0007104622578437692	2.8377765536102828e-05	0.0008872474599548319	0.0001629731557595271	0.0007220635305500434	-0.001452097481873249	-0.00013373593874699274	-0.0005723153496708377
0.0006001351328632776	-0.0002836692322514267	0.00038797226349474023	-8.666444247085181e-05	3.5560135417611605e-05	-0.0015769162809884385	-7.132653918895393e-05	-0.00026026835188308617
-0.0008976904565167754	-9.644103357864253e-05	0.0005127910626099297	0.00022538255531645568	0.0002851977336468803	-0.0015769162809884385	0.00017831105904075883	-0.00026026835188308617
0.0009121821306505851	-0.00022125983269427607	0.00020074406482240015	-0.00021148324158604126	0.000160378934532579	-0.0022010102765632755	-0.00013373593874699274	-0.0007595435483431778
0.0007249539319780229	-0.0006581256295963289	0.0002631534643795508	-8.666444247085181e-05	0.000347607133204475	-0.0026378760734653284	-0.00019614533830458747	-0.0010091811465731126
-0.0007104622578437692	-0.0002836692322514267	0.000637609861724675	0.00010056375620193236	0.0006596541309924486	-0.00207619147744853	0.00011590165948294207	-0.000509905950113243
0.0008497727310936565	-0.00034607863180902143	0.0007624286608396424	0.00022538255531645568	0.0007844729301069719	-0.0020137820778909354	0.00024072045859835356	-0.0005723153496708377
-0.0010225092556315207	-0.00034607863180902143	0.00038797226349474023	-0.00021148324158604126	0.000347607133204475	-0.0023882384752356156	-0.00019614533830458747	-0.0008843623474583673
0.0007249539319780229	-0.0002836692322514267	0.0005752004621670803	-2.4255042913257086e-05	0.00047242593231966445	-0.0023882384752356156	0.00024072045859835356	-0.000509905950113243
-0.0007104622578437692	2.8377765536102828e-05	0.0009496568595124266	0.00010056375620193236	0.00047242593231966445	-0.003137151269925642	-0.00032096413741933283	-0.0014460469434760537
0.0004129069341904934	-0.0007829444287115184	0.00020074406482240015	-2.4255042913257086e-05	0.0011589293274525403	-0.0028251042721381125	0.00011590165948294207	-0.000946771747015962
-0.0007104622578437692	-0.00040848803136661616	0.000637609861724675	0.0001629731557595271	0.0009717011287797561	-0.0028251042721381125	5.349225992579143e-05	-0.0010091811465731126
-0.0007728716574015859	-0.0005957162300387342	0.000637609861724675	-8.666444247085181e-05	0.0009717011287797561	-0.002575466673908622	-8.917139632247384e-06	-0.0008843623474583673
0.0009121821306505851	-0.00047089743092398884	0.0005127910626099297	0.00010056375620193236	0.0006596541309924486	-0.002762694872580962	0.00011590165948294207	-0.000946771747015962
-0.0007104622578437692	-0.00034607863180902143	0.0007000192612822698	0.00010056375620193236	0.0010341105283373508	-0.002575466673908622	0.00011590165948294207	-0.0006971341487855831
0.0008497727310936565	-0.0005333068304811395	0.0007000192612822698	3.815435664389355e-05	0.001221338727010135	-0.0030123324708104526	-8.917139632247384e-06	-0.0012588187448030475
-0.0009600998560734819	-0.0005333068304811395	0.000637609861724675	-0.00014907384202844653	0.001408566925682031	-0.003137151269925642	-7.132653918895393e-05	-0.0016332751421483938
0.0007873633315353956	-0.00040848803136661616	0.0007000192612822698	-2.4255042913257086e-05	0.0015333857247969984	-0.0028251042721381125	0.00017831105904075883	-0.0010715905461302633
-0.0007104622578437692	-0.00022125983269427607	0.0009496568595124266	0.00010056375620193236	0.0011589293274525403	-0.0030123324708104526	-8.917139632247384e-06	-0.0012588187448030475
0.0007873633315353956	-0.00040848803136661616	0.0008872474599548319	0.00010056375620193236	0.0013461575261244363	-0.0028875136716957073	0.00017831105904075883	-0.000946771747015962
0.0007873633315353956	-0.0006581256295963289	0.00045038166305233496	-2.4255042913257086e-05	0.0010341105283373508	-0.003574017066828139	-0.00019614533830458747	-0.001570865742590355
-0.0006480528582861744	-0.0006581256295963289	0.0008248380603974592	0.00010056375620193236	0.0015957951243545931	-0.0032619700690408315	0.00011590165948294207	-0.0013212281443606422
0.0008497727310936565	-0.0009701726273834144	0.0005127910626099297	-2.4255042913257086e-05	0.001408566925682031	-0.004135701662845381	-7.132653918895393e-05	-0.0018829127403778845
-0.0007728716574015859	-0.0008453538282691131	0.0007000192612822698	-2.4255042913257086e-05	0.0015333857247969984	-0.004135701662845381	-8.917139632247384e-06	-0.001570865742590355
0.0010370009297657745	-0.0006581256295963289	0.001074475658626728	0.0003502013544320892	0.002032660921257312	-0.004010882863730414	5.349225992579143e-05	-0.0017580939412631391
-0.0007728716574015859	-0.0008453538282691131	0.0008872474599548319	-0.00014907384202844653	0.0014709763252394037	-0.0049470238570930025	-0.00038337353697692755	-0.002382187936837532
0.0006001351328632776	-0.0010949914264988259	0.00045038166305233496	0.00022538255531645568	0.002656754916831705	-0.004447748660633355	0.0003031298581555042	-0.0017580939412631391
-0.00046082465961427843	-0.0005957162300387342	0.0005127910626099297	-0.00033630204070034253	0.0021574797203716134	-0.005820755450897774	-0.00032096413741933283	-0.003068691331969964
-0.0005856434587290238	-0.0009701726273834144	0.001074475658626728	0.00010056375620193236	0.0031560301132917967	-0.0057583460513397355	0.00011590165948294207	-0.0025694161355103162
0.0010370009297657745	-0.0012198102256140153	0.0010120662590700213	-2.4255042913257086e-05	0.0030312113141768293	-0.006382440046915017	-7.132653918895393e-05	-0.003068691331969964
-0.0006480528582861744	-0.00128221962517161	0.001074475658626728	-2.4255042913257086e-05	0.0031560301132917967	-0.006320030647357644	5.349225992579143e-05	-0.0029438725328554405
0.0010370009297657745	-0.0014070384242863554	0.001074475658626728	0.00010056375620193236	0.003280848912406986	-0.007006534042489632	5.349225992579143e-05	-0.0033807383297574933
-0.0007104622578437692	-0.0015318572234011008	0.0010120662590700213	-2.4255042913257086e-05	0.003468077111078882	-0.007443399839392573	5.349225992579143e-05	-0.00412965112444752
0.0010994103293229252	-0.0017814948216310356	0.001511341455529891	0.00010056375620193236	0.0061516812920510144	-0.01093832621461166	5.349225992579143e-05	-0.005377839115597638
-0.00046082465961427843	-0.0024679982167634673	0.0015737508550868196	-8.666444247085181e-05	0.008523238475235617	-0.014994937185848434	-0.00019614533830458747	-0.007874215097896764
0.0010994103293229252	-0.0034665486096834286	0.0026971200471219703	0.00022538255531645568	0.012829487044702104	-0.018177816563280436	0.00024072045859835356	-0.0101209534819664
0.0009745915302081798	-0.00746075018136283	0.002572301248006781	-2.4255042913257086e-05	0.018134286007088996	-0.02391948132256916	-7.132653918895393e-05	-0.015300933645237658
0.0010370009297657745	-0.008521709973839497	0.002135435451104284	-0.000273892641143636	0.02518654815708521	-0.036463770633624604	-0.00019614533830458747	-0.02160428300054429
0.0033461487133930046	-0.010706038958351982	0.004007717437829239	0.0002877919548740504	0.03354940769778847	-0.04538831477034533	0.00024072045859835356	-0.027533175958505574
0.00028808813507574804	-0.014138555934013919	0.005879999424553972	-2.4255042913257086e-05	0.040539260448226866	-0.05350153671281843	5.349225992579143e-05	-0.04157529085894085
0.0039702427089676195	-0.015511562724278782	0.005630361826323593	-0.00039871144025793726	0.04871489179025801	-0.06941593359997822	0.00017831105904075883	-0.04862755300893684
0.003034101715605697	-0.01744625411056111	0.008251556607738353	0.00010056375620193236	0.063006644288923	-0.09725052580261795	0.0003031298581555042	-0.054057170770438256
0.005031202501445398	-0.018132757505693098	0.011059979587825675	-0.00039871144025793726	0.0593868991145885	-0.10018376758182002	-0.00038337353697692755	-0.05411958016999563
0.002410007720030416	-0.017758301108347974	0.01368117436923999	0.0002877919548740504	0.04840284479247092	-0.08901248506102966	0.00017831105904075883	-0.04625599582575224
0.0009121821306505851	-0.007897615978265105	0.013431536771010055	-2.4255042913257086e-05	0.026497145547792478	-0.06242608084953982	5.349225992579143e-05	-0.03177701512841491
0.0006625445324208723	-0.0032169110114530497	0.012120939380302787	-0.00014907384202844653	0.0057148154951485175	-0.03440426044822731	-7.132653918895393e-05	-0.015800208841697527
-0.0018338314498782537	-0.0016566760225158461	0.012308167578974682	-0.00014907384202844653	-0.006455017418561582	-0.01786576956549335	5.349225992579143e-05	-0.004940973318695141
0.0012242291284381146	-0.0025928170158786568	0.011933711181630446	0.0001629731557595271	-0.009201030999090642	-0.02048696434690722	-8.917139632247384e-06	-0.010682638077983864
0.001785913724455357	-0.00533883059640794	0.012932261574549964	0.0003502013544320892	-0.000713352659273081	-0.03527799204203208	-7.132653918895393e-05	-0.022790061592136812
0.0026596453182601287	-0.009894716764104805	0.014804543561274697	-2.4255042913257086e-05	0.03055375651902925	-0.07752915554245177	-0.00019614533830458747	-0.03708181409080158
0.0010994103293229252	-0.013389643139323892	0.016177550351539116	0.0001629731557595271	0.04946380458494781	-0.10361628455748195	0.00024072045859835356	-0.05287139217884618
0.004469517905427267	-0.01626047551896881	0.020109342523661144	-0.00014907384202844653	0.06325628188715293	-0.1219646480273835	5.349225992579143e-05	-0.06429231229786625
0.003034101715605697	-0.019193717298170654	0.022106443309500845	0.00010056375620193236	0.0689355372468845	-0.11697189606278435	5.349225992579143e-05	-0.06722555407706832
0.0010994103293229252	-0.019193717298170654	0.021045483517023067	0.00022538255531645568	0.07018372523803462	-0.10629988873845364	0.00024072045859835356	-0.06735037287618306
0.006216981093037255	-0.020941180485779975	0.018673926333838686	-2.4255042913257086e-05	0.0875335383150162	-0.13519544073357093	-7.132653918895393e-05	-0.08601078334387235
0.004719155503657646	-0.02749416743931654	0.026100644881180024	-0.00014907384202844653	0.10344793520217532	-0.16496472432249298	5.349225992579143e-05	-0.09824302565714005
0.004157470907640182	-0.03336065099772023	0.035898920611705964	3.815435664389355e-05	0.10176288141412337	-0.16508954312160795	0.00024072045859835356	-0.07852165539697364
0.002410007720030416	-0.02724452984108683	0.03583651121214837	0.00022538255531645568	0.07473961140573082	-0.1129152850915478	-0.00013373593874699274	-0.07746069560449631
0.004157470907640182	-0.018694442101710784	0.0329032694329463	-2.4255042913257086e-05	0.06593988606812484	-0.08345804850041283	0.00011590165948294207	-0.06529086269078643
-0.0018962408494362926	-0.01757107290967541	0.039581075185597614	0.0003502013544320892	0.034235911092921345	-0.03690063643052688	0.0003031298581555042	-0.04076396866469323
3.845053684581323e-05	-0.009769897964989838	0.032279175437371244	-0.00021148324158604126	0.01825910480620374	-0.030410058876547907	-0.00013373593874699274	-0.025286437574436382
-0.001584193851648985	-0.012266273947289186	0.03433868562276832	-8.666444247085181e-05	0.025997870351332608	-0.01755372256770582	-7.132653918895393e-05	-0.02715871956116067
-0.004392616831735863	-0.01626047551896881	0.034650732620555624	-0.00014907384202844653	0.03754360926946765	-0.023857071923011786	-0.00013373593874699274	-0.03290038432044984
0.002222779521358076	-0.018444804503480627	0.03153026264268166	0.0004750201535468346	0.05458137534866214	-0.036338951834509414	0.0004903580568278443	-0.05892510393592243
-0.0015217844520913903	-0.0249353820574596	0.034775551419670814	-0.00014907384202844653	0.06294423488936562	-0.03240715966238783	-0.0002585547378617381	-0.06660146008149326
-0.0033940664388159014	-0.02830548963356372	0.03864493419223525	-0.00014907384202844653	0.09283833727740243	-0.027851273494690965	0.000552767456385439	-0.08095562197971584
-0.0015217844520913903	-0.025434657253919468	0.037459155600642724	-0.00033630204070034253	0.11318380153314367	-0.030472468276105502	-0.0005081923360916729	-0.10479601261067617
-0.0010225092556315207	-0.025933932450379338	0.046758156134708795	3.815435664389355e-05	0.1155553587163285	0.018019635180062776	0.00017831105904075883	-0.10542010660625123
-0.006576945816247903	-0.02749416743931654	0.045634786942673866	0.00022538255531645568	0.10519539838978531	0.11375565410124988	0.00017831105904075883	-0.09125317290670121
-0.0038309322357181763	-0.021378046282682694	0.03864493419223525	-2.4255042913257086e-05	0.10020264642518617	0.06058284567826977	-8.917139632247384e-06	-0.10204999903014667
-0.0013345562534186062	-0.027057301642413822	0.041952632368781995	-8.666444247085181e-05	0.08634775972342368	-0.008317131433197344	-0.00013373593874699274	-0.06379303710140682
-0.006202489418902779	-0.023687194066309925	0.03914420938869467	-8.666444247085181e-05	0.058263529922554014	0.0002329563061786999	-7.132653918895393e-05	-0.02129223600275676
-0.001147328054746266	-0.021502865081797884	0.03664783340639555	0.000599838952662024	0.04846525419202852	0.0027917416880354207	-8.917139632247384e-06	-0.01598743704037031
-0.004267798032620673	-0.016759750715428012	0.031030987446222014	-0.00021148324158604126	0.015138634828329778	-0.004697386258862624	-8.917139632247384e-06	0.0044204366149280805
-0.0042053886330630785	-0.021690093280470224	0.033090497631618865	0.0001629731557595271	0.00771191628098844	0.0002329563061786999	0.00017831105904075883	0.019585920707398508
-0.0036437040370462803	-0.01501228752781869	0.03071894044843404	-2.4255042913257086e-05	0.007774325680546035	0.00541293646945018	-7.132653918895393e-05	0.031443706623320855
-0.004579845030408203	-0.013576871337996232	0.02959557125639911	0.00010056375620193236	0.009272151269925644	0.006598715061042704	0.00024072045859835356	0.05203880847729203
-0.003706113436603431	-0.013264824340209147	0.027598470470559633	-8.666444247085181e-05	0.009396970069040611	0.006723533860157893	-0.0002585547378617381	0.049667251294107206
-0.003955751034833588	-0.01270313974419146	0.02485245689003035	0.0001629731557595271	0.011456480254438128	0.008658225246439555	0.00024072045859835356	0.05534650665383878
-0.0027699724432415085	-0.010955676556581917	0.02092066471790832	-2.4255042913257086e-05	0.009958654665058075	0.006286668063255174	5.349225992579143e-05	0.049604841894550056
-0.005016710827310256	-0.01295277734242184	0.02017175192321874	-0.00014907384202844653	0.015138634828329778	0.006848352659272194	-7.132653918895393e-05	0.027324686252526487
-0.0028947912423558098	-0.011142904755254701	0.019485248528086307	3.815435664389355e-05	0.019507292797353637	0.0034782450831682965	-0.0002585547378617381	0.010224510773774398
-0.0052663484255406345	-0.011891817549944284	0.02110789291658066	3.815435664389355e-05	0.024562454161510594	0.0015435536968859687	0.00011590165948294207	0.008664275784837638
-0.004142979233505928	-0.011579770552157198	0.02054620832056364	3.815435664389355e-05	0.015887547623018916	0.0006074127035233801	-8.917139632247384e-06	0.03350321680871815
-0.0032068382401435613	-0.004589917801718801	0.016552006748884462	3.815435664389355e-05	0.000160378934532579	-0.0003287282898385424	-8.917139632247384e-06	0.05565855365162653
-0.004954301427753549	-0.00022125983269427607	0.012620214576762656	0.00010056375620193236	-0.002335997047766991	-0.003948473464172819	0.00024072045859835356	0.021458202694122352
-0.0035812946374886856	0.0015886127544733064	0.011059979587825675	-8.666444247085181e-05	-0.004021050835819384	-0.004198111062402532	-0.00019614533830458747	0.010349329572890031
-0.004080569833947889	0.0025871631473932677	0.010560704391366027	3.815435664389355e-05	-0.007203930213251386	-0.004135701662845381	0.00017831105904075883	0.0037339332197956487
-0.002457925445453535	0.003772941738985347	0.007689872011721111	-0.00021148324158604126	-0.01294559497254033	-0.0068193058438172915	-0.0002585547378617381	0.005169349409618551
-0.003456475838373496	0.004771492131904864	0.005567952426766443	-0.00021148324158604126	-0.008951393400861152	-0.008941225428772626	0.00017831105904075883	0.0061054904029804735
-0.0015217844520913903	0.006082089522612577	0.0033212140426968073	-0.00039871144025793726	-0.007765614809268628	-0.010002185221249293	-0.00032096413741933283	0.005356577608290447
-0.002457925445453535	0.007517505712434369	-0.0024204507165923594	-2.4255042913257086e-05	-0.006891883215463412	-0.010813507415496915	5.349225992579143e-05	0.003983570818026028
-0.0017714220503215472	0.009889062895619194	-0.0024204507165923594	-0.00021148324158604126	-0.006579836217676327	-0.01093832621461166	-0.0002585547378617381	0.0054813964074056365
0.0005377257333056829	0.012260620078803575	-0.003918276305971968	0.0002877919548740504	-0.010823675387585885	-0.011874467207974027	0.0003031298581555042	0.00941318857952722
-0.0007728716574015859	0.015256271257563236	-0.0036686387077420335	-8.666444247085181e-05	-0.015192333356609966	-0.013871567993813727	-7.132653918895393e-05	0.01353220895032159
-0.0008976904565167754	0.01438253966375802	-0.0005481687298676263	-0.000273892641143636	-0.0106364471889131	-0.013372292797353635	-0.00038337353697692755	0.02308084708261715
-0.0027699724432415085	0.01444494906331606	0.0018233884533171985	0.0003502013544320892	-0.005893332822544339	-0.011562420210186497	-0.0002585547378617381	0.0202100147029729
-0.0012721468538614555	0.012822304674821261	-0.0004857593303100316	-0.00021148324158604126	-0.00345936623980192	-0.008691587830542025	-8.917139632247384e-06	0.017401591722886467
-0.0027699724432415085	0.010950022688096528	-0.0017963567210173004	-8.666444247085181e-05	-0.002398406447324586	-0.00825472203363975	-7.132653918895393e-05	0.014093893546339276
-0.0003984152600566837	0.009077740701372017	-0.004729598500219145	0.00010056375620193236	-0.00364659443847426	-0.007006534042489632	0.00024072045859835356	0.015154853338815943
0.0005377257333056829	0.008141599708009206	-0.004729598500219145	3.815435664389355e-05	-0.008389708804843465	-0.006507258846030206	5.349225992579143e-05	0.016465450729523212
-0.001584193851648985	0.008079190308452056	-0.003731048107299628	3.815435664389355e-05	-0.01076126598802829	-0.005695936651782585	5.349225992579143e-05	0.017526410522000768
3.845053684581323e-05	0.007517505712434369	-0.0036686387077420335	3.815435664389355e-05	-0.010823675387585885	-0.0057583460513397355	-8.917139632247384e-06	0.016902316526426375
-0.0009600998560734819	0.007330277513761585	-0.004479960901989211	-0.000273892641143636	-0.012259091577407899	-0.005508708453110023	-0.00013373593874699274	0.017401591722886467
0.0007249539319780229	0.007018230515974944	-0.00410550450464453	-8.666444247085181e-05	-0.015067514557494777	-0.005446299053552872	0.00024072045859835356	0.018337732716247945
-0.0012097374543038608	0.006206908321727322	-0.001858766120574451	0.00010056375620193236	-0.020684360517668976	-0.004073292263288231	-0.00019614533830458747	0.01771363872067333
-0.00027359646094149426	0.004584263933232968	-0.0022332225179195753	-0.00021148324158604126	-0.022494233104835892	-0.0028875136716957073	-0.00013373593874699274	0.017651229321115736
-0.0012721468538614555	0.0036481229398701576	-0.0055409206944665446	0.0001629731557595271	-0.024865790288020717	-0.0017641444796610006	5.349225992579143e-05	0.016964725925983304
0.00035049753463378686	0.0022127067500481434	-0.006352242888713944	0.00022538255531645568	-0.02630120647784273	-0.00045354708895373186	0.0003655392577130989	0.01671508832775359
0.0012242291284381146	0.0006524717611109399	-0.0074756120807493165	-0.00021148324158604126	-0.028485535462354772	-0.0006407752876260719	-0.0002585547378617381	0.015092443939258793
-0.0001487776618263048	0.0009645187588980253	-0.006664289886501251	-8.666444247085181e-05	-0.02798626026589468	0.0002953657057362946	-8.917139632247384e-06	0.01534208153748895
0.0015986855257830168	0.0009645187588980253	-0.006539471087386062	3.815435664389355e-05	-0.026613253475629817	0.0004201845048505959	-7.132653918895393e-05	0.015466900336603251
0.00028808813507574804	0.0013389751562433716	-0.0055409206944665446	0.00022538255531645568	-0.024366515091560625	0.0007322315026385695	5.349225992579143e-05	0.014093893546339276
0.0014114573271104547	0.0005900623615533451	-0.004979236098449302	3.815435664389355e-05	-0.01931135372740389	-0.00039113768939613713	-7.132653918895393e-05	0.01203438336094198
-0.00027359646094149426	0.0001531965646508482	-0.003731048107299628	0.00022538255531645568	-0.015005105157937404	-0.00039113768939613713	0.00017831105904075883	0.008040181789262801
0.0012242291284381146	-0.0007829444287115184	-0.0013594909241148034	-0.00033630204070034253	-0.0106364471889131	-0.0008904128858564508	-0.0002585547378617381	0.003047429824663217
0.0008497727310936565	-0.0032793204110110885	-0.00036094053119484215	0.0001629731557595271	-0.006080561021216679	-0.00082800348629819	5.349225992579143e-05	-0.0016332751421483938
-0.0006480528582861744	-0.004402689603046017	0.0001383346652652495	-2.4255042913257086e-05	-0.0014622654539622193	-0.0007655940867412614	-7.132653918895393e-05	-0.00612675191028722
0.0009745915302081798	-0.005214011797293194	0.001074475658626728	0.00022538255531645568	0.0031560301132917967	-0.0006407752876260719	0.0003031298581555042	-0.0101209534819664
-0.0010849186551891155	-0.006025333991540371	0.001885797852874349	-0.00014907384202844653	0.007649506881430845	-0.0007655940867412614	-0.00019614533830458747	-0.01573779944214082
0.0007873633315353956	-0.006150152790655561	0.0035084422413695915	0.0004750201535468346	0.013079124642932038	-0.00020390949072379705	-0.00032096413741933283	-0.018920678819572823
-0.0013345562534186062	-0.007023884384460333	0.003820489239156677	-0.00033630204070034253	0.02119234658540603	-0.0003287282898385424	-8.917139632247384e-06	-0.02023127621027987
0.0004129069341904934	-0.006774246786230398	0.00481903963207686	3.815435664389355e-05	0.02356390376859041	-7.909069160882964e-05	-0.00019614533830458747	-0.020480913808509582
-0.001396965652976201	-0.006774246786230398	0.007253006214818836	0.0003502013544320892	0.026122689150447354	0.0006698221030809748	0.00042794865727024956	-0.020730551406739517
-0.001958650248993443	-0.00783520657870751	0.007752281411278261	-0.00014907384202844653	0.028743883931862113	0.0004825939044090788	-0.00013373593874699274	-0.022540423993906655
-0.00021118706138389953	-0.007897615978265105	0.008438784806410693	0.00022538255531645568	0.031115441115046938	0.0007946409021963863	5.349225992579143e-05	-0.023788611985056773
-0.0016466032512063578	-0.007211112583132673	0.009187697601100275	0.0001629731557595271	0.031989172708851266	0.002354875891133368	0.00024072045859835356	-0.022977289790809152
-0.0007104622578437692	-0.006462199788442646	0.00912528820154268	-2.4255042913257086e-05	0.02918074972876461	0.002292466491575773	-0.00013373593874699274	-0.014427202051433552
-0.002645153644126319	-0.004465099002603168	0.009499744598888471	-8.666444247085181e-05	0.02493691055885483	0.0016683724960011581	0.0004903580568278443	-0.007312530501879078
-0.0005856434587290238	-0.0022183606185339766	0.010123838594462864	0.0004750201535468346	0.01682368861638217	0.0004201845048505959	-7.132653918895393e-05	-0.0020701409390504466
-0.0027075630436834697	-0.0013446290247287607	0.009312516400215465	-2.4255042913257086e-05	0.014077675035852222	-1.668129205123492e-05	-8.917139632247384e-06	0.00242333582908838
-0.0009600998560734819	-0.0002836692322514267	0.008376375406853542	3.815435664389355e-05	0.012392621247799607	-1.668129205123492e-05	5.349225992579143e-05	0.006292718601652814
-0.0008976904565167754	0.0007772905602256852	0.007627462612163072	-0.00014907384202844653	0.010270701662845827	-0.00082800348629819	-0.00013373593874699274	0.0077905441910328666
-0.002645153644126319	0.0012765657566857769	0.007627462612163072	-0.00021148324158604126	0.009084923071253304	-0.0007031846871836667	-7.132653918895393e-05	0.00916355098129773
-0.0010225092556315207	0.0011517469575705874	0.0068785498174739335	0.00010056375620193236	0.008336010276562833	-0.00082800348629819	5.349225992579143e-05	0.009662826177757156
-0.002021059648551038	0.0009021093593404306	0.0058175900249963775	0.00022538255531645568	0.008835285473022925	-0.0005783658880689213	0.00042794865727024956	0.006479946800325598
-0.0005856434587290238	-0.0002836692322514267	0.003945308038271644	-0.00014907384202844653	0.008273600877006126	-0.001452097481873249	-7.132653918895393e-05	0.005855852804750539
-0.0021458784476662274	-0.0002836692322514267	0.003196395243582062	-2.4255042913257086e-05	0.00889769487258052	-0.0011400504840861636	0.00024072045859835356	0.005418987007848042
-0.0003984152600566837	-0.00034607863180902143	0.002073026051546689	-0.00021148324158604126	0.007899144479661002	-0.0019513726783333407	-8.917139632247384e-06	0.005044530610503362
-0.0023955160458963842	-0.0008453538282691131	0.0013241132568571068	-0.00021148324158604126	0.007399869283201355	-0.0020137820778909354	-0.0002585547378617381	0.004982121210945989
-0.0017090126507639525	0.0001531965646508482	0.0010120662590700213	3.815435664389355e-05	0.006463728289838988	-0.0019513726783333407	5.349225992579143e-05	0.005855852804750539
-2.3958862711559448e-05	0.0001531965646508482	0.000637609861724675	0.0001629731557595271	0.005340359097803615	-0.0022634196761208702	0.00017831105904075883	0.006230309202095219
-0.0017090126507639525	-0.00022125983269427607	-0.00011130293296512939	-0.000273892641143636	0.004029761707097013	-0.0023882384752356156	-0.00013373593874699274	0.005606215206520826
-2.3958862711559448e-05	-0.0006581256295963289	-0.0007353969285399664	-0.00014907384202844653	0.003093620713734202	-0.0022634196761208702	-0.00019614533830458747	0.006167899802538068
-0.001147328054746266	-0.0005957162300387342	-0.000610578129425221	0.0001629731557595271	0.003530486510636477	-0.0016393256805460332	-0.00038337353697692755	0.004170799016698368
3.845053684581323e-05	-0.0015942666229586955	-0.0017963567210173004	-0.00039871144025793726	0.001845432722584528	-0.001264869283201353	5.349225992579143e-05	0.004045980217583178
-0.0012097374543038608	-0.0011574008260559765	-0.001671537921902111	0.00041261075398923985	0.0015333857247969984	-0.0010152316849709742	0.00042794865727024956	0.0035467050211233087
0.0007873633315353956	-0.0008453538282691131	-0.0022332225179195753	-0.00021148324158604126	0.0005348353318772592	-0.0015145068814306217	-0.00013373593874699274	0.003234658023335557
0.0006625445324208723	-0.0008453538282691131	-0.0024204507165923594	-0.000273892641143636	9.796953497498428e-05	-0.0015769162809884385	-0.00019614533830458747	0.0029850204251065104
-0.0006480528582861744	2.8377765536102828e-05	-0.0017963567210173004	0.00010056375620193236	0.0005348353318772592	-0.0007655940867412614	0.00011590165948294207	0.003983570818026028
0.0007873633315353956	-0.00015885043313668135	-0.0019211755201324898	3.815435664389355e-05	0.000160378934532579	-0.0006407752876260719	-8.917139632247384e-06	0.0037339332197956487
-0.0007728716574015859	-9.644103357864253e-05	-0.0015467191227871435	-0.00021148324158604126	0.000160378934532579	-0.0005159564885108825	-7.132653918895393e-05	0.003047429824663217
0.0007249539319780229	-9.644103357864253e-05	-0.0014843097232299929	-8.666444247085181e-05	3.5560135417611605e-05	-0.00045354708895373186	0.0003655392577130989	0.0038587520189112823
-0.00046082465961427843	0.0002156059642084429	-0.0006729875289823717	0.0002877919548740504	-0.0006509432597145981	-7.909069160882964e-05	-0.00019614533830458747	0.002860201625991321
0.0006625445324208723	-0.0005333068304811395	-0.0009226251272125285	3.815435664389355e-05	-0.0005261244606002968	0.0002953657057362946	-8.917139632247384e-06	0.0031722486237784064
-0.0008976904565167754	-0.0002836692322514267	-4.889353340753466e-05	0.00010056375620193236	-0.0006509432597145981	0.0002953657057362946	0.00011590165948294207	0.003047429824663217
-0.0008352810569587366	-0.0002836692322514267	0.0003255628639371455	-0.00014907384202844653	-0.0005261244606002968	0.0002953657057362946	5.349225992579143e-05	0.0031098392242208117
0.0004753163337480881	-0.00034607863180902143	0.0005127910626099297	3.815435664389355e-05	-0.0004013056614851074	0.0002329563061786999	-7.132653918895393e-05	0.0031098392242208117
-0.0007728716574015859	0.0001531965646508482	0.0013241132568571068	0.0002877919548740504	0.0005972447314344098	0.0007946409021963863	0.00042794865727024956	0.0038587520189112823
0.0004129069341904934	-0.00022125983269427607	0.0009496568595124266	-8.666444247085181e-05	0.0002851977336468803	4.5728107506359805e-05	-0.00019614533830458747	0.003484295621566158
-0.0010849186551891155	9.078716509325346e-05	0.0011992944577419173	-8.666444247085181e-05	0.0007844729301069719	0.0002329563061786999	5.349225992579143e-05	0.0033594768224511906
0.0004753163337480881	0.0002156059642084429	0.001261703857299512	0.00010056375620193236	0.0010341105283373508	4.5728107506359805e-05	-0.00013373593874699274	0.0029226110255489157
-0.0013345562534186062	-3.40316340214919e-05	0.0010120662590700213	-2.4255042913257086e-05	0.001408566925682031	-1.668129205123492e-05	5.349225992579143e-05	0.00223610763041604
0.0004129069341904934	-3.40316340214919e-05	0.001511341455529891	0.0001629731557595271	0.0025319361177169597	0.0005450033039662294	0.0003031298581555042	0.0021112888313012945
0.00010085993640340796	-0.0007205350291539236	0.0007000192612822698	-0.000273892641143636	0.002469526718159365	-0.0003287282898385424	-0.00032096413741933283	0.00017659744501874464
-0.0012097374543038608	-0.0005957162300387342	0.001261703857299512	-8.666444247085181e-05	0.0036553053097512223	0.00010813750706351044	-8.917139632247384e-06	-1.0630753653595448e-05
0.0002256787355185974	-0.0008453538282691131	0.001074475658626728	-2.4255042913257086e-05	0.0036553053097512223	-0.00020390949072379705	-0.00019614533830458747	-0.0010091811465731126
-0.0010225092556315207	-0.00040848803136661616	0.0017609790537596037	0.00022538255531645568	0.004716265102229	0.0002953657057362946	0.0003655392577130989	-0.0011964093452454527
0.0002256787355185974	-0.0009077632278267078	0.0011368850581843226	-8.666444247085181e-05	0.004154580506211314	-0.0003287282898385424	-0.00013373593874699274	-0.0010715905461302633
-0.0014593750525337956	-0.0005957162300387342	0.0011368850581843226	-8.666444247085181e-05	0.004965902700458935	-0.00014150009116620232	0.00017831105904075883	-0.0013836375439180149
0.0004753163337480881	-0.00047089743092398884	0.001261703857299512	-8.666444247085181e-05	0.0049034933009017845	-0.00039113768939613713	5.349225992579143e-05	-0.0014460469434760537
-0.001396965652976201	-0.0005957162300387342	0.0008248380603974592	-8.666444247085181e-05	0.00502831210001653	-0.0005783658880689213	-0.00013373593874699274	-0.0019453221399354792
-0.0012721468538614555	-0.00047089743092398884	0.001074475658626728	3.815435664389355e-05	0.005589996696034216	-0.00020390949072379705	0.00011590165948294207	-0.0016332751421483938
0.00028808813507574804	-0.0007829444287115184	0.000637609861724675	-8.666444247085181e-05	0.0050907214995741246	-0.0005783658880689213	-0.00013373593874699274	-0.0021325503386080413
-0.0012097374543038608	-0.0005957162300387342	0.0008872474599548319	-8.666444247085181e-05	0.005402768497361654	-0.00039113768939613713	-8.917139632247384e-06	-0.0015084563430327602
0.0002256787355185974	-0.0007205350291539236	0.0007000192612822698	-2.4255042913257086e-05	0.004965902700458935	-0.0005159564885108825	-0.00013373593874699274	-0.0012588187448030475
-0.0010225092556315207	-0.00040848803136661616	0.001074475658626728	0.0001629731557595271	0.0052779496982460206	-1.668129205123492e-05	-8.917139632247384e-06	-0.0016956845417055444
0.0004129069341904934	-0.0008453538282691131	0.0007000192612822698	3.815435664389355e-05	0.004341808704884098	-1.668129205123492e-05	5.349225992579143e-05	-0.0010715905461302633
-0.0012721468538614555	-0.0007205350291539236	0.0007624286608396424	0.00010056375620193236	0.003967352307538974	-1.668129205123492e-05	0.00017831105904075883	-0.000946771747015962
0.0006625445324208723	-0.0008453538282691131	0.00020074406482240015	-0.00021148324158604126	0.003343258311964581	-7.909069160882964e-05	-0.00013373593874699274	-0.0010091811465731126
0.0007249539319780229	-0.0011574008260559765	0.00038797226349474023	0.00010056375620193236	0.003093620713734202	0.00017054690662110517	0.00011590165948294207	-0.0008219529479007726
-0.0010225092556315207	-0.0011574008260559765	0.00038797226349474023	3.815435664389355e-05	0.0030312113141768293	0.00035777510529388934	-8.917139632247384e-06	-0.0006347247492284325
0.0007249539319780229	-0.0010949914264988259	0.00038797226349474023	0.0001629731557595271	0.0025943455172741103	0.00035777510529388934	5.349225992579143e-05	-0.0003226777514406809
-0.0010225092556315207	-0.0010949914264988259	0.00045038166305233496	-8.666444247085181e-05	0.0020950703208144628	0.00035777510529388934	5.349225992579143e-05	-0.00019785895232549144
0.00035049753463378686	-0.0012198102256140153	1.3515866150060063e-05	-0.00014907384202844653	0.001221338727010135	-0.00014150009116620232	0.0004903580568278443	0.0008631008401511764
-0.0007104622578437692	-0.0007205350291539236	0.0008248380603974592	0.0003502013544320892	0.0007220635305500434	4.5728107506359805e-05	-0.00019614533830458747	-0.0001354495527687849
0.0006001351328632776	-0.0011574008260559765	0.0002631534643795508	3.815435664389355e-05	0.0005972447314344098	0.00035777510529388934	-8.917139632247384e-06	0.00023900684457678345
-0.0010225092556315207	-0.0009077632278267078	0.00045038166305233496	0.00010056375620193236	0.00041001653276206973	0.0004201845048505959	0.00011590165948294207	5.1778645903999276e-05
