Sensor_1	Sensor_2	Sensor_3	Sensor_4	Sensor_5	Sensor_6	Sensor_7	Sensor_8
-0.0003880148393988758	-0.0005569040360111632	-0.0038144625009537414	-0.0007079722285796564	-0.0010629038452731887	-0.004803417448691505	-0.0012882860303655708	-5.62620737021291e-06
-0.0006376524376285886	-0.0006817228351261306	-0.0036272343022809572	-0.0007703816281372511	-0.0011877226443883782	-0.00455377985046157	-0.0011010578316925645	-0.00081694840161739
0.0026700457389177146	-0.00018244763866603897	-0.0025038651102466947	0.00016575936522511547	-0.0001267628519110442	-0.0035552294575413868	0.0002095395590140381	-6.803560692736355e-05
0.005416059319447886	0.0002544181582360139	-0.0006939925230793342	0.0009146721599146979	0.0005597405432209435	-0.0025566790646214255	0.001520136949721751	-0.0007545390020597953
0.006352200312809808	0.0005664651560235434	-0.0003819455252918047	0.0013515379568171948	0.0011838345387960025	-0.0021198132677198167	0.0022690497444113333	0.00011919259174497654
0.006227381513694619	0.00044164635690835397	-0.0003819455252918047	0.0012891285572598221	0.0008093781414513224	-0.002057403868161556	0.002331459143968928	-0.00081694840161739
0.008661348096437038	0.0010033309529260404	0.0003669672693982218	0.0020380413519496265	0.0016831097352560942	-0.0019949944686046273	0.0034548283360036347	0.00011919259174497654
0.007288341306172175	0.0006288745555811381	-0.0004443549248493994	0.0014763567559323842	0.0009966063401236624	-0.0035552294575413868	0.002955553139543321	-0.0007545390020597953
0.005166421721217507	0.0006912839551387329	-0.002191818112458943	0.0012891285572598221	0.0007469687418937276	-0.005614739642938682	0.0020818215457389933	0.00018160199130212717
0.0037310055313954926	0.0006288745555811381	-0.0035648249027238066	0.001101900358587038	0.00018528414587604125	-0.006613290035858643	0.0016449557488360522	-0.0003800826047151151
0.0037310055313954926	0.0006912839551387329	-0.0050626504921034154	0.0009770815594722926	-6.435345235344947e-05	-0.00910966601815777	0.001520136949721751	0.0002440113908597219
-0.00026319604028368637	4.780560005857026e-06	-0.008370348668650607	-0.0002711064316776035	-0.0016245884412910971	-0.01354073338673989	-0.000601782635233139	-0.0005673108033870111
0.000485716754405896	0.00012959935912104648	-0.010367449454490307	-8.387823300526343e-05	-0.0015621790417330583	-0.017472525558861474	-0.0007890108339054791	0.00036883018997491135
0.0007977637521929815	0.0003168275577936086	-0.012239731441214596	4.0940566109926024e-05	-0.0015621790417330583	-0.020343357938505946	-0.0009138296330206686	-0.0003176732051579645
0.000485716754405896	-5.762883955129361e-05	-0.014673698023956572	-8.387823300526343e-05	-0.00206145423819315	-0.02290214332036311	-0.001475514229038355	0.00018160199130212717
-7.596784161134629e-05	-0.0003072664377812284	-0.01629634241245137	-0.0005207440299077604	-0.0026231388342106143	-0.02558574750133502	-0.0022244270237279373	-0.0006297202029450499
0.0001112603570609938	0.00012959935912104648	-0.018168624399176103	-2.14688334476687e-05	-0.00243591063553783	-0.02558574750133502	-0.0018499706263830351	0.0003064207904173166
-0.0005128336385142873	-0.00043208523689641787	-0.020540181582360706	-0.0011448380254823753	-0.003309642229343046	-0.027832485885404656	-0.002723702220187807	-0.0007545390020597953
0.0022955893415730344	0.0003168275577936086	-0.020352953383688144	-0.00045833463035016564	-0.00206145423819315	-0.03232596265354393	-0.002286836423285088	0.0003064207904173166
0.0001112603570609938	-0.00043208523689641787	-0.02266210116731493	-0.0006455628290225057	-0.0028103670328831765	-0.030703318265048685	-0.003160568017090304	-0.00081694840161739
-0.0007000618371866274	-0.00043208523689641787	-0.02297414816510268	-0.0003959252307921268	-0.0029975952315559606	-0.026085022697795113	-0.0030357492179755585	-5.62620737021291e-06
-0.0003880148393988758	-0.00036967583733882314	-0.02247487296864259	-0.001020019226367186	-0.0031848234302278566	-0.02508647230487515	-0.0027861116197449576	-0.0006297202029450499
0.0006105355535210855	0.00012959935912104648	-0.02166355077439519	-0.000583153429464911	-0.002498320035095425	-0.02321419031815064	-0.0025988834210726175	0.0003064207904173166
0.001109810749980511	0.00012959935912104648	-0.019604040588998117	-0.0007079722285796564	-0.0021862730373078954	-0.02290214332036311	-0.0027861116197449576	-0.0003800826047151151
0.0003608979552909286	0.00044164635690835397	-0.01929199359121081	0.0006026251621271683	-0.0016869978408482478	-0.018221438353551056	-0.0019747894254977805	0.0006184677882048462
-0.0015113840314338045	-0.0005569040360111632	-0.019541631189440523	-0.0009576098268100353	-0.0029975952315559606	-0.016349156366826767	-0.0025988834210726175	-0.0007545390020597953
0.001983542343785505	6.71899595632297e-05	-0.016421161211566115	-0.0008952004272519964	-0.0015621790417330583	-0.016848431563286637	-0.001475514229038355	0.0003064207904173166
-0.00026319604028368637	-0.00012003823910933242	-0.014673698023956572	-2.14688334476687e-05	-0.0015621790417330583	-0.012729411192492712	-0.0017251518272678457	-0.0005673108033870111
-0.0015737934309909551	-0.00018244763866603897	-0.014798516823071761	-0.0002711064316776035	-0.0018118166399634372	-0.008111115625238252	-0.0011010578316925645	0.00018160199130212717
-0.00394535061417578	-0.0005569040360111632	-0.015859476615549095	-0.0020185696192873692	-0.003122414030670262	-0.008797619020370684	-0.002286836423285088	-0.00044249200427270985
-0.007752323987183063	-0.0013058168307011897	-0.01729489280537111	-0.0030171200122068864	-0.004120964423590223	-0.011418813801785	-0.0044711654077971286	5.6783192187381815e-05
-0.00906292137789011	-0.0011809980315860003	-0.01698284580758358	-0.002705073014419579	-0.004370602021819936	-0.012292545395589771	-0.004783212405584658	-0.0005049014038303046
-0.007752323987183063	-0.001056179232471255	-0.017045255207141174	-0.002268207217517304	-0.003496870428015608	-0.012604592393377523	-0.004408756008239756	0.00036883018997491135
-0.007502686388952684	-0.0011809980315860003	-0.017856577401388574	-0.002517844815747239	-0.0038713268253607325	-0.013727961585412674	-0.005095259403372188	-0.0003800826047151151
-0.00662895479514769	-0.0009313604333565095	-0.018043805600060914	-0.0021433884184021146	-0.0034344610284580135	-0.01354073338673989	-0.0044711654077971286	0.0004936489890896567
-0.005880042000457886	-0.0009313604333565095	-0.016233933012893775	-0.0020185696192873692	-0.0033720516289004188	-0.013041458190280242	-0.0040967090104526704	-0.0003800826047151151
-0.0034460754177156883	-0.0008065416342413201	-0.015547429617761566	-0.0015817038223848723	-0.0026231388342106143	-0.012542182993820372	-0.0034726150148773893	0.0003064207904173166
-0.0023851156252385763	-0.0008065416342413201	-0.016109114213778808	-0.001644113221942467	-0.0025607294346530196	-0.01123158560311266	-0.003098158617532709	-0.0006297202029450499
-0.0003256054398412811	-0.00036967583733882314	-0.015110563820859069	-0.0011448380254823753	-0.0016869978408482478	-0.010170625810635103	-0.0019123800259401857	0.00018160199130212717
-0.0015737934309909551	-0.000619313435569202	-0.014673698023956572	-0.0007703816281372511	-0.0021238636377507447	-0.007736659227893572	-0.0019123800259401857	-0.0005673108033870111
-0.00020078664072697983	-0.0002448570382236337	-0.014174422827496702	-0.001020019226367186	-0.0016245884412910971	-0.008111115625238252	-0.0013506954299231655	0.0003064207904173166
0.0005481261539637128	6.71899595632297e-05	-0.013051053635461995	-0.0007703816281372511	-0.0013749508430607182	-0.007549431029220788	-0.001038648432135858	-0.0003176732051579645
0.0031069115358202115	0.00037923695735075924	-0.011740456244754505	0.0006026251621271683	-0.00037640045014075696	-0.0003099406805526783	0.00045917715724419494	0.0004312395895325061
0.006477019111924998	0.0008785121538108509	-0.009244080262455379	0.0009770815594722926	0.0006221499427792043	-0.0023694508659495295	0.0017697745479512417	-0.00025526380560036976
0.006976294308385089	0.0008785121538108509	-0.008682395666437914	0.0015387661554895349	0.0011838345387960025	-0.00261908846417902	0.0022066403448537386	0.0004936489890896567
0.006289790913252213	0.0006912839551387329	-0.008432758068207757	0.0014139473563747895	0.0006845593423361329	-0.0005595782787823911	0.0022690497444113333	-0.0005049014038303046
0.007974844701304606	0.0015650155489430606	-0.007808664072632698	0.001913222552834437	0.0014334721370261594	0.002186435301747336	0.003579647135118824	0.0004936489890896567
0.005790515716792122	0.0010033309529260404	-0.008932033264667405	0.0009770815594722926	6.046534676173998e-05	0.002373663500419676	0.002581096742198863	-0.00044249200427270985
0.004417508926527924	0.001065740352483191	-0.011678046845197354	0.0002281687647827102	-6.435345235344947e-05	-0.0008716252765694765	0.0013329087510489668	0.0004936489890896567
0.003418958533608185	0.0005040557564659487	-0.013300691233691708	-0.00014628763256285815	-0.0006260380483711359	-0.003305591859311896	0.0008960429541469139	-0.00044249200427270985
0.0034813679331653358	0.0007536933546954394	-0.015547429617761566	0.0009146721599146979	-0.00018917225146841687	-0.0036176388570989815	0.0013953181506065615	0.0004936489890896567
0.0001112603570609938	0.0001920087586786412	-0.019042355992981097	-0.00014628763256285815	-0.0013125414435035676	-0.006426061837185859	0.00045917715724419494	-0.00044249200427270985
0.0012970389486530731	4.780560005857026e-06	-0.02047777218280311	-0.0002711064316776035	-0.0013749508430607182	-0.008735209620813533	-0.00010250743877260327	0.00018160199130212717
0.000485716754405896	4.780560005857026e-06	-0.02116427557793532	-0.0003959252307921268	-0.0015621790417330583	-0.008860028419928279	-0.0011634672312501593	-0.0005673108033870111
0.0006729449530786802	4.780560005857026e-06	-0.021913188372625347	-0.0002711064316776035	-0.0013749508430607182	-0.008111115625238252	-0.001225876630808198	0.0002440113908597219
-0.00013837724116849692	4.780560005857026e-06	-0.02278691996643012	-0.0005207440299077604	-0.00187422603952081	-0.005677149042496721	-0.0014131048294803161	-0.00044249200427270985
-0.0010121088349737128	-0.00012003823910933242	-0.02266210116731493	-0.0009576098268100353	-0.0021862730373078954	-0.00723738403143348	-0.0015379236285959497	0.00011919259174497654
4.885095750339907e-05	-0.0002448570382236337	-0.01979126878767068	-0.001394475623712088	-0.00187422603952081	-0.007923887426565468	-0.001475514229038355	-0.0006921296025022006
0.000485716754405896	-0.00012003823910933242	-0.018605490196078378	-0.000583153429464911	-0.0012501320439455288	-0.007549431029220788	-0.0011010578316925645	5.6783192187381815e-05
-0.001199337033646275	-0.00036967583733882314	-0.01879271839475094	-0.0007079722285796564	-0.0018118166399634372	-0.004428961051346381	-0.0007890108339054791	-0.0007545390020597953
-0.0014489746318757657	-5.762883955129361e-05	-0.01829344319829085	-0.0008327910276948458	-0.0021862730373078954	-0.0029311354619667718	-0.0004145544365605769	0.00018160199130212717
-0.000762471236743778	-0.0003072664377812284	-0.0166083894102389	-0.0017689320210572124	-0.00224868243686549	-0.003992095254444328	-0.0004145544365605769	-0.0005049014038303046
-0.00013837724116849692	-0.00018244763866603897	-0.015672248416876533	-0.001207247425039748	-0.001437360242618313	-0.00349282005798468	-0.0005393732356757663	0.00018160199130212717
-0.0011369276340886803	0.0003168275577936086	-0.015172973220416441	-0.0003335158312349762	-0.0013125414435035676	-0.0019325850690470325	-0.0007890108339054791	-0.00019285440604277504
-7.596784161134629e-05	0.0007536933546954394	-0.01679561760891146	-2.14688334476687e-05	-0.0004388098496983517	0.0003141533150226028	0.00045917715724419494	0.0009305147859921536
-0.0008248806363013728	0.00012959935912104648	-0.018231033798733476	-0.0008952004272519964	-0.0017494072404056205	-0.0019325850690470325	-0.001225876630808198	-6.803560692736355e-05
0.00042330735484852333	0.00044164635690835397	-0.018168624399176103	-0.0008327910276948458	-0.0013125414435035676	-0.0035552294575413868	-0.001225876630808198	0.0007432865873198136
-0.0010745182345313076	6.71899595632297e-05	-0.01997849698634324	-0.0009576098268100353	-0.0016869978408482478	-0.00474100804913391	-0.0015379236285959497	-0.00019285440604277504
-0.0003256054398412811	0.00037923695735075924	-0.021476322575723072	-0.0003335158312349762	-0.0011253132448312275	-0.00474100804913391	-0.001038648432135858	0.0006808771877622188
-0.004756672808422957	-0.00036967583733882314	-0.024347154955367323	-0.0020185696192873692	-0.002872776432440771	-0.007174974631875886	-0.002723702220187807	-0.00019285440604277504
-0.006816182993819808	-0.00043208523689641787	-0.026219436942092278	-0.002268207217517304	-0.003122414030670262	-0.009421713015945521	-0.0040967090104526704	0.0008056959868774083
-0.007877142786297364	-0.001243407431143595	-0.02665630273899411	-0.0027674824139771736	-0.0038089174258026937	-0.009796169413290201	-0.0049080312046998475	-0.0003800826047151151
-0.007502686388952684	-0.0008065416342413201	-0.026219436942092278	-0.0023306166170748988	-0.0031848234302278566	-0.008111115625238252	-0.005220078202487377	0.0006808771877622188
-0.00881328377965973	-0.0011185886320288496	-0.026032208743419494	-0.0033915764095515666	-0.004308192622263229	-0.005552330243381531	-0.007341997787441823	-0.0003800826047151151
-0.00644172659647535	-0.0008689510337984707	-0.023411013962004956	-0.003079529411764481	-0.003746508026245099	-0.0042417328526738185	-0.0065930849927517965	0.0004312395895325061
-0.00644172659647535	-0.001056179232471255	-0.02178836957351038	-0.0033915764095515666	-0.0038089174258026937	-0.002494269665064719	-0.006093809796291927	-0.00044249200427270985
-0.004257397611963087	-0.0002448570382236337	-0.02097704737926298	-0.0020185696192873692	-0.002311091836423529	-0.0004971688792245743	-0.0036598432135499515	0.0007432865873198136
-0.002634753223468289	-0.0005569040360111632	-0.02066500038147545	-0.0019561602197297745	-0.0023735012359806795	-0.0007468064774547312	-0.0022244270237279373	-0.00044249200427270985
-0.0016986122301061446	-0.00043208523689641787	-0.0206025909819183	-0.0017065226214996176	-0.002311091836423529	-0.0002475312809946395	-0.0017875612268254404	0.00036883018997491135
-0.0007000618371866274	0.0001920087586786412	-0.018667899595635973	-0.001394475623712088	-0.00187422603952081	-0.0004971688792245743	-0.0009762390325782633	-0.00013044500648495827
0.0001112603570609938	4.780560005857026e-06	-0.019416812390325777	-0.0011448380254823753	-0.0011253132448312275	-0.0019325850690470325	0.0002719489585716328	0.0004936489890896567
0.0005481261539637128	0.00012959935912104648	-0.021039456778820576	-0.0007703816281372511	-0.0006884474479282865	-0.0003099406805526783	0.0005839959563593844	-0.00019285440604277504
0.004355099526970108	0.0007536933546954394	-0.020228134584573176	0.00047780636301242296	0.0004973311436635708	0.0002517439154652301	0.0027059155413138303	0.0006184677882048462
0.0046047371252002645	0.0007536933546954394	-0.018730308995193345	0.0007274439612423578	-6.435345235344947e-05	0.000875837911039623	0.002768324940871425	-0.0003176732051579645
0.005540878118562631	0.0010033309529260404	-0.016670798809796272	0.0003529875638972335	0.0004973311436635708	0.00043897211413779225	0.004640606927596158	0.0004312395895325061
0.007413160105287364	0.0013153779507135699	-0.015172973220416441	0.0007898533607999525	0.001308653337911192	0.0012502943083849694	0.005202291523612956	-0.00013044500648495827
0.007850025902189417	0.0015650155489430606	-0.015672248416876533	0.0015387661554895349	0.001745519134813689	0.001999207103074996	0.009508540093080109	0.0006184677882048462
0.005416059319447886	0.0012529685511559752	-0.017544530403601044	0.0006650345616852071	0.0009341969405665118	0.001125475509270224	0.007761076905470565	-0.00019285440604277504
0.004355099526970108	0.0006912839551387329	-0.01848067139696341	0.0002281687647827102	0.0007469687418937276	-0.0017453568703742484	0.005888794918745832	0.0004312395895325061
0.004167871328297323	0.0013153779507135699	-0.01710766460669877	0.0007898533607999525	0.001121425139239296	-0.001183672274357006	0.006200841916532918	-6.803560692736355e-05
0.0024828175402453745	0.0011281497520407857	-0.019416812390325777	0.0005402157625695736	0.0007469687418937276	-0.00037235008010938486	0.006263251316090512	0.0009929241855497484
-0.0008248806363013728	0.0010033309529260404	-0.021913188372625347	-8.387823300526343e-05	-0.0004388098496983517	-0.0014957192721447576	0.0047654257267109035	0.0003064207904173166
-0.0006376524376285886	0.0008785121538108509	-0.0206025909819183	-0.0003335158312349762	-0.0005636286488135411	-0.00037235008010938486	0.00301796253910136	0.0008056959868774083
-0.0005752430380709939	0.00044164635690835397	-0.02029054398413055	-0.0017065226214996176	-0.0010629038452731887	0.002623301098650055	0.0012080899519342214	5.6783192187381815e-05
0.000485716754405896	0.0006288745555811381	-0.018667899595635973	-0.0006455628290225057	-0.00018917225146841687	-0.003055954261081517	0.0015825463492793457	0.0007432865873198136
-0.0008248806363013728	6.71899595632297e-05	-0.017731758602273606	-0.0006455628290225057	-0.00081326624704392	-0.002868726062409177	0.0003343583581290055	-0.0003176732051579645
-0.00020078664072697983	0.0005040557564659487	-0.01698284580758358	0.00016575936522511547	-1.944052795854745e-06	-0.0019949944686046273	0.002581096742198863	0.0006184677882048462
-0.0008248806363013728	-0.00018244763866603897	-0.01629634241245137	-0.0009576098268100353	-0.0011877226443883782	-0.0021198132677198167	0.0018945933470664311	-0.0005049014038303046
-7.596784161134629e-05	6.71899595632297e-05	-0.015672248416876533	-0.001394475623712088	-0.001000494445715816	-0.0023694508659495295	0.0024562779430841175	0.00018160199130212717
-0.001199337033646275	-0.00012003823910933242	-0.013300691233691708	-0.001394475623712088	-0.0011253132448312275	-0.0019949944686046273	0.0024562779430841175	-0.00044249200427270985
-0.000762471236743778	0.00012959935912104648	-0.0137999664301518	-0.0008327910276948458	-0.00081326624704392	-0.001620538071259503	0.0033300095368884453	0.00036883018997491135
-0.0016362028305485499	-5.762883955129361e-05	-0.014049604028381735	-0.001020019226367186	-0.0011253132448312275	-0.0013084910734721955	0.00301796253910136	-0.00044249200427270985
-0.0013241558327614644	0.0001920087586786412	-0.014424060425726637	-0.001020019226367186	-0.0011253132448312275	-0.0012460816739146008	0.0037668753337913863	0.0004312395895325061
-0.0010745182345313076	-0.00012003823910933242	-0.013363100633249303	-0.0017065226214996176	-0.0013749508430607182	-0.002681497863736615	0.002518687342640824	-0.0005673108033870111
-0.00026319604028368637	4.780560005857026e-06	-0.012801416037232283	-0.001020019226367186	-0.0006260380483711359	-0.00349282005798468	0.0028931437399861704	0.0004312395895325061
-0.0015113840314338045	-0.000619313435569202	-0.014361651026169486	-0.0013320662241549375	-0.0016245884412910971	-0.00349282005798468	0.002331459143968928	-0.0007545390020597953
-7.596784161134629e-05	0.0002544181582360139	-0.0137999664301518	-0.0005207440299077604	-0.0005012192492559464	-0.002431860265507124	0.003954103532463282	0.0003064207904173166
-0.0007000618371866274	-0.0002448570382236337	-0.014611288624399199	-0.001207247425039748	-0.0012501320439455288	-0.0029311354619667718	0.0032676001373312946	-0.0006297202029450499
-0.0005752430380709939	0.00037923695735075924	-0.012114912642099629	-0.000583153429464911	-0.0005636286488135411	-0.002868726062409177	0.004078922331578472	0.0004936489890896567
-0.006067270199130226	-0.0009313604333565095	-0.015734657816433906	-0.002642663614861984	-0.00243591063553783	-0.005365102044708747	0.001957002746624026	-0.0005673108033870111
-0.008314008583199861	-0.0009313604333565095	-0.017669349202716234	-0.0024554354161892	-0.003122414030670262	-0.00505305504692144	0.0022690497444113333	0.0004312395895325061
-0.008688464980544541	-0.0009937698329141043	-0.014985745021744101	-0.003516395208666978	-0.0033720516289004188	-0.004616189250019165	0.0011456805523761826	-0.0003176732051579645
-0.007065820592050187	-0.0009937698329141043	-0.012676597238117093	-0.0032667576104372653	-0.0027479576333255817	-0.005177873846036185	0.0016449557488360522	0.0004312395895325061
-0.008314008583199861	-0.0008065416342413201	-0.012364550240329564	-0.002517844815747239	-0.003122414030670262	-0.0048658268482486555	0.002331459143968928	-6.803560692736355e-05
-0.006878592393377403	-0.000619313435569202	-0.012926234836347028	-0.0023930260166316053	-0.002685548233767987	-0.0038672764553291383	0.003205190737773256	0.0008681053864345589
-0.005255948004883049	-0.0002448570382236337	-0.009992993057144961	-0.002080979018844964	-0.0025607294346530196	-0.0029311354619667718	0.004266150530251034	0.0002440113908597219
-0.0031964378194857535	-0.00043208523689641787	-0.008619986266880098	-0.002080979018844964	-0.0018118166399634372	-0.0031807730601967066	0.00339241893644604	0.0006808771877622188
-0.002010659227893674	-0.0003072664377812284	-0.00755902647440343	-0.001456885023270127	-0.0016245884412910971	-0.0025566790646214255	0.0037668753337913863	-6.803560692736355e-05
-0.000762471236743778	0.0005040557564659487	-0.007309388876173051	-0.00014628763256285815	-0.0006260380483711359	-0.0008716252765694765	0.005202291523612956	0.0008681053864345589
-0.0011369276340886803	-5.762883955129361e-05	-0.008370348668650607	-0.001394475623712088	-0.001437360242618313	-0.0013709004730295682	0.004453378728923374	-0.00019285440604277504
0.0007353543526362749	0.0002544181582360139	-0.006872523079270554	-0.001020019226367186	-0.0005012192492559464	-0.0019325850690470325	0.004390969329366223	0.0006808771877622188
-7.596784161134629e-05	0.0001920087586786412	-0.005873972686351037	-0.00045833463035016564	-0.0005636286488135411	-0.0004971688792245743	0.004827835126268054	-6.803560692736355e-05
0.004667146524757415	0.0008785121538108509	-0.004438556496528134	0.0006026251621271683	0.0009966063401236624	0.0008134285114824724	0.0068873453116657934	0.0006808771877622188
0.006601837911040187	0.0008785121538108509	-0.00281591210803378	0.0009146721599146979	0.0013710627374685647	0.0014999319066149042	0.008634808499275337	-0.00013044500648495827
0.006726656710154932	0.0011281497520407857	-0.0019421805142290083	0.0014139473563747895	0.0018703379339284343	0.0031225762951097025	0.0064504795147632965	0.0007432865873198136
0.007662797703517077	0.0013153779507135699	0.00024214847028303232	0.0012891285572598221	0.002119975532158369	0.0033098044937820426	0.006263251316090512	-6.803560692736355e-05
0.00928544209201232	0.00150260614938591	0.001989611657892576	0.001975631952392254	0.002806478927290801	0.002997757495994513	0.00794830510414335	0.0006184677882048462
0.005977743915465128	0.0010033309529260404	0.0009286518654156861	0.0012267191577020053	0.0018079285343712836	0.0029353480964369183	0.007386620508124997	-0.0003176732051579645
0.004105461928740173	0.0013153779507135699	-0.0008188113221945237	0.001101900358587038	0.0012462439383535973	0.0033098044937820426	0.007136982909895284	0.0008056959868774083
0.003606186732280303	0.0011281497520407857	-0.0009436301213094911	0.00041539696345482824	0.0009341969405665118	0.0024984822995344214	0.006512888914320225	-6.803560692736355e-05
0.002420408140688224	0.0008161027542534782	-0.0016301335164414787	0.00016575936522511547	0.0008093781414513224	0.0013751131074997147	0.005639157320515675	0.0007432865873198136
-7.596784161134629e-05	0.00037923695735075924	-0.0029407309071485255	-0.0003959252307921268	-6.435345235344947e-05	0.0003141533150226028	0.004703016327153309	-0.00025526380560036976
0.0005481261539637128	0.0006912839551387329	-0.0031903685053789044	0.0002281687647827102	0.0004973311436635708	0.0010006567101548125	0.005077472724498433	0.0007432865873198136
-0.00013837724116849692	0.00012959935912104648	-0.002878321507591375	-0.0005207440299077604	-0.00018917225146841687	-0.0004971688792245743	0.004827835126268054	-0.0003176732051579645
0.0005481261539637128	0.0006288745555811381	-0.00281591210803378	0.0002281687647827102	0.0004973311436635708	-0.00012271248187989414	0.0049526539253832436	0.0008056959868774083
-0.0005752430380709939	0.00044164635690835397	-0.0017549523155566682	-0.000583153429464911	-0.00031399105058382837	0.00012692511635004067	0.0041413317311360665	-6.803560692736355e-05
0.0007977637521929815	0.0005040557564659487	-0.0010060395208666417	-0.0002711064316776035	0.000247693545433636	-0.000996444075684666	0.004827835126268054	0.0005560583886472514
-0.0015737934309909551	0.0002544181582360139	-0.0015053147173269554	-0.000583153429464911	-0.00037640045014075696	0.006742321469443757	0.0012704993514918161	-0.00013044500648495827
0.001109810749980511	0.00044164635690835397	-0.0007564019226367069	-0.0013320662241549375	6.046534676173998e-05	0.0006262003128105764	0.003829284733348093	0.0005560583886472514
-0.0003256054398412811	0.0002544181582360139	-0.0019421805142290083	-8.387823300526343e-05	-1.944052795854745e-06	-0.00018512188143748887	0.004890244525825649	-6.803560692736355e-05
-0.0013865652323190591	0.0005040557564659487	-0.0014429053177686946	-0.0002711064316776035	-0.00037640045014075696	-0.0003099406805526783	0.005451929121843335	0.0006808771877622188
-0.0005128336385142873	6.71899595632297e-05	-0.0012556771190965765	-0.0010824286259247806	-0.0006884474479282865	-0.0008716252765694765	0.004827835126268054	-0.00025526380560036976
0.0001112603570609938	0.0005040557564659487	-0.0006315831235217395	-0.0002711064316776035	0.00018528414587604125	-0.00018512188143748887	0.004703016327153309	0.0006808771877622188
-0.0005128336385142873	4.780560005857026e-06	-0.00019471732661946461	-0.001020019226367186	-0.0005012192492559464	-0.0010588534752418166	0.0047654257267109035	-0.0003800826047151151
-0.0008872900358589675	6.71899595632297e-05	-0.0004443549248493994	-0.0006455628290225057	-0.0006260380483711359	-0.0006843970778971364	0.004890244525825649	0.0004936489890896567
-0.00026319604028368637	0.0002544181582360139	-7.489127946902485e-06	-0.00045833463035016564	-0.00031399105058382837	-0.0006843970778971364	0.005701566720072826	-0.00019285440604277504
0.0003608979552909286	0.0003168275577936086	-0.0004443549248493994	-0.00045833463035016564	-6.435345235344947e-05	-0.0004971688792245743	0.005451929121843335	0.0006808771877622188
-0.0009496994354161181	-5.762883955129361e-05	-0.0008812207217518964	-0.0008327910276948458	-0.0007508568474863253	-0.00037235008010938486	0.005451929121843335	-0.0003176732051579645
-0.0016362028305485499	6.71899595632297e-05	-0.0013180865186541713	-0.001020019226367186	-0.0005636286488135411	-0.000996444075684666	0.005639157320515675	0.0004312395895325061
-0.00644172659647535	-0.0013058168307011897	-0.0036272343022809572	-0.0030171200122068864	-0.0025607294346530196	-0.003680048256656576	0.0018321839475086144	-0.0006297202029450499
