Sensor_1	Sensor_2	Sensor_3	Sensor_4	Sensor_5	Sensor_6	Sensor_7	Sensor_8
-0.007964403608758719	-0.0012345796215764704	-0.005604117563134059	-0.0022702979324025208	-0.0027362121843286236	-0.005233486861981884	-0.004147201335164219	0.00011030861371796874
-0.00846367880521881	-0.001484217219805961	-0.0059161645609218105	-0.0027695731288619463	-0.003235487380788271	-0.005732762058441976	-0.004646476531624311	-0.0007634229800868031
-0.005904893423361868	-0.0008601232242313461	-0.004855204768444477	-0.0018334321355000238	-0.002049708789196414	-0.004734211665522459	-0.003335879140917042	0.0004223556115054983
-0.005592846425574338	-0.0010473514229041303	-0.004605567170214098	-0.001958250934614769	-0.0023617557869834993	-0.004796621065080053	-0.0033982885404741925	-0.0006386041809720577
-0.0034085174410618535	-0.0006104856260011893	-0.0037942449759669206	-0.001146928740367592	-0.0014256147936211327	-0.003985298870832432	-0.002274919348439486	0.0002975368123907529
-0.0020979200503548068	-0.0007977138246737514	-0.003045332181277338	-0.0012093381399247427	-0.0014880241931791716	-0.0035484330739303793	-0.0017756441519793942	-0.0006386041809720577
-0.00016322866407314507	-4.8801029984391064e-05	-0.002046781788357377	-0.00027319714656282024	-0.00042706440070161555	-0.0026747014801247193	-0.0006522749599449096	0.0004223556115054983
-0.000787322659647538	-0.0004232574273288492	-0.002234009987030161	-0.0007724723430224678	-0.0009263395971619293	-0.0030491578774700656	-0.0010267313572898118	-0.0005137853818568683
0.000648093530174032	0.00020083656824598783	-0.0014850971923401346	0.00010125925078230402	-5.260800335626925e-05	-0.002362654482337634	-0.00015299976348503996	0.0006095838101780604
0.0007105029297316268	-0.00011121042954176374	-0.0014226877927825399	-0.0001483783474476308	-0.0004894738002594323	-0.0024874732814528233	-0.0002778185626002294	-0.0005137853818568683
0.00489193270008359	0.0005752929655911121	0.0006368223926145333	0.001162219043259638	0.001133170588235588	-0.000864828892958025	0.0018441010223548826	0.0004223556115054983
0.006389758289463643	0.0006377023651478186	0.001760191584649462	0.001349447241931978	0.0013203987869081502	-0.00024073489738318798	0.002593013817044687	-0.0005137853818568683
0.007263489883268415	0.0011993869611659491	0.002197057381551515	0.0019111318379496645	0.002006902182040582	0.0003209496986344984	0.0031546984130621514	0.000484765011063093
0.0075131274814981275	0.0007625211642632301	0.002821151377126574	0.0017239036392768803	0.0018196739833680198	0.00044576849774924376	0.0033419266117344915	-0.0005137853818568683
0.009260590669107671	0.0015114339589530346	0.003632473571373751	0.002597635233081874	0.0026934055771725696	0.0011322718928816755	0.004340477004654231	0.0004223556115054983
0.006327348889906048	0.0007625211642632301	0.002633923178454234	0.001599084840162357	0.001570036385138085	8.902700846746825e-06	0.0030922890135041126	-0.0005137853818568683
0.005079160898756152	0.0008249305638208249	0.0016977821850914232	0.0014118566414895728	0.0015076269855804902	-0.0006151912947278682	0.002593013817044687	0.00035994621194790355
0.0045798857022965045	0.0007625211642632301	0.001947419783321802	0.001349447241931978	0.0013828081864653008	-0.0006776006942856849	0.0024681950179297196	-0.0003889665827421229
0.002582784916456804	0.0005128835660335174	0.0005744129930569386	0.0009749908445870759	0.000945942389563692	-0.0014265134889754894	0.0016568728236820984	0.0005471744106204657
0.00039845593194476336	1.3608369573425705e-05	-0.00036172800030542795	0.00010125925078230402	-0.00011501740291386398	-0.002549882681010418	0.00047109423209024115	-0.0005137853818568683
0.0012721875257497572	0.0005128835660335174	-0.00029931860074783323	0.0006005344472423957	0.0005714859922181237	-0.0024874732814528233	0.000907960028992516	0.0006095838101780604
0.0008977311284044109	0.0007001117647058575	-4.9681002517676376e-05	0.0006005344472423957	0.00044666719310360037	-0.0026122920805680128	0.000907960028992516	-1.451018539677662e-05
0.0012721875257497572	0.0007001117647058575	-0.00036172800030542795	0.0007877626459147358	0.0006338953917757184	-0.0027995202792399088	0.0009703694285501108	0.0008592214084079952
-0.00010081926451555034	1.3608369573425705e-05	-0.001173050194552605	3.884985122515339e-05	-0.00023983620202905342	-0.0036732518730446806	3.422843518774421e-05	-0.00026414778362671143
0.0008353217288468162	0.00045047416647592264	-0.0009234125963226703	0.000538125047684801	0.00032184839398796683	-0.003361204875257595	0.00047109423209024115	0.0006095838101780604
-0.00010081926451555034	7.601776913102043e-05	-0.0012978689936677945	-8.596894789003606e-05	-0.0004894738002594323	-0.0038604800717172427	-2.8180964369850514e-05	-0.0003265571831845282
0.0005232747310597308	0.00026324596780313847	-0.0012978689936677945	0.0001636686503396767	9.801396200437296e-06	-0.00379807067215987	0.00022145663385986225	0.0002975368123907529
-0.0005376850614178252	-0.00029843862821365974	-0.001797144190127442	-0.0003980159456771215	-0.0006767019989315504	-0.004484574067292302	-0.0004026373617145307	-0.000576194781414463
0.00039845593194476336	0.0003256553673607332	-0.0014850971923401346	0.00028848744945486615	-5.260800335626925e-05	-0.003985298870832432	0.00015904723430248957	0.0004223556115054983
-0.0004752756618602305	-0.00017361982909891438	-0.001797144190127442	-0.00027319714656282024	-0.0006142925993739556	-0.004297345868619962	-0.00034022796215738005	-0.0005137853818568683
-0.00016322866407314507	1.3608369573425705e-05	-0.002046781788357377	-8.596894789003606e-05	-0.00036465500114402083	-0.004422164667735151	-0.0002154091630417465	0.00035994621194790355
-0.0006625038605332367	-0.0005480762264440386	-0.002296419386587756	-0.0007100629434653172	-0.0010511583962762305	-0.005046258663309544	-0.0007146843595022823	-0.0008258323796439537
8.640893415723383e-05	7.601776913102043e-05	-0.0021091911879149716	-8.596894789003606e-05	-0.00036465500114402083	-0.004484574067292302	-0.0002154091630417465	0.0002351274128331582
-0.0006000944609751979	-0.00036084802777125446	-0.0023588287861449064	-0.00033560654612041496	-0.0008639301976038904	-0.0045469834668496745	-0.0004026373617145307	-0.0006386041809720577
0.0007105029297316268	0.0003880647669183279	-0.001797144190127442	0.0003508968490120168	7.221079575803202e-05	-0.004234936469062367	0.00022145663385986225	0.0005471744106204657
2.3999534599639105e-05	1.3608369573425705e-05	-0.002046781788357377	-0.0001483783474476308	-0.00042706440070161555	-0.004734211665522459	-2.8180964369850514e-05	-0.00026414778362671143
-0.0008497320592055768	0.0001384271686883931	-0.002858103982604998	-8.596894789003606e-05	-0.00042706440070161555	-0.005108668062867583	-0.0005274561608297201	0.0005471744106204657
-0.00609212162203443	-0.0006104856260011893	-0.005416889364462163	-0.0014589757381548996	-0.0021121181887540086	-0.0068561312504766825	-0.00283660394445695	-0.00026414778362671143
-0.007714766010529228	-0.0011721702220188757	-0.0069771243533989225	-0.0021454791332873313	-0.0027986215838862183	-0.007729862844281676	-0.00389756373693384	0.0002351274128331582
-0.008151631807431503	-0.0013593984206912157	-0.007101943152514112	-0.0027071637293047957	-0.003297896780345866	-0.008353956839856291	-0.0044592483329517485	-0.0007010135805287643
-0.0072154908140691365	-0.0009225326237889409	-0.0069771243533989225	-0.001958250934614769	-0.002486574586099133	-0.007979500442512055	-0.003710335538261722	0.0002975368123907529
-0.008338860006103843	-0.0017962642175937127	-0.008038084145876478	-0.003019210727092325	-0.003672353177691212	-0.009102869634546318	-0.004833704730296651	-0.0007634229800868031
-0.005842484023804273	-0.0012345796215764704	-0.007101943152514112	-0.002020660334172364	-0.0025489839856562835	-0.008229138040741546	-0.0036479261387045714	0.00011030861371796874
-0.004781524231326717	-0.0006104856260011893	-0.00622821155870934	-0.0015213851377124943	-0.002236936987868754	-0.007917091042954016	-0.0029614227435721396	-0.0002017383840691167
-0.0029716516441600227	-0.0008601232242313461	-0.006103392759594151	-0.0013965663385973048	-0.0018624805905238517	-0.008166728641183951	-0.002399738147554231	0.0002351274128331582
-0.001036960257877917	-0.0002360292286569532	-0.004730385969329287	-0.000522834744792533	-0.00117597719539142	-0.007355406446936774	-0.0012763689555193025	-0.0003889665827421229
-0.0002256380636302957	-0.00017361982909891438	-0.005042432967117261	-0.0003980159456771215	-0.0010511583962762305	-0.007355406446936774	-0.0010267313572898118	0.0002975368123907529
-0.00016322866407314507	-0.00011121042954176374	-0.004605567170214098	-0.0004604253452351603	-0.0011135677958338253	-0.007729862844281676	-0.0008395031586170276	-0.0003265571831845282
0.00039845593194476336	-0.00017361982909891438	-0.004917614168001849	-0.00027319714656282024	-0.000988748996719524	-0.008541185038528853	-0.0007146843595022823	0.0002975368123907529
0.0010849593270771951	-0.00029843862821365974	-0.004543157770657391	-0.0004604253452351603	-0.0011135677958338253	-0.009040460234988723	-0.0004650467612725695	-0.0006386041809720577
0.0060153018921180745	0.0006377023651478186	-0.002234009987030161	0.001349447241931978	0.0008211235904480585	-0.007417815846494369	0.0018441010223548826	0.0002975368123907529
0.006764214686808545	0.0008249305638208249	-0.0015475065918972852	0.0015366754406043182	0.0008835329900056532	-0.007292997047379179	0.002405785618371681	-0.0003265571831845282
0.0075131274814981275	0.0011993869611659491	-0.001609915991454658	0.00203595063706441	0.0015076269855804902	-0.0061072184557871	0.0029674702143898113	0.0005471744106204657
0.007949993278400846	0.0010745681620503156	-0.0007985937972077028	0.0019111318379496645	0.0011955799877929607	-0.0062320372549020675	0.0033419266117344915	-0.0002017383840691167
0.009572637666895645	0.0017610715571831914	-0.0002369092011902385	0.0025352258335242794	0.0020693115815981766	-0.006356856054016813	0.004340477004654231	0.0007968120088504005
0.006202530090790859	0.0007625211642632301	-0.002421238185702057	0.0012870378423748274	0.000509076592660529	-0.009165279034103913	0.0025306044174870923	-0.00045137598229971765
0.005578436095216022	0.0010745681620503156	-0.0033573791790648677	0.001599084840162357	0.0008211235904480585	-0.009539735431448815	0.0022809668192573795	0.0006719932097356551
0.004267838704508975	0.0007001117647058575	-0.003981473174639705	0.0012870378423748274	0.0002594389944308162	-0.009976601228351534	0.0018441010223548826	-0.00045137598229971765
0.002145919119554085	0.00045047416647592264	-0.005541708163576908	0.000725353246357141	-0.00023983620202905342	-0.011224789219500764	0.0006583224307621371	0.0004223556115054983
0.0008977311284044109	0.0003880647669183279	-0.00622821155870934	0.0003508968490120168	-0.0008015207980467398	-0.01178647381551845	9.663783474489485e-05	-0.0002017383840691167
0.0012721875257497572	0.0005128835660335174	-0.00641543975738168	0.0003508968490120168	-0.0004894738002594323	-0.011661655016403483	0.00022145663385986225	0.0006719932097356551
0.0005232747310597308	0.00020083656824598783	-0.006914714953841328	0.00010125925078230402	-0.000988748996719524	-0.011412017418173548	-2.8180964369850514e-05	-0.0003889665827421229
0.0005856841306173255	0.0001384271686883931	-0.007663627748531798	0.00022607804989727143	-0.000988748996719524	-0.011412017418173548	3.422843518774421e-05	0.000484765011063093
0.0005232747310597308	0.0001384271686883931	-0.0077884465476460996	-0.0003980159456771215	-0.0013007959945068315	-0.012472977210651104	-0.0004026373617145307	-0.0003265571831845282
0.0010225499275196004	0.00020083656824598783	-0.0076012183489742036	0.00010125925078230402	-0.0006767019989315504	-0.012535386610208477	-2.8180964369850514e-05	0.0004223556115054983
0.00046086533150213604	0.0001384271686883931	-0.007538808949416609	0.00010125925078230402	-0.0008015207980467398	-0.011349608018615953	-0.0002778185626002294	-0.00026414778362671143
0.0007105029297316268	0.0003880647669183279	-0.008038084145876478	0.0003508968490120168	-0.0006767019989315504	-0.010163829427023874	-2.8180964369850514e-05	0.0005471744106204657
-0.00035045686274592924	-0.0002360292286569532	-0.00841254054322138	-0.0007100629434653172	-0.0015504335927363222	-0.010413467025253587	-0.0007146843595022823	-0.0003889665827421229
0.0010225499275196004	0.0006377023651478186	-0.007538808949416609	0.00022607804989727143	-0.00042706440070161555	-0.010226238826581246	9.663783474489485e-05	0.0007968120088504005
-0.00016322866407314507	0.0003880647669183279	-0.007975674746318662	0.00010125925078230402	-0.0009263395971619293	-0.00972696363012071	-0.00015299976348503996	-1.451018539677662e-05
-0.00035045686274592924	-0.00017361982909891438	-0.009348681536583747	-0.00033560654612041496	-0.0013632053940639821	-0.010039010627908684	-0.0005898655603873149	0.00035994621194790355
-0.00016322866407314507	-0.00011121042954176374	-0.009286272137026153	-0.0005852441443496836	-0.0017376617914086623	-0.011412017418173548	-0.0006522749599449096	-0.00045137598229971765
0.0007729123292892215	0.00020083656824598783	-0.009286272137026153	-0.0001483783474476308	-0.0010511583962762305	-0.01228574901197832	-0.00034022796215738005	0.0004223556115054983
-0.0002256380636302957	0.00026324596780313847	-0.010222413130388519	-2.3559548332441338e-05	-0.0014880241931791716	-0.012472977210651104	-0.0006522749599449096	-0.00013932898451196607
0.0007729123292892215	0.0003880647669183279	-0.011096144724193291	3.884985122515339e-05	-0.0012383865949487927	-0.013533937003127994	-0.0002778185626002294	0.0006095838101780604
2.3999534599639105e-05	-4.8801029984391064e-05	-0.012781198512245462	-0.000522834744792533	-0.002049708789196414	-0.015031762592508047	-0.0009643219577322171	-0.0003265571831845282
-0.0009745508583203222	7.601776913102043e-05	-0.013779748905165201	-0.0004604253452351603	-0.001987299389639041	-0.016654406981002845	-0.0017756441519793942	0.0006095838101780604
-0.006216940421149175	-0.0005480762264440386	-0.017025037682154798	-0.001958250934614769	-0.0034227155794608333	-0.01933801116197431	-0.00439683893339371	4.7899214160374015e-05
-0.006528987418936261	-0.0005480762264440386	-0.018460453871976812	-0.0015213851377124943	-0.0034227155794608333	-0.01821464196994005	-0.004584067132066272	0.0007344026092928058
-0.007714766010529228	-0.0010473514229041303	-0.020020688860914015	-0.002582344930189162	-0.0044212659723807946	-0.018776326565956847	-0.00533297992675652	-0.0002017383840691167
-0.007402719012741477	-0.0007353044251168228	-0.019708641863126486	-0.0023327073319596714	-0.004109218974593487	-0.017715366773479957	-0.005208161127641331	0.0007968120088504005
-0.006716215617609045	-0.0010473514229041303	-0.020020688860914015	-0.002831982528419541	-0.004608494171053135	-0.019962105157549592	-0.005395389326313893	-0.0003265571831845282
-0.005343208827344403	-0.000672895025558784	-0.01958382306401174	-0.001958250934614769	-0.0035475343785760227	-0.01796500437170989	-0.004646476531624311	0.000484765011063093
-0.004656705432211972	-0.0007977138246737514	-0.018585272671092	-0.0018958415350571745	-0.0037971719768064016	-0.01696645397878993	-0.004209610734721814	-0.0003889665827421229
-0.0025347858472575258	-0.0005480762264440386	-0.01808599747463213	-0.0013965663385973048	-0.0029858497825587804	-0.015094171992065197	-0.0030238321431295123	0.0002975368123907529
-0.0009121414587627275	1.3608369573425705e-05	-0.015652030891889934	-0.0007724723430224678	-0.0023617557869834993	-0.014532487396047955	-0.0019628723506521784	-1.451018539677662e-05
-0.00016322866407314507	-4.8801029984391064e-05	-0.015527212092774967	-0.0006476535439077225	-0.0021745275883116033	-0.012847433607996006	-0.0017132347524217995	0.0004223556115054983
-0.0008497320592055768	-0.00036084802777125446	-0.0162137154879074	-0.0012093381399247427	-0.0027362121843286236	-0.012722614808880817	-0.002025281750209329	-0.0005137853818568683
0.0016466439230939933	7.601776913102043e-05	-0.014965527496757725	-0.0008348817425800625	-0.0013007959945068315	-0.013284299404898059	-0.0010891407568474065	0.0005471744106204657
0.001521825123979692	7.601776913102043e-05	-0.013842158304723018	0.00028848744945486615	-0.0014880241931791716	-0.010663104623483965	-0.0004650467612725695	-0.0003889665827421229
0.005203979697870897	0.0008873399633784196	-0.012157104516670625	0.0010998096437022653	-0.00011501740291386398	-0.00829154744029914	0.001344825825895013	0.000484765011063093
0.0068890334859232905	0.001012158762493165	-0.011470601121538193	0.000725353246357141	-5.260800335626925e-05	-0.009102869634546318	0.0016568728236820984	-0.0003889665827421229
0.008137221477073187	0.0008873399633784196	-0.01159541992065316	0.001162219043259638	0.0003842577935453395	-0.010663104623483965	0.0016568728236820984	0.00035994621194790355
0.008012402677957997	0.0013242057602802504	-0.010659278927290794	0.0019111318379496645	0.0010707611886779933	-0.007542634645609114	0.0027178326161594324	-0.0002017383840691167
0.007575536881055722	0.0011369775616083544	-0.011969876317998063	0.001973541237506815	0.0006963047913333131	-0.0062320372549020675	0.0026554232166022818	0.00035994621194790355
0.005952892492561368	0.001012158762493165	-0.012968426710918246	0.0008501720454718864	-5.260800335626925e-05	-0.009352507232776475	0.001532054024566909	-0.0005137853818568683
0.005079160898756152	0.0006377023651478186	-0.013342883108262926	0.000725353246357141	9.801396200437296e-06	-0.00947732603189122	0.0005959130312049865	0.00035994621194790355
0.0018338721217665555	0.00045047416647592264	-0.015527212092774967	0.0004133062485696115	-0.0012383865949487927	-0.007854681643396866	0.00047109423209024115	-0.0006386041809720577
2.3999534599639105e-05	0.0003880647669183279	-0.018148406874189282	-0.0006476535439077225	-0.001987299389639041	-0.009976601228351534	-0.0010891407568474065	0.00035994621194790355
0.0022707379186692744	0.00026324596780313847	-0.017711541077287007	-0.0012093381399247427	-0.0014256147936211327	-0.012909843007553157	-0.001650825352865093	-0.0003889665827421229
0.00039845593194476336	0.00045047416647592264	-0.017649131677729857	0.000725353246357141	-0.00117597719539142	-0.010163829427023874	-0.0019004629510945836	0.0006095838101780604
-0.00035045686274592924	0.0001384271686883931	-0.01958382306401174	-0.00033560654612041496	-0.0018624805905238517	-0.010039010627908684	-0.002212509948881891	-0.00026414778362671143
0.000648093530174032	0.0003880647669183279	-0.020332735858701545	-0.0001483783474476308	-0.0013632053940639821	-0.010039010627908684	-0.0019628723506521784	0.000484765011063093
-0.00016322866407314507	-0.00017361982909891438	-0.020519964057374107	-0.0014589757381548996	-0.002424165186541094	-0.011162379819944057	-0.002899013344014101	-0.000576194781414463
-0.0004752756618602305	0.0003256553673607332	-0.02170574264896641	-0.0008348817425800625	-0.0018624805905238517	-0.009290097833219102	-0.0023373287479970806	0.0004223556115054983
-0.0009745508583203222	7.601776913102043e-05	-0.02214260844586846	-0.0012093381399247427	-0.002486574586099133	-0.010787923422598267	-0.00264937574578461	-0.0003265571831845282
0.0002736371328295739	7.601776913102043e-05	-0.021955380247196343	-0.0010221099412524026	-0.0018624805905238517	-0.009227688433661063	-0.002274919348439486	0.00017271801327556346
-0.0021603294499126235	1.3608369573425705e-05	-0.02139369565117888	-0.0008348817425800625	-0.0018624805905238517	0.011679460418097198	-0.003335879140917042	-0.0003889665827421229
0.001709053322651588	0.0001384271686883931	-0.020769601655604264	-0.001583794537269645	-0.0014880241931791716	0.008434171641108046	-0.003710335538261722	0.00035994621194790355
-0.0010993696574350675	-0.00011121042954176374	-0.020832011055161415	-0.0005852441443496836	-0.001800071190966701	-0.002549882681010418	-0.0040223825360490295	-0.0005137853818568683
-0.0017234636530099046	-0.00011121042954176374	-0.020582373456931258	-0.0010221099412524026	-0.0021745275883116033	-0.00024073489738318798	-0.0038351543373769115	0.0002351274128331582
2.3999534599639105e-05	7.601776913102043e-05	-0.019334185465781806	-0.0014589757381548996	-0.001987299389639041	0.0011946812924392702	-0.004646476531624311	-0.0003889665827421229
-0.00016322866407314507	-0.00017361982909891438	-0.0193965948653394	-0.0015213851377124943	-0.0016752523918515116	0.001881184687571702	-0.00439683893339371	0.00011030861371796874
0.0002112277332719792	-0.0002360292286569532	-0.017586722278172262	-0.001958250934614769	-0.0014880241931791716	0.0017563658884565125	-0.0035855167391465326	-0.0007634229800868031
-0.0005376850614178252	-0.000672895025558784	-0.01789876927595957	-0.0007724723430224678	-0.001800071190966701	0.0002585402990769037	-0.0035855167391465326	-0.00013932898451196607
-0.0015986448538947151	0.0003880647669183279	-0.017149856481269543	3.884985122515339e-05	-0.0013632053940639821	8.902700846746825e-06	-0.0025869663462265713	-0.0002017383840691167
-0.0020979200503548068	-0.0002360292286569532	-0.018023588075074537	-0.0025199355306324556	-0.0021745275883116033	-0.003173976676584811	-0.003710335538261722	0.0002975368123907529
-0.007714766010529228	-0.0012345796215764704	-0.021643333249409036	-0.0032064389257644432	-0.004234037773708232	-0.005046258663309544	-0.005769845723658573	-0.0006386041809720577
-0.008089222407873908	-0.0010473514229041303	-0.02214260844586846	-0.0032064389257644432	-0.0038595813763635523	-0.005233486861981884	-0.005582617524986233	0.00017271801327556346
-0.009399819798581177	-0.0013593984206912157	-0.022454655443656213	-0.0032064389257644432	-0.00454608477149554	-0.005233486861981884	-0.003523107339588938	-0.00045137598229971765
-0.0076523566109716334	-0.0010473514229041303	-0.021518514450293846	-0.0027695731288619463	-0.0038595813763635523	-0.006731312451361937	-0.004209610734721814	0.0004223556115054983
-0.006404168619821959	-0.0013593984206912157	-0.020332735858701545	-0.0032064389257644432	-0.0036099437781336174	-0.007355406446936774	-0.005083342328526141	-0.00045137598229971765
-0.00596730282291924	-0.000672895025558784	-0.019521413664454146	-0.001771022735942429	-0.0033603061799034606	-0.005919990257114316	-0.0036479261387045714	0.000484765011063093
-0.005280799427786809	-0.0009849420233460915	-0.018460453871976812	-0.002582344930189162	-0.0036099437781336174	-0.005545533859769636	-0.0027741945448993555	-0.00045137598229971765
-0.001661054253452754	-0.0005480762264440386	-0.017025037682154798	-0.0018958415350571745	-0.002424165186541094	-0.0036732518730446806	-0.00246214754711227	0.0002975368123907529
-0.0017858730525674993	-0.0004232574273288492	-0.0157768496910049	-0.001583794537269645	-0.002486574586099133	-0.0030491578774700656	-0.0025869663462265713	-0.0003889665827421229
-0.0008497320592055768	0.0003880647669183279	-0.014965527496757725	-0.000522834744792533	-0.0013632053940639821	-0.0012392852903031493	-0.001650825352865093	0.0007344026092928058
-0.0014738260547804138	-0.0004856668268864439	-0.016525762485694928	-0.0015213851377124943	-0.0021745275883116033	-0.0014265134889754894	-0.0021501005493245184	-0.00045137598229971765
0.00039845593194476336	-4.8801029984391064e-05	-0.01708744708171217	-0.0012717475394823374	-0.0017376617914086623	-0.001488922888532862	-0.0021501005493245184	0.0004223556115054983
0.0013970063248645026	0.0001384271686883931	-0.016088896688792653	-0.0006476535439077225	-0.0014880241931791716	-0.0022378356832231105	-0.0014635971541923087	-0.00045137598229971765
0.005266389097428936	0.0007625211642632301	-0.01390456770428039	0.0006629438467995463	9.801396200437296e-06	-0.0011768758907451105	0.0005335036316473918	0.0002975368123907529
0.006264939490348453	0.0005128835660335174	-0.014216614702067698	0.0003508968490120168	0.0002594389944308162	-0.002924339078355098	0.0012200070267798235	-0.000576194781414463
0.009010953070877736	0.0011369775616083544	-0.013342883108262926	0.001786313038834697	0.0015076269855804902	-0.0013016946898603	0.0026554232166022818	0.0004223556115054983
0.007325899282825565	0.0011993869611659491	-0.012469151514457932	0.00222317883573675	0.000509076592660529	0.0005081778973072826	0.0031546984130621514	-0.00045137598229971765
0.007450718081940977	0.0011369775616083544	-0.011533010521095788	0.0010374002441444485	0.0008835329900056532	-0.0011768758907451105	0.0029050608148322166	0.00035994621194790355
0.0058280736934461785	0.0007625211642632301	-0.012344332715343187	0.0006629438467995463	-0.00011501740291386398	-0.0015513322880904568	0.003217107812619302	-0.00045137598229971765
0.003955791706721223	0.0007001117647058575	-0.013592520706492861	0.0001636686503396767	-0.0001774268024714587	-0.0023002450827804832	0.002780242015717027	0.00035994621194790355
0.0032692883115892357	0.0007625211642632301	-0.01240674211490056	0.00028848744945486615	7.221079575803202e-05	-0.001925788685435137	0.0025306044174870923	-0.00026414778362671143
0.000648093530174032	0.00045047416647592264	-0.013530111306935266	0.000538125047684801	-0.0004894738002594323	-0.0030491578774700656	0.001157597627222673	0.0004223556115054983
0.00046086533150213604	-4.8801029984391064e-05	-0.013654930106050456	-0.0008348817425800625	-0.0008015207980467398	-0.0032987954757000004	0.0009703694285501108	-0.00045137598229971765
0.0013345969253069079	0.0006377023651478186	-0.011720238719768128	0.0001636686503396767	-0.0007391113984891451	-0.0017385604867627968	0.001532054024566909	0.0006719932097356551
-0.0009745508583203222	0.0001384271686883931	-0.011096144724193291	-0.0004604253452351603	-0.0012383865949487927	-0.0019881980849927317	0.001344825825895013	-0.0003265571831845282
-0.00035045686274592924	0.0003880647669183279	-0.011408191721981042	-0.0004604253452351603	-0.0011135677958338253	-0.0017385604867627968	0.001719282223239471	0.0005471744106204657
-0.0006000944609751979	0.00020083656824598783	-0.010784097726405983	-0.0013341569390399322	-0.001800071190966701	-0.002737110879682314	0.0014072352254526077	-0.0002017383840691167
-0.0004128662623026358	0.00020083656824598783	-0.010472050728618676	-0.0007100629434653172	-0.0013632053940639821	-0.002737110879682314	0.0018441010223548826	0.0006095838101780604
-0.0011617790569926623	0.00026324596780313847	-0.011470601121538193	-0.000522834744792533	-0.0014256147936211327	-0.002737110879682314	0.0012824164263374183	-7.691958495437135e-05
-0.0004752756618602305	0.00026324596780313847	-0.012718789112687867	-0.0009597005416948079	-0.0009263395971619293	-0.0024250638818956727	0.001532054024566909	0.000484765011063093
0.00014881833371438447	0.0001384271686883931	-0.013342883108262926	-0.001146928740367592	-0.0010511583962762305	-0.0032363860761424057	-0.00034022796215738005	-0.00013932898451196607
0.0002736371328295739	0.00026324596780313847	-0.013405292507820521	-0.00027319714656282024	-0.0008015207980467398	-0.004359755268177112	-0.0004026373617145307	0.0005471744106204657
-0.0015986448538947151	7.601776913102043e-05	-0.014653480498970195	-0.0004604253452351603	-0.0013007959945068315	-0.0004903724956126787	-0.0012139595559617078	-0.0003265571831845282
0.0005856841306173255	0.00026324596780313847	-0.012157104516670625	-0.0007724723430224678	-0.000988748996719524	-0.0037356612726022753	-0.0009643219577322171	0.000484765011063093
0.0007729123292892215	0.00020083656824598783	-0.01053446012817627	-0.0010845193408095533	-0.0009263395971619293	-0.0039228894712752815	-0.0006522749599449096	-0.00013932898451196607
-0.0010993696574350675	0.00045047416647592264	-0.011158554123750664	0.00028848744945486615	-0.0012383865949487927	-0.001488922888532862	0.00028386603341790106	0.0006719932097356551
-0.0025971952468146764	-0.00017361982909891438	-0.01040964132906086	-0.001583794537269645	-0.0023617557869834993	-0.0005527818951702734	-0.0012139595559617078	-0.00045137598229971765
0.0009601405279615616	0.00026324596780313847	-0.009847956733043839	-0.0018334321355000238	-0.0005518831998163609	7.13121004041195e-05	-0.0019628723506521784	0.0005471744106204657
0.0005232747310597308	7.601776913102043e-05	-0.010347231929503264	-0.0008972911421372132	-0.0011135677958338253	-0.001488922888532862	-0.0012763689555193025	-0.0003889665827421229
-0.004344658434424664	-0.00036084802777125446	-0.011720238719768128	-0.0012717475394823374	-0.001987299389639041	-0.002986748477912471	-0.002025281750209329	0.0004223556115054983
-0.009774276195925857	-0.001484217219805961	-0.01509034629587247	-0.0031440295262068485	-0.004109218974593487	-0.005108668062867583	-0.004646476531624311	-0.0007010135805287643
-0.00596730282291924	-0.0009849420233460915	-0.013530111306935266	-0.002831982528419541	-0.0027986215838862183	-0.005108668062867583	-0.0035855167391465326	0.0004223556115054983
-0.007340309613184326	-0.0011721702220188757	-0.014216614702067698	-0.0033936671244372274	-0.00348512497901865	-0.004796621065080053	-0.0040223825360490295	-0.0003265571831845282
-0.00877572580300634	-0.0012345796215764704	-0.014965527496757725	-0.002831982528419541	-0.003984400175478298	-0.0037356612726022753	-0.003959973136491435	0.0004223556115054983
-0.007527537811856222	-0.0010473514229041303	-0.013654930106050456	-0.0030816201266492538	-0.0035475343785760227	-0.003610842473487974	-0.0036479261387045714	-0.00026414778362671143
-0.004157430235752324	-0.0004856668268864439	-0.010846507125963356	-0.0022702979324025208	-0.002236936987868754	-0.0022378356832231105	-0.004084791935606624	0.0005471744106204657
-0.003720564438849827	-0.000672895025558784	-0.010222413130388519	-0.0022702979324025208	-0.002486574586099133	-0.0034860236743723405	-0.0033982885404741925	-0.0002017383840691167
-0.0023475576485851857	-0.0004232574273288492	-0.009723137933928871	-0.0012093381399247427	-0.0018624805905238517	-0.0016137416876480515	-0.001838053551536989	0.00035994621194790355
-0.0012865978561076297	-0.00011121042954176374	-0.009660728534371055	-0.0012093381399247427	-0.0014880241931791716	-0.0007400100938432796	-0.0009643219577322171	-0.0002017383840691167
-0.00016322866407314507	-0.00017361982909891438	-0.009286272137026153	-0.0010845193408095533	-0.000988748996719524	-0.000864828892958025	0.0003462754329750517	0.00035994621194790355
-0.0010993696574350675	-0.0004232574273288492	-0.0077884465476460996	-0.0016462039368276837	-0.001987299389639041	-0.0013641040894178946	0.0056510743953617215	-0.00045137598229971765
0.00046086533150213604	0.0001384271686883931	-0.005354479964904568	-0.0008348817425800625	-0.0008015207980467398	-0.0024250638818956727	0.011267920355535477	0.0006095838101780604
0.004205429304951158	0.0003256553673607332	-0.00391906377508211	-2.3559548332441338e-05	0.0006338953917757184	-0.00024073489738318798	0.004777342801556506	-0.00026414778362671143
0.006452167689021238	0.0012617963607230998	-0.0017347347905700694	0.0022855882352947887	0.0012579893873505554	0.002692506881818879	0.006399987190051082	0.0007968120088504005
0.004642295101854099	0.0008873399633784196	-0.000985821995880487	0.0006005344472423957	0.00019702959487277738	0.002318050484473977	0.005463846196689381	-0.00026414778362671143
0.008324449675745749	0.0013242057602802504	0.0001375471961546637	0.0009125814450294811	0.0016324457846956797	0.0025676880827041337	0.005838302594034284	0.0006095838101780604
0.008449268474860494	0.0014490245593954398	0.00019995659571225843	0.0016614942397195076	0.0015076269855804902	0.003129372678720932	0.005963121393148585	-0.00013932898451196607
0.0068890334859232905	0.001636252758068002	-0.0014850971923401346	0.001599084840162357	0.0018196739833680198	0.0034414196765084615	0.00590071199359099	0.0007968120088504005
0.0034565165102613538	0.0008249305638208249	-0.003669426176852175	0.0009125814450294811	0.000509076592660529	0.0017563658884565125	0.0037787924086369884	-0.00026414778362671143
0.006264939490348453	0.0013242057602802504	-0.002234009987030161	0.0009749908445870759	0.0019444927824827651	0.0010074530937669302	0.004090839406424296	0.0006095838101780604
0.003643744708934138	0.0005752929655911121	-0.0036070167772941364	0.000538125047684801	0.0006963047913333131	7.13121004041195e-05	0.0028426514152741778	-0.0003265571831845282
0.00046086533150213604	0.0003880647669183279	-0.004792795368886882	0.000538125047684801	-5.260800335626925e-05	0.0002585402990769037	0.0016568728236820984	0.0002975368123907529
-0.0004128662623026358	0.00020083656824598783	-0.004980023567559444	-0.000522834744792533	-0.00042706440070161555	0.0003209496986344984	0.001532054024566909	-0.00045137598229971765
0.000648093530174032	0.00020083656824598783	-0.004855204768444477	-0.0010221099412524026	-0.0006767019989315504	-0.0003031442969407827	0.0020937386205845954	0.0002351274128331582
0.0002112277332719792	0.0001384271686883931	-0.003482197978179835	-0.0010221099412524026	-0.0008639301976038904	-0.0005527818951702734	0.002218557419699785	-0.00045137598229971765
-0.00016322866407314507	0.0003256553673607332	-0.0038566543755249594	-0.0003980159456771215	-0.00042706440070161555	-0.0005527818951702734	0.002593013817044687	0.0005471744106204657
-0.0006625038605332367	0.0001384271686883931	-0.005042432967117261	-0.00033560654612041496	-0.0005518831998163609	-0.00042796309605597216	0.0037787924086369884	-0.0002017383840691167
0.0007729123292892215	0.0003880647669183279	-0.00391906377508211	-0.00027319714656282024	-5.260800335626925e-05	-0.00017832549782559326	0.004902161600671473	0.0006095838101780604
8.640893415723383e-05	0.00045047416647592264	-0.0023588287861449064	-0.0003980159456771215	-0.00042706440070161555	-0.000864828892958025	0.0039036112077517338	-0.00013932898451196607
0.00039845593194476336	0.0007001117647058575	-0.002296419386587756	0.00022607804989727143	0.00019702959487277738	-0.0006151912947278682	0.0050269803997866624	0.0007968120088504005
-0.00028804746318744634	0.00020083656824598783	-0.003045332181277338	-0.000522834744792533	-0.0005518831998163609	-0.0008024194934004303	0.00427806760509708	-0.00013932898451196607
0.0007729123292892215	0.0006377023651478186	-0.002421238185702057	-2.3559548332441338e-05	9.801396200437296e-06	0.00013372149996193627	0.004090839406424296	0.0008592214084079952
-0.0009121414587627275	0.0001384271686883931	-0.0019219629892426315	-0.0003980159456771215	-0.0009263395971619293	-0.00017832549782559326	0.0029050608148322166	-0.00026414778362671143
0.0005856841306173255	0.0005128835660335174	-0.000548956198977768	-0.00027319714656282024	9.801396200437296e-06	0.0002585402990769037	0.003404336011291864	0.0007968120088504005
8.640893415723383e-05	0.0003256553673607332	-0.0004865467994201733	-0.0004604253452351603	-0.00036465500114402083	0.0006329966964215838	0.0027178326161594324	-0.00013932898451196607
0.0009601405279615616	0.0007001117647058575	-0.0008610031967652976	0.00010125925078230402	0.00044666719310360037	0.00038335909819209313	0.0029050608148322166	0.0008592214084079952
0.0002112277332719792	0.00020083656824598783	-0.0006737749980929575	-8.596894789003606e-05	-0.00023983620202905342	0.0003209496986344984	0.003029879613946962	-0.0002017383840691167
-0.0009121414587627275	0.0005752929655911121	-0.0007985937972077028	0.0004757156481276503	-0.0005518831998163609	0.0017563658884565125	0.0037163830090789496	0.0007344026092928058
-0.0014114166552228191	7.601776913102043e-05	-0.0004241373998625786	-0.0015213851377124943	-0.0013007959945068315	0.0003209496986344984	0.002405785618371681	-0.0003265571831845282
-0.003533336240177487	-0.00036084802777125446	-0.0029829227817197435	-0.0018958415350571745	-0.0016752523918515116	-0.0012392852903031493	0.0007831412298777707	0.0005471744106204657
-0.008713316403448745	-0.0011721702220188757	-0.00654025855649687	-0.002582344930189162	-0.00348512497901865	-0.002549882681010418	-0.0015260065537494594	-0.0003889665827421229
-0.008089222407873908	-0.0009225326237889409	-0.00728917135118623	-0.0025199355306324556	-0.0029234403830011857	-0.002362654482337634	-0.0013387783550773413	0.0004223556115054983
-0.008338860006103843	-0.0014218078202488105	-0.007476399549859014	-0.0031440295262068485	-0.0036099437781336174	-0.00379807067215987	-0.002399738147554231	-0.000576194781414463
-0.00627934982070677	-0.0008601232242313461	-0.0074139901503018635	-0.002644754329746757	-0.002486574586099133	-0.0032363860761424057	-0.001650825352865093	0.000484765011063093
-0.007153081414511542	-0.0012345796215764704	-0.007726037148089393	-0.003019210727092325	-0.003297896780345866	-0.0032987954757000004	-0.0020876911497669237	-0.0005137853818568683
-0.004344658434424664	-0.0004232574273288492	-0.006165802159151745	-0.001771022735942429	-0.0021745275883116033	-0.001925788685435137	-0.0005274561608297201	0.0006095838101780604
-0.003720564438849827	-0.000672895025558784	-0.0059161645609218105	-0.0021454791332873313	-0.0023617557869834993	-0.0018009698863203916	-0.0004026373617145307	-0.00026414778362671143
-0.0009745508583203222	-0.00017361982909891438	-0.00391906377508211	-0.0014589757381548996	-0.0013007959945068315	-0.0005527818951702734	0.0012824164263374183	0.000484765011063093
-0.0013490072556652244	-0.0004232574273288492	-0.004480748371099796	-0.001583794537269645	-0.001612842992293917	-0.0006776006942856849	0.0016568728236820984	-0.00045137598229971765
0.0005856841306173255	0.00020083656824598783	-0.0037942449759669206	-0.0006476535439077225	-0.00030224560158664815	0.00013372149996193627	0.004090839406424296	0.000484765011063093
-0.00035045686274592924	-0.0002360292286569532	-0.004792795368886882	-0.0010221099412524026	-0.0011135677958338253	-0.00017832549782559326	0.004777342801556506	-0.00026414778362671143
0.0007729123292892215	0.00026324596780313847	-0.004106291973754672	-0.0003980159456771215	-0.0004894738002594323	0.00044576849774924376	0.0048397522011141	0.0005471744106204657
0.0034565165102613538	0.00020083656824598783	-0.0014850971923401346	-0.0001483783474476308	-5.260800335626925e-05	0.0011322718928816755	0.00465252400244176	-0.0003889665827421229
0.007637946280613317	0.0011369775616083544	0.0010112787899594355	0.001162219043259638	0.0015076269855804902	0.002505278683146761	0.0062751683909365585	0.0004223556115054983
0.006389758289463643	0.0008873399633784196	0.001572963385977122	0.001162219043259638	0.0010707611886779933	0.002255641084916382	0.006087940192263774	-0.0003889665827421229
0.0077003556801704676	0.0010745681620503156	0.002571513778896639	0.001599084840162357	0.0016324457846956797	0.0027549162813760297	0.006587215388723866	0.0002975368123907529
0.009198181269550076	0.0013242057602802504	0.003944520569161725	0.001973541237506815	0.002194130380712478	0.0032541914778361214	0.007460946982528638	-0.0003265571831845282
0.0075131274814981275	0.0012617963607230998	0.003195607774471476	0.0019111318379496645	0.002006902182040582	0.0030045538796064086	0.0068992623865109515	0.0004223556115054983
0.003955791706721223	0.0008873399633784196	0.0025091043793386003	0.0009125814450294811	0.000945942389563692	0.002318050484473977	0.005463846196689381	-0.00026414778362671143
0.004767113900968845	0.0011369775616083544	0.002758741977568979	0.001162219043259638	0.0013203987869081502	0.0025676880827041337	0.00590071199359099	0.0006095838101780604
0.002395556717784464	0.0005752929655911121	0.001760191584649462	0.00022607804989727143	0.0003842577935453395	0.001444318890669205	0.004527705203327015	-0.0003265571831845282
0.000648093530174032	0.00045047416647592264	0.0015105539864195272	-2.3559548332441338e-05	0.00013462019531562675	0.0008202248950939239	0.003466745410849681	0.000484765011063093
-0.00028804746318744634	0.0003256553673607332	0.0010112787899594355	-2.3559548332441338e-05	-0.00030224560158664815	0.0008202248950939239	0.003217107812619302	-0.00013932898451196607
0.0013970063248645026	0.0006377023651478186	0.0012609163881893704	0.00028848744945486615	0.00044666719310360037	0.0010074530937669302	0.0033419266117344915	0.0007968120088504005
0.0008977311284044109	0.0003880647669183279	0.001136097589074625	-0.00027319714656282024	7.221079575803202e-05	0.0003209496986344984	0.0029674702143898113	-0.0002017383840691167
0.0010849593270771951	0.0003256553673607332	0.0011985069886313315	0.00022607804989727143	0.00044666719310360037	0.0003209496986344984	0.003466745410849681	0.000484765011063093
-0.0007249132600899433	0.00020083656824598783	0.0003247753948265597	0.00010125925078230402	-0.0006142925993739556	0.0003209496986344984	0.0039036112077517338	-0.0002017383840691167
-0.0007249132600899433	7.601776913102043e-05	-0.0001120904020752711	-0.0004604253452351603	-0.0008639301976038904	0.0010074530937669302	0.003404336011291864	0.00035994621194790355
-0.00035045686274592924	-0.00017361982909891438	1.272839703947426e-05	-0.0015213851377124943	-0.00117597719539142	0.00013372149996193627	0.002405785618371681	-0.0006386041809720577
0.00014881833371438447	0.00026324596780313847	-0.0007361843976501081	-0.0004604253452351603	-0.0007391113984891451	0.0005081778973072826	0.0031546984130621514	0.000484765011063093
-0.0014738260547804138	-0.00011121042954176374	-0.001797144190127442	-0.0010221099412524026	-0.000988748996719524	0.0003209496986344984	0.0025306044174870923	-0.00045137598229971765
0.0007729123292892215	0.0003256553673607332	-0.0007985937972077028	-0.0001483783474476308	0.00019702959487277738	0.0002585402990769037	0.0029050608148322166	0.0004223556115054983
0.0003360465323869466	-0.00017361982909891438	-0.0006737749980929575	-0.0003980159456771215	-5.260800335626925e-05	-0.0006151912947278682	0.00196891982146985	-0.0005137853818568683
0.0008353217288468162	7.601776913102043e-05	-0.000985821995880487	3.884985122515339e-05	0.0002594389944308162	-0.0003031442969407827	0.0026554232166022818	0.00035994621194790355
-0.0009121414587627275	-0.0002360292286569532	-0.0014850971923401346	-0.0004604253452351603	-0.0009263395971619293	-0.00017832549782559326	0.0035291548104070536	-0.0003265571831845282
0.0005856841306173255	0.0008249305638208249	-0.0002369092011902385	3.884985122515339e-05	-0.00011501740291386398	0.0012570906919964209	0.004090839406424296	0.0006719932097356551
-0.0007249132600899433	-4.8801029984391064e-05	-0.000548956198977768	-0.0013341569390399322	-0.0010511583962762305	0.0011322718928816755	0.002593013817044687	-0.0003889665827421229
0.0002112277332719792	0.0001384271686883931	-0.0001120904020752711	-0.0008348817425800625	-0.0007391113984891451	0.0012570906919964209	0.002780242015717027	0.0004223556115054983
-0.0012865978561076297	0.00020083656824598783	-0.0004865467994201733	-0.0006476535439077225	-0.0007391113984891451	0.0008202248950939239	0.002405785618371681	-7.691958495437135e-05
-0.004656705432211972	-0.00036084802777125446	-0.003107741580834489	-0.0010845193408095533	-0.001612842992293917	-0.0008024194934004303	0.0006583224307621371	0.0005471744106204657
-0.007901994209202012	-0.0009225326237889409	-0.005791345761806621	-0.0023327073319596714	-0.002861030983443591	-0.0019881980849927317	-0.0019628723506521784	-0.00013932898451196607
-0.0065913968184942995	-0.0007977138246737514	-0.00585375516136466	-0.0022702979324025208	-0.0023617557869834993	-0.0016137416876480515	-0.0021501005493245184	0.0005471744106204657
-0.008089222407873908	-0.001296989021133621	-0.007351580750744269	-0.002831982528419541	-0.0031730779812315646	-0.003173976676584811	-0.002212509948881891	-0.00045137598229971765
-0.007589947211414039	-0.0010473514229041303	-0.00728917135118623	-0.0025199355306324556	-0.0029234403830011857	-0.002549882681010418	-0.0020876911497669237	0.0004223556115054983
-0.00596730282291924	-0.001109760822461725	-0.005416889364462163	-0.0025199355306324556	-0.0029858497825587804	-0.0027995202792399088	-0.0014635971541923087	-0.00026414778362671143
-0.0044694772335391875	-0.0002360292286569532	-0.004667976569771692	-0.0013341569390399322	-0.0019248899900812244	-0.0013016946898603	-0.00015299976348503996	0.0007344026092928058
-0.004344658434424664	-0.0008601232242313461	-0.004293520172427456	-0.0022702979324025208	-0.0025489839856562835	-0.001925788685435137	-0.0004650467612725695	-0.0003889665827421229
-0.0009121414587627275	-0.00017361982909891438	-0.0018595535896852589	-0.0009597005416948079	-0.0013632053940639821	-0.0007400100938432796	0.001344825825895013	0.0005471744106204657
-0.000787322659647538	-0.00011121042954176374	-0.0012354595941101998	-0.0008348817425800625	-0.0013007959945068315	-0.00042796309605597216	0.0016568728236820984	-0.00026414778362671143
0.000648093530174032	0.00020083656824598783	-0.00029931860074783323	-0.0003980159456771215	-0.00036465500114402083	7.13121004041195e-05	0.0022809668192573795	0.0007344026092928058
2.3999534599639105e-05	-4.8801029984391064e-05	-0.0002369092011902385	-0.0004604253452351603	-0.0008015207980467398	-0.0003031442969407827	0.0019065104219122553	-0.00026414778362671143
0.0013345969253069079	0.0001384271686883931	1.272839703947426e-05	-8.596894789003606e-05	-0.00023983620202905342	0.0003209496986344984	0.0026554232166022818	0.000484765011063093
0.004205429304951158	0.0003880647669183279	0.0011985069886313315	0.0006005344472423957	0.00032184839398796683	0.0023804598840311275	0.003841201808194139	-0.00045137598229971765
0.007575536881055722	0.0008873399633784196	0.004131748767833843	0.0012870378423748274	0.0016948551842528303	0.0023804598840311275	0.005713483794919094	0.000484765011063093
0.0070762616845956305	0.0011993869611659491	0.004693433363851085	0.001599084840162357	0.0018820833829251704	0.0028173256809336245	0.006025530792706624	-0.00013932898451196607
0.00876131547264758	0.0011369775616083544	0.005754393156328641	0.001973541237506815	0.0022565397802705167	0.0030669632791640034	0.00677444358739665	0.0004223556115054983
0.0075131274814981275	0.0014490245593954398	0.004631023964293934	0.0025352258335242794	0.0016948551842528303	0.004689607667658358	0.007835403379874206	-7.691958495437135e-05
0.006452167689021238	0.0010745681620503156	0.003445245372701855	0.001162219043259638	0.0013203987869081502	0.0036910572747388404	0.00677444358739665	0.0004223556115054983
0.005578436095216022	0.0008249305638208249	0.0016977821850914232	0.0004757156481276503	0.0012579893873505554	0.0025676880827041337	0.005463846196689381	-0.0005137853818568683
0.0045798857022965045	0.0005752929655911121	0.0009488693904018408	0.0012870378423748274	0.0010083517891203986	0.0024428692835885	0.005089389799343813	0.00017271801327556346
0.0008353217288468162	7.601776913102043e-05	-0.0011106407949954544	-2.3559548332441338e-05	-0.00011501740291386398	0.001444318890669205	0.003404336011291864	-0.0008258323796439537
0.0013345969253069079	0.00026324596780313847	-0.0009234125963226703	0.0004133062485696115	0.0003842577935453395	0.001444318890669205	0.002593013817044687	0.0002351274128331582
0.0014594157244216532	-0.0002360292286569532	-0.0009234125963226703	-0.000522834744792533	7.221079575803202e-05	0.0002585402990769037	0.0023433762188149743	-0.0006386041809720577
0.0012721875257497572	0.0001384271686883931	-0.0008610031967652976	0.0001636686503396767	0.00013462019531562675	0.0006954060959791786	0.003404336011291864	0.00011030861371796874
-0.00035045686274592924	0.0003256553673607332	-0.0014850971923401346	0.00028848744945486615	-0.0006142925993739556	0.0010698624933240808	0.0037163830090789496	-0.0003265571831845282
-0.00035045686274592924	-0.00011121042954176374	-0.001797144190127442	-0.0006476535439077225	-0.0008639301976038904	0.0008202248950939239	0.003653973609522243	0.00017271801327556346
-0.00016322866407314507	1.3608369573425705e-05	-0.0007985937972077028	-0.0010845193408095533	-0.000988748996719524	0.0007578154955363292	0.0033419266117344915	-0.0005137853818568683
0.0002736371328295739	0.0001384271686883931	-0.00029931860074783323	-0.0005852441443496836	-0.0006142925993739556	0.0008826342946515187	0.003653973609522243	0.0002975368123907529
-0.0004128662623026358	-0.00011121042954176374	1.272839703947426e-05	-0.0004604253452351603	-0.0006142925993739556	0.0005705872968639891	0.003653973609522243	-0.0005137853818568683
0.0009601405279615616	0.0005752929655911121	0.0008864599908442461	0.000538125047684801	0.0002594389944308162	0.0012570906919964209	0.006212758991378964	0.0006719932097356551
-0.00010081926451555034	-4.8801029984391064e-05	0.00026236599526985316	-0.0004604253452351603	-0.0006142925993739556	7.13121004041195e-05	0.0050269803997866624	-0.0003889665827421229
0.0005232747310597308	-4.8801029984391064e-05	0.0009488693904018408	-0.0001483783474476308	-0.00011501740291386398	8.902700846746825e-06	0.005276617998016597	0.00017271801327556346
-0.0006625038605332367	-0.0002360292286569532	0.0008240505912870955	-0.0006476535439077225	-0.0006142925993739556	-5.35066987108479e-05	0.00446529580376942	-0.00045137598229971765
0.0005232747310597308	0.00020083656824598783	7.513779659706898e-05	-0.0002107877470052255	-5.260800335626925e-05	0.0006954060959791786	0.005276617998016597	0.0004223556115054983
-0.0008497320592055768	-0.0004856668268864439	-0.001173050194552605	-0.001146928740367592	-0.0013632053940639821	8.902700846746825e-06	0.0031546984130621514	-0.0007634229800868031
0.0005856841306173255	0.00020083656824598783	-0.000548956198977768	-0.00033560654612041496	-0.00036465500114402083	0.00044576849774924376	0.0039036112077517338	0.00035994621194790355
-0.0004128662623026358	-0.00029843862821365974	-0.0007985937972077028	-0.0008972911421372132	-0.0008015207980467398	8.902700846746825e-06	0.002780242015717027	-0.000576194781414463
0.0007105029297316268	0.0001384271686883931	-0.0002369092011902385	-2.3559548332441338e-05	9.801396200437296e-06	0.00038335909819209313	0.0032795172121768967	0.0002351274128331582
-0.001661054253452754	-0.00017361982909891438	-0.000985821995880487	-0.0005852441443496836	-0.0008639301976038904	-0.00011591609826799854	0.00215614802014219	-0.00045137598229971765
-0.005655255825131933	-0.0007353044251168228	-0.00373183557640977	-0.0018334321355000238	-0.002049708789196414	-0.0018009698863203916	0.0007831412298777707	0.0002351274128331582
-0.008276450606546248	-0.0011721702220188757	-0.005167251766231784	-0.002831982528419541	-0.003235487380788271	-0.0026747014801247193	-0.0004650467612725695	-0.0005137853818568683
-0.007589947211414039	-0.0009225326237889409	-0.004792795368886882	-0.002457526131074861	-0.0027986215838862183	-0.002362654482337634	-0.0004650467612725695	0.0004223556115054983
-0.00877572580300634	-0.001296989021133621	-0.005104842366674189	-0.0031440295262068485	-0.0036099437781336174	-0.0026122920805680128	-0.0012139595559617078	-0.00045137598229971765
-0.007465128412298627	-0.0011721702220188757	-0.0059161645609218105	-0.0027071637293047957	-0.003048259182116375	-0.0026747014801247193	-0.0009643219577322171	0.0002975368123907529
-0.006341759220264365	-0.001296989021133621	-0.005042432967117261	-0.002582344930189162	-0.0027986215838862183	-0.0021754262836648497	-0.0010267313572898118	-0.0006386041809720577
-0.004656705432211972	-0.0010473514229041303	-0.004605567170214098	-0.0020830697337297366	-0.0023617557869834993	-0.0021754262836648497	-0.0002778185626002294	0.00011030861371796874
-0.004531886633097226	-0.0014218078202488105	-0.004106291973754672	-0.0020830697337297366	-0.002611393385213434	-0.0021754262836648497	-2.8180964369850514e-05	-0.0009506511787591432
-0.0009745508583203222	-0.0004856668268864439	-0.0025460569848174686	-0.0009597005416948079	-0.00117597719539142	-0.000864828892958025	0.0016568728236820984	0.00011030861371796874
-0.0012865978561076297	-0.0008601232242313461	-0.003045332181277338	-0.001583794537269645	-0.0017376617914086623	-0.001052057091630365	0.0014072352254526077	-0.0008882417792015485
8.640893415723383e-05	-0.00036084802777125446	-0.0023588287861449064	-0.0008348817425800625	-0.0009263395971619293	-0.0004903724956126787	0.00215614802014219	4.7899214160374015e-05
-0.001036960257877917	-0.0009225326237889409	-0.0021091911879149716	-0.0013341569390399322	-0.0014880241931791716	-0.0009896476920727704	0.0023433762188149743	-0.0010754699778741106
0.0012721875257497572	-0.0004232574273288492	-0.0008610031967652976	-0.0003980159456771215	-0.00036465500114402083	-5.35066987108479e-05	0.004090839406424296	-7.691958495437135e-05
0.004517476302738466	0.0001384271686883931	0.001947419783321802	0.0004133062485696115	0.0003842577935453395	0.0013195000915540156	0.0056510743953617215	-0.0007634229800868031
0.0070762616845956305	0.0008873399633784196	0.004006929968718653	0.001349447241931978	0.0016324457846956797	0.0027549162813760297	0.006399987190051082	0.0002975368123907529
0.006452167689021238	0.0006377023651478186	0.004318976966506183	0.0010374002441444485	0.0014452175860233396	0.002692506881818879	0.006025530792706624	-0.0005137853818568683
0.009947094064240547	0.0011369775616083544	0.006004030754558576	0.0018487224383920697	0.0028806337758453537	0.003379010276951311	0.006836852986954245	0.00017271801327556346
0.008137221477073187	0.001012158762493165	0.0050054803616386145	0.002660044632639247	0.0018820833829251704	0.003379010276951311	0.007211309384298481	-0.0007010135805287643
0.004642295101854099	0.0010745681620503156	0.0037572923704889405	0.0019111318379496645	0.0010083517891203986	0.003940694872968331	0.0067120341878390555	0.00035994621194790355
0.005141570298313747	0.0009497493629355702	0.003445245372701855	0.00010125925078230402	0.0011955799877929607	0.003129372678720932	0.005401436797131343	-0.00026414778362671143
0.0058280736934461785	0.0008249305638208249	0.002571513778896639	0.0010998096437022653	0.001133170588235588	0.002692506881818879	0.005588664995803683	0.00035994621194790355
0.0013345969253069079	0.0008873399633784196	1.272839703947426e-05	0.000725353246357141	0.0005714859922181237	0.0021932316853592315	0.00446529580376942	-7.691958495437135e-05
0.0011473687266341237	0.0008873399633784196	-0.00036172800030542795	0.001162219043259638	0.000945942389563692	0.0015691376897839504	0.004028430006866923	0.0007968120088504005
0.0013970063248645026	-0.00017361982909891438	-0.0008610031967652976	0.0001636686503396767	0.0002594389944308162	7.13121004041195e-05	0.0028426514152741778	-0.0005137853818568683
