Sensor_1	Sensor_2	Sensor_3	Sensor_4	Sensor_5	Sensor_6	Sensor_7	Sensor_8
-0.007358445020556381	-0.0010968354348024345	-0.006973945846417973	-0.002285317465810399	-0.0028181353365079875	-0.007378881019994177	-0.004015178259000773	-0.00031464697223859694
-0.007483263819671571	-0.0010968354348024345	-0.007598039841992366	-0.002098089267138281	-0.002693316537392798	-0.007566109218666517	-0.004139997058115519	0.00037185642289361276
-0.00866904241126365	-0.0012840636334752187	-0.008409362036239543	-0.002597364463598373	-0.003192591733853112	-0.007753337417339079	-0.004764091053690356	-0.0003770563717959696
-0.00898108940905118	-0.0014712918321480029	-0.009595140627831844	-0.0028470020618278635	-0.0034422293320826025	-0.008002975015569458	-0.004888909852805101	0.00018462822422127267
-0.010042049201528513	-0.0017833388299353103	-0.011280194415884237	-0.0030966396600580204	-0.004378370325445191	-0.007566109218666517	-0.005325775649708042	-0.0008139221686986886
-0.007108807422326002	-0.0013464730330332575	-0.012029107210574042	-0.0032838678587303605	-0.0036294575307556087	-0.011747538989018258	-0.004514453455460643	0.00012221882466456613
-0.005423753634274497	-0.001221654233918068	-0.012216335409246826	-0.0026597738631559675	-0.0032550011334102624	-0.015928968759369777	-0.004264815857230264	-0.0005642845704683097
-0.00423797504268153	-0.0009720166356881332	-0.013589342199511245	-0.001286767072890882	-0.002693316537392798	-0.016802700353174993	-0.0035783124620978324	5.9809425106527314e-05
-0.004425203241354314	-0.0007847884370157931	-0.016460174579155717	-0.001286767072890882	-0.003130182334295073	-0.016989928551847777	-0.0030790372656379628	-0.0006891033695834992
-0.0029273776519747052	-0.00047274143922804157	-0.020579194949949864	-0.001910861068465941	-0.0038790951289850994	-0.022794002710693873	-0.003016627866081034	0.00018462822422127267
-0.0022408742568424955	-0.0005975602383427869	-0.02532230931631907	-0.003221458459173654	-0.0045031891245603806	-0.038021896202721006	-0.004077587658557924	-0.0007515127691406498
0.0017533273148371276	-0.0003479226401132962	-0.028879645091095973	-0.0022229080662534706	-0.003192591733853112	-0.05555893747837537	-0.0037655406607703945	0.00012221882466456613
0.004561750294923561	-0.0003479226401132962	-0.03218734326764294	-0.0010371294746611692	-0.0015699473453578694	-0.06023964244518698	-0.002205305671833635	-0.0006891033695834992
0.009180045862178021	0.00040099015457673026	-0.027257000702601175	0.0020209311036560873	0.0003023346413668637	-0.04925558812306896	0.00047829850913849725	0.00012221882466456613
0.006121985283861209	0.00040099015457673026	-0.02245147693667482	0.0022081593023284274	-9.712356420665813e-06	-0.04151682257794054	0.0014144395025008638	-0.0008763315682553952
0.003313562303774331	0.0007754465519214104	-0.022077020539329473	0.002707434498788519	-0.00032175935420819535	-0.025227969293435848	0.0024753992949779757	5.9809425106527314e-05
0.008805589464833119	0.0008378559514787831	-0.017583543771190646	-0.0014115858720060714	-0.000821034550668287	-0.028348439271310255	0.0027250368932081326	-0.0006891033695834992
0.007494992074126072	0.0009002653510365999	-0.014400664393758644	-0.00022580728041354803	-0.0005089875528807575	-0.026288929085913404	0.0035363590874553097	-6.500937400821805e-05
0.0018157367143947223	0.00033858075501913554	-0.013963798596856147	8.623971737353742e-05	-0.001445128546243124	-0.02441664709918867	0.0024753992949779757	-0.0008139221686986886
0.006870898078550791	0.000650627752806221	-0.011155375616769048	-0.000662673077316045	-0.0002593499546506006	-0.029471808463345406	0.0033491308887829696	0.0002470376237788674
0.0028142871073144615	8.894315678942277e-05	-0.008971046632257451	0.0007727431125064133	-0.0011954909480131892	-0.027973982873965353	0.002849855692322878	-0.0008139221686986886
0.0024398307099691152	0.00021376195590439018	-0.008534180835354732	-0.0007250824768736397	-0.0006338063519959469	-0.029034942666442687	0.0021633522971908903	0.0003094470233364621
-0.00036859227011754037	-3.587564232576668e-05	-0.009033456031814824	-0.0006002636777584502	-0.001445128546243124	-0.025227969293435848	0.0015392583016156092	-0.000501875170910715
0.0030015153059868016	0.00021376195590439018	-0.010032006424734563	-0.0010995388742183199	-0.0006338063519959469	-0.019361485735032602	0.001601667701173648	0.00037185642289361276
-0.0018040084599399986	-0.0002855132405557015	-0.011717060212786512	-0.0010995388742183199	-0.002131631941375556	-0.013682230375300586	0.0005407079086956479	-0.0005642845704683097
-0.0015543708617096197	0.00021376195590439018	-0.013214885802166343	-0.0008499012759888291	-0.001881994343145399	-0.014555961969105358	0.0007903455069260268	0.00037185642289361276
5.864127227583893e-06	2.6533757231828048e-05	-0.014962348989776109	-0.0013491764724484767	-0.0016323567449159082	-0.021857861717331728	0.0005407079086956479	-0.00012741877356581277
0.0005051393236872315	0.0002761713554619849	-0.017583543771190646	-0.000662673077316045	-0.0016947661444730588	-0.02479110349653335	0.0007903455069260268	0.0004342658224512075
-0.0006182298683476972	-0.0002855132405557015	-0.02032955735171993	-0.001286767072890882	-0.0028181353365079875	-0.0259144726885685	0.0005407079086956479	-0.000501875170910715
0.001441280317049154	0.00015135255634635136	-0.018894141161897915	-0.0008499012759888291	-0.0020068131422603663	-0.03271709724033456	0.0012896207033861184	0.0004342658224512075
0.0011292333192622905	-0.0003479226401132962	-0.01814522836720789	-0.0004130354790858881	-0.0019444037427029937	-0.03920767479431331	0.0008527549064836215	-0.00043946577135356435
0.0006923675223595716	8.894315678942277e-05	-0.017895590768977954	0.0002734679160463216	-0.0009458533497834765	-0.03384046643236949	0.0015392583016156092	0.0004342658224512075
0.00025550172545729666	-0.00022310384099855085	-0.016023308782253443	-0.0007874918764307903	-0.0013827191466855293	-0.029222170865115027	0.001352030102943269	-0.00043946577135356435
0.000817186321474761	-9.828504188291731e-05	-0.013090067003051598	-0.0006002636777584502	-0.0013203097471283787	-0.0215458147195442	0.0019137146989609555	0.00037185642289361276
-0.0032394246497620127	-0.00022310384099855085	-0.012091516610131636	-0.0012243576733335093	-0.00231886014004834	-0.01262127058282303	0.0014144395025008638	-0.0003770563717959696
-0.0022408742568424955	-0.00016069444144095613	-0.011405013214999205	-0.0022229080662534706	-0.00231886014004834	-0.012059585986805788	0.0012896207033861184	0.00018462822422127267
-0.0008678674665771879	-0.0002855132405557015	-0.011217785016326642	-0.0018484516689079022	-0.002256450740490301	-0.009438391205391028	0.0007279361073684321	-0.0003770563717959696
-0.000243773471002795	-3.587564232576668e-05	-0.011405013214999205	-0.0013491764724484767	-0.0016323567449159082	-0.012558861183265435	0.0004158891095813466	0.00037185642289361276
-0.0015543708617096197	-0.0002855132405557015	-0.011717060212786512	-0.0007874918764307903	-0.002069222541817961	-0.014555961969105358	-2.0976687321150322e-05	-0.000501875170910715
-0.001491961462152469	-0.00022310384099855085	-0.013277295201723716	-0.0007874918764307903	-0.001881994343145399	-0.020984130123526512	-0.000520251883781464	0.0004966752220088022
-0.006609532225866799	-0.0013464730330332575	-0.01664740277782828	-0.002285317465810399	-0.003379819932525008	-0.025040741094763508	-0.0033910842634259364	-0.00043946577135356435
-0.007545673219228721	-0.0014088824325904081	-0.016460174579155717	-0.0024101362649255886	-0.0038166857294275047	-0.02491592229564854	-0.0037655406607703945	0.0002470376237788674
-0.008544223612148905	-0.0009720166356881332	-0.015274395987563638	-0.0024725456644831834	-0.00375427632986991	-0.023168459108038997	-0.0033910842634259364	-2.5999744506233213e-06
-0.008544223612148905	-0.001221654233918068	-0.015586442985350946	-0.003346277258287955	-0.003941504528542694	-0.02348050610582586	-0.003515903062541126	0.0004966752220088022
-0.008294586013918748	-0.0014712918321480029	-0.014962348989776109	-0.003907961854305642	-0.004315960925887818	-0.02135858652087186	-0.003453493662983531	-0.000501875170910715
-0.007233626221441192	-0.0009720166356881332	-0.01352693279995365	-0.0028470020618278635	-0.0035046387316401972	-0.016490653355387908	-0.00245494327006357	0.0004342658224512075
-0.00635989462763642	-0.0013464730330332575	-0.012278744808803976	-0.002971820860943275	-0.003192591733853112	-0.015492102962467724	-0.0025173526696211646	-0.00043946577135356435
-0.0023032836564000903	-0.00047274143922804157	-0.010531281621194433	-0.0011619482737759146	-0.0013827191466855293	-0.013557411576185396	-0.0009571176806835169	0.0004342658224512075
-0.0022408742568424955	-0.00041033203967044685	-0.009407912429159504	-0.0007250824768736397	-0.0016323567449159082	-0.010936216794771081	-0.0006450706828964314	-0.00031464697223859694
-0.0011175050648075668	-0.00022310384099855085	-0.008534180835354732	-0.00047544487864348284	-0.0010706721488979998	-0.009126344207604165	0.00016625151135096772	0.0004966752220088022
-0.0009302768661352268	-3.587564232576668e-05	-0.007161174045089869	-0.0005378542782010776	-0.0011954909480131892	-0.00925116300671891	-8.338608687874505e-05	-0.0002522375726807802
-5.654527233001083e-05	-3.587564232576668e-05	-0.00516407325925039	-0.0005378542782010776	-0.000821034550668287	-0.00862706901114385	4.14327122364444e-05	0.000559084621566619
0.0013164615179348527	8.894315678942277e-05	-0.002418059678720663	8.623971737353742e-05	-0.00032175935420819535	-0.005943464830172163	0.0011023925047137784	-0.00031464697223859694
0.004000065698906763	0.0007754465519214104	-0.00029614009376643935	0.0013344277085236556	0.0004895628400392038	-0.0019492632584925396	0.0033491308887829696	0.0004342658224512075
0.005497891288286372	0.000650627752806221	0.0005151821004811818	0.00033587731560369427	0.0004895628400392038	-0.0049449144372526455	0.003723587286128094	-0.0005642845704683097
0.00712053567678117	0.0012123123488239074	0.000702410299153744	0.0013968371080812503	0.001488113232958943	-0.005693827231941784	0.004534909480374827	0.0004342658224512075
0.006683669879878895	0.0007754465519214104	-0.00010891189509387722	0.001272018308966505	0.001051247436056002	-0.007066834022206647	0.004035634283915179	-0.0006266939700259044
0.007682220272798412	0.0011499029492663126	-0.0011698716875712112	0.0017088841058683357	0.0016753414316312831	-0.009937666401850898	0.004659728279490016	0.0003094470233364621
0.0057475288865160845	0.0009626747505941946	-0.0036038382703131866	0.001209608909408466	0.0009888380364988514	-0.015928968759369777	0.003286721489225597	-0.0002522375726807802
0.005872347685631274	0.0005882183532495144	-0.00528889205836558	0.0009599713111785313	0.0009264286369412567	-0.01961112333326187	0.0027874462927657273	0.00018462822422127267
0.003375971703331704	0.00040099015457673026	-0.006724308248187594	0.0007727431125064133	-0.0002593499546506006	-0.01892461993812944	0.0021009428976332956	-0.0006266939700259044
0.0007547769219171663	2.6533757231828048e-05	-0.008596590234912327	-0.0001633978808559533	-0.001008262749340627	-0.01786366014565255	0.0009151643060407721	0.00018462822422127267
0.0020029649130672844	-0.00022310384099855085	-0.008409362036239543	-0.0011619482737759146	-0.0011330815484558165	-0.022357136913791376	0.0005407079086956479	-0.0006266939700259044
0.0015660991161643434	8.894315678942277e-05	-0.007348402243762431	-3.8579081741207943e-05	-0.00044657815332360684	-0.016802700353174993	0.0008527549064836215	0.00037185642289361276
0.00019309232589970193	8.894315678942277e-05	-0.005975395453498011	8.623971737353742e-05	-0.000821034550668287	-0.011373082591673356	0.0006655267078108373	-0.00031464697223859694
0.0011292333192622905	0.00015135255634635136	-0.004539979263675553	8.623971737353742e-05	-0.00013453115553629935	-0.008377431412913694	0.0009151643060407721	0.0004342658224512075
6.827352678429044e-05	-0.0003479226401132962	-0.0037910664689859708	-0.00047544487864348284	-0.001008262749340627	-0.006130693028844503	0.0003534797100233078	-0.0006266939700259044
0.0005051393236872315	0.00040099015457673026	-0.0015443280849163354	-0.00028821667997069866	-0.0002593499546506006	-0.003322270048757403	0.0012272113038285237	0.0006839034206813643
-0.0009926862656923774	-3.587564232576668e-05	-0.001606737484473486	-0.0004130354790858881	-0.0006962157515530976	-0.0008258940664573888	0.0007903455069260268	-0.0003770563717959696
0.0006299581228019768	2.6533757231828048e-05	-0.0005457776919963742	-0.000662673077316045	-0.0005089875528807575	-0.0005138470686705254	0.001164801904270929	0.0003094470233364621
-0.0008054580670204814	-0.0002855132405557015	-0.00048336829243877943	-0.0007874918764307903	-0.0009458533497834765	-0.0002018000708829959	0.0009151643060407721	-0.000501875170910715
-0.0006806392679052919	-0.0002855132405557015	-0.0006705964911111195	-0.000662673077316045	-0.0007586251511106923	-0.0010755316646877677	0.00047829850913849725	-2.5999744506233213e-06
-0.0006182298683476972	-0.0005975602383427869	-0.0011074622880138385	-0.0010995388742183199	-0.0011330815484558165	-0.004632867439464672	-2.0976687321150322e-05	-0.0008139221686986886
-0.000243773471002795	-0.00047274143922804157	-0.0025428784778358526	-0.0005378542782010776	-0.0008834439502254376	-0.005007323836809352	0.0003534797100233078	-2.5999744506233213e-06
-0.00036859227011754037	-0.00041033203967044685	-0.0030421536742955	-0.0009123106755459798	-0.0010706721488979998	-0.006005874229729313	0.0003534797100233078	-0.0006266939700259044
0.0003179111250148914	-3.587564232576668e-05	-0.0034166100716408465	-0.00028821667997069866	-0.0005713969524379081	-0.007191652821321393	0.0007279361073684321	0.0003094470233364621
-0.00030618287056038973	-0.00016069444144095613	-0.004227932265888024	-0.0005378542782010776	-0.000821034550668287	-0.00875188781025904	0.00029107031046615717	-0.000501875170910715
0.0003179111250148914	2.6533757231828048e-05	-0.004914435661020455	-0.00047544487864348284	-0.00044657815332360684	-0.009063934808046126	0.0006031173082541308	0.0003094470233364621
-0.0009302768661352268	-0.00022310384099855085	-0.0057257578552676325	-0.000662673077316045	-0.001257900347570784	-0.009001525408488975	0.00016625151135096772	-0.000501875170910715
-0.002740149453302365	-0.00022310384099855085	-0.007036355245974679	-0.001286767072890882	-0.0015699473453578694	-0.010312122799196688	-0.0007698894820116209	0.0004342658224512075
-0.008107357815245964	-0.0012840636334752187	-0.009033456031814824	-0.002971820860943275	-0.0035046387316401972	-0.012870908181053409	-0.003266265464310747	-0.000501875170910715
-0.007732901417901283	-0.0010968354348024345	-0.009220684230487164	-0.0024725456644831834	-0.003379819932525008	-0.012184404785920533	-0.0029542184665232174	0.0004342658224512075
-0.008731451810821245	-0.001221654233918068	-0.009470321828717099	-0.003159049059615171	-0.0036918669303123153	-0.012309223585036166	-0.0028918090669658447	-0.00031464697223859694
-0.008107357815245964	-0.0010968354348024345	-0.00884622783314204	-0.0029094114613856803	-0.0034422293320826025	-0.013245364578397867	-0.0031414466651955575	0.0004966752220088022
-0.007920129616573623	-0.0014088824325904081	-0.008346952636681948	-0.0029094114613856803	-0.0036294575307556087	-0.01262127058282303	-0.003453493662983531	-0.0005642845704683097
-0.006609532225866799	-0.0009720166356881332	-0.007285992844205058	-0.0022229080662534706	-0.002755725936950393	-0.009563210004506217	-0.0027669902678506553	0.0002470376237788674
-0.005236525435601713	-0.0008471978365729438	-0.006287442451285097	-0.0022229080662534706	-0.002693316537392798	-0.010000075801408936	-0.0023301244709488245	-0.0003770563717959696
-0.0029897870515323	-0.0005351508387856363	-0.00497684506057805	-0.0011619482737759146	-0.0017571755440302095	-0.008190203214241354	-0.0010195270802411116	0.0002470376237788674
-0.002178464857284901	-0.00022310384099855085	-0.0036038382703131866	-0.0010371294746611692	-0.0013827191466855293	-0.0074412904195517715	-0.000520251883781464	-0.0003770563717959696
-0.0010550956652499721	2.6533757231828048e-05	-0.0029797442747383496	-0.0005378542782010776	-0.0008834439502254376	-0.006567558825747	-2.0976687321150322e-05	0.0004966752220088022
-0.0014295520625950964	-0.0003479226401132962	-0.0027301066765084148	-0.0008499012759888291	-0.0011954909480131892	-0.006255511827959914	-0.0003954330846658305	-0.00043946577135356435
0.00019309232589970193	8.894315678942277e-05	-0.0016691468840306367	-0.00028821667997069866	-0.00044657815332360684	-0.005506599033269444	0.0004158891095813466	0.0004342658224512075
0.0011916427188196632	-0.0002855132405557015	-0.00023373069420906667	-0.0001633978808559533	-0.0005089875528807575	-0.003384679448314998	0.0008527549064836215	-0.0008763315682553952
0.005373072489171626	0.0005258089536919197	0.0023250546876485423	0.001272018308966505	0.0012384756347285641	-0.0002642094704405906	0.003099493290553257	0.00018462822422127267
0.006621260480320856	0.0010250841501515673	0.003885289676585746	0.001646474706310741	0.0015505226325165378	0.0005471127238065865	0.00391081548479999	-0.00031464697223859694
0.007494992074126072	0.001087493549709162	0.004384564873045171	0.0017712935054259304	0.0019873884294188127	0.0012336161189394623	0.004285271882145558	0.0003094470233364621
0.007682220272798412	0.0012123123488239074	0.004883840069505263	0.00189611230454112	0.0018625696303036232	0.0017328913153988879	0.004659728279490016	-0.00031464697223859694
0.00830631426837325	0.0013371311479390968	0.004821430669947668	0.002270568701885578	0.002361844826763715	0.0017953007149567046	0.005034184676835363	0.00037185642289361276
0.005435481888728777	0.0009626747505941946	0.0030739674823381247	0.001209608909408466	0.001300885034286825	-0.00038902826955578007	0.003473949687898159	-0.0002522375726807802
0.005435481888728777	0.0009002653510365999	0.0023250546876485423	0.0013344277085236556	0.001488113232958943	-0.0012003504638029572	0.0033491308887829696	0.00037185642289361276
