Sensor_1	Sensor_2	Sensor_3	Sensor_4	Sensor_5	Sensor_6	Sensor_7	Sensor_8
-0.0076037584115360435	-0.001048172106508094	-0.0063578171587699295	-0.002208693614099033	-0.00262910205233835	-0.007393288952468158	-0.003929186579689992	0.0004919608148319377
-0.008727127603570306	-0.0011105815060652446	-0.007044320553902139	-0.0025207406118861186	-0.0031283772487979977	-0.008454248744945492	-0.004490871175707234	-0.00013213318074267733
-0.007666167811093194	-0.0011729909056228394	-0.007169139353017107	-0.002208693614099033	-0.0027539208514533176	-0.008953523941405361	-0.0041788241779203705	0.0003671420157171923
-0.007416530212863037	-0.0013602191042956235	-0.007106729953460178	-0.0023335124132142226	-0.0029411490501261017	-0.008891114541847767	-0.004116414778362776	-0.0005065895780880236
-0.005357020027465964	-0.0005488969100484464	-0.006482635957885119	-0.0013349620202942614	-0.0018801892576487678	-0.008204611146715335	-0.002805817387655063	0.0006791890135044998
-0.004358469634546003	-0.0008609439078357539	-0.006170588960097367	-0.001647009018081791	-0.0021298268558784805	-0.008828705142290616	-0.0026809985885403176	-0.0004441801785304289
-0.0017372748531319093	-0.0002368499122604728	-0.005047219768062661	-0.000586049225604679	-0.0010064576638435518	-0.00807979234760059	-0.00112076359960267	0.000429551415274787
-0.002049321850919439	-0.00011203111314528336	-0.005109629167620255	-0.00046123042648904544	-0.0012560952620737087	-0.007705335950255909	-0.0008711260013731792	-0.00013213318074267733
-0.0009259526588847322	1.2787685969462004e-05	-0.00535926676585019	-0.00046123042648904544	-0.0008192294651716558	-0.00870388634317587	-0.0005590790035858717	0.000429551415274787
-0.0016124560540167199	-0.00029925931181806753	-0.006232998359655406	-0.0008356868238341697	-0.0013809140611888981	-0.01026412133211263	-0.0007463072022579897	-0.0004441801785304289
0.00025982593270756915	0.00013760648508398532	-0.006482635957885119	-2.4364629586992592e-05	-0.000756820065613617	-0.011699537521935088	0.00025224319066152745	0.000429551415274787
0.0022569267185472697	0.0005120628824291096	-0.006669864156557015	0.0007245481651030339	-0.0006320012664988717	-0.010326530731670225	0.002062115777828888	-0.0003817707789728342
0.0035675241092545384	0.0013233850766767308	-0.009727924734874716	0.0007869575646601845	-0.0010688670634011466	-0.015319282696268921	0.0031854849698631504	0.0005543702143895324
0.006188718890668854	0.0006992910811018938	-0.012536347714961371	-0.0012725526207366666	-0.0014433234607460488	-0.03529029055466548	0.00262380037384613	-0.0005689989776447302
0.006625584687571351	0.0011361568780039466	-0.016780186884870485	0.0012862327611202762	-0.0013809140611888981	-0.048833130258640445	0.0034351225680935293	0.00024232321660200284
0.006563175288014422	0.0013233850766767308	-0.023894858434424293	0.0005997293659882885	-0.00244187385366601	-0.06986509790951412	0.00331030376897834	-0.0001945425803004941
0.007312088082703561	0.0013857944762343255	-0.03250735557335793	-0.0007108680247194243	-0.00244187385366601	-0.09364307914091752	0.004184035362783334	0.0004919608148319377
0.013677846837567564	0.0006992910811018938	-0.03868588612954915	-0.0011477338216216992	-0.0010064576638435518	-0.08933683057145059	0.003934397764553177	-0.0004441801785304289
0.005564624895094461	0.0010113380788892012	-0.03338108716716248	0.0020351455558103027	-7.031667048118528e-05	-0.07654290366216543	0.002436572175174012	0.0004919608148319377
0.00019741653315041852	0.0003872440833143642	-0.03487891275654231	0.00016286356908579158	-0.00031995426871134214	-0.07560676266880306	0.0015004311818116456	-0.0002569519798580888
-0.0006763150606543533	0.000636881681544299	-0.03849865793087659	0.0027216489509425124	-0.000569591866941277	-0.06643258093385218	0.0029982567711912544	0.0006791890135044998
-5.222106507996038e-05	1.2787685969462004e-05	-0.038124201533531465	-0.004205794399938956	-0.00599920962844247	-0.05638466760509653	0.004059216563668366	-0.0003817707789728342
-0.003235100442511518	0.0003872440833143642	-0.03550300675211715	-0.005766029388875715	-0.0048758404364079855	-0.0313584983825439	0.004184035362783334	0.0006167796139471271
-0.0010507714579994776	-0.00011203111314528336	-0.025080637026016595	-0.00351929100480608	-0.00475102163729324	-0.04128159291218414	0.0059314985503933215	-0.0005689989776447302
0.0035675241092545384	0.0002624252841993968	-0.020462341458762134	0.00041250116731550435	-0.0016929610589764277	-0.03123367958342893	0.003559941367208719	0.0004919608148319377
-0.0015500466544595692	-0.00017444051270287808	-0.017092233882658014	0.0005373199664302497	-0.0023794644541088594	-0.015943376691843758	0.0005018807888916843	-0.0005689989776447302
0.0019448797207597401	0.00044965348287151485	-0.012037072518501502	-0.0008356868238341697	-0.0004447730678260875	-0.02505514902723749	0.0013756123826964561	0.0007415984130620945
-0.002860644045166838	-4.962171358857681e-05	-0.01066406572823686	0.0014110515602354656	-0.0006320012664988717	-0.015506510894941927	0.001812478179598509	-0.00031936137941568354
0.002818611314564956	0.0002000158846418021	-0.008979011940184245	-0.0018966466163117257	-0.0010064576638435518	-0.012073993919279769	0.0012507935835817108	0.0004919608148319377
-0.00023944926375274456	-0.00017444051270287808	-0.00535926676585019	-0.0036441098039214914	-0.0031907866483555924	-0.003336677981231384	0.00018983379110393273	-0.0004441801785304289
-0.002236550049592001	1.2787685969462004e-05	-0.0034245753795683065	-0.001210143221179294	-0.002005008056763735	-0.005521006965743869	0.000564290188449279	0.0003671420157171923
-0.002673415846494054	-0.00017444051270287808	-0.006232998359655406	-0.00046123042648904544	-0.000756820065613617	-0.006269919760433895	0.0006266995880064297	-0.0004441801785304289
-0.0016748654535743146	0.0002624252841993968	-0.01103852212558154	0.00010045416952819686	-0.0018801892576487678	-0.0049593223697266264	0.0008139277866787697	0.0006167796139471271
-0.001175590257114445	-0.00017444051270287808	-0.013909354505226013	-0.0023335124132142226	-0.0025042832532231607	-0.01026412133211263	0.0001274243915467821	-0.0003817707789728342
0.0004470541313801313	7.519708552661264e-05	-0.013659716906996078	-0.0012725526207366666	-0.0013809140611888981	-0.015943376691843758	0.00025224319066152745	0.000429551415274787
0.0012583763256273084	-0.00017444051270287808	-0.013347669909208548	-8.677402914458732e-05	-0.0009440482642859571	-0.019812759464408636	-0.0005590790035858717	-0.0004441801785304289
0.0021321079194320802	0.00013760648508398532	-0.013160441710536208	0.0012238233615629035	0.0008658243228811813	-0.018065296276799092	2.6055924315926404e-06	0.0004919608148319377
-0.001986912451361622	-0.0004864875104904076	-0.013472488708323738	0.0002876823682003149	-0.001193685862516558	-0.016005786091401353	-0.0009959448004883686	-0.0005065895780880236
-0.007853396009765534	-0.0009857627069504993	-0.014720676699473412	-0.002271103013656628	-0.003065967849241291	-0.014695188700694528	-0.002618589188982723	0.000429551415274787
-0.011223503585869876	-0.0015474473029677416	-0.014783086099031006	-0.004393022598611296	-0.005250296833753332	-0.01238604091706752	-0.0031802737850004092	-0.0005065895780880236
-0.009975315594720424	-0.001235400305180434	-0.015781636491950746	-0.005391572991531035	-0.0054999344319828225	-0.012635678515297455	-0.0024313609903103828	0.00030473261615959757
-0.00991290619516283	-0.0014226285038529962	-0.017529099679560733	-0.005766029388875715	-0.0054999344319828225	-0.010763396528572722	-0.0026809985885403176	-0.0004441801785304289
-0.008290261806668253	-0.0011729909056228394	-0.018902106469825153	-0.0037689286030362368	-0.004002108842603214	-0.01257326911573986	-0.0024313609903103828	0.000429551415274787
-0.008040624208438318	-0.0012978097047375847	-0.019214153467612682	-0.002707968810558903	-0.003752471244373279	-0.01644265188830385	-0.0029306361867704744	-0.00031936137941568354
-0.004795335431448722	-0.0007361251087205645	-0.019214153467612682	-0.000773277424276575	-0.001817779858090951	-0.019687940665293446	-0.002181723392080448	0.000429551415274787
-0.003047872243839178	-0.0004864875104904076	-0.01933897226672765	-0.0003988210269318948	-0.0015057328603036435	-0.015631329694057117	-0.001557629396506055	-0.0002569519798580888
-0.0006763150606543533	0.00013760648508398532	-0.017529099679560733	-0.0005236398260470843	-0.001193685862516558	-0.01394627590600428	-0.00012221320668270863	0.0007415984130620945
-0.001799684252689504	-0.00011203111314528336	-0.015594408293278406	-0.0010853244220641045	-0.0018801892576487678	-0.01444555110246415	-0.00018462260624119153	-0.0001945425803004941
-0.0018620936522466547	7.519708552661264e-05	-0.013285260509651398	-0.0009605056229489151	-0.0018801892576487678	-0.011075443526359807	0.0005018807888916843	0.0004919608148319377
-0.001986912451361622	-0.00036166871137566226	-0.010976112726024168	-0.002271103013656628	-0.0025042832532231607	-0.010576168329899716	0.0006266995880064297	-0.0004441801785304289
0.0008839199282824062	0.0002624252841993968	-0.008167689745937068	-0.0008980962233917644	-0.0013185046616308593	-0.007705335950255909	0.002686209773403725	0.000429551415274787
0.0035051147096971658	0.0005744722819867043	-0.00535926676585019	-2.4364629586992592e-05	-0.000756820065613617	-0.006769194956893321	0.004496082360570419	-0.0004441801785304289
0.006687994087129168	0.0011361568780039466	-0.0037990317769129867	0.0007245481651030339	0.0010530525215539654	-0.008391839345387897	0.00649318314641012	0.000429551415274787
0.007499316281376123	0.001073747478446796	-0.00305011898222296	0.001099004562447714	0.001115461921110672	-0.009327980338750264	0.005869089150835727	-0.0004441801785304289
0.008560276073853679	0.0014482038757914761	-0.003112528381780555	0.0020975549553674533	0.0023012405127027513	-0.005957872762646144	0.00649318314641012	0.0005543702143895324
0.007686544480048907	0.001073747478446796	-0.0029877095826653655	0.0020351455558103027	0.0019267841153582932	-0.0038359531776914757	0.005369813954375635	-0.0004441801785304289
0.005564624895094461	0.0006992910811018938	-0.003674212977797797	0.0018479173571375185	0.0011778713206682667	-0.0004658456015869117	0.003996807164110772	-7.314381627931965e-06
0.004129208705271559	0.0005744722819867043	-0.004173488174258333	0.0007245481651030339	0.0003041397268630508	-0.0026501745860989523	0.00331030376897834	-0.0005689989776447302
0.0035051147096971658	0.0007617004806594885	-0.003674212977797797	0.0005997293659882885	-0.00019513546959637473	0.004838953360799314	0.003497531967650902	0.00024232321660200284
0.0015080139238576873	-4.962171358857681e-05	-0.0033621659800107118	-0.000773277424276575	-0.0014433234607460488	0.0036531747692074568	0.0012507935835817108	-0.000631408377202769
0.001133557526512785	0.0002000158846418021	-0.002238796787975783	0.0003500917677579096	-0.0006320012664988717	0.003840402967879797	0.0012507935835817108	0.00024232321660200284
0.0004470541313801313	0.00013760648508398532	-0.0005537429999238341	-0.00014918342870218204	-0.0008192294651716558	-0.0034614967803470176	0.0008139277866787697	-0.0003817707789728342
0.0014456045243000926	0.0003872440833143642	0.0014433577859158664	0.0005997293659882885	-7.90727092359056e-06	-0.002962221583886926	0.0013756123826964561	0.0004919608148319377
1.0188334477634342e-05	-0.00011203111314528336	0.001755404783703396	-0.0003364116273745221	-0.000756820065613617	-0.0024629463874270563	0.0009387465857939592	-0.0005065895780880236
-0.00023944926375274456	-0.00017444051270287808	0.0010689013885709642	-0.0008980962233917644	-0.000756820065613617	-0.002088489990082154	0.0011259747844660772	-7.314381627931965e-06
-0.0014876372549015304	-0.0004864875104904076	-0.0009281993972687363	-0.001647009018081791	-0.0018801892576487678	-0.0017764429922941805	0.000564290188449279	-0.0008810459754327038
-0.00036426806286704583	-0.00011203111314528336	-0.0019267497901882535	-0.0012725526207366666	-0.0013185046616308593	-0.002899812184329109	0.0012507935835817108	0.00017991381704440812
-0.0011131808575570723	-0.0004864875104904076	-0.004298306973373078	-0.0017094184176393856	-0.001817779858090951	-0.006332329159991046	0.0004394713893340896	-0.0008810459754327038
0.00025982593270756915	-0.00029925931181806753	-0.006732273556115054	-0.0008356868238341697	-0.0010064576638435518	-0.008766295742733021	0.001001155985351554	-7.314381627931965e-06
0.0003222353322651639	-0.00017444051270287808	-0.008105280346379917	-0.0003988210269318948	-0.0010064576638435518	-0.009889664934767728	0.0005018807888916843	-0.0005065895780880236
0.0005718729304953207	-4.962171358857681e-05	-0.008292508545052257	0.00016286356908579158	-0.000569591866941277	-0.01007689313344029	0.000564290188449279	0.000429551415274787
-0.00011463046463711102	-0.00036166871137566226	-0.00760600514992027	-0.00014918342870218204	-0.0011312764629585192	-0.008391839345387897	6.501499198918737e-05	-0.0005065895780880236
0.0012583763256273084	0.0003248346837567695	-0.005234447966735445	0.00022527296864294222	-0.000569591866941277	-0.005583416365301019	0.001001155985351554	0.000429551415274787
0.0003846447318227586	1.2787685969462004e-05	-0.003549394178683052	-0.000586049225604679	-0.0008816388647292506	-0.0053337787670710846	0.0013132029831388614	-0.00031936137941568354
7.259773403522907e-05	7.519708552661264e-05	-0.0014898839932855346	-0.0002740022278164833	-0.0008192294651716558	-0.0030870403830014492	0.001999706378271293	0.00030473261615959757
