Sensor_1	Sensor_2	Sensor_3	Sensor_4	Sensor_5	Sensor_6	Sensor_7	Sensor_8
-0.00066753903117589	-0.0001720693193438816	0.0012193781694853634	0.00018656196469235553	0.0012199347353207823	-0.0024943635718397417	0.00017798043235406347	-0.0008758125468539824
0.0011423335559910264	0.00020238707800146472	0.0007201029730252717	-0.00025030383221080754	0.0007830689384178413	-0.002057497774937689	-0.00019647596499128284	-0.0010630407455265445
0.0009551053573182422	7.756827888583118e-05	0.0009697405712552065	-6.307563353802337e-05	0.0015943911326654625	-0.0029936387683000554	-7.16571658756493e-05	-0.001562315941986414
-0.0006051296316187393	-0.0001720693193438816	0.0010321499708128012	-0.0001254850330956181	0.0022808945277978943	-0.0038049609625472325	-0.00019647596499128284	-0.0019367723393317604
0.0013919711542209612	7.756827888583118e-05	0.0016562439663876383	0.0005610183620368137	0.0028425791238151366	-0.0037425515629896378	0.0005524368296987436	-0.0016247253415440088
-0.0005427202320609226	-0.0005465257166890058	0.0014066063681572594	-0.0001254850330956181	0.0024681227264704564	-0.004928330154582161	5.316163323909606e-05	-0.00262327573446397
0.0008926959577608695	-0.0012330291118209935	0.001094559370370174	-0.00018789443265321282	0.0022184851282407436	-0.006800612141306894	0.0002403898319116582	-0.002186409937561251
-0.00023067323427383712	-0.0009209821140339081	0.0019682909641749458	0.0002489713642492841	0.0030922167220455155	-0.007299887337766986	-7.16571658756493e-05	-0.002872913332694127
0.001017514756876503	-0.0014202573104937777	0.0015938345668300435	-0.0001254850330956181	0.0033418543202752282	-0.006800612141306894	-0.0001340665654336881	-0.00262327573446397
-0.00066753903117589	-0.0012330291118209935	0.001905881564617351	0.00031138076380687885	0.004090767114965255	-0.006675793342191705	0.00030279923146880883	-0.00262327573446397
-0.0007299484307339288	-0.0011706197122633988	0.001281787569042958	-0.0001254850330956181	0.004340404713194745	-0.007237477938209391	-0.0001340665654336881	-0.003497007328268964
0.0008302865582037189	-0.0013578479109357389	0.001281787569042958	-0.00018789443265321282	0.004777270510097464	-0.007549524935996477	-0.00019647596499128284	-0.004245920122958546
-0.0005427202320609226	-0.0011706197122633988	0.0014066063681572594	-6.662339804286432e-07	0.005963049101689544	-0.008236028331128908	-7.16571658756493e-05	-0.004557967120746076
0.0015167899533361506	-0.0012330291118209935	0.0015314251672724488	0.00018656196469235553	0.006961599494609505	-0.009609035121393772	0.0001155710327962467	-0.005556517513665593
-0.0003554920333885825	-0.0016074855091661178	0.001718653365944789	-6.662339804286432e-07	0.007336055891954407	-0.010420357315640949	-7.16571658756493e-05	-0.006180611509240874
0.0012671523551057717	-0.0018571231073958305	0.001905881564617351	-6.662339804286432e-07	0.007273646492397257	-0.012230229902808532	-0.00019647596499128284	-0.0061182021096832795
-0.0004179014329461772	-0.00198194190651102	0.002093109763290135	0.00031138076380687885	0.007960149887529466	-0.012854323898383369	0.0002403898319116582	-0.006180611509240874
0.0015167899533361506	-0.0020443513060686147	0.0024675661606348154	-0.0001254850330956181	0.008709062682219049	-0.014227330688648232	-7.16571658756493e-05	-0.007303980701275581
0.0012671523551057717	-0.004415908489252995	0.0022179285624048806	-0.0001254850330956181	0.011704713860978266	-0.01809671346121222	-0.00019647596499128284	-0.010112403681362014
0.0008302865582037189	-0.00479036488659812	0.0028420225579801617	0.00018656196469235553	0.017009512823365602	-0.024774519213863533	0.0002403898319116582	-0.013295283058794016
0.0018912463506810528	-0.0062881904759777285	0.0030916601562096524	-0.00025030383221080754	0.02056684859814184	-0.029829680578020046	-0.00025888536454843347	-0.01728948463047364
-0.00066753903117589	-0.00822288186225939	0.004277438747802176	6.174316557672199e-05	0.024748278368494026	-0.028955948984215274	0.0001155710327962467	-0.024653793778257382
0.003139434341830949	-0.008035653663587494	0.0028420225579801617	-0.0001254850330956181	0.029616211533977532	-0.04006482210544804	0.0002403898319116582	-0.029084861146838836
0.0019536557502382035	-0.009159022855622645	0.0043398481473597705	6.174316557672199e-05	0.03985135306140597	-0.04986309783597398	-9.247766318942752e-06	-0.03189328412692616
0.001641608752450896	-0.011717808237478922	0.007023452328331681	-6.307563353802337e-05	0.04409519223131464	-0.059286917169154574	5.316163323909606e-05	-0.036199532696392644
0.0017040181520084907	-0.011156123641462123	0.008458868518153695	6.174316557672199e-05	0.048276622001666825	-0.07114470308507737	-0.0001340665654336881	-0.04069300946453169
0.0018288369511234581	-0.012341902233054647	0.010768016301780925	-0.0001254850330956181	0.052270823573346004	-0.07869624043153323	-7.16571658756493e-05	-0.043875888841963695
0.003139434341830949	-0.011905036436151484	0.013389211083195685	-6.662339804286432e-07	0.053893467961841246	-0.08506199918639723	-0.0001340665654336881	-0.04549853323045827
0.001454380553778556	-0.008597338259604514	0.015136674270805228	6.174316557672199e-05	0.04777734680520673	-0.08250321380454029	0.00017798043235406347	-0.04081782826364666
0.0017040181520084907	-0.004915183685713087	0.015511130668149686	-6.662339804286432e-07	0.030489943127782304	-0.06240738714702898	-9.247766318942752e-06	-0.014231424052156827
-0.001104404828078609	-0.0012954385113785882	0.014637399074345359	-6.662339804286432e-07	0.013889042845490307	-0.038317358917838495	-7.16571658756493e-05	-0.0069295243039300125
0.0008926959577608695	0.00026479647755861535	0.011891385493816076	6.174316557672199e-05	-0.0004651190527311666	-0.024150425218288696	0.0002403898319116582	-0.0037466449264984547
0.00014378316307128713	-4.7250520228914183e-05	0.011641747895585697	-0.00025030383221080754	0.001469572333550273	-0.030578593372709628	-0.0003212947641060282	-0.007616027699062888
0.0015791993528933013	-0.0020443513060686147	0.01332680168363809	-0.0001254850330956181	0.007211237092839218	-0.036008211134211265	-7.16571658756493e-05	-0.012359142065432094
0.002328112147583772	-0.00466554608748293	0.014325352076557607	0.00037379016336491766	0.017009512823365602	-0.045806486864736984	0.00036520863102640355	-0.018600082021181352
0.0008926959577608695	-0.007099512670224906	0.014200533277442418	-6.307563353802337e-05	0.03036512432866756	-0.062469796546586354	-9.247766318942752e-06	-0.0296465457428563
0.003576300138733002	-0.010469620246329026	0.015448721268592536	-0.00018789443265321282	0.049462400593259126	-0.08687187177356437	-0.00019647596499128284	-0.04443757343798094
0.002328112147583772	-0.012341902233054647	0.01894364764381251	0.0001241525651347608	0.06699944186891349	-0.10790383942443804	5.316163323909606e-05	-0.06110088311983031
0.0022032933484685824	-0.013590090224203877	0.021939298822571285	0.00018656196469235553	0.07355242882244961	-0.10946407441337525	5.316163323909606e-05	-0.06253629930965299
0.0010799241564334316	-0.014214184219778714	0.02012942623540459	-6.662339804286432e-07	0.08241456355961319	-0.1285613506779666	-7.16571658756493e-05	-0.0729586690357531
0.004574850531652963	-0.016897788400750624	0.01931810404115697	0.0001241525651347608	0.10057569883084239	-0.15533498308812943	0.0002403898319116582	-0.08487886435123349
0.004137984734750466	-0.01802115759278533	0.03317299074291924	-0.00018789443265321282	0.10519399439809596	-0.1647588024213098	-0.00019647596499128284	-0.0914942607043272
-0.0014164518258661385	-0.01783392939411299	0.037104782915040824	-6.307563353802337e-05	0.08615912753306243	-0.11969921594080324	5.316163323909606e-05	-0.07682805180831775
-0.0003554920333885825	-0.013215633826858975	0.02849228577610763	0.0001241525651347608	0.06144500530829711	-0.08269044200321285	-9.247766318942752e-06	-0.059041372934433456
0.0007678771586461242	-0.009159022855622645	0.022750621016818906	0.00018656196469235553	0.049087944195914446	-0.07807214643595861	0.0002403898319116582	-0.049679963000810234
0.0027649779444858247	-0.009595888652524698	0.025059768800445248	6.174316557672199e-05	0.04203568204591801	-0.0686483271027778	5.316163323909606e-05	-0.03775976768532985
-0.002102955220998126	-0.010032754449427417	0.03086384295929201	-0.0001254850330956181	0.03635642668618644	-0.04892695684261139	0.0002403898319116582	-0.03576266689949015
-0.0024150022187858777	-0.008722157058719704	0.03192480275176934	0.0002489713642492841	0.027057426152121256	-0.023089465425811362	-0.00019647596499128284	-0.026526075764982116
-0.0028518680156879306	-0.009096613456064606	0.025122178200003287	0.0001241525651347608	0.03517064809459436	-0.03126509676784206	-9.247766318942752e-06	-0.03563784810037518
0.002328112147583772	-0.009720707451639443	0.023561943211066083	6.174316557672199e-05	0.05270768937024872	-0.02920558658244543	-7.16571658756493e-05	-0.05080333219284494
-0.0014164518258661385	-0.021640902767119385	0.030676614760620113	0.0001241525651347608	0.0700575024472303	-0.008048800132456568	5.316163323909606e-05	-0.06603122568487185
-0.004661740602855513	-0.023013909557384693	0.032798534345574115	6.174316557672199e-05	0.06924618025298312	0.024716134635224263	0.0001155710327962467	-0.06415894369814734
-0.0043496936050675394	-0.0261343795352591	0.027306507184515327	-0.0001254850330956181	0.06375415309192389	0.09149419216173715	-0.0001340665654336881	-0.06147533951717543
-0.0024150022187858777	-0.027382567526408774	0.02268821161726131	-6.307563353802337e-05	0.0834131139525327	0.13050006688516747	-9.247766318942752e-06	-0.0943026836844143
-0.00297668681480312	-0.02663365473171897	0.030364567762832584	0.00031138076380687885	0.10251039021712427	0.1489732491541842	0.0001155710327962467	-0.10160458343264023
-0.006221975591792717	-0.030003762307823312	0.04128621268539279	-0.0001254850330956181	0.10394580640694628	-0.011294088909446165	-7.16571658756493e-05	-0.10185422103087038
-0.002602230417458662	-0.026196788934816695	0.0411613938862776	0.00037379016336491766	0.09096465129898879	-0.012105411103693342	0.0004276180305835542	-0.09199353590078707
-0.003226324413033055	-0.021266446369774927	0.029615654968142557	-0.0003127132317675141	0.07342761002333442	-0.01291673329794052	-0.0003212947641060282	-0.0717104810446032
-0.002602230417458662	-0.018395613990130677	0.026620003789382896	-0.0001254850330956181	0.05894862932599754	-0.01173095470634844	-0.0001340665654336881	-0.042378063252583864
0.00014378316307128713	-0.01546237221092861	0.02699446018672802	0.0002489713642492841	0.03941448726450325	-0.006426155743962214	0.00017798043235406347	-0.02134609560170997
-0.004911378201085004	-0.014026956021106152	0.028679513974780413	-0.00018789443265321282	0.02743188254946549	-0.0031808669669726175	-7.16571658756493e-05	6.0328446508384204e-05
-0.004536921803740324	-0.01296599622862904	0.02999011136548768	-6.307563353802337e-05	0.01657264702646244	-0.0008717191833453874	-0.00019647596499128284	0.022777349885434006
-0.002102955220998126	-0.00822288186225939	0.022064117621686474	0.0002489713642492841	0.011829532660093456	-0.0006220815851156747	-0.0001340665654336881	0.033074900812419594
0.0006430583595309347	-0.008846975857834671	0.01794509725089255	-6.307563353802337e-05	0.007336055891954407	0.0008757440042641562	-9.247766318942752e-06	0.03956547836639834
-0.003600780810378179	-0.009034204056507456	0.020191835634961297	-0.00025030383221080754	0.008022559287086839	0.0027480259909886673	-0.0003212947641060282	0.04043920996020267
-0.004037646607280232	-0.010781667244117	0.01769545965266217	0.00018656196469235553	0.01669746582557785	0.004495489178598655	0.00036520863102640355	0.051672901880550626
-0.0003554920333885825	-0.011592989438364176	0.01532390246947779	-6.662339804286432e-07	0.025060325366281555	0.004308260979925871	5.316163323909606e-05	0.05891239222921962
-0.003226324413033055	-0.012841177429514294	0.01894364764381251	6.174316557672199e-05	0.030926808924685245	0.005993314767978264	0.0001155710327962467	0.05997335202169718
-0.002602230417458662	-0.012529130431726543	0.01969256043850165	-6.307563353802337e-05	0.027494291949023086	0.006305361765765571	-7.16571658756493e-05	0.04905170709913631
-0.004536921803740324	-0.011842627036594555	0.0196301510389445	-0.0001254850330956181	0.020629257997699657	0.00686704636178348	-7.16571658756493e-05	0.03488477339958673
-0.0024774116183434725	-0.011655398837921771	0.018132325449564446	0.0002489713642492841	0.01769601621849759	0.0064925899644383556	-0.00019647596499128284	0.028082148847820232
-0.004287284205510611	-0.012279492833496608	0.015448721268592536	-0.00025030383221080754	0.020941304995486743	0.005556448971075767	-7.16571658756493e-05	0.018783148313754827
-0.0022901834196706883	-0.011905036436151484	0.016197634063282118	-6.307563353802337e-05	0.022751177582654325	0.004495489178598655	-9.247766318942752e-06	0.012417389558890823
-0.004724150002413108	-0.009907935650311783	0.01938051344071412	0.00018656196469235553	0.025746828761413543	0.002997663589219046	0.00030279923146880883	0.008360778587654272
-0.0049737876006425985	-0.006100962277305388	0.018506781846909348	-0.0003751226313251088	0.025497191163183608	0.0008133346047065615	-0.0003837041636636229	0.010857154569953842
-0.0022901834196706883	-0.0031677204981033213	0.016197634063282118	0.0002489713642492841	0.02119094259371712	-0.0004348533864433346	0.0001155710327962467	0.016786047527914683
-0.0033511432121478	7.756827888583118e-05	0.013264392284080495	0.00037379016336491766	0.014325908642393248	-0.0010589473820181716	0.0004276180305835542	0.023151806282778686
-0.0014788612254235112	0.0021370784642829044	0.010206331705763683	-0.00025030383221080754	0.007273646492397257	-0.001620631978035414	-0.0003212947641060282	0.017285322724374774
-0.0030390962143607148	0.0036349040536629573	0.010268741105321277	-6.307563353802337e-05	0.0038411295167346537	-0.0017454507771501593	0.0001155710327962467	0.013790396349155465
-0.001915727022325786	0.004508635647467729	0.010019103507090898	0.00018656196469235553	-0.0026494480372436513	-0.00305604816785765	-0.00019647596499128284	0.013353530552253412
-0.0031015056139183095	0.003884541651892892	0.007959593321693603	-6.307563353802337e-05	-0.002961495035030959	-0.0029312293687424607	-0.0001340665654336881	0.013353530552253412
-0.0007923578302906353	0.002885991258973375	0.008084412120808793	0.0001241525651347608	-0.0033983608319336778	-0.0029312293687424607	0.00017798043235406347	0.014289671545615112
-0.0014788612254235112	0.003697313453220552	0.008583687317268884	-0.0001254850330956181	-0.005021005220428032	-0.004366645558564475	-0.0001340665654336881	0.015225812538977923
-0.0032887338125906496	0.005007910843927821	0.009207781312843721	-0.0001254850330956181	-0.005707508615560908	-0.0044290549581220695	5.316163323909606e-05	0.019407242309329442
-0.0014788612254235112	0.006193689435520122	0.008022002721251642	-6.307563353802337e-05	-0.008328703396975223	-0.005739652348829338	-0.00025888536454843347	0.02102988669782424
-0.0028518680156879306	0.007317058627555051	0.007023452328331681	0.0001241525651347608	-0.010076166584584767	-0.0061141087461744625	0.00017798043235406347	0.02677155145711363
-0.0011668142276357596	0.007878743223572293	0.0043398481473597705	-0.00018789443265321282	-0.012946998964229683	-0.007299887337766986	-0.0001340665654336881	0.02695877965578597
-0.002352592819227839	0.008814884216934216	0.0022179285624048806	-6.662339804286432e-07	-0.01550578434608596	-0.006488565143519809	0.0002403898319116582	0.02677155145711363
-0.0006051296316187393	0.008440427819589313	0.0009073311716976118	-0.00025030383221080754	-0.016129878341661685	-0.006550974543076515	-0.0001340665654336881	0.02433758487437121
-0.0022277740201135376	0.007566696225784542	-0.002088320007061828	0.00018656196469235553	-0.016379515939890954	-0.006051699346616646	5.316163323909606e-05	0.02234048408853151
-0.001291633026750949	0.00631850823463509	-0.0033989173977690967	0.0001241525651347608	-0.016566744138563738	-0.0054900147505998476	0.0002403898319116582	0.020967477298266646
8.137376351369241e-05	0.005444776640829874	-0.004709514788475921	-0.00018789443265321282	-0.017877341529270563	-0.0059268805475021225	-0.00025888536454843347	0.018970376512426723
-0.0011668142276357596	0.005756823638617403	-0.004147830192458679	0.0002489713642492841	-0.018189388527058536	-0.0050531489536969065	0.00036520863102640355	0.018845557713312422
1.8964363956541774e-05	0.004945501444370226	-0.005271199384493608	-0.0003127132317675141	-0.020311308112013204	-0.006051699346616646	-0.0003837041636636229	0.017597369722162304
-0.0012292236271933543	0.005319957841714906	-0.005208789984936013	6.174316557672199e-05	-0.020623355109800068	-0.005365195951484436	-9.247766318942752e-06	0.0180342355190648
0.0003310113617440713	0.005007910843927821	-0.005208789984936013	6.174316557672199e-05	-0.023556596889002135	-0.005614833549714149	-9.247766318942752e-06	0.019157604711099507
-0.001291633026750949	0.0052575484421573115	-0.005083971185821046	-0.00018789443265321282	-0.025740925873514398	-0.005739652348829338	-0.0003837041636636229	0.019594470508002004
1.8964363956541774e-05	0.004633454446582919	-0.00477192418803396	0.0002489713642492841	-0.025616107074399208	-0.004803511355467416	0.00036520863102640355	0.02071783970003671
0.00026860196218625454	0.0050703202434849715	-0.005458427583165948	-6.307563353802337e-05	-0.026302610469532084	-0.0054900147505998476	-0.00019647596499128284	0.019032785911984762
-0.0009795860289634195	0.0048830920448130755	-0.0053336087840512025	-6.307563353802337e-05	-0.0261153822708593	-0.0048659207550245664	5.316163323909606e-05	0.0180342355190648
0.0005182395604166334	0.003946951051450265	-0.005583246382281137	-0.0001254850330956181	-0.026177791670416894	-0.004616283156794854	-0.00025888536454843347	0.015912315934110355
-0.0005427202320609226	0.0033852664554330225	-0.004272648991573869	0.00037379016336491766	-0.023182140491657677	-0.00305604816785765	0.00036520863102640355	0.010732335770838652
0.0007054677590885294	0.001388165669593322	-0.004647105388918771	-0.00025030383221080754	-0.01925034831953565	-0.0033680951656445135	5.316163323909606e-05	0.006363677801814793
-0.0001682638347162424	0.0007016622744608902	-0.00371096439555596	6.174316557672199e-05	-0.005208233419100816	-0.0007469003842308641	0.0002403898319116582	0.0013085164376578362
0.0021408839489109877	7.756827888583118e-05	-0.0032116891990963126	-0.00025030383221080754	-0.003523179631048423	-0.0004972627860004852	-0.00025888536454843347	-0.0009382219464115771
0.00026860196218625454	-0.00010965991978650891	-0.0005280850181244023	-6.307563353802337e-05	-0.0036479984301636126	-0.0004348533864433346	-9.247766318942752e-06	0.0002475566451802802
-0.0012292236271933543	0.00020238707800146472	0.001718653365944789	-6.662339804286432e-07	-0.0018381258429964742	-0.0004348533864433346	-9.247766318942752e-06	0.0010588788394283455
0.0008302865582037189	-0.0004841163171314111	0.0030916601562096524	0.0002489713642492841	0.0035290825189480124	-0.0001852157882129557	0.00017798043235406347	-0.0013126783437569234
-0.0008547672298486741	-0.0018571231073958305	0.0029044319575373123	-0.00025030383221080754	0.00920833787867914	0.0001268312095743518	-0.00019647596499128284	-0.0061182021096832795
0.001017514756876503	-0.002231579504740955	0.0030916601562096524	6.174316557672199e-05	0.012453626655668737	0.0006885158055918161	-9.247766318942752e-06	-0.00811530289552298
-0.0007923578302906353	-0.00216917010518336	0.003840572950900123	0.0002489713642492841	0.012141579657881207	0.0012502004016090584	-0.0001340665654336881	-0.006555067906585776
-4.344503560105295e-05	-0.002606035902085857	0.0032788883548819925	-6.307563353802337e-05	0.007336055891954407	0.0007509252051489668	5.316163323909606e-05	-0.004495557721188481
-0.001541270624981106	-0.0020443513060686147	0.003154069555767691	-6.662339804286432e-07	0.008147378086202028	0.0004388782073618813	-0.00019647596499128284	-0.004870014118533383
0.00020619256262865981	-0.0018571231073958305	0.0028420225579801617	0.00018656196469235553	0.010955801066289128	0.001125381602493869	0.00030279923146880883	-0.005369289314993253
0.0006430583595309347	-0.0014826667100509283	0.00252997556019241	-6.662339804286432e-07	0.011455076262748776	0.0006261064060346655	-7.16571658756493e-05	-0.006492658507028182
-0.001291633026750949	-0.0012330291118209935	0.0032788883548819925	-6.662339804286432e-07	0.011267848064076436	0.0008133346047065615	-0.0001340665654336881	-0.005993383310568534
0.00020619256262865981	-0.0013578479109357389	0.00446466694647496	0.00018656196469235553	0.01151748566230637	0.0007509252051489668	0.00017798043235406347	-0.0052444705158780636
-0.0018533176227681913	-0.0019195325069538693	0.004402257546917365	-0.0001254850330956181	0.01164230446142156	0.0006261064060346655	-7.16571658756493e-05	-0.006679886705700522
0.00014378316307128713	-0.0025436265025287064	0.004277438747802176	-6.307563353802337e-05	0.012578445454783038	0.0007509252051489668	0.00017798043235406347	-0.0069295243039300125
-0.0011668142276357596	-0.0024812171029711116	0.004402257546917365	0.00018656196469235553	0.01326494884991547	0.0012502004016090584	0.0001155710327962467	-0.007366390100833176
1.8964363956541774e-05	-0.003042901698988132	0.00446466694647496	-6.662339804286432e-07	0.012578445454783038	0.0011877910020514637	-9.247766318942752e-06	-0.005618926913223188
-0.001728498823653446	-0.002606035902085857	0.004215029348244581	-6.662339804286432e-07	0.011829532660093456	0.0010005628033795677	-9.247766318942752e-06	-0.004557967120746076
-0.001728498823653446	-0.0016074855091661178	0.0039029823504572736	-0.00025030383221080754	0.01133025746363403	0.0005636970064761826	-0.0001340665654336881	-0.0033721885291537745
1.8964363956541774e-05	-0.0010458009131486534	0.0035285259531125934	0.0001241525651347608	0.010518935269386409	0.000501287606919476	-9.247766318942752e-06	-0.002248819337118846
-0.001104404828078609	-0.0008585727144758692	0.003216478955324842	0.0002489713642492841	0.010206888271599102	0.0008757440042641562	0.00036520863102640355	-0.0012502689441988846
0.00014378316307128713	-0.0017323043082810852	0.0018434721650604224	-0.00025030383221080754	0.008646653282661898	0.0001268312095743518	-0.00025888536454843347	-0.00262327573446397
-0.001291633026750949	-0.0018571231073958305	0.00215551916284773	6.174316557672199e-05	0.008709062682219049	0.0008757440042641562	-7.16571658756493e-05	-0.0038714637256132
0.00014378316307128713	-0.002606035902085857	0.002093109763290135	-6.662339804286432e-07	0.008521834483546264	0.000938153403821973	0.0001155710327962467	-0.0038090543260560494
-0.0014788612254235112	-0.0028556735003153477	0.0022803379619629194	6.174316557672199e-05	0.007523284090626747	0.0005636970064761826	-7.16571658756493e-05	-0.002872913332694127
8.137376351369241e-05	-0.002606035902085857	0.0026547943593073775	6.174316557672199e-05	0.007148827693281845	0.0005636970064761826	0.0002403898319116582	-0.0006261749486244916
-0.0001682638347162424	-0.0016698949087234904	0.0022179285624048806	-0.0003751226313251088	0.005713411503459609	-0.00055967218555808	-0.0003212947641060282	0.0004347848438530644
-0.0016036800245387006	-0.0004217069175738164	0.0029044319575373123	-6.307563353802337e-05	0.005651002103902458	-0.0002476251877705504	-9.247766318942752e-06	0.00236947623013517
0.0003310113617440713	0.00020238707800146472	0.002779613158422123	0.00018656196469235553	0.005900639702131949	-0.0001852157882129557	5.316163323909606e-05	0.0031807984243827914
-0.0012292236271933543	0.0001399776784434259	0.0028420225579801617	-6.662339804286432e-07	0.0068367806954943156	0.00025165000868909715	0.00017798043235406347	0.0020574292323474186
0.0003310113617440713	-0.0005465257166890058	0.001905881564617351	-0.00018789443265321282	0.006774371295937165	2.012410459384384e-06	-9.247766318942752e-06	0.001995019832790268
-0.001104404828078609	-0.0004841163171314111	0.001905881564617351	-6.307563353802337e-05	0.0070864182937246945	0.0006261064060346655	0.0001155710327962467	0.0014957446363303983
0.0004558301608585946	-0.0008585727144758692	0.00215551916284773	-0.0001254850330956181	0.006337505499034446	0.000501287606919476	-7.16571658756493e-05	0.0014333352367728036
-0.0014788612254235112	-0.0009833915135915028	0.0022803379619629194	-6.662339804286432e-07	0.005713411503459609	0.0001268312095743518	-9.247766318942752e-06	0.0016205634354455878
-0.0011668142276357596	-0.0001720693193438816	0.002779613158422123	0.0002489713642492841	0.005713411503459609	0.0004388782073618813	0.00030279923146880883	0.002993570225710007
1.8964363956541774e-05	-0.0004217069175738164	0.0024051567610772207	-6.662339804286432e-07	0.004652451710982275	-0.0004972627860004852	-7.16571658756493e-05	0.003305617223497981
-0.0016660894240954072	-4.7250520228914183e-05	0.00252997556019241	-0.00025030383221080754	0.004277995313637595	-0.0006844909846726033	-0.0001340665654336881	0.004491395815089838
0.00014378316307128713	0.0003896152766733607	0.0022803379619629194	6.174316557672199e-05	0.003965948315850287	-0.0006844909846726033	-0.0001340665654336881	0.005177899210221826
-0.0011668142276357596	0.0007016622744608902	0.0022179285624048806	0.00018656196469235553	0.004402814112752784	-0.0001852157882129557	-0.00025888536454843347	0.004116939417745158
0.00020619256262865981	0.00020238707800146472	0.0010321499708128012	-0.00018789443265321282	0.003217035521160261	-0.0006844909846726033	-0.00019647596499128284	0.004054530018187119
-0.001291633026750949	0.00020238707800146472	0.000657693573467677	0.0002489713642492841	0.003217035521160261	-0.0002476251877705504	5.316163323909606e-05	0.003929711219072818
0.0006430583595309347	0.0003272058771162101	0.0007201029730252717	0.0001241525651347608	0.0034666731193904177	-0.00012280638865580507	0.0002403898319116582	0.003617664221284622
0.0005182395604166334	-0.00029688811845862695	0.0004080559752372981	-0.00018789443265321282	0.0030298073224874766	-0.0006844909846726033	-0.0001340665654336881	0.0025567044288075103
-0.0009171766294062689	1.5158879328680541e-05	0.0009697405712552065	0.0001241525651347608	0.003591491918505607	-0.00012280638865580507	0.0001155710327962467	0.0029311608261526345
0.00058064895997334	-0.00023447871890103222	0.0010321499708128012	0.0001241525651347608	0.003591491918505607	-0.0003724439868852958	-9.247766318942752e-06	0.002431885629692765
-0.001104404828078609	-0.0003592975180162217	0.001281787569042958	-0.0001254850330956181	0.0036539013180623137	-0.0001852157882129557	5.316163323909606e-05	0.0017453822345603331
