Sensor_1	Sensor_2	Sensor_3	Sensor_4	Sensor_5	Sensor_6	Sensor_7	Sensor_8
-0.006611077622644457	-0.001171589814602969	-0.005621595315480343	-0.0020377823529411643	-0.0025877152590216834	-0.005071066399633617	-0.0038557650415809164	-0.0002297009155414198
-0.004114701640344665	-0.00011063002212541306	-0.0043109979247726304	-0.000852003761349085	-0.001214708468757264	-0.003822878408484165	-0.0025451676508736476	0.000644030678263352
-0.00336578884565486	-0.0007347240177006942	-0.004248588525215924	-0.0013512789578091766	-0.0017763930647745063	-0.004010106607156505	-0.0026075770504307982	-0.0004793385137713546
-0.0005573658655682046	1.4188776989332297e-05	-0.002937991134508211	-0.00022790976577402589	-0.0004033862745096428	-0.002949146814678949	-0.0011097514610514114	0.0005192118791486067
-0.0007445940642405446	-0.0002354488212406025	-0.0028131723353930216	-0.0004775473640039607	-0.000777842671854323	-0.0030115562142365437	-0.0011097514610514114	-0.00029211031509901453
0.0006284127260243189	0.0003886451743342345	-0.0021890783398184066	0.00020895603112847105	3.347952239285412e-05	-0.002325052819104556	-0.000360838666361607	0.000644030678263352
-0.00030772826733782566	-4.822062256870652e-05	-0.002563534737163531	-0.0002903191653311765	-0.0005906144731819829	-0.002761918616006609	-0.0009225232623784052	-0.00035451971465660925
0.0024382853131914572	7.659817654648293e-05	-0.0018146219424735044	0.00039618422980081114	0.00015829832150804357	-0.002137824620432216	0.00020084592965585735	0.0003943930800334172
0.00549634589150827	0.0008879203707941041	0.00018247884336619613	0.0013323252231629557	0.001094439314869966	-0.0007024084306093137	0.0018234903181502116	-0.0002297009155414198
0.007555856076905787	0.001137557969023817	0.0011810292362857133	0.0019564192187380147	0.001968170908674738	-1.5905035477326024e-05	0.002822040711070395	0.0005192118791486067
0.0069941714808878785	0.0006382827725641693	0.0011810292362857133	0.0013947346227207724	0.0014064863126574956	-0.00026554263370681674	0.002572403112840682	-0.0005417479133285052
0.009240909864957736	0.0013871955672541958	0.0022419890287632693	0.0023932850156405117	0.0025298555046924243	0.0007330077592127004	0.003883000503547951	0.00045680247959101195
0.00811754067292303	0.0007631015716793588	0.0020547608300909292	0.00170678162050808	0.0017809427100023978	0.0003585513618675762	0.003258906507973114	-0.0006041573128861
0.006120439887083551	0.0007631015716793588	0.0011186198367285627	0.0015819628213933346	0.0015937145113300577	-0.00026554263370681674	0.002634812512398277	0.0001447554818034824
0.004747433096818687	0.0009503297703514768	0.0009938010376133732	0.001457144022278145	0.0014688957122148683	-0.00032795203326441147	0.0022603561150531526	-0.0004169291142133158
0.0049346612954914715	0.00045105457389138515	0.0005569352407113204	0.0011450970244903935	0.0012192581139855996	-0.000639999031052163	0.002135537315938185	0.00020716488136107714
0.0007532315251395083	0.0002638263752192671	-0.0009408903486687326	0.0003337748302436605	0.00015829832150804357	-0.0017633682230868697	0.0005128929274431648	-0.00035451971465660925
0.001002869123368999	0.0002638263752192671	-0.0013153467460131907	0.00039618422980081114	0.0002207077210656383	-0.001888187022201393	0.00038807412832819743	0.0003319836804758225
0.00044118452735175673	-4.822062256870652e-05	-0.0014401655451286022	2.172783245568688e-05	-0.000153748676279708	-0.002137824620432216	7.602713054155608e-05	-0.0004169291142133158
0.000815640924697103	0.0003262357747766398	-0.0015649843442437916	0.0003337748302436605	0.00015829832150804357	-0.002137824620432216	7.602713054155608e-05	0.0003319836804758225
-0.00030772826733782566	-0.00029785822079819724	-0.0021890783398184066	-0.00035272856488921533	-0.0006530238727400217	-0.002949146814678949	-0.0006104762645913198	-0.0007913855115586621
0.00031636572823701137	7.659817654648293e-05	-0.00212666894026059	8.41372320132816e-05	-9.133927672211328e-05	-0.0028243280155644257	-0.00023601986724641755	0.00026957428091867186
-0.00037013766689586447	-0.0002354488212406025	-0.0022514877393760013	-0.0002903191653311765	-0.0005906144731819829	-0.0035108314106964134	-0.0006728856641489145	-0.0006665667124436947
0.0008780503242546978	0.0002638263752192671	-0.0020018501411462886	0.0004585936293581838	0.0002207077210656383	-0.0030115562142365437	1.3617730983073173e-05	0.0005192118791486067
-0.00030772826733782566	-4.822062256870652e-05	-0.0026259441367206815	-0.0001655003662166532	-0.0005906144731819829	-0.0036980596093689755	-0.0006104762645913198	-0.0004793385137713546
-0.000245318867780453	-0.0002354488212406025	-0.003187628732738368	-0.0001655003662166532	-0.0006530238727400217	-0.004010106607156505	-0.0007352950637065092	0.0001447554818034824
-0.000245318867780453	0.00020141697566167238	-0.0030004005340658058	2.172783245568688e-05	-0.0005906144731819829	-0.003760469008926126	-0.0007352950637065092	-0.00035451971465660925
-0.00086941286335529	-0.0006099052185855047	-0.00443581672388782	-0.0007895943617910461	-0.0012771178683144147	-0.005320703997863774	-0.0014217984588384969	-0.00010488211642667444
-0.000245318867780453	-4.822062256870652e-05	-0.00406136032654314	-0.00022790976577402589	-0.0008402520714119177	-0.005320703997863774	-0.000984932661936	-0.0004169291142133158
0.00031636572823701137	0.0002638263752192671	-0.0043109979247726304	0.0002713654306860658	-0.0003409768749520481	-0.005507932196536558	-0.0006728856641489145	0.00045680247959101195
-0.00086941286335529	-0.00036026762035579196	-0.005247138918135441	-0.0006023661631187061	-0.0011522990691992252	-0.006880938986800533	-0.0014842078583960916	-0.0006041573128861
0.0009404597238114043	0.0006382827725641693	-0.004872682520790317	0.0005210030289157785	-9.133927672211328e-05	-0.006693710788128415	-0.0004856574654761303	0.0007688494773785415
-0.0007445940642405446	-0.00029785822079819724	-0.00655773630884271	-0.0006023661631187061	-0.0013395272678720094	-0.007879489379720495	-0.0016714360570688758	-0.0005417479133285052
0.00044118452735175673	0.0003262357747766398	-0.007119420904860396	2.172783245568688e-05	-0.000777842671854323	-0.008878039772640456	-0.0012345702601661568	0.0003943930800334172
-0.0031161512474244812	-0.0007347240177006942	-0.009803025085832084	-0.001476097756923922	-0.002275668261234376	-0.011686462752727778	-0.00329408044556323	-0.0006665667124436947
-0.008108903212024066	-0.001171589814602969	-0.013734817257953669	-0.0022250105516139485	-0.0035862656519416447	-0.014432476333256838	-0.005540818829633309	0.0003319836804758225
-0.010043594598306171	-0.0009219522163734784	-0.0164184214389258	-0.0018505541542688242	-0.004709634843976351	-0.008940449172197606	-0.006102503425650552	-0.00029211031509901453
-0.01135419198901344	-0.000984361615930629	-0.0220352673991	-0.003910064339665897	-0.005645775837338496	-0.014370066933699688	-0.008286832410162592	0.0003943930800334172
-0.009107453604943805	-0.0010467710154882237	-0.024843690379186656	-0.004534158335240734	-0.006519507431143712	-0.02604062465094925	-0.008786107606622018	-0.0004169291142133158
-0.007984084412908876	-0.0008595428168158836	-0.031396677332723	-0.0032235609445334656	-0.00620746043335596	-0.03515239698634298	-0.009535020401312044	0.00045680247959101195
-0.007422399816891856	-0.0012339992141605638	-0.03638942929732192	-0.0032859703440906163	-0.006831554428930353	-0.03908418915846501	-0.010908027191577352	-0.0004793385137713546
-0.005050842633707031	-0.0006099052185855047	-0.042443141054398614	-0.0023498293507282497	-0.006394688632028744	-0.04207984033722445	-0.010908027191577352	0.00045680247959101195
-0.0034906076447698275	-0.0006099052185855047	-0.045750839230945584	-0.0020377823529411643	-0.005708185236896091	-0.040831652346074554	-0.011032845990692097	-0.00029211031509901453
0.0007532315251395083	7.659817654648293e-05	-0.04493951703669796	-0.0024122387502862885	-0.004584816044861606	-0.04763427689784061	-0.009160564003967364	0.0005816212787062014
-0.0010566410620278521	-0.0005474958190285761	-0.04986985960173951	-0.0017881447547112295	-0.005458547638665934	-0.03739913537041262	-0.009035745204852175	-0.0006041573128861
-0.00086941286335529	-0.00011063002212541306	-0.0535520141756316	-0.0014136883573663273	-0.005645775837338496	-0.024730027260242426	-0.007225872617685258	0.00020716488136107714
-0.0009942316624702574	-0.0006099052185855047	-0.052990329579613915	-0.003598017341878368	-0.006394688632028744	-0.020860644487678215	-0.007225872617685258	-0.0007289761120012894
0.004560204898146347	0.0009503297703514768	-0.04493951703669796	-0.0007271849622338955	-0.0033990374532693046	-0.01724089931334416	-0.006227322224765741	0.000644030678263352
0.003998520302129105	0.0003886451743342345	-0.041756637659266405	-0.00041513796444681006	-0.003086990455481553	-0.011748872152284928	-0.005540818829633309	-0.0004793385137713546
0.005621164690623459	0.0010127391699090715	-0.038324120683604246	-0.0002903191653311765	-0.0017763930647745063	-0.002949146814678949	-0.0027948052491033604	0.0003943930800334172
0.0063700774853130415	0.0008255109712360653	-0.03470437550926997	-0.0005399567635615554	-0.0020884400625615918	0.001856376951247407	-0.0010473420614940387	-0.0004793385137713546
0.009677775661860233	0.0018240613641562486	-0.029461985946440894	0.0003337748302436605	-0.001027480270084924	0.0012946923552303868	0.000700121126115949	0.0007688494773785415
0.006869352681773355	0.0010127391699090715	-0.026279106569008892	-0.0001655003662166532	-0.0015891648661019442	0.002667699145494584	0.0007625305256735437	-0.0004793385137713546
0.004310567299915746	0.001137557969023817	-0.02421959638361182	-0.00022790976577402589	-0.001401936667429604	0.0006705983596555498	0.0018858997177082504	0.0003943930800334172
0.002500694712749052	0.0006382827725641693	-0.02440682458228438	-0.000852003761349085	-0.0013395272678720094	0.00010891376363786343	0.002822040711070395	-0.0004169291142133158
0.003374426306554268	0.0007631015716793588	-0.02453164338139957	-0.0006647755626763008	-0.0013395272678720094	-0.0010144554283968432	0.0033213159075302645	0.00020716488136107714
-0.0007445940642405446	0.00020141697566167238	-0.026091878370336774	-0.0020377823529411643	-0.002899762256809657	-0.004509381803616597	0.0007625305256735437	-0.0005417479133285052
-0.0016807350576024671	0.00020141697566167238	-0.02890030135042365	-0.001476097756923922	-0.003274218654154115	-0.0015761400244140855	0.0006377117265583543	0.00026957428091867186
-0.00086941286335529	0.00045105457389138515	-0.02602946897077918	-0.002100191752498759	-0.0029621716563663636	-0.002325052819104556	0.0008873493247882891	-0.00016729151598426917
0.0009404597238114043	0.00045105457389138515	-0.02459405278095672	-0.0012888695582511378	-0.001214708468757264	-0.005195885198748584	0.010935262653543942	0.0005192118791486067
0.0010652785229265938	0.0003262357747766398	-0.02209767679865715	-0.0004775473640039607	-0.001027480270084924	-0.006880938986800533	0.0030716783093003297	-0.0002297009155414198
0.0018141913176170643	0.000700692172121764	-0.020350213611047607	0.0007082312275881186	0.00015829832150804357	-0.008378764576180586	0.004444685099565193	0.0007688494773785415
-0.000432547066452571	0.0001390075761038556	-0.021161535805295006	0.0003337748302436605	-0.0012771178683144147	-0.004821428801404126	0.004319866300450226	-0.00029211031509901453
4.318730449925923e-06	0.0002638263752192671	-0.020599851209277542	-0.0012264601586939872	-0.001401936667429604	-0.0035108314106964134	0.004195047501335036	0.00045680247959101195
-0.00030772826733782566	0.0003262357747766398	-0.018290703425650534	-0.001663325955596262	-0.001214708468757264	-0.0019505964217596539	0.003009268909742735	-0.0002297009155414198
-0.0013686880598153817	1.4188776989332297e-05	-0.014358911253528728	-0.001476097756923922	-0.0012771178683144147	-0.001076864827954438	0.0015738527199207208	0.0003319836804758225
-0.0005573658655682046	0.0002638263752192671	-0.01192494467078653	-0.0011640507591363924	-0.00021615807583752478	-0.001888187022201393	0.0018234903181502116	-0.00029211031509901453
-0.000432547066452571	-0.0004226770199129426	-0.013235542061493799	-0.0004775473640039607	-0.0007154332722976164	-0.0016385494239716802	0.001761080918593505	0.0001447554818034824
-0.00086941286335529	0.0002638263752192671	-0.012486629266803995	-0.00022790976577402589	-0.0005282050736248323	0.001669148752575067	0.002822040711070395	-0.00029211031509901453
-0.0007445940642405446	0.0002638263752192671	-0.01192494467078653	-0.0004775473640039607	-0.0007154332722976164	-0.00045277083237982296	0.002634812512398277	0.0005192118791486067
-0.0005573658655682046	0.00045105457389138515	-0.010427119081406921	-0.0006023661631187061	-0.0007154332722976164	-1.5905035477326024e-05	0.002822040711070395	1.993668268873705e-05
0.0011276879224841885	0.00045105457389138515	-0.009428568688487404	-0.0009144131609062356	-9.133927672211328e-05	-0.0014513212252993402	0.0024475843137254927	0.0007064400778209468
0.0005035939269093515	0.0002638263752192671	-0.00974061568627449	-0.0002903191653311765	-0.0004033862745096428	-0.0020130058213170265	0.0018858997177082504	-0.00010488211642667444
0.00044118452735175673	0.00045105457389138515	-0.01123844127565432	0.0007706406271461574	0.0004703453192946849	-0.0013889118257413013	0.0018858997177082504	0.000644030678263352
-0.002991332448309736	-0.0004226770199129426	-0.01155048827344185	-0.000852003761349085	-0.0010898896696420746	-0.0030115562142365437	-0.000548066865033725	-0.00035451971465660925
-0.007047943419546954	-0.0006723146181430995	-0.012611448065919184	-0.0017881447547112295	-0.0020884400625615918	-0.004821428801404126	-0.0025451676508736476	0.0005192118791486067
-0.008483359609368968	-0.001171589814602969	-0.011800125871672007	-0.002724285748073818	-0.002899762256809657	-0.003136375013351733	-0.0023579394522013075	-0.00035451971465660925
-0.00723517161821885	-0.0010467710154882237	-0.011300850675211693	-0.0028491045471883414	-0.0028373528572516182	-0.003822878408484165	-0.002045892454413778	0.00045680247959101195
-0.00898263480582906	-0.001171589814602969	-0.01192494467078653	-0.002537057549401034	-0.0032118092545967425	-0.0023874622186612626	-0.002045892454413778	-0.0005417479133285052
-0.0074848092164490065	-0.0007971334172578448	-0.010676756679636856	-0.002474648149843439	-0.0029621716563663636	-0.0028243280155644257	-0.001609026657511281	0.000644030678263352
-0.005986983627069398	-0.001171589814602969	-0.009178931090257025	-0.0027866951476307467	-0.003086990455481553	-0.004072516006713656	-0.0019210736552985885	-0.0004793385137713546
-0.0037402452429997624	-0.0001730394216830078	-0.008492427695124594	-0.001039231960021425	-0.0012771178683144147	-0.002699509216449014	-0.000984932661936	0.0007064400778209468
-0.002741694850080245	-0.0009219522163734784	-0.008617246494240005	-0.0015385071564815167	-0.0016515742656593169	-0.0030739656137941385	-0.0009225232623784052	-0.0006041573128861
-0.00012050006866526353	0.00020141697566167238	-0.00655773630884271	-0.00010309096665861439	-0.00027856747539445337	-0.0018257776226444644	0.0005753023270012037	0.0005816212787062014
-0.00012050006866526353	0.00020141697566167238	-0.0064329175097279645	-0.00022790976577402589	-0.0004033862745096428	-0.0017633682230868697	0.00045048352788579216	-4.247271686907972e-05
-0.000245318867780453	-0.00029785822079819724	-0.005746414114595533	-0.000852003761349085	-0.0009650708705268851	-0.0023874622186612626	7.602713054155608e-05	0.0005192118791486067
0.00044118452735175673	0.0003262357747766398	-0.003998950926985989	-0.0002903191653311765	-0.00027856747539445337	-0.001700958823529275	0.0007625305256735437	1.993668268873705e-05
0.00443538609903138	0.0010127391699090715	-0.0015649843442437916	0.0010202782253756482	0.0012192581139855996	-0.000639999031052163	0.0023227655146103032	0.0007064400778209468
0.005995621087968139	0.0005134639734489799	0.0006817540398260657	0.0010826876249332429	0.0011568487144275608	-0.00014072383459251547	0.002759631311513022	-0.00035451971465660925
0.007306218478675408	0.001324786167696601	0.002491626626992982	0.002143647417410577	0.0022178085069046727	0.0012946923552303868	0.004070228702220291	0.0007064400778209468
0.007118990280003512	0.0010751485694666663	0.0038646334172576235	0.00170678162050808	0.0017185333104452472	0.0019811957503625965	0.004070228702220291	-0.00029211031509901453
0.008804044068055461	0.0015744237659265359	0.005612096604867611	0.002081238017853204	0.0026546743038071696	0.003541430739299578	0.004943960296025063	0.000644030678263352
0.00768067487602031	0.0013871955672541958	0.005300049607080082	0.001457144022278145	0.0020305803082323326	0.002917336743724741	0.004319866300450226	-4.247271686907972e-05
0.005371527092393524	0.001512014366368497	0.003802224017700029	0.001894009819180864	0.002155399107347078	0.0028549273441675904	0.004132638101777442	0.0008936682764935089
0.0040609297016867	0.0011999673685814116	0.0028036736247800675	0.001269915823605583	0.0012816675135423061	0.0021684239490351587	0.0033213159075302645	-0.00010488211642667444
0.004123339101243406	0.0009503297703514768	0.0018051232318609944	0.0010826876249332429	0.0013440769130999008	0.001045054756999786	0.0031340877088574803	0.0007064400778209468
0.0008780503242546978	0.0005758733730065746	-4.749355306365999e-06	0.0002713654306860658	0.00028311712062234484	-0.00020313323414922202	0.0016986715190359103	-4.247271686907972e-05
0.0007532315251395083	0.0002638263752192671	-0.001252937346455818	-4.0681567101907845e-05	9.588892195044885e-05	-0.0008272272297245031	0.0011993963225758186	0.0005192118791486067
0.0009404597238114043	0.0007631015716793588	-0.0013777561455714515	0.0004585936293581838	0.00028311712062234484	-0.0007648178301669084	0.001324215121690342	-4.247271686907972e-05
0.0006908221255821356	1.4188776989332297e-05	-0.002937991134508211	-4.0681567101907845e-05	-2.8929877164740603e-05	-0.0012016836270694053	0.0008873493247882891	0.00026957428091867186
