Sensor_1	Sensor_2	Sensor_3	Sensor_4	Sensor_5	Sensor_6	Sensor_7	Sensor_8
-0.0015257500365601917	3.112009958972095e-05	-0.002152481004053408	-0.00035231349513353827	-0.0004107610518933047	-0.002055299330722793	-0.0007913884743211419	0.00044958774980230487
-0.007205005396291098	-0.0008426114942148288	-0.004898494584582913	-0.0020373672831859313	-0.0024078618377330052	-0.004302037714792428	-0.003537402054850647	-0.00023691564533012688
-0.007205005396291098	-0.0009050208937724236	-0.005460179180600155	-0.0019749578836278925	-0.0023454524381758546	-0.004302037714792428	-0.003724630253522543	0.0005119971493598996
-0.00870283098567115	-0.0011546584920023584	-0.006146682575732143	-0.002536642479645579	-0.0030319558333078422	-0.004926131710367709	-0.004535952447770164	-0.00023691564533012688
-0.007766689992309006	-0.0007802020946574562	-0.005959454377060247	-0.002099776682743082	-0.0024078618377330052	-0.00480131291125252	-0.004161496050425484	0.000636815948474645
-0.008078736990096314	-0.0010922490924447636	-0.005959454377060247	-0.002474233080087984	-0.002844727634635502	-0.005050950509482899	-0.004348724249097824	-0.0002993250448877216
-0.006331273802486326	-0.0008426114942148288	-0.005272950981927815	-0.0017253202853984018	-0.0020958148399456977	-0.004426856513907618	-0.003474992655293052	0.0005119971493598996
-0.005894408005583829	-0.0009050208937724236	-0.004836085185025318	-0.0017877296849559965	-0.0021582242395030704	-0.004364447114350467	-0.003287764456620268	-0.0003617344444450943
-0.0030235756259398006	-0.00034333629775518126	-0.0035878971938758664	-0.0008515886915936299	-0.0011596738465833312	-0.003490715520545251	-0.0019147576663554045	0.00044958774980230487
-0.0021498440321348067	-0.0004057456973123319	-0.002776574999628245	-0.0008515886915936299	-0.0010972644470261805	-0.0031786685227581657	-0.0014154824698957569	-0.00048655324356028373
-0.0009016560409855767	-0.0001561080990823971	-0.002402118602283343	-0.00035231349513353827	-0.0005355798510082721	-0.0029290309245275647	-0.0007913884743211419	0.0003247689506868934
-0.0010888842396574727	-0.00021851749863954772	-0.002152481004053408	-0.0004771322942487277	-0.0007228080496806122	-0.003116259123200127	-0.0008537978738782925	-0.00042414384400291105
-0.00015274324629510616	3.112009958972095e-05	-0.0019028434058234733	-4.026649734645282e-05	-9.871405410621925e-05	-0.0029290309245275647	-0.00029211327786105024	0.00044958774980230487
0.0012202635439697573	-3.128929996720764e-05	-0.0010291118120189235	2.21429022111419e-05	-3.6304654548624526e-05	-0.0025545745271828846	0.00026957131815663615	-0.0005489626431178785
0.005401693314321276	0.001092079892067277	0.0012176265720509338	0.0017071966902633129	0.0018359773321761086	-0.0008695207391309356	0.002641128501341017	0.0005744065489170502
0.0065874719059138	0.0007800328942799695	0.0019041299671833656	0.0015199684915907508	0.0017735679326185139	-0.0006822925404583735	0.003202813097358259	-0.00048655324356028373
0.00802288809573537	0.0014041268898543624	0.002653042761872948	0.002331290685838372	0.0025224807273085403	6.662025423143092e-05	0.004076544691163031	0.0005744065489170502
0.008210116294408154	0.0012793080907400611	0.00284027096054551	0.0021440624871655878	0.002397661928193351	4.210854673836195e-06	0.00420136349027822	-0.0003617344444450943
0.00852216329219524	0.0012793080907400611	0.0025906333623157973	0.0022064718867231825	0.0024600713277509456	-0.0004950643417860334	0.004263772889835815	0.0003871783502444881
0.0062130155085684535	0.0009672610929525316	0.0017169017685110255	0.0016447872907059402	0.0017111585330609191	-0.0014312053351477338	0.003202813097358259	-0.00042414384400291105
0.005464102713878427	0.0009672610929525316	0.0006559419760334695	0.0015823778911483455	0.0015863397339461738	-0.0019304805316076035	0.002765947300455762	0.0003871783502444881
0.004902418117861407	0.0009672610929525316	0.0004687137773611294	0.0013327402929184107	0.0012742927361586442	-0.0023673463285107665	0.002391490903110638	-0.00023691564533012688
0.0020315857382169344	0.0007800328942799695	-0.0015283870084785711	0.0007710556969011684	0.0006501987405842513	-0.003553124920102846	0.001143302911961408	0.000636815948474645
0.0009706259457393784	0.0004055764969352893	-0.002214890403611003	0.00020937110088370403	2.6104745008970198e-05	-0.0042396283152348335	0.0003943901172709374	-0.00023691564533012688
0.0013450823430840586	0.000467985896492884	-0.0026517562005132778	0.0003965992995560441	0.00015092354412415965	-0.004426856513907618	0.0005192089163861269	0.0005119971493598996
0.0007209883475096657	0.000467985896492884	-0.002963803198300141	0.00020937110088370403	-0.0001611234536633699	-0.00480131291125252	0.0003319807177137868	-0.00017450624577253215
0.0012202635439697573	0.00065521409516478	-0.003275850196088115	0.0003965992995560441	0.00021333294368108824	-0.005675044505057736	0.0005816183159437216	0.000636815948474645
0.0004713507492792868	0.0004055764969352893	-0.004087172390335292	0.00014696170132633135	-0.00034835165233570997	-0.006423957299746874	8.234311948385198e-05	-0.00011209684621493743
0.000845807146624411	0.0007176234947221527	-0.004711266385910573	0.0003965992995560441	2.6104745008970198e-05	-0.007734554690454809	0.0003319807177137868	0.0007616347475893903
3.4484952377233924e-05	0.00028075769782009985	-0.005897044977502874	-0.00035231349513353827	-0.000785217449238651	-0.009981293074523556	-0.0002297038783034555	-0.00023691564533012688
0.0005337601488368815	0.0005928046956076294	-0.007082823569095398	0.00020937110088370403	-0.0005355798510082721	-0.011042252867001334	-4.2475679631115426e-05	0.0007616347475893903
-0.0004647902440826357	0.00028075769782009985	-0.008892696156262092	-0.0006643604929210678	-0.0013469020452558933	-0.01459958864177846	-0.0007289790747635472	-0.00017450624577253215
0.0003465319501649855	0.000467985896492884	-0.01020329354696936	-0.00022749469601834882	-0.0012220832461407038	-0.018905837211244947	-0.0007913884743211419	0.000636815948474645
-0.0015257500365601917	0.0001559388987053545	-0.01382303872130386	-0.0008515886915936299	-0.002033405440388103	-0.022213535387791694	-0.0012906636707810115	-0.00023691564533012688
-2.792444718080489e-05	0.000467985896492884	-0.015508092509355809	-0.0007267698924784405	-0.002220633639060665	-0.027705562548850926	-0.0012906636707810115	0.000636815948474645
0.0004713507492792868	0.0001559388987053545	-0.017879649692540633	-0.0018501390845135912	-0.002220633639060665	-0.03581878449132403	-0.0017899388672411032	-0.00011209684621493743
0.0010330353452971952	0.00028075769782009985	-0.01937747528192002	-0.00028990409557594354	-0.0017837678421586123	-0.03981298606300365	-0.0014154824698957569	0.00044958774980230487
0.0012202635439697573	0.0001559388987053545	-0.01968952227970755	-0.00103881689026597	-0.001846177241715763	-0.04443128163025767	-0.0015403012690107243	-0.00023691564533012688
0.0011578541444121626	0.0005303952960495906	-0.021062529069972413	2.21429022111419e-05	-0.0011596738465833312	-0.04205972444707329	-0.000541750876090541	0.0006992253480322397
-0.00040238084452548506	-0.00021851749863954772	-0.021062529069972413	-0.0009139980911507806	-0.0025326806368477506	-0.039376120266100934	-0.0010410260725506326	-0.0005489626431178785
-0.002087434632577434	-0.00034333629775518126	-0.021249757268644753	-0.0019125484840702978	-0.002844727634635502	-0.03475782469884692	-0.0016651200681259137	0.00026235955112929865
-0.010138247175493609	-0.0012794772911175478	-0.023309267454041827	-0.0032855552743351613	-0.0055283318156078565	-0.03145012652229995	-0.004411133648654975	-0.0005489626431178785
-0.008640421586114	-0.0008426114942148288	-0.024931911842536625	-0.0045337432654855014	-0.004592190822245046	-0.03294795211167956	-0.003724630253522543	0.0005119971493598996
-0.008453193387441438	-0.0013418866906746985	-0.022560354659352244	-0.004720971464158064	-0.0057155600142797525	-0.03800311347583607	-0.0042239054499826345	-0.00048655324356028373
-0.006580911400716705	-0.001029839692887169	-0.021312166668202348	-0.0034727834730079454	-0.0040305062262278035	-0.04000021426167555	-0.003537402054850647	0.0005119971493598996
-0.008390783987883843	-0.0011546584920023584	-0.02137457606775972	-0.0022245954818582714	-0.004092915625785398	-0.03251108631477728	-0.003474992655293052	-0.0003617344444450943
-0.0063936832020439205	-0.0007177926950994173	-0.019751931679265144	-0.002349414280973461	-0.003718459228440274	-0.026082918160355684	-0.0029757174588334045	0.000636815948474645
-0.004771038813549566	-0.000592973895984672	-0.017068327498293012	-0.0022245954818582714	-0.0032191840319801823	-0.025770871162568376	-0.0019771670659134433	-0.00011209684621493743
-0.003585260221957487	-9.369869952480236e-05	-0.015944958306258084	-0.0016005014862836564	-0.00265749943596294	-0.020528481599739745	-0.0010410260725506326	0.000636815948474645
-0.0030235756259398006	-3.128929996720764e-05	-0.015632911308470776	-0.0021621860823006767	-0.0030319558333078422	-0.018094515016997326	-0.00029211327786105024	-0.00011209684621493743
-0.0011512936392150674	0.0003431670973776946	-0.014447132716878475	-0.001662910885840807	-0.0020958148399456977	-0.01584777663292769	0.00026957131815663615	0.0006992253480322397
-9.033384673751144e-05	-0.00021851749863954772	-0.014135085719091167	-0.0012884544884959048	-0.002033405440388103	-0.021339803793986922	8.234311948385198e-05	-0.00048655324356028373
-0.0015881594361175644	0.0004055764969352893	-0.015133636112010906	-0.00016508529646119818	-0.002033405440388103	-0.022900038782924126	0.0006440277155013163	0.0007616347475893903
0.0030301361311368957	0.00065521409516478	-0.014135085719091167	-0.00010267589690360346	-0.0005355798510082721	-0.024585092570976075	0.0022666721039961146	7.513135245695857e-05
0.005464102713878427	0.001092079892067277	-0.012886897727941271	0.0015199684915907508	2.6104745008970198e-05	-0.02084052859752683	0.0037644976933752794	0.0006992253480322397
0.006088196709453708	0.0011544892916248717	-0.012075575533693872	0.0005838274982288283	0.00015092354412415965	-0.020341253401067183	0.004513410488065306	-0.00017450624577253215
0.007586022298833317	0.0017785832871997087	-0.010702568743429453	0.0016447872907059402	0.001336702135716239	-0.019779568805050163	0.005948826677887764	0.0008864535467045798
0.009208666687328115	0.0017785832871997087	-0.009579199551394524	0.0018320154893785023	0.0018983867317334813	-0.020341253401067183	0.005948826677887764	0.00019995015157214802
0.008272525693965749	0.0015913550885273686	-0.010390521745641923	0.0022064718867231825	0.0015863397339461738	-0.017345602222307743	0.005824007878773019	0.0005744065489170502
0.004091095923613786	0.0009048516933949369	-0.011077025140774133	0.0009582838955737305	-0.0001611234536633699	-0.013725857047973244	0.00432618228939341	-0.0002993250448877216
0.0045279617205160605	0.0010296704925096822	-0.011077025140774133	0.0003341898999984494	-9.871405410621925e-05	-0.01584777663292769	0.00432618228939341	0.0005119971493598996
0.0039038677249416676	0.0005303952960495906	-0.010515340544756668	-0.00035231349513353827	-0.0005979892505663109	-0.01709596462407803	0.0033900412960305992	-0.0005489626431178785
0.0016571293408720322	0.0004055764969352893	-0.011950756734579127	-0.0005395416938058784	-0.0009724456479109911	-0.01647187062850275	0.0027035379008981675	0.0003871783502444881
-0.0011512936392150674	-0.0001561080990823971	-0.01338617292440114	-0.0005395416938058784	-0.0019709960408305083	-0.014537179242220422	0.00201703450576618	-0.0006113720426750291
0.0002841225506065026	0.00065521409516478	-0.013261354125286395	-0.0005395416938058784	-0.0011596738465833312	-0.01603500483160003	0.002641128501341017	0.0006992253480322397
-0.00033997144496789033	0.00021834829826250512	-0.013885448120861454	-0.00122604508893831	-0.0017837678421586123	-0.01865619961301479	0.0022666721039961146	-0.00017450624577253215
0.0010330353452971952	0.000467985896492884	-0.01438472331732088	-0.00103881689026597	-0.0010348550474681417	-0.02071570979841164	0.0025163097022260494	0.0005744065489170502
-0.00015274324629510616	0.00028075769782009985	-0.016007367705815678	-0.0008515886915936299	-0.001409311444813488	-0.02071570979841164	0.0022666721039961146	-0.00023691564533012688
0.0003465319501649855	0.0003431670973776946	-0.01631941470360343	-0.0004771322942487277	-0.0012220832461407038	-0.019717159405492124	0.002391490903110638	0.0005119971493598996
0.00022171315104979605	0.00021834829826250512	-0.015508092509355809	-0.0009139980911507806	-0.0016589490430429787	-0.020341253401067183	0.0017049875079782062	-0.00023691564533012688
0.0002841225506065026	0.0001559388987053545	-0.014883998513780972	-0.0009139980911507806	-0.0013469020452558933	-0.019529931206819562	0.0013929405101908987	0.0003871783502444881
-0.0007144278423127925	3.112009958972095e-05	-0.014946407913338344	-0.0011012262898235647	-0.002033405440388103	-0.01965475000593475	0.0013929405101908987	-0.00042414384400291105
-0.001026474840100322	0.00021834829826250512	-0.015570501908913403	-0.0011012262898235647	-0.0020958148399456977	-0.016721508226732462	0.00201703450576618	0.0003871783502444881
-0.0011512936392150674	-0.00021851749863954772	-0.015071226712453534	-0.0022245954818582714	-0.00265749943596294	-0.02246317298602163	0.0013929405101908987	-0.0005489626431178785
-0.0002775620454102956	-0.0001561080990823971	-0.014571951515993664	-0.0017253202853984018	-0.002033405440388103	-0.02071570979841164	0.0012681217110761533	0.0001375407520145533
-0.0010888842396574727	-0.00034333629775518126	-0.01419749511864854	-0.0016005014862836564	-0.0021582242395030704	-0.02115257559531436	0.0010184841128462185	-0.0006737814422326238
-0.000839246641427982	0.00021834829826250512	-0.01369821992218867	-0.0008515886915936299	-0.0015341302439282334	-0.021339803793986922	0.001954625106208585	0.0003247689506868934
-0.0015257500365601917	0.0001559388987053545	-0.0140102669199762	-0.0011012262898235647	-0.0020958148399456977	-0.019717159405492124	0.002391490903110638	-0.0002993250448877216
3.4484952377233924e-05	9.352949914775976e-05	-0.012949307127498866	-0.0018501390845135912	-0.002033405440388103	-0.02046607220018215	0.001954625106208585	0.0003871783502444881
-0.0009640654405422833	3.112009958972095e-05	-0.011888347335021532	-0.00122604508893831	-0.0023454524381758546	-0.020091615802837248	0.001330531110633304	-0.00023691564533012688
-0.0028363474272674605	-0.00028092689819758654	-0.013261354125286395	-0.001662910885840807	-0.0024078618377330052	-0.019093065409917287	-0.0002297038783034555	0.00044958774980230487
-0.008078736990096314	-0.001029839692887169	-0.015445683109798658	-0.0032231458747780106	-0.003905687427112614	-0.01928029360859007	-0.003038126858390555	-0.00023691564533012688
-0.007329824195406287	-0.0009674302933295742	-0.013885448120861454	-0.0024118236805303894	-0.003718459228440274	-0.014474769842662827	-0.0027260798606030257	0.0005119971493598996
-0.010263065974608798	-0.001217067891559065	-0.01338617292440114	-0.0034103740734503507	-0.00496664721959017	-0.014724407440892762	-0.003287764456620268	-0.0003617344444450943
-0.009701381378591112	-0.0012794772911175478	-0.012512441330596369	-0.004159286868140377	-0.004779419020917386	-0.01584777663292769	-0.0029757174588334045	0.00026235955112929865
-0.008640421586114	-0.0013418866906746985	-0.011825937935463937	-0.004221696267697972	-0.0050914660187049154	-0.01628464242983041	-0.002663670461045875	-0.00048655324356028373
-0.006643320800274299	-0.0008426114942148288	-0.011451481538119479	-0.0034103740734503507	-0.003780868627998313	-0.016222233030272815	-0.0019771670659134433	0.00044958774980230487
-0.007392233594963882	-0.0009050208937724236	-0.01101461574121676	-0.0029735082765478538	-0.003968096826670209	-0.015348501436467599	-0.0018523482667982538	-0.00048655324356028373
-0.0032108038246119186	-0.0004681550968699266	-0.008268602160687477	-0.002099776682743082	-0.0025950900364053453	-0.015098863838238552	-0.00035452267741864496	0.00019995015157214802
-0.0010888842396574727	-0.0004681550968699266	-0.008331011560244628	-0.001662910885840807	-0.0019709960408305083	-0.01116707166611608	8.234311948385198e-05	-0.00048655324356028373
-0.0009640654405422833	-0.00034333629775518126	-0.007582098765555045	-0.0011012262898235647	-0.0024078618377330052	-0.00711046069487975	0.0001447525190414467	0.0001375407520145533
-0.0030235756259398006	-0.0004057456973123319	-0.007394870566882483	-0.0016005014862836564	-0.0024078618377330052	-0.007048051295322377	-0.00010488507918826606	-0.0006113720426750291
-0.00021515264585314497	9.352949914775976e-05	-0.0062715013748473325	-0.0008515886915936299	-0.0012220832461407038	-0.007734554690454809	0.0010808935124038133	0.00044958774980230487
0.0024060421355616146	0.00021834829826250512	-0.004149581789892887	-0.0007891792920360352	-0.0012844926456985206	-0.010355749471869347	0.00201703450576618	-0.00048655324356028373
0.005276874515206531	0.0007800328942799695	-0.0007794742137885446	0.0005838274982288283	-0.0002235328532214087	-0.009107561480719228	0.003639678894260978	0.0003247689506868934
0.005339283914763682	0.0012168986911824664	0.0010303983733785937	0.0015199684915907508	0.00046297054191146714	-0.006798413697091998	0.004513410488065306	-0.00011209684621493743
0.00802288809573537	0.0017785832871997087	0.0023409957640854184	0.0017696060898211297	0.0016487491335042126	-0.005612635105499697	0.005262323282755332	0.0007616347475893903
0.00852216329219524	0.0014041268898543624	0.0046501435477126485	0.0015199684915907508	0.001336702135716239	-0.005924682103287671	0.005262323282755332	-0.00017450624577253215
0.007898069296620847	0.0012793080907400611	0.004837371746385433	0.0022064718867231825	0.001523930334388579	-0.0038651719178903754	0.005262323282755332	0.0003871783502444881
0.004777599318746439	0.0008424422938375642	0.003714002554350726	0.0010206932951308811	0.0007126081401409579	-0.003553124920102846	0.0037020882938181288	-0.00042414384400291105
0.005713740312108584	0.0009672610929525316	0.0038388213534654714	0.0009582838955737305	0.0012118833366010495	-0.002866621524970858	0.0037644976933752794	0.00044958774980230487
0.00427832412228657	0.0005303952960495906	0.0042132777508101515	0.0005214180986712336	0.000275742343238905	-0.0036155343196599965	0.0029531754991285464	-0.00042414384400291105
0.0016571293408720322	0.000467985896492884	0.0033395461570053797	0.0003965992995560441	-9.871405410621925e-05	-0.0033658967214305058	0.00201703450576618	0.00044958774980230487
-0.0005271996436402304	0.00021834829826250512	0.0027154521614305427	0.00014696170132633135	-0.0009724456479109911	-0.0017432523329357075	0.0014553499097489375	-0.00023691564533012688
0.0010954447448545679	0.0005303952960495906	0.002216176964971117	-0.0004147228946906889	-0.00034835165233570997	-0.002679393326298074	0.0016425781084212776	0.0005744065489170502
0.0012202635439697573	0.0003431670973776946	0.002278586364528268	-0.0004147228946906889	-0.0007228080496806122	-0.003490715520545251	0.0015177593093060882	-0.00011209684621493743
0.000845807146624411	0.000467985896492884	0.0017793111680686202	8.455230176918072e-05	-0.00034835165233570997	-0.0034283061209876564	0.0015177593093060882	0.0005744065489170502
-2.792444718080489e-05	9.352949914775976e-05	0.0009679889738205549	2.21429022111419e-05	-0.0004107610518933047	-0.0034283061209876564	0.0010184841128462185	-0.0002993250448877216
0.001469901142199248	0.0004055764969352893	0.0012800359716085286	0.0003965992995560441	0.00021333294368108824	-0.004364447114350467	0.0012681217110761533	0.0005744065489170502
0.0010954447448545679	0.0001559388987053545	0.0012800359716085286	0.00020937110088370403	-9.871405410621925e-05	-0.004114809516120088	0.0008936653137310291	-0.00017450624577253215
0.0005337601488368815	0.0003431670973776946	0.0017793111680686202	0.0003341898999984494	-0.0002235328532214087	-0.003303487321872467	0.0009560747132890679	0.0005744065489170502
-0.0002775620454102956	0.00021834829826250512	0.0024034051636434572	-0.00035231349513353827	-0.0007228080496806122	-0.005238178708154795	0.0009560747132890679	-0.00011209684621493743
0.0012202635439697573	0.0003431670973776946	0.0025906333623157973	8.455230176918072e-05	-0.0004107610518933047	-0.0034283061209876564	0.001330531110633304	0.0006992253480322397
-0.00015274324629510616	9.352949914775976e-05	0.002278586364528268	-0.0004771322942487277	-0.0007228080496806122	-0.0031786685227581657	0.000706437115058911	-0.00017450624577253215
0.0002841225506065026	0.00028075769782009985	0.002278586364528268	2.21429022111419e-05	-0.00034835165233570997	-0.003303487321872467	0.0012057123115185586	0.0006992253480322397
0.00022171315104979605	9.352949914775976e-05	0.0020913581658559277	2.21429022111419e-05	-0.0004107610518933047	-0.003927581317447748	0.0008312559141736564	-0.00023691564533012688
0.0009082165461820058	0.0004055764969352893	0.0018417205676253268	0.00027178050044174284	2.6104745008970198e-05	-0.0034283061209876564	0.0010808935124038133	0.0006992253480322397
0.0002841225506065026	0.00028075769782009985	0.0017793111680686202	0.00020937110088370403	-0.0004731704514508994	-0.0031786685227581657	0.0007688465146160617	-4.9687446657786793e-05
0.0003465319501649855	0.0001559388987053545	0.0012800359716085286	2.21429022111419e-05	-0.00034835165233570997	-0.0031786685227581657	0.0007688465146160617	0.00044958774980230487
3.4484952377233924e-05	0.0001559388987053545	0.0016544923689534308	-0.00022749469601834882	-0.0004731704514508994	-0.0038027625183325586	0.0003319807177137868	-0.00011209684621493743
-0.0021498440321348067	-3.128929996720764e-05	-3.056141909896226e-05	-0.0006643604929210678	-0.0009724456479109911	-0.005050950509482899	-0.0007289790747635472	0.0007616347475893903
-0.007392233594963882	-0.0009674302933295742	-0.00283898439918584	-0.002099776682743082	-0.002844727634635502	-0.006860823096649593	-0.0033501738561778627	-0.00011209684621493743
-0.00689295839850379	-0.0007802020946574562	-0.0031510313969729253	-0.0017877296849559965	-0.0025950900364053453	-0.006111910301959567	-0.003038126858390555	0.000636815948474645
-0.008578012186556627	-0.001466705489789888	-0.003899944191663396	-0.0028486894774331084	-0.003531231029767712	-0.006611185498419658	-0.003974267851753144	-0.00048655324356028373
-0.007829099391866379	-0.001404296090231849	-0.004149581789892887	-0.002911098876990259	-0.003344002831095816	-0.006673594897977253	-0.0038494490526377323	0.0001375407520145533
